1677762610107804416 6 0.955134 -0.00537701 0.296124 -0.000214249 -0.00509475 0.999389 0.0345797 -0.000776711 -0.296129 -0.034537 0.954523 -0.000214011
1677762610357804544 11 0.955032 -0.00537598 0.296453 -8.79328e-05 -0.00517856 0.999381 0.034806 -0.00049154 -0.296457 -0.034776 0.954413 -0.000172753
1677762610657804544 17 0.955045 -0.00536398 0.296414 -0.000210118 -0.00518385 0.999381 0.0347874 -0.000557992 -0.296417 -0.0347601 0.954426 -0.000147232
1677762610957804544 23 0.95506 -0.00531425 0.296364 -0.000136839 -0.0052627 0.999378 0.0348798 -0.000411893 -0.296365 -0.034872 0.954438 -0.00039904
1677762611257804544 29 0.955042 -0.00532698 0.296422 -7.21679e-05 -0.00525003 0.999378 0.0348748 -0.000291672 -0.296424 -0.0348631 0.95442 -0.000503002
1677762611557804544 35 0.95506 -0.00536375 0.296364 -0.000209979 -0.00520658 0.999378 0.0348659 -0.00031445 -0.296367 -0.0348421 0.954438 -0.000462511
1677762611857804544 41 0.955009 -0.00533683 0.296527 0.000108876 -0.00525179 0.999377 0.0349007 -0.000344414 -0.296529 -0.0348878 0.954386 -0.000192823
1677762612157804544 47 0.95505 -0.00532761 0.296398 -0.000152932 -0.00522335 0.999381 0.034794 -0.00047785 -0.296399 -0.0347782 0.954431 -0.000139472
1677762612457804544 53 0.955056 -0.00532298 0.296378 -0.000213822 -0.00521409 0.999382 0.0347511 -0.000462917 -0.29638 -0.0347346 0.954438 -0.000288971
1677762612462804480 53 0.954835 -0.00534848 0.297088 -6.46291e-05 -0.00536353 0.999365 0.0352298 -0.000346519 -0.297088 -0.0352321 0.9542 2.85793e-05
1677762612467804416 53 0.954833 -0.00535375 0.297094 -5.97866e-05 -0.00536073 0.999365 0.0352378 -0.000346238 -0.297094 -0.0352389 0.954198 2.80937e-05
1677762612472804352 53 0.954836 -0.00534726 0.297085 -5.49387e-05 -0.00536742 0.999365 0.0352387 -0.000345903 -0.297084 -0.0352417 0.954201 2.76868e-05
1677762612477804544 53 0.954835 -0.00534242 0.297088 -5.00327e-05 -0.00537232 0.999365 0.0352377 -0.000345697 -0.297087 -0.0352423 0.9542 2.74146e-05
1677762612482804480 53 0.954836 -0.0053456 0.297084 -4.53224e-05 -0.00536953 0.999364 0.03524 -0.000345621 -0.297083 -0.0352436 0.954201 2.73153e-05
1677762612487804416 53 0.954837 -0.00534185 0.297083 -4.08563e-05 -0.00537295 0.999364 0.0352384 -0.00034547 -0.297083 -0.0352431 0.954201 2.73036e-05
1677762612492804352 53 0.954836 -0.00534083 0.297086 -3.63406e-05 -0.0053734 0.999365 0.0352361 -0.000345276 -0.297086 -0.035241 0.9542 2.71255e-05
1677762612497804544 53 0.954836 -0.005344 0.297085 -3.14829e-05 -0.00536799 0.999365 0.0352295 -0.000345048 -0.297085 -0.0352331 0.954201 2.67695e-05
1677762612502804480 53 0.954838 -0.00533921 0.297079 -2.63667e-05 -0.00537644 0.999364 0.0352413 -0.000344977 -0.297078 -0.035247 0.954202 2.64051e-05
1677762612507238144 54 0.955088 -0.00537632 0.296273 -0.000659865 -0.00515653 0.999382 0.0347582 -0.000739564 -0.296277 -0.0347249 0.954471 -0.000505895
1677762612512804352 54 0.955112 -0.00537255 0.296197 -0.000715287 -0.00514199 0.999384 0.034708 -0.000782303 -0.296201 -0.0346731 0.954496 -0.000552972
1677762612517804544 54 0.955131 -0.00537448 0.296136 -0.000764971 -0.00512334 0.999386 0.034662 -0.000820612 -0.29614 -0.0346239 0.954517 -0.000595216
1677762612522804480 54 0.955153 -0.00537879 0.296063 -0.00081479 -0.00510446 0.999387 0.0346245 -0.000858849 -0.296068 -0.0345829 0.954541 -0.0006373
1677762612527804416 54 0.955174 -0.00537858 0.295995 -0.000865028 -0.00508913 0.999389 0.0345827 -0.000897139 -0.296 -0.0345389 0.954563 -0.000679294
1677762612532804352 54 0.955195 -0.00537858 0.295929 -0.00091568 -0.00507296 0.99939 0.0345385 -0.000935458 -0.295935 -0.0344923 0.954585 -0.000721239
1677762612537804544 54 0.955216 -0.00537077 0.29586 -0.000966294 -0.00506487 0.999392 0.0344945 -0.000973939 -0.295865 -0.0344482 0.954608 -0.000763188
1677762612542804480 54 0.955235 -0.00537659 0.295798 -0.00101673 -0.00504387 0.999394 0.0344539 -0.00101247 -0.295804 -0.0344035 0.954629 -0.000805076
1677762612547804416 54 0.955256 -0.0053744 0.295731 -0.00106728 -0.00502924 0.999395 0.0344075 -0.00105105 -0.295737 -0.0343552 0.954651 -0.000846915
1677762612552804352 54 0.955278 -0.00537364 0.295661 -0.00111808 -0.00501716 0.999396 0.0343745 -0.00108964 -0.295667 -0.0343206 0.954674 -0.000888687
1677762612557804544 55 0.955082 -0.00527319 0.296296 -0.000656195 -0.00525068 0.999384 0.0347112 -0.000816797 -0.296296 -0.0347078 0.954465 -0.000614961
1677762612562804480 55 0.955104 -0.00527651 0.296224 -0.000682 -0.00523251 0.999385 0.0346727 -0.000839773 -0.296224 -0.034666 0.954489 -0.000646445
1677762612567804416 55 0.955126 -0.0052701 0.296154 -0.000707875 -0.00522167 0.999387 0.0346247 -0.000862593 -0.296155 -0.0346173 0.954512 -0.000677791
1677762612572804352 55 0.955145 -0.00527186 0.29609 -0.00073408 -0.00520425 0.999388 0.0345822 -0.000885318 -0.296091 -0.034572 0.954534 -0.000709072
1677762612577804544 55 0.955166 -0.00527751 0.296024 -0.000760642 -0.00518143 0.99939 0.0345357 -0.000907958 -0.296026 -0.0345212 0.954556 -0.000740361
1677762612582804480 55 0.955188 -0.00527613 0.295954 -0.000787461 -0.00516511 0.999392 0.034487 -0.000930659 -0.295956 -0.0344702 0.954579 -0.000771584
1677762612587804416 55 0.955208 -0.00527763 0.295888 -0.000814438 -0.00515023 0.999393 0.0344521 -0.000953529 -0.29589 -0.0344328 0.954601 -0.000802961
1677762612592804352 55 0.955233 -0.00528963 0.295808 -0.000841622 -0.00512346 0.999394 0.0344159 -0.000976588 -0.295811 -0.0343908 0.954627 -0.00083463
1677762612597804544 55 0.955253 -0.00530104 0.295743 -0.000868869 -0.00509562 0.999396 0.0343726 -0.000999847 -0.295746 -0.0343415 0.954649 -0.000866244
1677762612602804480 55 0.955275 -0.0053043 0.29567 -0.000895953 -0.00507731 0.999398 0.0343333 -0.00102333 -0.295674 -0.034299 0.954673 -0.000897833
1677762612607804416 56 0.9551 -0.00535157 0.296234 -0.000464757 -0.00515973 0.999385 0.0346899 -0.000785005 -0.296238 -0.0346608 0.954485 -0.000700284
1677762612612804352 56 0.955119 -0.00535884 0.296175 -0.000476247 -0.00513888 0.999386 0.0346545 -0.00079855 -0.296179 -0.0346212 0.954505 -0.000720393
1677762612617804544 56 0.955137 -0.00535734 0.296117 -0.000488054 -0.00512575 0.999388 0.0346142 -0.00081243 -0.296121 -0.0345791 0.954524 -0.000740444
1677762612622804480 56 0.955155 -0.0053637 0.296058 -0.000499841 -0.00510634 0.999389 0.0345803 -0.000826511 -0.296063 -0.0345413 0.954544 -0.000760463
1677762612627804416 56 0.955171 -0.00536827 0.296006 -0.000511565 -0.00508894 0.99939 0.034546 -0.00084085 -0.296011 -0.0345036 0.954561 -0.000780413
1677762612632804352 56 0.955187 -0.00536551 0.295954 -0.000523538 -0.00507784 0.999392 0.0345071 -0.00085545 -0.295959 -0.0344636 0.954579 -0.000800381
1677762612637804544 56 0.955206 -0.00536081 0.295893 -0.000535705 -0.00506558 0.999393 0.0344592 -0.000870137 -0.295898 -0.0344145 0.954599 -0.000820395
1677762612642804480 56 0.955222 -0.00536234 0.295841 -0.000547802 -0.00504902 0.999395 0.0344173 -0.000885024 -0.295846 -0.0343698 0.954617 -0.000840408
1677762612647804416 56 0.955239 -0.00535483 0.295786 -0.000559893 -0.00504501 0.999396 0.0343857 -0.000899913 -0.295791 -0.0343388 0.954635 -0.000860501
1677762612652804352 56 0.955258 -0.00535806 0.295726 -0.000572191 -0.00502783 0.999397 0.0343484 -0.000914698 -0.295731 -0.0342985 0.954655 -0.000880598
1677762612657804544 57 0.955074 -0.00537111 0.296318 -0.00034626 -0.00517135 0.999382 0.034783 -0.000729112 -0.296321 -0.0347527 0.954456 -0.000490956
1677762612662804480 57 0.955085 -0.00537039 0.296282 -0.000350542 -0.00516412 0.999382 0.0347616 -0.000736948 -0.296286 -0.0347303 0.954468 -0.000503613
1677762612667804416 57 0.955098 -0.00537613 0.296241 -0.000354745 -0.00515192 0.999383 0.0347467 -0.000744708 -0.296245 -0.0347127 0.954481 -0.000516258
1677762612672804352 57 0.95511 -0.00537612 0.296202 -0.000358932 -0.00513944 0.999384 0.0347112 -0.000752474 -0.296206 -0.0346754 0.954494 -0.00052879
1677762612677804544 57 0.955121 -0.00538216 0.296166 -0.000363304 -0.00512538 0.999385 0.0346907 -0.000760297 -0.296171 -0.0346518 0.954506 -0.000541087
1677762612682804480 57 0.955134 -0.0053792 0.296124 -0.000367901 -0.00511947 0.999386 0.0346668 -0.000767932 -0.296129 -0.0346274 0.95452 -0.00055326
1677762612687804416 57 0.955147 -0.00538214 0.296083 -0.000372527 -0.00510914 0.999387 0.0346484 -0.000775177 -0.296088 -0.0346071 0.954534 -0.000565507
1677762612692804352 57 0.95516 -0.00538534 0.296042 -0.000377198 -0.00509675 0.999387 0.0346243 -0.000782237 -0.296047 -0.0345806 0.954547 -0.000577865
1677762612697804544 57 0.955171 -0.00538112 0.296005 -0.000381921 -0.00509061 0.999388 0.0345948 -0.000789239 -0.29601 -0.0345508 0.95456 -0.000590371
1677762612702804480 57 0.955186 -0.00538661 0.295958 -0.000386816 -0.00507728 0.999389 0.0345761 -0.00079642 -0.295963 -0.0345292 0.954575 -0.000602966
1677762612707804416 58 0.955134 -0.00535328 0.296125 -0.000625342 -0.00522754 0.999376 0.0349276 -0.000614306 -0.296127 -0.0349086 0.95451 -0.000577517
1677762612712804352 58 0.955138 -0.00534364 0.296114 -0.000634478 -0.00523242 0.999377 0.0349122 -0.000617422 -0.296116 -0.0348954 0.954514 -0.000589779
1677762612717804544 58 0.955146 -0.0053438 0.296088 -0.000643893 -0.00523069 0.999377 0.0349104 -0.000620538 -0.29609 -0.0348932 0.954522 -0.00060237
1677762612722804480 58 0.955151 -0.00534791 0.296069 -0.000653416 -0.00522187 0.999377 0.0348981 -0.000623792 -0.296072 -0.034879 0.954529 -0.000615115
1677762612727804416 58 0.955155 -0.00535345 0.296059 -0.000662923 -0.00521357 0.999378 0.0348913 -0.000627276 -0.296062 -0.0348701 0.954532 -0.000627953
1677762612732804352 58 0.955161 -0.00535213 0.296038 -0.00067243 -0.00521214 0.999378 0.0348848 -0.000630949 -0.296041 -0.0348636 0.954539 -0.000641034
1677762612737804544 58 0.955165 -0.00534683 0.296027 -0.000681951 -0.00521593 0.999378 0.0348806 -0.000634849 -0.296029 -0.0348607 0.954543 -0.000654199
1677762612742804480 58 0.95517 -0.00534089 0.296011 -0.000691816 -0.00521837 0.999378 0.0348703 -0.000638839 -0.296013 -0.0348517 0.954548 -0.00066708
1677762612747804416 58 0.955178 -0.00534912 0.295984 -0.00070185 -0.00520644 0.999379 0.0348629 -0.000642775 -0.295987 -0.0348413 0.954556 -0.000679618
1677762612752804352 58 0.955181 -0.00535433 0.295975 -0.000711816 -0.00519936 0.999379 0.0348588 -0.000646985 -0.295978 -0.0348353 0.954559 -0.000691989
1677762612757804544 59 0.955044 -0.00535242 0.296416 -0.000458157 -0.0051957 0.999381 0.0347864 -0.000790547 -0.296419 -0.0347626 0.954425 -0.000276403
1677762612762804480 59 0.955042 -0.00535116 0.296424 -0.000463383 -0.0052012 0.999381 0.0347989 -0.000798805 -0.296426 -0.0347761 0.954422 -0.000281247
1677762612767804416 59 0.955036 -0.00535904 0.29644 -0.000468752 -0.00519607 0.999381 0.0348069 -0.000807081 -0.296443 -0.0347822 0.954417 -0.000286097
1677762612772804352 59 0.955035 -0.00535281 0.296445 -0.000473968 -0.00520439 0.99938 0.0348121 -0.000815333 -0.296448 -0.0347896 0.954415 -0.000290986
1677762612777804544 59 0.955028 -0.00535521 0.296467 -0.000479179 -0.00520679 0.99938 0.0348252 -0.000823409 -0.29647 -0.0348027 0.954408 -0.000296015
1677762612782804480 59 0.955028 -0.00535564 0.296468 -0.000484784 -0.00520934 0.99938 0.0348347 -0.000831556 -0.296471 -0.0348125 0.954407 -0.000301149
1677762612787804416 59 0.955027 -0.00535583 0.296471 -0.000490929 -0.00521369 0.999379 0.034849 -0.000839966 -0.296474 -0.0348274 0.954406 -0.000306209
1677762612792804352 59 0.955023 -0.00535708 0.296484 -0.000497365 -0.00521535 0.999379 0.034857 -0.000848306 -0.296486 -0.0348355 0.954402 -0.000311165
1677762612797804544 59 0.955022 -0.005356 0.296487 -0.00050355 -0.00521735 0.999379 0.0348594 -0.000856616 -0.296489 -0.0348384 0.9544 -0.000316204
1677762612802804480 59 0.955018 -0.00536337 0.2965 -0.000509718 -0.00521154 0.999378 0.0348639 -0.000865192 -0.296503 -0.0348409 0.954396 -0.000321212
1677762612807453952 60 0.955101 -0.00530603 0.296234 -0.000605623 -0.00526019 0.999378 0.03486 -0.000463798 -0.296235 -0.0348531 0.954479 -0.000668116
1677762612812804352 60 0.955093 -0.0053145 0.296257 -0.000615976 -0.00525896 0.999378 0.0348818 -0.000467052 -0.296258 -0.0348734 0.954471 -0.000679182
1677762612817804544 60 0.955084 -0.00530729 0.296287 -0.000625542 -0.00527321 0.999377 0.0348997 -0.000469954 -0.296288 -0.0348946 0.954461 -0.000689618
1677762612822804480 60 0.955072 -0.0053072 0.296326 -0.000635349 -0.00528149 0.999376 0.0349212 -0.000472854 -0.296327 -0.0349173 0.954448 -0.000700122
1677762612827804416 60 0.955062 -0.00530663 0.296357 -0.000645571 -0.00529211 0.999375 0.0349497 -0.000475734 -0.296357 -0.0349475 0.954438 -0.00071045
1677762612832804352 60 0.955054 -0.00530505 0.296384 -0.000656167 -0.00530099 0.999374 0.0349697 -0.000478454 -0.296384 -0.0349691 0.954428 -0.000720557
1677762612837804544 60 0.955046 -0.00529884 0.296411 -0.000666581 -0.00531627 0.999373 0.0349946 -0.000480851 -0.296411 -0.0349973 0.954419 -0.000730557
1677762612842804480 60 0.955036 -0.00529202 0.296444 -0.000676659 -0.00533188 0.999372 0.0350179 -0.000483148 -0.296443 -0.0350239 0.954408 -0.000740471
1677762612847804416 60 0.955024 -0.005293 0.296481 -0.000686757 -0.00533894 0.999372 0.0350393 -0.000485255 -0.29648 -0.0350463 0.954396 -0.000750446
1677762612852804352 60 0.955017 -0.00529338 0.296503 -0.000697022 -0.00534695 0.999371 0.0350637 -0.000487145 -0.296502 -0.0350718 0.954388 -0.000760667
1677762612857058304 61 0.955084 -0.00531485 0.296287 -0.000490377 -0.00522886 0.999381 0.0347823 -0.000693272 -0.296289 -0.0347693 0.954465 -0.000500673
1677762612862804480 61 0.955068 -0.00531867 0.29634 -0.00050231 -0.00523752 0.99938 0.0348167 -0.000702061 -0.296341 -0.0348043 0.954448 -0.000507591
1677762612867804416 61 0.955055 -0.00531652 0.296379 -0.000512853 -0.00525148 0.999379 0.0348495 -0.000709899 -0.296381 -0.0348396 0.954434 -0.00051339
1677762612872804352 61 0.955041 -0.00531953 0.296426 -0.00052398 -0.00526034 0.999378 0.0348824 -0.000717819 -0.296427 -0.0348734 0.954418 -0.000519026
1677762612877804544 61 0.955029 -0.00530648 0.296464 -0.000535548 -0.00528265 0.999377 0.0349056 -0.000725678 -0.296465 -0.034902 0.954406 -0.000524779
1677762612882804480 61 0.955014 -0.00531233 0.296512 -0.000547081 -0.00528766 0.999376 0.0349355 -0.000733557 -0.296512 -0.0349318 0.95439 -0.000530668
1677762612887804416 61 0.955001 -0.00530886 0.296556 -0.000558746 -0.00530273 0.999374 0.0349669 -0.000741462 -0.296556 -0.034966 0.954375 -0.000536705
1677762612892804352 61 0.954986 -0.00531644 0.296603 -0.000570609 -0.00530764 0.999373 0.0350025 -0.000749391 -0.296603 -0.0350012 0.954359 -0.000542667
1677762612897804544 61 0.954973 -0.00530723 0.296645 -0.000582307 -0.00532569 0.999372 0.0350244 -0.000757346 -0.296644 -0.0350272 0.954345 -0.000548392
1677762612902804480 61 0.954962 -0.00530429 0.296681 -0.000593535 -0.00534135 0.999371 0.0350603 -0.000765509 -0.29668 -0.035066 0.954333 -0.000554183
1677762612907804416 62 0.955104 -0.00532811 0.296221 -0.000308028 -0.00528927 0.999372 0.0350298 -0.000404273 -0.296222 -0.0350239 0.954477 -0.00049379
1677762612912804352 62 0.955089 -0.00533623 0.29627 -0.000320812 -0.00529476 0.999371 0.0350688 -0.000408716 -0.296271 -0.0350625 0.95446 -0.000499512
1677762612917804544 62 0.955072 -0.00533068 0.296324 -0.000333725 -0.00531163 0.99937 0.0350977 -0.000413046 -0.296325 -0.0350948 0.954442 -0.000505207
1677762612922804480 62 0.955054 -0.00532644 0.296385 -0.000346555 -0.0053288 0.999368 0.0351313 -0.000417311 -0.296384 -0.0351317 0.954422 -0.000510802
1677762612927804416 62 0.955039 -0.00533195 0.296434 -0.000359222 -0.00533501 0.999367 0.0351637 -0.000421561 -0.296434 -0.0351642 0.954406 -0.000516363
1677762612932804352 62 0.955018 -0.00533147 0.296499 -0.000371833 -0.00535097 0.999366 0.0352055 -0.000426084 -0.296498 -0.0352084 0.954384 -0.000522035
1677762612937804544 62 0.955002 -0.00533283 0.296551 -0.000384591 -0.00536467 0.999364 0.0352475 -0.000430555 -0.296551 -0.0352524 0.954366 -0.000527714
1677762612942804480 62 0.954985 -0.00532645 0.296606 -0.000397338 -0.00538232 0.999363 0.035276 -0.000434913 -0.296605 -0.0352845 0.954348 -0.000533194
1677762612947804416 62 0.954968 -0.00532398 0.29666 -0.000409806 -0.00540053 0.999361 0.0353196 -0.000439098 -0.296659 -0.0353312 0.95433 -0.000538511
1677762612952804352 62 0.954949 -0.00531523 0.296722 -0.000422149 -0.00542492 0.99936 0.0353608 -0.000443139 -0.29672 -0.0353775 0.954309 -0.000543722
1677762612957804544 63 0.955104 -0.00529541 0.296225 -0.000376287 -0.0052885 0.999376 0.0349166 -0.000384945 -0.296225 -0.0349156 0.95448 -0.000829549
1677762612962804480 63 0.955088 -0.00530039 0.296276 -0.000393489 -0.00529754 0.999375 0.0349562 -0.00039332 -0.296277 -0.0349557 0.954462 -0.000836853
1677762612967804416 63 0.955068 -0.00529709 0.29634 -0.000410792 -0.00531659 0.999373 0.0349985 -0.000401778 -0.29634 -0.0350015 0.954441 -0.000844223
1677762612972804352 63 0.955049 -0.00530013 0.296399 -0.000427976 -0.00532759 0.999372 0.0350369 -0.000410587 -0.296399 -0.0350411 0.954421 -0.00085149
1677762612977804544 63 0.955032 -0.00530364 0.296456 -0.000445292 -0.00534037 0.99937 0.0350829 -0.000419685 -0.296455 -0.0350884 0.954402 -0.000858669
1677762612982804480 63 0.955015 -0.00530229 0.296509 -0.000462709 -0.00535439 0.999369 0.0351169 -0.000428967 -0.296508 -0.0351248 0.954384 -0.000865956
1677762612987804416 63 0.954995 -0.00530409 0.296575 -0.000479807 -0.00536766 0.999367 0.0351575 -0.000438563 -0.296574 -0.0351671 0.954362 -0.000873276
1677762612992804352 63 0.95498 -0.00529406 0.296624 -0.000496448 -0.00539308 0.999366 0.0351993 -0.00044836 -0.296622 -0.0352144 0.954345 -0.000880514
1677762612997804544 63 0.954961 -0.00529794 0.296684 -0.000512775 -0.00540651 0.999364 0.0352482 -0.000457946 -0.296682 -0.0352647 0.954325 -0.000887793
1677762613002804480 63 0.954946 -0.00528638 0.296732 -0.000529087 -0.005432 0.999363 0.0352853 -0.000467352 -0.296729 -0.0353074 0.954309 -0.000895199
1677762613007804416 64 0.955051 -0.00530481 0.296393 -0.00050118 -0.00519164 0.999387 0.0346156 -0.000846489 -0.296395 -0.0345985 0.954439 -0.000227474
1677762613012804352 64 0.955034 -0.00530957 0.296448 -0.000521119 -0.00519908 0.999386 0.0346489 -0.000865604 -0.29645 -0.0346322 0.95442 -0.000228251
1677762613017804544 64 0.955018 -0.00531198 0.2965 -0.000540895 -0.00521034 0.999385 0.0346869 -0.000884597 -0.296502 -0.0346715 0.954403 -0.0002291
1677762613022804480 64 0.955001 -0.00530278 0.296555 -0.000560809 -0.00522941 0.999384 0.0347106 -0.000903631 -0.296556 -0.0346995 0.954385 -0.00023007
1677762613027804416 64 0.954981 -0.0053031 0.296619 -0.000581162 -0.00524461 0.999382 0.0347527 -0.000922498 -0.29662 -0.0347438 0.954363 -0.000231114
1677762613032804352 64 0.954965 -0.00530479 0.296671 -0.000601637 -0.00525585 0.999381 0.0347882 -0.00094106 -0.296672 -0.0347808 0.954346 -0.000232097
1677762613037804544 64 0.954947 -0.00530893 0.296729 -0.000621992 -0.00526574 0.999379 0.0348269 -0.000959504 -0.296729 -0.0348204 0.954327 -0.00023304
1677762613042804480 64 0.954926 -0.00530161 0.296795 -0.000642411 -0.00528627 0.999378 0.0348601 -0.000977932 -0.296796 -0.0348578 0.954305 -0.000233949
1677762613047804416 64 0.95491 -0.00529199 0.296848 -0.000662949 -0.00530906 0.999377 0.0348946 -0.000996433 -0.296847 -0.0348972 0.954287 -0.000234803
1677762613052804352 64 0.954896 -0.00529318 0.296894 -0.00068339 -0.005321 0.999376 0.0349312 -0.00101485 -0.296894 -0.0349354 0.954271 -0.000235566
1677762613057804544 65 0.955035 -0.00538397 0.296445 -0.000576835 -0.00515985 0.999382 0.0347736 -0.000852629 -0.296449 -0.0347396 0.954417 -0.000247745
1677762613062804480 65 0.955018 -0.00538211 0.2965 -0.000600499 -0.00517435 0.999381 0.0348074 -0.000870407 -0.296503 -0.0347759 0.954398 -0.00024893
1677762613067804416 65 0.955001 -0.00538054 0.296553 -0.000624555 -0.00518714 0.99938 0.0348367 -0.000888199 -0.296557 -0.0348073 0.954381 -0.000250186
1677762613072804352 65 0.954984 -0.00538117 0.296608 -0.000648816 -0.00519908 0.999378 0.0348705 -0.000906105 -0.296611 -0.0348429 0.954363 -0.00025145
1677762613077804544 65 0.954965 -0.00537433 0.296671 -0.000673065 -0.00521699 0.999377 0.0348974 -0.000924199 -0.296673 -0.0348735 0.954342 -0.000252694
1677762613082804480 65 0.954947 -0.0053768 0.296728 -0.000697452 -0.00522666 0.999376 0.0349297 -0.000942214 -0.296731 -0.0349069 0.954323 -0.000253943
1677762613087804416 65 0.95493 -0.00536833 0.296783 -0.00072185 -0.00524681 0.999375 0.0349592 -0.000960151 -0.296786 -0.0349408 0.954305 -0.000255232
1677762613092804352 65 0.954913 -0.00536567 0.296836 -0.000746076 -0.00526204 0.999374 0.0349927 -0.000978206 -0.296838 -0.034977 0.954287 -0.000256511
1677762613097804544 65 0.954899 -0.00536482 0.296881 -0.000769996 -0.00527486 0.999372 0.0350255 -0.000996116 -0.296883 -0.0350118 0.954272 -0.00025784
1677762613102804480 65 0.954884 -0.00536546 0.296931 -0.000793858 -0.00528728 0.999371 0.0350615 -0.00101379 -0.296932 -0.0350496 0.954255 -0.000259277
1677762613107804416 66 0.955064 -0.00534606 0.296352 -0.000510076 -0.00521755 0.999379 0.0348431 -0.000703913 -0.296355 -0.0348236 0.954443 -0.000285007
1677762613112804352 66 0.955052 -0.00534524 0.29639 -0.000538782 -0.00522654 0.999378 0.0348647 -0.000722389 -0.296392 -0.0348467 0.95443 -0.000286414
1677762613117804544 66 0.955037 -0.00534459 0.296437 -0.00056705 -0.00523657 0.999377 0.0348889 -0.000741275 -0.296439 -0.0348725 0.954415 -0.000287955
1677762613122804480 66 0.955024 -0.00534329 0.296481 -0.000595029 -0.00524792 0.999376 0.0349157 -0.000760181 -0.296483 -0.0349012 0.9544 -0.000289711
1677762613127804416 66 0.955011 -0.00534147 0.296522 -0.000623412 -0.00525785 0.999376 0.0349365 -0.000778947 -0.296524 -0.0349238 0.954387 -0.00029145
1677762613132804352 66 0.954997 -0.0053431 0.296568 -0.000652103 -0.00526788 0.999375 0.0349686 -0.000797738 -0.296569 -0.0349572 0.954371 -0.000293175
1677762613137804544 66 0.954986 -0.00533994 0.296603 -0.000680527 -0.00527989 0.999374 0.0349922 -0.000816565 -0.296605 -0.0349831 0.954359 -0.000294821
1677762613142804480 66 0.954971 -0.0053401 0.296651 -0.000708569 -0.00528721 0.999373 0.0350104 -0.000835486 -0.296652 -0.0350024 0.954344 -0.000296344
1677762613147804416 66 0.954955 -0.00533533 0.296702 -0.000736561 -0.00530395 0.999372 0.0350419 -0.000854474 -0.296703 -0.0350372 0.954327 -0.000297817
1677762613152804352 66 0.954944 -0.00533042 0.296738 -0.000764719 -0.00531763 0.999371 0.0350649 -0.000873424 -0.296739 -0.035063 0.954315 -0.000299177
1677762613157804544 67 0.955069 -0.00534001 0.296335 -0.000500887 -0.00522473 0.999379 0.0348479 -0.00070754 -0.296337 -0.0348304 0.954448 -0.00028805
1677762613162804480 67 0.955061 -0.00533691 0.296363 -0.00053124 -0.00523533 0.999378 0.0348682 -0.000727506 -0.296365 -0.0348528 0.954439 -0.000289106
1677762613167804416 67 0.955049 -0.00534116 0.2964 -0.000561736 -0.00523664 0.999378 0.0348822 -0.000747451 -0.296402 -0.0348663 0.954427 -0.000289934
1677762613172804352 67 0.95504 -0.00533031 0.29643 -0.000592177 -0.00525415 0.999377 0.0348984 -0.000767184 -0.296431 -0.0348868 0.954417 -0.000290417
1677762613177804544 67 0.955032 -0.00532847 0.296456 -0.000622585 -0.00526253 0.999376 0.034916 -0.000786761 -0.296457 -0.0349059 0.954408 -0.000290823
1677762613182804480 67 0.955022 -0.00533283 0.296486 -0.000653123 -0.00526489 0.999376 0.0349344 -0.000806382 -0.296488 -0.0349241 0.954398 -0.000291411
1677762613187804416 67 0.955013 -0.00532459 0.296517 -0.000683857 -0.00528279 0.999375 0.0349605 -0.000825787 -0.296518 -0.0349541 0.954387 -0.000291795
1677762613192804352 67 0.955006 -0.00532514 0.29654 -0.000714586 -0.00528952 0.999374 0.0349812 -0.000845083 -0.296541 -0.0349758 0.95438 -0.000291802
1677762613197804544 67 0.954995 -0.00533111 0.296574 -0.000745446 -0.00529001 0.999373 0.0349987 -0.000864276 -0.296575 -0.0349925 0.954368 -0.000291593
1677762613202804480 67 0.954986 -0.00532872 0.296604 -0.000776545 -0.00530081 0.999372 0.0350217 -0.000883197 -0.296604 -0.0350175 0.954358 -0.000291518
1677762613207804416 68 0.955032 -0.00539327 0.296453 -0.000523734 -0.00514198 0.999383 0.0347465 -0.000863046 -0.296458 -0.0347084 0.954415 -8.08281e-05
1677762613212804352 68 0.955026 -0.0053883 0.296474 -0.000553696 -0.00514787 0.999383 0.0347461 -0.000883906 -0.296478 -0.0347097 0.954409 -8.00936e-05
1677762613217804544 68 0.95502 -0.00538655 0.296493 -0.000583547 -0.00515334 0.999383 0.0347555 -0.000904738 -0.296497 -0.0347201 0.954402 -7.93368e-05
1677762613222804480 68 0.955015 -0.00538152 0.296509 -0.000613329 -0.00516097 0.999382 0.0347612 -0.000925524 -0.296513 -0.0347277 0.954397 -7.85125e-05
1677762613227804416 68 0.955009 -0.00537508 0.296529 -0.000643046 -0.00517037 0.999382 0.0347672 -0.000946469 -0.296533 -0.0347362 0.954391 -7.77025e-05
1677762613232804352 68 0.955003 -0.00537686 0.296546 -0.000672652 -0.00517135 0.999382 0.0347743 -0.000967673 -0.29655 -0.0347431 0.954385 -7.69388e-05
1677762613237804544 68 0.954998 -0.00537609 0.296564 -0.000702091 -0.00517496 0.999382 0.0347812 -0.000988677 -0.296567 -0.0347507 0.95438 -7.6214e-05
1677762613242804480 68 0.954993 -0.00537562 0.296581 -0.000731336 -0.00517897 0.999381 0.0347904 -0.00100927 -0.296584 -0.0347606 0.954374 -7.54528e-05
1677762613247804416 68 0.954986 -0.00536682 0.296602 -0.000760538 -0.0051896 0.999381 0.0347924 -0.00102956 -0.296605 -0.0347655 0.954367 -7.45004e-05
1677762613252804352 68 0.954984 -0.00537181 0.29661 -0.000789937 -0.00518398 0.999381 0.0347902 -0.00104972 -0.296613 -0.0347617 0.954365 -7.35657e-05
1677762613257804544 69 0.955036 -0.00533946 0.296442 -0.000462755 -0.00520364 0.999382 0.034765 -0.000745723 -0.296445 -0.0347444 0.954418 -0.00035636
1677762613262804480 69 0.955034 -0.00534064 0.296449 -0.000490951 -0.00520365 0.999382 0.0347682 -0.000762918 -0.296451 -0.0347475 0.954416 -0.000356552
1677762613267804416 69 0.955032 -0.00534485 0.296456 -0.000518827 -0.00519823 0.999382 0.0347641 -0.000780209 -0.296459 -0.0347418 0.954414 -0.000356802
1677762613272804352 69 0.955029 -0.00534328 0.296463 -0.000546518 -0.00520053 0.999382 0.0347654 -0.000797646 -0.296465 -0.0347437 0.954411 -0.000356939
1677762613277804544 69 0.955029 -0.00533975 0.296463 -0.000574449 -0.0052005 0.999382 0.0347533 -0.00081506 -0.296466 -0.0347322 0.954412 -0.000356894
1677762613282804480 69 0.955026 -0.00534446 0.296473 -0.000602714 -0.00519718 0.999382 0.0347573 -0.000832369 -0.296476 -0.0347349 0.954408 -0.000356917
1677762613287804416 69 0.955024 -0.00533128 0.29648 -0.000630968 -0.00521072 0.999382 0.0347557 -0.000849644 -0.296482 -0.0347374 0.954407 -0.000357002
1677762613292804352 69 0.955023 -0.00533626 0.296484 -0.000659081 -0.00520649 0.999382 0.0347582 -0.000867074 -0.296487 -0.0347386 0.954405 -0.00035706
1677762613297804544 69 0.955021 -0.00533826 0.296491 -0.000687221 -0.00520511 0.999382 0.0347597 -0.000884628 -0.296493 -0.0347395 0.954403 -0.000357271
1677762613302804480 69 0.955021 -0.00534319 0.296491 -0.000715221 -0.00519843 0.999382 0.0347549 -0.000902434 -0.296493 -0.0347329 0.954403 -0.000357532
1677762613307470336 70 0.955042 -0.00528704 0.296423 -0.000301106 -0.00528942 0.999378 0.034867 -0.00053667 -0.296423 -0.0348673 0.95442 -0.000424277
1677762613312804352 70 0.955042 -0.00529383 0.296422 -0.000327001 -0.00528122 0.999378 0.0348635 -0.00055055 -0.296423 -0.0348616 0.95442 -0.000425063
1677762613317804544 70 0.955043 -0.00529076 0.296421 -0.000351341 -0.00528312 0.999378 0.0348595 -0.000563478 -0.296421 -0.0348583 0.954421 -0.00042594
1677762613322804480 70 0.955044 -0.00529029 0.296417 -0.000375557 -0.00527929 0.999379 0.034846 -0.000576292 -0.296417 -0.0348443 0.954423 -0.000427086
1677762613327804416 70 0.955046 -0.00529274 0.29641 -0.000399425 -0.00527398 0.999379 0.034838 -0.000589166 -0.296411 -0.0348352 0.954425 -0.000428599
1677762613332804352 70 0.955049 -0.00528429 0.296402 -0.000423086 -0.00527975 0.999379 0.0348292 -0.000602321 -0.296402 -0.0348285 0.954428 -0.000430357
1677762613337804544 70 0.955052 -0.00528699 0.296391 -0.000446876 -0.00527341 0.99938 0.0348191 -0.000615665 -0.296391 -0.0348171 0.954432 -0.000432237
1677762613342804480 70 0.955053 -0.00527771 0.296388 -0.000470796 -0.00528195 0.99938 0.0348158 -0.000628842 -0.296388 -0.0348164 0.954433 -0.000434132
1677762613347804416 70 0.955056 -0.00527332 0.296378 -0.000494676 -0.00528258 0.99938 0.0348043 -0.000641809 -0.296378 -0.0348057 0.954436 -0.000435923
1677762613352804352 70 0.955059 -0.00527562 0.296369 -0.000518546 -0.00527703 0.999381 0.0347952 -0.000654608 -0.296369 -0.0347954 0.954439 -0.000437629
1677762613357373952 71 0.955058 -0.00536175 0.296371 -0.000542617 -0.00517506 0.999382 0.0347569 -0.000803419 -0.296374 -0.0347286 0.95444 -0.000382287
1677762613362804480 71 0.955061 -0.00536085 0.296362 -0.000566501 -0.0051686 0.999383 0.0347341 -0.000818101 -0.296365 -0.034705 0.954444 -0.00038404
1677762613367804416 71 0.955068 -0.00535977 0.296339 -0.000588549 -0.00516551 0.999384 0.0347233 -0.000831798 -0.296343 -0.0346939 0.954451 -0.000385628
1677762613372804352 71 0.955074 -0.00535979 0.29632 -0.000610484 -0.00515871 0.999384 0.0347039 -0.00084549 -0.296323 -0.0346734 0.954458 -0.000387272
1677762613377804544 71 0.955081 -0.00535895 0.296296 -0.000632422 -0.00515231 0.999385 0.0346833 -0.000859069 -0.2963 -0.034652 0.954466 -0.000389016
1677762613382804480 71 0.955087 -0.00536094 0.296278 -0.000654691 -0.0051445 0.999386 0.034667 -0.000872459 -0.296282 -0.0346342 0.954472 -0.000390934
1677762613387804416 71 0.955095 -0.00535603 0.29625 -0.000677222 -0.00514347 0.999386 0.0346506 -0.000885776 -0.296254 -0.0346184 0.954482 -0.000392979
1677762613392804352 71 0.9551 -0.005353 0.296236 -0.000699662 -0.00514095 0.999387 0.0346339 -0.00089926 -0.29624 -0.0346018 0.954487 -0.000395121
1677762613397804544 71 0.955105 -0.00534946 0.296218 -0.000722035 -0.0051384 0.999387 0.0346161 -0.00091287 -0.296221 -0.0345841 0.954493 -0.000397236
1677762613402804480 71 0.95511 -0.00535476 0.296204 -0.000744505 -0.00512594 0.999388 0.0345955 -0.00092673 -0.296208 -0.0345608 0.954498 -0.000399234
1677762613407525888 72 0.955051 -0.00530356 0.296393 -0.000521651 -0.00525634 0.99938 0.0348198 -0.000622224 -0.296394 -0.0348126 0.954431 -0.000333925
1677762613412804352 72 0.955059 -0.00530811 0.296367 -0.000538761 -0.00524226 0.999381 0.0347929 -0.000629619 -0.296369 -0.034783 0.95444 -0.000335273
1677762613417804544 72 0.955069 -0.00530855 0.296337 -0.000554708 -0.00523475 0.999381 0.0347739 -0.000636923 -0.296339 -0.0347627 0.95445 -0.000336502
1677762613422804480 72 0.955075 -0.00530754 0.296318 -0.000570547 -0.00522705 0.999382 0.0347482 -0.000644295 -0.296319 -0.034736 0.954457 -0.000337777
1677762613427804416 72 0.955087 -0.00530887 0.296277 -0.000586421 -0.00521559 0.999383 0.0347207 -0.00065146 -0.296279 -0.0347065 0.954471 -0.000339363
1677762613432804352 72 0.955095 -0.00531147 0.296253 -0.000602317 -0.00520587 0.999384 0.0347011 -0.000658626 -0.296254 -0.0346851 0.954479 -0.000341405
1677762613437804544 72 0.955102 -0.0053214 0.296229 -0.000618406 -0.00518853 0.999385 0.0346816 -0.000665796 -0.296232 -0.0346615 0.954487 -0.000343692
1677762613442804480 72 0.955108 -0.00531353 0.296212 -0.000634576 -0.00518868 0.999386 0.0346577 -0.000673053 -0.296214 -0.0346388 0.954493 -0.000345957
1677762613447804416 72 0.955117 -0.00531054 0.296183 -0.000650876 -0.00518309 0.999387 0.0346332 -0.000680481 -0.296185 -0.0346139 0.954503 -0.000348127
1677762613452804352 72 0.955127 -0.00531773 0.29615 -0.000667409 -0.00516893 0.999387 0.0346158 -0.000688059 -0.296152 -0.0345933 0.954514 -0.000350145
1677762613457804544 73 0.955097 -0.00531276 0.296247 -0.000580264 -0.00519345 0.999385 0.0346661 -0.000712342 -0.296249 -0.0346481 0.954482 -0.000580358
1677762613462804480 73 0.955108 -0.00531723 0.29621 -0.000592231 -0.00517588 0.999387 0.0346292 -0.000717698 -0.296212 -0.0346078 0.954495 -0.000583414
1677762613467804416 73 0.95512 -0.00531933 0.296172 -0.000604181 -0.00516384 0.999388 0.034602 -0.000723081 -0.296175 -0.0345785 0.954508 -0.000586422
1677762613472804352 73 0.95513 -0.00532528 0.296138 -0.000616245 -0.00514876 0.999389 0.0345776 -0.000728527 -0.296141 -0.0345509 0.954519 -0.000589287
1677762613477804544 73 0.955141 -0.00532677 0.296104 -0.000628462 -0.00513615 0.99939 0.0345462 -0.000734223 -0.296107 -0.0345173 0.954531 -0.00059216
1677762613482804480 73 0.955152 -0.00532491 0.296067 -0.000640891 -0.00512838 0.999391 0.0345194 -0.000740073 -0.296071 -0.0344896 0.954543 -0.000594994
1677762613487804416 73 0.955166 -0.00533039 0.296024 -0.000653578 -0.00511132 0.999392 0.0344882 -0.000745762 -0.296027 -0.034455 0.954558 -0.000597746
1677762613492804352 73 0.95518 -0.00533425 0.295978 -0.000666376 -0.00509813 0.999393 0.0344642 -0.000751501 -0.295982 -0.0344284 0.954573 -0.000600377
1677762613497804544 73 0.955191 -0.00532581 0.295943 -0.000679144 -0.00509622 0.999394 0.0344338 -0.000757417 -0.295947 -0.0343991 0.954585 -0.00060285
1677762613502804480 73 0.9552 -0.00532347 0.295912 -0.000691791 -0.00508728 0.999395 0.0344008 -0.000763609 -0.295917 -0.034365 0.954595 -0.00060541
1677762613507804416 74 0.955079 -0.0053855 0.296303 -0.000516575 -0.00516605 0.99938 0.0348162 -0.00069667 -0.296307 -0.034783 0.954459 -0.000398403
1677762613512804352 74 0.955092 -0.00538878 0.29626 -0.000519424 -0.00515024 0.999382 0.0347816 -0.000694359 -0.296264 -0.0347454 0.954474 -0.000400103
1677762613517804544 74 0.955104 -0.00538865 0.296223 -0.000522234 -0.00514124 0.999383 0.0347567 -0.000691897 -0.296227 -0.0347192 0.954486 -0.000401785
1677762613522804480 74 0.955118 -0.00539218 0.296176 -0.000525092 -0.00512657 0.999384 0.0347271 -0.000689491 -0.296181 -0.0346868 0.954502 -0.000403561
1677762613527804416 74 0.955129 -0.00539099 0.296142 -0.000528142 -0.00511567 0.999385 0.0346922 -0.000687175 -0.296147 -0.0346504 0.954514 -0.000405549
1677762613532804352 74 0.955143 -0.00538573 0.296097 -0.000531561 -0.00510938 0.999386 0.0346596 -0.000685039 -0.296102 -0.0346178 0.954529 -0.000407656
1677762613537804544 74 0.955158 -0.00539039 0.296049 -0.00053518 -0.00509463 0.999387 0.0346337 -0.000683158 -0.296054 -0.0345889 0.954545 -0.0004096
1677762613542804480 74 0.95517 -0.00538401 0.296008 -0.0005388 -0.00508966 0.999388 0.0346011 -0.000681225 -0.296013 -0.0345565 0.954559 -0.000411243
1677762613547804416 74 0.955184 -0.00538646 0.295964 -0.000542665 -0.00507591 0.999389 0.0345704 -0.000679078 -0.295969 -0.0345234 0.954573 -0.000412763
1677762613552804352 74 0.955195 -0.00538861 0.295928 -0.000546866 -0.00506635 0.99939 0.0345513 -0.00067682 -0.295934 -0.0345025 0.954585 -0.000414187
1677762613557536256 75 0.95506 -0.00539496 0.296363 -0.000506747 -0.00513864 0.999383 0.0347524 -0.000801134 -0.296368 -0.0347135 0.954443 -0.00028717
1677762613562804480 75 0.955072 -0.00538884 0.296324 -0.000499883 -0.00513124 0.999384 0.0347128 -0.00079421 -0.296328 -0.0346738 0.954457 -0.000287988
1677762613567804416 75 0.955088 -0.00539942 0.296273 -0.000493244 -0.00510734 0.999385 0.0346777 -0.000787627 -0.296278 -0.0346334 0.954473 -0.00028883
1677762613572804352 75 0.9551 -0.00539051 0.296234 -0.000486588 -0.00510546 0.999387 0.0346463 -0.000781065 -0.296239 -0.0346031 0.954487 -0.000289652
1677762613577804544 75 0.955115 -0.00539407 0.296186 -0.000479882 -0.00509223 0.999388 0.0346216 -0.000774478 -0.296192 -0.0345758 0.954503 -0.000290564
1677762613582804480 75 0.955129 -0.00540415 0.296141 -0.000473261 -0.00506879 0.999389 0.0345855 -0.000767975 -0.296147 -0.0345347 0.954518 -0.000291721
1677762613587804416 75 0.955141 -0.00539187 0.296103 -0.000466552 -0.00506831 0.99939 0.0345472 -0.000761754 -0.296109 -0.0344982 0.954531 -0.000292988
1677762613592804352 75 0.955156 -0.00540003 0.296054 -0.000459981 -0.00504475 0.999392 0.0345047 -0.000755727 -0.296061 -0.0344509 0.954548 -0.000294245
1677762613597804544 75 0.955173 -0.00540873 0.296 -0.000453712 -0.0050251 0.999393 0.0344773 -0.000749808 -0.296007 -0.0344192 0.954566 -0.000295567
1677762613602804480 75 0.955185 -0.00540958 0.295961 -0.00044759 -0.00501382 0.999394 0.0344486 -0.000744054 -0.295968 -0.0343887 0.954579 -0.000296936
1677762613607791616 76 0.955065 -0.0053832 0.296349 -0.000431323 -0.00515092 0.999383 0.0347541 -0.000720036 -0.296353 -0.0347189 0.954447 -0.000535695
1677762613612804352 76 0.955078 -0.00538555 0.296307 -0.000416833 -0.00513615 0.999384 0.0347196 -0.000707026 -0.296311 -0.0346818 0.954462 -0.000537496
1677762613617804544 76 0.955094 -0.00538045 0.296254 -0.000402413 -0.00512699 0.999385 0.0346794 -0.000694097 -0.296258 -0.034641 0.954479 -0.000539061
1677762613622804480 76 0.955108 -0.00537932 0.296208 -0.000388032 -0.00511553 0.999387 0.0346442 -0.000681091 -0.296213 -0.0346043 0.954495 -0.000540643
1677762613627804416 76 0.955123 -0.00538138 0.29616 -0.00037394 -0.00510188 0.999388 0.0346131 -0.000667885 -0.296165 -0.0345707 0.954511 -0.000542232
1677762613632804352 76 0.955139 -0.0053906 0.296108 -0.000360155 -0.00508174 0.999389 0.0345856 -0.000654659 -0.296114 -0.0345388 0.954528 -0.000543667
1677762613637804544 76 0.955157 -0.00539086 0.296052 -0.000346509 -0.00506757 0.99939 0.0345477 -0.000641526 -0.296057 -0.0344987 0.954547 -0.000545094
1677762613642804480 76 0.95517 -0.00540198 0.296009 -0.000332876 -0.00504462 0.999391 0.0345164 -0.000628415 -0.296015 -0.0344622 0.954561 -0.000546506
1677762613647804416 76 0.955183 -0.00540083 0.295967 -0.000319172 -0.00503289 0.999393 0.0344797 -0.000615263 -0.295974 -0.034424 0.954576 -0.0005479
1677762613652804352 76 0.9552 -0.00540743 0.295911 -0.000305444 -0.00501347 0.999394 0.0344462 -0.000602381 -0.295918 -0.0343866 0.954594 -0.000549388
1677762613657594368 77 0.955041 -0.00535718 0.296426 -0.000523351 -0.00518975 0.999381 0.034782 -0.00067785 -0.296429 -0.0347566 0.954422 -0.000276376
1677762613662804480 77 0.955058 -0.00537294 0.296369 -0.000498067 -0.00516267 0.999383 0.0347549 -0.000656973 -0.296373 -0.034723 0.954441 -0.00027697
1677762613667804416 77 0.955071 -0.00537267 0.296329 -0.000473639 -0.00514989 0.999384 0.0347177 -0.00063668 -0.296333 -0.0346839 0.954455 -0.000277474
1677762613672804352 77 0.955087 -0.00537727 0.296277 -0.0004492 -0.00513512 0.999385 0.0346921 -0.000616171 -0.296281 -0.0346554 0.954472 -0.000277971
1677762613677804544 77 0.9551 -0.00538411 0.296234 -0.000424903 -0.00511526 0.999386 0.0346564 -0.000595495 -0.296238 -0.0346157 0.954487 -0.000278455
1677762613682804480 77 0.955118 -0.00538924 0.296176 -0.00040098 -0.00509728 0.999387 0.0346227 -0.000574848 -0.296182 -0.0345785 0.954506 -0.000279032
1677762613687804416 77 0.955133 -0.00539452 0.296129 -0.00037725 -0.00508191 0.999388 0.0345968 -0.000554524 -0.296135 -0.0345494 0.954521 -0.000279732
1677762613692804352 77 0.955146 -0.00539656 0.296087 -0.000353216 -0.00506752 0.99939 0.0345624 -0.000534455 -0.296093 -0.0345126 0.954535 -0.000280533
1677762613697804544 77 0.955157 -0.00540157 0.296051 -0.000329247 -0.00505136 0.999391 0.0345316 -0.000514401 -0.296057 -0.0344786 0.954548 -0.000281278
1677762613702804480 77 0.955171 -0.00540057 0.296005 -0.000305751 -0.00503946 0.999392 0.0344955 -0.000494363 -0.296011 -0.0344408 0.954563 -0.000281875
1677762613707992064 78 0.955055 -0.00535201 0.29638 -0.000389998 -0.00521464 0.999379 0.0348504 -0.000683644 -0.296382 -0.0348296 0.954434 -0.000420445
1677762613712804352 78 0.955071 -0.0053484 0.296329 -0.000359846 -0.00520394 0.99938 0.0348101 -0.000657479 -0.296331 -0.0347882 0.954451 -0.000420942
1677762613717804544 78 0.955088 -0.00535536 0.296273 -0.000328173 -0.00518831 0.999381 0.03479 -0.000630419 -0.296276 -0.0347647 0.954469 -0.000421278
1677762613722804480 78 0.9551 -0.00534751 0.296234 -0.000296339 -0.00518352 0.999382 0.0347529 -0.00060345 -0.296237 -0.034728 0.954483 -0.000421655
1677762613727804416 78 0.955117 -0.0053557 0.296181 -0.000264625 -0.00516442 0.999384 0.0347255 -0.000576602 -0.296184 -0.0346965 0.9545 -0.000422133
