1677762611457804544 5 0.955214 -0.00544871 0.295866 -0.00090984 -0.00522159 0.999364 0.0352626 -0.000236378 -0.29587 -0.0352282 0.954578 -0.000872493
1677762611757804544 11 0.955015 -0.00545162 0.296508 -0.000403943 -0.00520688 0.999369 0.0351452 -0.000222694 -0.296512 -0.0351081 0.954383 -0.000529836
1677762612057804544 17 0.955079 -0.00546038 0.296303 -0.00056719 -0.00527539 0.999359 0.0354208 3.52178e-05 -0.296306 -0.0353928 0.954437 -0.000650009
1677762612356728320 23 0.955113 -0.00532578 0.296192 -0.00074461 -0.00546211 0.999352 0.0355825 0.000396164 -0.29619 -0.0356032 0.954465 -0.000972164
1677762612607649280 28 0.955091 -0.0054785 0.296262 -0.000712317 -0.00528401 0.999355 0.0355148 0.000200421 -0.296265 -0.0354854 0.954446 -0.000743489
1677762612857804544 33 0.955084 -0.00541088 0.296285 -0.000607223 -0.00532282 0.999359 0.035409 7.26824e-05 -0.296287 -0.0353956 0.954443 -0.000728436
1677762613157804544 39 0.955036 -0.00545855 0.29644 -0.000455464 -0.00529271 0.999357 0.0354532 0.000133661 -0.296443 -0.0354281 0.954393 -0.000496638
1677762613457804544 45 0.955042 -0.00549569 0.296419 -0.000441323 -0.00522848 0.99936 0.0353742 4.13417e-05 -0.296424 -0.0353337 0.954403 -0.000627028
1677762613707992064 50 0.955058 -0.0054179 0.29637 -0.000487401 -0.00531432 0.999359 0.0353946 0.000130463 -0.296372 -0.0353789 0.954417 -0.000553557
1677762615308789248 82 0.962306 -0.0108256 0.271755 0.135261 0.000204861 0.999236 0.0390802 0.0047832 -0.27197 -0.0375514 0.961573 -0.00140672
1677762615358788096 83 0.961593 -0.00993741 0.274301 0.157255 -0.00101327 0.999209 0.0397516 0.00598346 -0.274479 -0.0385028 0.960822 -0.00366865
1677762615658940672 89 0.957474 -0.0019175 0.288512 0.337925 -0.00847254 0.99936 0.0347595 0.00364607 -0.288394 -0.0357257 0.956845 -0.0143512
1677762615709087744 90 0.955801 0.00250757 0.294004 0.368732 -0.0130228 0.999343 0.0338134 0.00295325 -0.293726 -0.0361476 0.955206 -0.0204416
1677762616009436672 96 0.956973 0.0367825 0.287835 0.446715 -0.0474745 0.998414 0.0302523 0.00335786 -0.286266 -0.0426155 0.957202 -0.0252412
1677762616159321856 99 0.957418 0.0389846 0.286062 0.459449 -0.0489991 0.998408 0.0279312 -0.00223263 -0.284518 -0.0407586 0.957804 -0.0237036
1677762616559601664 107 0.958867 0.000853283 0.283853 0.573331 -0.00865266 0.999619 0.0262241 -0.000392647 -0.283723 -0.0276015 0.958509 -0.0300992
1677762616710033664 110 0.957807 -0.0165832 0.286935 0.646196 0.00995624 0.999649 0.0245396 5.96844e-05 -0.287241 -0.0206474 0.957636 -0.0372642
1677762616959900928 115 0.951251 -0.0211813 0.307689 0.780938 0.0169971 0.999723 0.0162725 -0.00503971 -0.307948 -0.0102495 0.951348 -0.0572963
1677762617210109696 120 0.955776 -0.0552955 0.28885 0.866206 0.048228 0.998338 0.0315336 0.0145144 -0.290113 -0.0162084 0.956855 -0.0537241
1677762617512804352 126 0.951667 -0.0789788 0.296803 1.02841 0.0681757 0.996585 0.0465914 0.0430947 -0.299469 -0.0241047 0.953801 -0.0674598
1677762617760400384 131 0.954456 -0.0818564 0.286902 1.16284 0.0755753 0.996597 0.0329189 0.04188 -0.28862 -0.00973698 0.957394 -0.0712155
1677762618062804480 137 0.958213 -0.0784203 0.275095 1.2926 0.0706959 0.996778 0.0378991 0.0567667 -0.277181 -0.0168674 0.96067 -0.0754597
1677762618360856576 143 0.961052 -0.0597487 0.269831 1.43517 0.0552395 0.998178 0.0242812 0.0547386 -0.27079 -0.0084302 0.962601 -0.0794063
1677762618662804480 149 0.960014 -0.0253318 0.278804 1.61296 0.0221199 0.999648 0.0146609 0.0464647 -0.279077 -0.00790754 0.960236 -0.0948452
1677762618912804352 154 0.960946 0.0129405 0.276434 1.72306 -0.0162651 0.99982 0.0097371 0.0408182 -0.276258 -0.013853 0.960984 -0.0966575
1677762619262804480 161 0.957278 0.0429457 0.285963 1.90058 -0.0462093 0.998921 0.00467135 0.0293333 -0.285453 -0.0176859 0.958229 -0.106401
1677762619462804480 165 0.95485 0.0633175 0.290261 2.01739 -0.0694325 0.997528 0.0108063 0.026225 -0.288859 -0.030472 0.956886 -0.11373
1677762619862804480 173 0.951276 0.0864335 0.29598 2.19364 -0.0924783 0.995694 0.0064565 0.00273928 -0.294147 -0.0335136 0.955172 -0.124504
1677762620012804352 176 0.943756 0.0885872 0.318555 2.29286 -0.0948007 0.995488 0.00402181 -0.00607586 -0.316761 -0.0339948 0.947896 -0.136728
1677762620312804352 182 0.938919 0.114974 0.324364 2.45592 -0.122738 0.992433 0.00350611 -0.0291757 -0.321507 -0.0431037 0.945926 -0.152875
1677762620512804352 186 0.93125 0.118182 0.344684 2.56439 -0.127737 0.991795 0.00505409 -0.0399235 -0.341258 -0.0487354 0.938705 -0.169179
1677762620762493696 191 0.938467 0.122408 0.322948 2.68656 -0.129739 0.991547 0.00118463 -0.0631823 -0.320073 -0.0430107 0.946416 -0.173985
1677762621062688256 197 0.93458 0.136707 0.328438 2.85673 -0.153081 0.987913 0.0243928 -0.0670193 -0.321133 -0.0730746 0.944211 -0.185398
1677762621312893440 202 0.939517 0.103996 0.326331 2.97083 -0.119416 0.992463 0.0275216 -0.0664417 -0.321009 -0.0648262 0.944855 -0.196403
1677762621713185280 210 0.943312 0.0759676 0.323095 3.11831 -0.0851174 0.996269 0.0142623 -0.0910919 -0.320806 -0.0409548 0.946259 -0.209288
1677762622213498112 220 0.9417 0.0562605 0.331718 3.29923 -0.0758328 0.996043 0.0463463 -0.0733299 -0.327797 -0.0687994 0.94224 -0.220476
1677762622363576320 223 0.954303 0.0226576 0.297979 3.35771 -0.0520789 0.994473 0.0911696 -0.0326047 -0.294266 -0.102522 0.950209 -0.214259
1677762622513779968 226 0.94566 -0.00435023 0.325128 3.46152 -0.00965586 0.999094 0.0414527 -0.0582447 -0.325014 -0.0423395 0.944761 -0.257114
1677762622563885568 227 0.938274 -0.008065 0.345799 3.50403 -0.00693369 0.999089 0.0421151 -0.061923 -0.345824 -0.0419131 0.937363 -0.263921
1677762622914102784 234 0.935269 -0.0203487 0.353352 3.68133 0.0130541 0.99965 0.0230152 -0.0802495 -0.353697 -0.0169127 0.935207 -0.286627
1677762622963944704 235 0.934415 -0.0184124 0.35571 3.70499 0.0117073 0.999711 0.0209935 -0.0830982 -0.355994 -0.0154523 0.934361 -0.285129
1677762623364248320 243 0.941127 -0.01454 0.337739 3.84342 0.00514178 0.999575 0.0287047 -0.0746799 -0.338013 -0.0252782 0.940802 -0.286702
1677762623564442368 247 0.938057 -0.0178797 0.346019 3.95654 0.00928101 0.999606 0.0264913 -0.0739627 -0.346356 -0.021639 0.937853 -0.302835
1677762623864577024 253 0.938923 -0.00967634 0.343991 4.10542 0.0020188 0.999742 0.0226121 -0.0729282 -0.344121 -0.0205365 0.938701 -0.32095
1677762624114773760 258 0.940419 -0.00962305 0.339883 4.18661 0.00502188 0.999883 0.0144146 -0.0791968 -0.339982 -0.0118489 0.940357 -0.327399
1677762624465011968 265 0.930875 0.000989594 0.365336 4.33459 -0.00691516 0.999865 0.0149115 -0.078556 -0.365272 -0.0164071 0.930756 -0.348996
1677762624665314048 269 0.932574 0.0124773 0.360764 4.45052 -0.0172787 0.9998 0.0100866 -0.0827522 -0.360566 -0.0156401 0.932603 -0.362437
1677762625015432448 276 0.941491 0.0195051 0.336473 4.57053 -0.0251218 0.999608 0.0123474 -0.084904 -0.3361 -0.0200777 0.941612 -0.363713
1677762625317804544 282 0.938722 0.0266185 0.343647 4.73119 -0.032111 0.999431 0.0103011 -0.0934851 -0.343177 -0.0207047 0.939042 -0.392245
1677762625565748736 287 0.938522 0.0451523 0.342254 4.86329 -0.0482963 0.998833 0.00066474 -0.104989 -0.341825 -0.0171535 0.939607 -0.41394
1677762625717804544 290 0.937653 0.0449293 0.344656 4.92368 -0.0468238 0.998899 -0.00283006 -0.112992 -0.344404 -0.0134845 0.938725 -0.418846
1677762626067804416 297 0.936096 0.0442586 0.34895 5.06128 -0.044649 0.998979 -0.00692822 -0.122259 -0.3489 -0.00909479 0.937116 -0.43293
1677762626367804416 303 0.940246 0.0424662 0.337838 5.21607 -0.0463482 0.998919 0.00342894 -0.121986 -0.337328 -0.0188822 0.941198 -0.449427
1677762626666552576 309 0.947593 0.0431018 0.316561 5.32282 -0.0448048 0.998994 -0.00190082 -0.13297 -0.316324 -0.0123822 0.94857 -0.452053
1677762626967804416 315 0.948597 0.07472 0.307541 5.4314 -0.0745956 0.99714 -0.0121776 -0.153588 -0.307571 -0.0113895 0.951457 -0.456513
1677762627267804416 321 0.948972 0.102873 0.298108 5.55867 -0.102115 0.994607 -0.0181611 -0.175968 -0.298369 -0.0132069 0.954359 -0.468649
1677762627617804544 328 0.95397 0.0924081 0.28531 5.72085 -0.0891767 0.995719 -0.0243264 -0.199516 -0.286337 -0.0022364 0.958126 -0.472967
1677762628017804544 336 0.956546 0.074043 0.282025 5.9132 -0.0717442 0.997252 -0.018484 -0.212509 -0.282619 -0.00255289 0.959229 -0.477069
1677762628317715200 342 0.959165 0.0535408 0.277734 6.06939 -0.0493768 0.998539 -0.0219711 -0.223014 -0.278504 0.00736035 0.960407 -0.483943
1677762628617929728 348 0.95624 0.0336241 0.290646 6.22561 -0.0294064 0.999389 -0.0188686 -0.227431 -0.291103 0.00949611 0.956645 -0.496359
1677762628868097024 353 0.958065 0.0226307 0.285656 6.34076 -0.0211461 0.999742 -0.00828089 -0.220964 -0.28577 0.0018931 0.958296 -0.496729
1677762629218341632 360 0.956118 -0.00446052 0.292949 6.50942 0.00626262 0.999967 -0.005214 -0.215675 -0.292916 0.00681982 0.956114 -0.51248
1677762629468423168 365 0.953753 -0.00477643 0.300554 6.65154 0.00228826 0.99996 0.00863012 -0.205751 -0.300583 -0.00754326 0.953726 -0.529269
1677762629718552064 370 0.953378 -0.00451334 0.301745 6.79069 0.000551892 0.999913 0.0132124 -0.199328 -0.301778 -0.0124299 0.953297 -0.532793
1677762629918798592 374 0.954755 -0.0230483 0.296498 6.89088 0.0200013 0.999711 0.0133063 -0.194814 -0.296719 -0.0067739 0.954941 -0.534587
1677762630118875392 378 0.953407 -0.0403 0.298985 7.02515 0.0368337 0.999173 0.0172221 -0.180208 -0.299432 -0.00540695 0.954102 -0.546925
1677762630218975488 380 0.951577 -0.0390686 0.304919 7.08965 0.0339794 0.999181 0.0219815 -0.174695 -0.305528 -0.0105561 0.952125 -0.551309
1677762630519324672 386 0.951963 -0.0424129 0.303261 7.26413 0.0362859 0.999008 0.0258127 -0.164114 -0.304055 -0.0135687 0.952558 -0.560498
1677762630669457920 389 0.949563 -0.0438488 0.310496 7.34082 0.0420813 0.999037 0.0123924 -0.172489 -0.31074 0.0012987 0.950494 -0.5687
1677762630869365504 393 0.955649 -0.052835 0.289731 7.44272 0.0510414 0.998602 0.0137492 -0.166159 -0.290052 0.00164887 0.957009 -0.569838
1677762631119625984 398 0.958938 -0.0426372 0.280394 7.59803 0.0432238 0.999057 0.00409436 -0.166018 -0.280304 0.00819345 0.959876 -0.570854
1677762631369696000 403 0.959999 -0.0231682 0.279042 7.75906 0.0268 0.999598 -0.00920677 -0.176496 -0.278717 0.0163168 0.960235 -0.580593
1677762631469742592 405 0.9612 -0.0134231 0.275524 7.8316 0.0187622 0.999684 -0.0167511 -0.184045 -0.275212 0.0212706 0.961148 -0.585161
1677762631719933696 410 0.953706 0.0182137 0.300187 7.98949 -0.0124377 0.999699 -0.0211413 -0.189462 -0.300482 0.016429 0.953646 -0.600707
1677762631920064256 414 0.952923 0.0543029 0.298311 8.07924 -0.0475972 0.998425 -0.0297037 -0.206475 -0.299454 0.0141065 0.954006 -0.604622
1677762632122804480 418 0.951356 0.0911719 0.294294 8.1782 -0.0836999 0.995769 -0.0379136 -0.223244 -0.296506 0.0114369 0.954963 -0.609053
1677762632372804352 423 0.950204 0.129053 0.283651 8.28972 -0.122398 0.991628 -0.0411407 -0.244942 -0.286585 0.00437375 0.958045 -0.61509
1677762632572804352 427 0.944736 0.167951 0.281543 8.38412 -0.162313 0.985784 -0.0434071 -0.264959 -0.284831 -0.00468972 0.958566 -0.618954
1677762632720672512 430 0.940355 0.200577 0.274776 8.45487 -0.19311 0.979676 -0.0542552 -0.292189 -0.280073 -0.00204284 0.959976 -0.62271
1677762632920826368 434 0.931573 0.246476 0.267247 8.55001 -0.238595 0.969131 -0.0621103 -0.323662 -0.274306 -0.00590352 0.961624 -0.625952
1677762633170957568 439 0.917611 0.294395 0.267061 8.66876 -0.286334 0.9556 -0.0695766 -0.368631 -0.275687 -0.0126243 0.961165 -0.631571
1677762633372804352 443 0.902962 0.341081 0.261387 8.75304 -0.334516 0.939737 -0.0706668 -0.405171 -0.269738 -0.0236287 0.962644 -0.634042
1677762633571219968 447 0.881293 0.389351 0.267821 8.85148 -0.381118 0.920672 -0.0843384 -0.459498 -0.279413 -0.0277445 0.95977 -0.640648
1677762633772804352 451 0.867889 0.425407 0.256511 8.92783 -0.41649 0.904573 -0.091009 -0.503786 -0.270749 -0.0278487 0.962247 -0.641131
1677762633972804352 455 0.852398 0.461381 0.24606 9.00543 -0.447007 0.88712 -0.114899 -0.570688 -0.271296 -0.0120512 0.96242 -0.644783
1677762634172804352 459 0.828446 0.500407 0.251535 9.10528 -0.481851 0.865742 -0.135315 -0.644255 -0.285477 -0.00910122 0.958342 -0.659667
1677762634422804480 464 0.814474 0.52715 0.242373 9.20953 -0.511207 0.84958 -0.129926 -0.709231 -0.274406 -0.0180812 0.961444 -0.659564
1677762634722804480 470 0.821639 0.519476 0.234637 9.34272 -0.499269 0.854485 -0.143478 -0.80722 -0.275027 0.000740009 0.961436 -0.661718
1677762634922804480 474 0.838449 0.493942 0.230272 9.44219 -0.47204 0.869385 -0.146107 -0.865121 -0.272363 0.0138059 0.962095 -0.667118
1677762635122804480 478 0.851496 0.464513 0.243274 9.56326 -0.445526 0.885559 -0.131497 -0.913284 -0.276516 0.00358449 0.961003 -0.678087
1677762635322804480 482 0.876048 0.411031 0.25218 9.66086 -0.393407 0.911607 -0.11918 -0.941445 -0.278875 0.00519796 0.960313 -0.68245
1677762635522804480 486 0.894224 0.36219 0.263026 9.77122 -0.348998 0.93209 -0.0969942 -0.9632 -0.280294 -0.00506085 0.959901 -0.68648
1677762635722882560 490 0.911212 0.315929 0.26435 9.87883 -0.302818 0.94878 -0.0900938 -0.994235 -0.279274 0.00204454 0.960209 -0.692118
1677762635973021952 495 0.923787 0.273226 0.268264 10.0211 -0.262761 0.961949 -0.0749036 -1.0261 -0.278522 -0.00129443 0.960429 -0.696596
1677762636123032576 498 0.938088 0.238384 0.251324 10.0896 -0.233786 0.97108 -0.0484521 -1.02437 -0.255606 -0.0133038 0.96669 -0.689158
1677762636273149952 501 0.940451 0.188928 0.282593 10.1816 -0.180538 0.98199 -0.0556933 -1.03179 -0.288026 0.00135797 0.957622 -0.706883
1677762636473348608 505 0.951933 0.152777 0.265486 10.2673 -0.145093 0.988232 -0.0484416 -1.04101 -0.269763 0.00759299 0.962897 -0.704879
1677762636673529344 509 0.958587 0.114398 0.260813 10.3596 -0.107153 0.99336 -0.0418789 -1.04696 -0.263872 0.0121977 0.96448 -0.705072
1677762636923576064 514 0.958798 0.0711133 0.275045 10.4922 -0.0681997 0.997468 -0.0201549 -1.04174 -0.275782 0.00056647 0.96122 -0.712827
1677762637123689984 518 0.963399 0.0320006 0.266154 10.5801 -0.0280476 0.999433 -0.018641 -1.03699 -0.266599 0.0104937 0.96375 -0.713735
1677762637323955456 522 0.966198 -0.00688512 0.25771 10.6647 0.0115518 0.999796 -0.0165985 -1.03679 -0.257543 0.0190144 0.96608 -0.714405
1677762637524050176 526 0.96298 -0.0557967 0.263734 10.7667 0.0598989 0.998176 -0.00753244 -1.02746 -0.262832 0.023051 0.964566 -0.720933
1677762637774155264 531 0.957175 -0.100408 0.271542 10.9075 0.102252 0.994731 0.0073895 -1.00403 -0.270853 0.0206925 0.962398 -0.731401
1677762638024279040 536 0.955358 -0.12625 0.267117 11.0443 0.127876 0.991725 0.0113739 -0.988498 -0.266343 0.0232918 0.963597 -0.731636
1677762638174368512 539 0.959162 -0.157958 0.234642 11.0912 0.155953 0.98739 0.0271987 -0.9654 -0.23598 0.0105053 0.971701 -0.719175
1677762638324530432 542 0.941167 -0.218894 0.257468 11.1708 0.219971 0.975186 0.0249881 -0.937793 -0.256549 0.0331174 0.965964 -0.734875
1677762638574794752 547 0.937301 -0.25176 0.241005 11.2836 0.252655 0.96716 0.0277114 -0.909479 -0.240066 0.0349171 0.970128 -0.730642
1677762638824857600 552 0.922592 -0.296154 0.247219 11.4261 0.29397 0.954679 0.0465882 -0.854818 -0.249812 0.0296929 0.967839 -0.739347
1677762638974952192 555 0.902061 -0.351637 0.250274 11.5067 0.341771 0.936079 0.083359 -0.800788 -0.263588 0.0103413 0.96458 -0.739058
1677762639125124608 558 0.886836 -0.400113 0.231153 11.5814 0.395237 0.915973 0.0691424 -0.775521 -0.239395 0.0300422 0.970457 -0.741342
1677762639375189760 563 0.864698 -0.441519 0.239496 11.6882 0.434467 0.896716 0.0844899 -0.713693 -0.252064 0.0309949 0.967214 -0.745004
1677762639677804544 569 0.849982 -0.46622 0.245295 11.8366 0.456611 0.884213 0.0983587 -0.630243 -0.26275 0.0284014 0.964446 -0.755054
1677762639927804416 574 0.826487 -0.507303 0.244054 11.9515 0.494926 0.861369 0.114421 -0.554105 -0.268267 0.0262212 0.962988 -0.757817
1677762640127804416 578 0.815532 -0.532954 0.22554 12.0326 0.521634 0.845743 0.112322 -0.495143 -0.250612 0.0260471 0.967737 -0.752996
1677762640425983232 584 0.810875 -0.545671 0.211481 12.1627 0.533976 0.837753 0.11419 -0.404778 -0.239479 0.0203323 0.970689 -0.751457
1677762640777804544 591 0.820618 -0.532712 0.206892 12.3393 0.521413 0.846122 0.110482 -0.301143 -0.233911 0.0172126 0.972106 -0.756219
1677762640926420992 594 0.828433 -0.518477 0.211847 12.4181 0.506655 0.854955 0.111141 -0.26062 -0.238744 0.01526 0.970963 -0.75748
1677762641227804416 600 0.844178 -0.486324 0.225505 12.5865 0.476325 0.87349 0.100646 -0.181927 -0.245923 0.0224503 0.969029 -0.760037
1677762641376568320 603 0.867038 -0.445423 0.223256 12.6569 0.435072 0.895218 0.0964242 -0.14991 -0.242812 0.0135288 0.969979 -0.759455
1677762641527804416 606 0.887895 -0.407399 0.213703 12.7208 0.399177 0.913169 0.0823431 -0.131492 -0.228693 0.0121934 0.973422 -0.753164
1677762641727804416 610 0.906543 -0.373187 0.197259 12.7938 0.364799 0.927756 0.0786805 -0.10586 -0.21237 0.000632514 0.977189 -0.745829
1677762641927804416 614 0.922281 -0.333584 0.195241 12.8832 0.325249 0.942707 0.0742741 -0.0807816 -0.208832 -0.0049996 0.977939 -0.744175
1677762642277804544 621 0.933257 -0.294024 0.206351 13.0617 0.28592 0.955784 0.0687532 -0.0332114 -0.217442 -0.00516458 0.97606 -0.74995
1677762642577804544 627 0.924601 -0.282866 0.255146 13.2519 0.26924 0.95908 0.0876058 0.0263022 -0.269487 -0.0123049 0.962925 -0.770744
1677762642877804544 633 0.924705 -0.275927 0.26227 13.395 0.260915 0.961047 0.0911663 0.0673116 -0.277209 -0.0158719 0.960679 -0.769317
1677762643127847168 638 0.925603 -0.273203 0.261951 13.5155 0.2576 0.961779 0.0928618 0.102172 -0.277309 -0.0184745 0.960603 -0.76978
1677762643277910016 641 0.929835 -0.267943 0.252217 13.5819 0.253499 0.963256 0.0887529 0.119235 -0.26673 -0.0185888 0.963592 -0.766991
1677762643528055040 646 0.929814 -0.267453 0.252815 13.7186 0.25204 0.963321 0.0921348 0.158606 -0.268184 -0.0219486 0.963118 -0.780904
1677762643878307840 653 0.927915 -0.271874 0.255066 13.8804 0.256373 0.962109 0.0928361 0.200709 -0.270641 -0.0207519 0.962457 -0.785926
1677762644078479104 657 0.930325 -0.263696 0.254872 13.9706 0.251158 0.964537 0.0811624 0.216703 -0.267236 -0.0114942 0.963563 -0.786304
1677762644178481152 659 0.936431 -0.243834 0.252273 14.0159 0.231641 0.969715 0.0774289 0.22126 -0.263512 -0.0140702 0.964553 -0.784585
1677762644478744576 665 0.943044 -0.205048 0.261959 14.1254 0.195609 0.978726 0.0619094 0.229419 -0.26908 -0.00714173 0.963091 -0.790891
1677762644778874112 671 0.953009 -0.173694 0.248204 14.2154 0.166547 0.984781 0.0496773 0.23785 -0.253055 -0.00600538 0.967433 -0.791337
1677762645079121152 677 0.961182 -0.140733 0.237324 14.3208 0.134645 0.990014 0.0417543 0.245535 -0.24083 -0.00817893 0.970533 -0.788112
1677762645329261056 682 0.966863 -0.100588 0.234646 14.4028 0.0937785 0.994788 0.0400289 0.247263 -0.23745 -0.0166977 0.971256 -0.786893
1677762645629519616 688 0.970305 -0.0599958 0.234327 14.5005 0.0556797 0.998136 0.0249978 0.236183 -0.23539 -0.0112082 0.971836 -0.78695
1677762645829641472 692 0.971236 -0.00856078 0.237966 14.5732 0.0054874 0.999893 0.0135747 0.221735 -0.238056 -0.0118784 0.971179 -0.791558
1677762646229931776 700 0.970027 0.0312097 0.240986 14.7125 -0.0311719 0.999506 -0.00397002 0.203071 -0.240991 -0.00366097 0.97052 -0.795479
1677762646530096896 706 0.965987 0.0855603 0.244027 14.8133 -0.0798043 0.996251 -0.0333968 0.166416 -0.245969 0.0127864 0.969193 -0.796291
1677762646680210176 709 0.957054 0.15573 0.24453 14.8518 -0.14713 0.987687 -0.053166 0.143136 -0.249799 0.014905 0.968183 -0.800962
1677762646932804352 714 0.946091 0.213744 0.243362 14.9058 -0.203966 0.976818 -0.0650015 0.118874 -0.251614 0.0118599 0.967755 -0.801042
1677762647082804480 717 0.928323 0.272533 0.25287 14.9458 -0.262139 0.962142 -0.0746074 0.0872195 -0.263629 0.00297288 0.964619 -0.807994
1677762647332804352 722 0.913895 0.319867 0.249962 15.0014 -0.309986 0.947448 -0.079063 0.058974 -0.262116 -0.00522966 0.965022 -0.809803
1677762647482804480 725 0.899219 0.365675 0.240182 15.0227 -0.354548 0.930731 -0.0896378 0.0287439 -0.256324 -0.0045522 0.96658 -0.810198
1677762647732804352 730 0.878323 0.410578 0.244896 15.0788 -0.39636 0.911821 -0.107155 -0.0195501 -0.267297 -0.00295067 0.96361 -0.81465
1677762647882804480 733 0.855544 0.458422 0.240612 15.1027 -0.440857 0.888734 -0.125687 -0.0544236 -0.271458 0.00145499 0.962449 -0.816066
1677762647982804480 735 0.829393 0.510624 0.226651 15.1073 -0.489088 0.859732 -0.147154 -0.0939554 -0.269999 0.0111962 0.962795 -0.816399
1677762648082804480 737 0.79722 0.556723 0.23345 15.1265 -0.532093 0.830673 -0.163889 -0.125344 -0.285161 0.0064382 0.958458 -0.824996
1677762648232804352 740 0.767729 0.600876 0.222578 15.1451 -0.576061 0.799337 -0.170924 -0.154458 -0.280619 0.0030046 0.959815 -0.825405
1677762648381395456 743 0.724041 0.657404 0.20877 15.1563 -0.6313 0.753537 -0.183417 -0.193081 -0.277895 0.00100518 0.960611 -0.82776
1677762648482804480 745 0.690338 0.694967 0.201134 15.1628 -0.668513 0.719034 -0.189948 -0.220458 -0.27663 -0.00333233 0.960971 -0.829549
1677762648632804352 748 0.646864 0.739369 0.186818 15.1687 -0.712715 0.673276 -0.196817 -0.24957 -0.271301 -0.00583429 0.962477 -0.829667
1677762648832804352 752 0.607162 0.774974 0.175415 15.1786 -0.748145 0.631938 -0.202322 -0.286666 -0.267646 -0.00839387 0.963481 -0.82723
1677762649032804352 756 0.572946 0.802015 0.168835 15.197 -0.777142 0.597055 -0.198937 -0.3297 -0.260354 -0.0172285 0.96536 -0.821466
1677762649232125440 760 0.53236 0.830352 0.164646 15.2292 -0.806452 0.556607 -0.199561 -0.392175 -0.257349 -0.0265407 0.965954 -0.820857
1677762649432804352 764 0.492191 0.858672 0.142932 15.246 -0.836012 0.512035 -0.197241 -0.448485 -0.242552 -0.0224122 0.96988 -0.818844
1677762649582804480 767 0.447059 0.884361 0.134329 15.2529 -0.861669 0.46608 -0.20074 -0.485283 -0.240134 -0.0260045 0.970391 -0.819656
1677762649732804352 770 0.397314 0.908996 0.12597 15.2533 -0.884434 0.415909 -0.211652 -0.527859 -0.244783 -0.02732 0.969193 -0.823489
1677762649882804480 773 0.351177 0.928939 0.117245 15.2491 -0.904865 0.368891 -0.21246 -0.56472 -0.240614 -0.0314801 0.97011 -0.823624
1677762650082631168 777 0.302767 0.946718 0.109802 15.2455 -0.922694 0.320019 -0.214997 -0.616184 -0.23868 -0.0362199 0.970423 -0.824147
1677762650332832512 782 0.266682 0.959335 0.0925003 15.2454 -0.937413 0.280486 -0.206362 -0.680347 -0.223915 -0.0316779 0.974094 -0.81256
1677762650582962688 787 0.22661 0.971232 0.0731878 15.2485 -0.949032 0.23708 -0.20768 -0.773211 -0.219057 -0.0223953 0.975455 -0.810306
1677762650732971264 790 0.160385 0.986103 0.0433261 15.2338 -0.964979 0.165878 -0.203226 -0.823161 -0.207588 -0.00921449 0.978173 -0.80948
1677762650883158528 793 0.0913869 0.995189 0.0353293 15.2277 -0.975242 0.0966168 -0.198916 -0.860057 -0.201372 -0.0162763 0.97938 -0.810499
1677762651033246464 796 0.0302888 0.999126 0.0288156 15.2194 -0.977225 0.035658 -0.209186 -0.906711 -0.210031 -0.0218234 0.977451 -0.81447
1677762651183385344 799 -0.019902 0.999661 0.0168156 15.2068 -0.979396 -0.0161123 -0.201307 -0.945496 -0.200968 -0.0204756 0.979384 -0.810119
1677762651333414656 802 -0.0679644 0.997638 0.00992455 15.1937 -0.978059 -0.0646605 -0.198037 -0.987255 -0.196928 -0.0231663 0.980144 -0.808568
1677762651533553920 806 -0.126234 0.991987 -0.00512492 15.1693 -0.969926 -0.124507 -0.209145 -1.0436 -0.208108 -0.0214304 0.977871 -0.814034
1677762651683654144 809 -0.177504 0.983744 -0.0271906 15.1457 -0.962955 -0.17932 -0.201399 -1.06425 -0.203001 -0.00956591 0.979132 -0.813182
1677762651883741440 813 -0.231702 0.972138 -0.0355233 15.1264 -0.950941 -0.234043 -0.202327 -1.09639 -0.205004 -0.0130989 0.978674 -0.816897
1677762652183950848 819 -0.288429 0.956366 -0.0466218 15.1127 -0.9353 -0.291832 -0.200118 -1.12808 -0.204992 -0.0141145 0.978662 -0.818366
1677762652434322176 824 -0.337038 0.939441 -0.0620872 15.0732 -0.918874 -0.342593 -0.195707 -1.18051 -0.205126 -0.00891035 0.978695 -0.811152
1677762652634350336 828 -0.385225 0.919397 -0.0794371 15.0262 -0.895786 -0.393235 -0.207203 -1.24908 -0.221739 -0.0086612 0.975068 -0.813443
1677762652784377088 831 -0.428324 0.898353 -0.0974711 14.9923 -0.875176 -0.439272 -0.20275 -1.28305 -0.224957 -0.00153842 0.974367 -0.814932
1677762652934525440 834 -0.480938 0.868885 -0.117204 14.9577 -0.847615 -0.494958 -0.191218 -1.29506 -0.224158 0.00738011 0.974525 -0.815662
1677762653134612736 838 -0.530517 0.838871 -0.121846 14.9305 -0.817119 -0.544329 -0.189797 -1.30903 -0.22554 -0.00112806 0.974233 -0.818397
1677762653384778752 843 -0.581061 0.803534 -0.129233 14.8951 -0.780968 -0.59519 -0.189308 -1.3328 -0.229034 -0.00907286 0.973376 -0.821459
1677762653584911104 847 -0.624015 0.770044 -0.132808 14.859 -0.747508 -0.637776 -0.185673 -1.35794 -0.227678 -0.0165879 0.973595 -0.819203
1677762653785044992 851 -0.668071 0.729538 -0.146477 14.8018 -0.70731 -0.683746 -0.179453 -1.38788 -0.231071 -0.0162829 0.972801 -0.817788
1677762654037804544 856 -0.695441 0.701602 -0.155292 14.7173 -0.677951 -0.712253 -0.181873 -1.46059 -0.23821 -0.0212015 0.970982 -0.812418
1677762654437804544 864 -0.68535 0.710358 -0.160269 14.5972 -0.685063 -0.703565 -0.188902 -1.58665 -0.246948 -0.0196699 0.968829 -0.81853
1677762654737804544 870 -0.66244 0.733776 -0.150817 14.5455 -0.714028 -0.679378 -0.169144 -1.63924 -0.226576 -0.00436028 0.973984 -0.811794
1677762655035931136 876 -0.625891 0.766729 -0.142783 14.4942 -0.748078 -0.641969 -0.16809 -1.71611 -0.220542 0.00160664 0.975376 -0.8139
1677762655336243456 882 -0.58394 0.802488 -0.122588 14.4597 -0.783368 -0.596641 -0.174225 -1.78058 -0.212954 -0.00570485 0.977045 -0.809472
1677762655586345984 887 -0.541278 0.83286 -0.1156 14.4394 -0.813126 -0.553473 -0.180259 -1.82856 -0.214112 -0.00357292 0.976803 -0.811092
1677762655937804544 894 -0.492335 0.863405 -0.11017 14.4119 -0.842488 -0.504511 -0.1889 -1.88546 -0.218679 -0.000185222 0.975797 -0.810875
1677762656286759424 901 -0.441613 0.89094 -0.105846 14.3956 -0.870842 -0.454031 -0.188387 -1.91428 -0.215899 0.00898088 0.976374 -0.813823
1677762656987217152 914 -0.408052 0.909108 -0.0837629 14.3525 -0.88853 -0.41654 -0.192377 -2.02804 -0.209782 -0.00407383 0.97774 -0.805801
1677762657237804544 919 -0.377659 0.923216 -0.0710381 14.3251 -0.898648 -0.383936 -0.212189 -2.14582 -0.22317 -0.0162969 0.974643 -0.804517
1677762657387554560 922 -0.318196 0.946019 -0.0616451 14.3265 -0.918998 -0.323768 -0.22498 -2.19347 -0.232794 -0.014936 0.972411 -0.812585
1677762657537713152 925 -0.264279 0.962749 -0.0571874 14.33 -0.932468 -0.270209 -0.23977 -2.23828 -0.246291 -0.0100407 0.969144 -0.81915
1677762657787859200 930 -0.209327 0.976291 -0.0551164 14.3327 -0.947192 -0.216445 -0.236598 -2.27657 -0.242918 0.00267946 0.970043 -0.822608
1677762658238297856 939 -0.189059 0.980985 -0.0438783 14.3205 -0.957777 -0.194075 -0.212129 -2.38343 -0.216611 0.00192064 0.976256 -0.804836
1677762658488305152 944 -0.136353 0.990244 -0.0287193 14.33 -0.960329 -0.139241 -0.241619 -2.4764 -0.243261 -0.00536554 0.969946 -0.811289
1677762658638456064 947 -0.0857072 0.996242 -0.0124941 14.3451 -0.964946 -0.086124 -0.247916 -2.52301 -0.24806 -0.00919202 0.968701 -0.814665
1677762658838606592 951 -0.0311355 0.999514 0.00156855 14.3624 -0.969947 -0.0298355 -0.24148 -2.56459 -0.241316 -0.00903999 0.970405 -0.815021
1677762659138760704 957 0.0199855 0.999799 -0.00166259 14.3723 -0.971567 0.0190287 -0.236 -2.6266 -0.235921 0.00633191 0.971752 -0.816445
1677762659689117952 968 0.0455054 0.998687 0.0235355 14.3971 -0.970486 0.0497813 -0.235965 -2.82401 -0.236827 -0.0121032 0.971476 -0.813297
1677762659889280768 972 0.0933767 0.995178 0.0300268 14.4044 -0.96776 0.0978074 -0.23211 -2.88479 -0.233928 -0.00738506 0.972226 -0.814701
1677762660389591552 982 0.104954 0.993657 0.0403786 14.4241 -0.969961 0.111242 -0.216335 -3.03728 -0.219455 -0.0164604 0.975484 -0.8084
1677762660789913344 990 0.0827937 0.996017 0.0331001 14.4256 -0.971826 0.0880486 -0.218635 -3.17094 -0.220678 -0.0140659 0.975245 -0.805382
1677762661090090240 996 0.0676479 0.997047 0.0363364 14.4375 -0.974128 0.0738767 -0.213583 -3.27376 -0.215637 -0.0209478 0.976249 -0.804783
1677762661340267520 1001 0.0699517 0.997003 0.0330478 14.4415 -0.976383 0.0752183 -0.202531 -3.3747 -0.204409 -0.0180999 0.978718 -0.797239
1677762661640545536 1007 0.0576896 0.998068 0.023057 14.4471 -0.978545 0.0611067 -0.196761 -3.49969 -0.19779 -0.0112112 0.98018 -0.788924
1677762661892804352 1012 0.0463672 0.998635 0.0240468 14.45 -0.977004 0.0503519 -0.207192 -3.62123 -0.20812 -0.0138869 0.978005 -0.787836
1677762662142804480 1017 0.00497678 0.999783 0.0202252 14.4463 -0.978978 0.00899536 -0.203768 -3.7352 -0.203906 -0.0187859 0.97881 -0.787136
1677762662342804480 1021 -0.0516886 0.998656 0.00369789 14.4278 -0.977227 -0.0498157 -0.206266 -3.81011 -0.205804 -0.0142753 0.978489 -0.783628
1677762662541209344 1025 -0.11309 0.993505 -0.0126273 14.4104 -0.97251 -0.113286 -0.203445 -3.86955 -0.203554 -0.0107274 0.979005 -0.783117
1677762662742804480 1029 -0.167649 0.985558 -0.0238713 14.3999 -0.965728 -0.169047 -0.196956 -3.89873 -0.198147 -0.00996639 0.980122 -0.785485
1677762663041403648 1035 -0.224762 0.974015 -0.0278817 14.3886 -0.955275 -0.225901 -0.190837 -3.95161 -0.192177 -0.0162583 0.981226 -0.781143
1677762663342804480 1041 -0.271563 0.961168 -0.0490931 14.3382 -0.940885 -0.275872 -0.196544 -4.0506 -0.202455 -0.00718304 0.979265 -0.7765
1677762663591733504 1046 -0.326482 0.942614 -0.0699179 14.2908 -0.922502 -0.333882 -0.193682 -4.11633 -0.205912 0.00126579 0.97857 -0.776184
1677762663792804352 1050 -0.382703 0.920693 -0.0765674 14.259 -0.901242 -0.390275 -0.188276 -4.15485 -0.203227 -0.00304794 0.979127 -0.775287
1677762663992038400 1054 -0.43262 0.898244 -0.0774427 14.2293 -0.88131 -0.439443 -0.173734 -4.18011 -0.190087 -0.00690996 0.981743 -0.769083
1677762664192804352 1058 -0.473145 0.877144 -0.0821744 14.1881 -0.86043 -0.480123 -0.170713 -4.22052 -0.189193 -0.0100666 0.981888 -0.767173
1677762664492485120 1064 -0.508236 0.854386 -0.108264 14.1046 -0.839431 -0.519546 -0.159462 -4.30083 -0.19249 0.00983575 0.98125 -0.760077
1677762664692804352 1068 -0.562149 0.81873 -0.116918 14.0537 -0.80485 -0.574099 -0.150422 -4.33393 -0.190277 0.00954209 0.981684 -0.758555
1677762664842804480 1071 -0.602466 0.788992 -0.120522 14.0157 -0.775118 -0.614385 -0.147388 -4.35058 -0.190335 0.00462275 0.981708 -0.758229
1677762665042804480 1075 -0.642426 0.756483 -0.122569 13.9736 -0.742668 -0.654012 -0.143918 -4.37524 -0.189033 -0.00142852 0.98197 -0.758716
1677762665343072768 1081 -0.680652 0.721202 -0.128767 13.914 -0.708042 -0.692722 -0.137163 -4.41405 -0.188122 -0.00218817 0.982143 -0.754366
1677762665593110528 1086 -0.71385 0.686409 -0.138783 13.8604 -0.674951 -0.727202 -0.124974 -4.44508 -0.186706 0.00445896 0.982406 -0.751471
1677762665793271296 1090 -0.744774 0.649554 -0.152939 13.8064 -0.640363 -0.760147 -0.11005 -4.46541 -0.18774 0.015974 0.982089 -0.749925
1677762665993395712 1094 -0.785649 0.595508 -0.167706 13.761 -0.587661 -0.803073 -0.0986314 -4.47948 -0.193416 0.0210647 0.980891 -0.75112
1677762666193557248 1098 -0.821748 0.544079 -0.169434 13.7295 -0.53829 -0.838708 -0.0825365 -4.48559 -0.187012 0.0233805 0.982079 -0.748259
1677762666493743616 1104 -0.850896 0.498128 -0.166867 13.6956 -0.491001 -0.867046 -0.0845522 -4.49746 -0.1868 0.00998689 0.982347 -0.751595
1677762666894049536 1112 -0.875903 0.453029 -0.166007 13.6365 -0.44546 -0.891494 -0.0824805 -4.51169 -0.185361 0.00170472 0.982669 -0.752288
1677762667244313600 1119 -0.896011 0.407864 -0.17553 13.5645 -0.402286 -0.912991 -0.0679259 -4.51627 -0.187962 0.00975088 0.982128 -0.746574
1677762667494466816 1124 -0.916141 0.35889 -0.17856 13.5068 -0.356489 -0.933142 -0.0464909 -4.51068 -0.183307 0.0210625 0.98283 -0.741662
1677762667694591488 1128 -0.931269 0.310561 -0.190497 13.4592 -0.308722 -0.95031 -0.0400292 -4.50871 -0.193463 0.0215327 0.980871 -0.745074
1677762667894710528 1132 -0.947051 0.256422 -0.193242 13.4159 -0.257497 -0.966073 -0.0199721 -4.49899 -0.191807 0.0308447 0.980948 -0.742667
1677762668094819840 1136 -0.958094 0.200966 -0.204127 13.371 -0.202342 -0.97921 -0.0143281 -4.49386 -0.202763 0.0275759 0.97884 -0.746507
1677762668294993152 1140 -0.968576 0.141655 -0.204438 13.3327 -0.143408 -0.989644 -0.00629322 -4.4886 -0.203212 0.0232226 0.978859 -0.747543
1677762668495129088 1144 -0.974654 0.0849537 -0.206961 13.2989 -0.0872044 -0.996189 0.00175962 -4.47446 -0.206023 0.0197629 0.978348 -0.748879
1677762668745322240 1149 -0.977222 0.0307366 -0.209981 13.2659 -0.0331738 -0.999417 0.00809373 -4.45562 -0.20961 0.0148753 0.977672 -0.750789
1677762669045557760 1155 -0.976358 -0.0198233 -0.215248 13.2266 0.0167624 -0.999731 0.0160368 -4.43526 -0.215508 0.0120496 0.976428 -0.7491
1677762669347804416 1161 -0.97347 -0.0817395 -0.213718 13.1653 0.0755826 -0.996459 0.036837 -4.41103 -0.215972 0.0197063 0.976201 -0.744286
1677762669545847296 1165 -0.96461 -0.14597 -0.219592 13.1086 0.136148 -0.988912 0.0593004 -4.37959 -0.225813 0.0273046 0.973788 -0.747959
1677762669746018048 1169 -0.954343 -0.207389 -0.214984 13.0628 0.195829 -0.977843 0.0739894 -4.35453 -0.225566 0.0285112 0.973811 -0.746615
1677762669896088576 1172 -0.943504 -0.259579 -0.20596 13.0385 0.247097 -0.965288 0.0846338 -4.33767 -0.220779 0.0289602 0.974894 -0.744112
1677762670046192896 1175 -0.926766 -0.316812 -0.20183 13.0094 0.302883 -0.948042 0.0973564 -4.31157 -0.222187 0.0290956 0.97457 -0.746012
1677762670197804544 1178 -0.906226 -0.373468 -0.19818 12.9759 0.35925 -0.927338 0.104801 -4.28383 -0.22292 0.0237774 0.974547 -0.74797
1677762670346402048 1181 -0.880928 -0.430621 -0.196293 12.9385 0.417028 -0.902433 0.108179 -4.25347 -0.223725 0.013438 0.97456 -0.748811
1677762670497804544 1184 -0.853944 -0.482849 -0.194 12.8951 0.467342 -0.875597 0.122153 -4.21048 -0.228847 0.0136474 0.973367 -0.74822
1677762670697804544 1188 -0.827479 -0.524014 -0.201713 12.8168 0.506497 -0.851659 0.134674 -4.15677 -0.242362 0.00927276 0.970142 -0.752641
1677762670847804416 1191 -0.801025 -0.568609 -0.187198 12.775 0.547851 -0.822353 0.153605 -4.10803 -0.241284 0.020485 0.970238 -0.752038
1677762670997804544 1194 -0.764129 -0.623613 -0.164965 12.7523 0.603721 -0.781455 0.157635 -4.07326 -0.227216 0.0208603 0.973621 -0.747675
1677762671146993664 1197 -0.724464 -0.6702 -0.161195 12.7213 0.649673 -0.742029 0.165283 -4.02997 -0.230383 0.0150175 0.972984 -0.751076
1677762671397804544 1202 -0.691667 -0.704867 -0.157349 12.6524 0.683495 -0.70924 0.172665 -3.94721 -0.233304 0.0118794 0.972331 -0.752048
1677762671597804544 1206 -0.653554 -0.741208 -0.153222 12.5897 0.718194 -0.671202 0.183533 -3.85831 -0.238879 0.00990528 0.970999 -0.757609
1677762671847804416 1211 -0.604296 -0.782591 -0.14959 12.5325 0.755698 -0.622455 0.203644 -3.75803 -0.252483 0.010016 0.967549 -0.761375
1677762671997804544 1214 -0.5629 -0.814102 -0.142768 12.5081 0.785719 -0.580669 0.213233 -3.6969 -0.256494 0.00785342 0.966514 -0.764089
1677762672247796736 1219 -0.52781 -0.839391 -0.129766 12.4657 0.808846 -0.543355 0.224795 -3.59409 -0.2592 0.0136881 0.965727 -0.765569
1677762672497896192 1224 -0.487057 -0.866478 -0.109505 12.4314 0.834305 -0.498679 0.235063 -3.49341 -0.258285 0.0231284 0.965792 -0.766261
1677762672698014208 1228 -0.443384 -0.89056 -0.101558 12.4035 0.859091 -0.454546 0.235269 -3.41536 -0.255684 0.0170672 0.96661 -0.767196
1677762673148314624 1237 -0.461343 -0.882417 -0.0922131 12.321 0.853637 -0.469801 0.224924 -3.24557 -0.241799 0.0250506 0.970003 -0.766868
1677762673598696192 1246 -0.474998 -0.875278 -0.0909105 12.2209 0.848447 -0.482934 0.216593 -3.06505 -0.233483 0.0257484 0.97202 -0.768402
1677762673798861568 1250 -0.473873 -0.875989 -0.0899273 12.1781 0.851379 -0.481843 0.207319 -2.98819 -0.22494 0.0216809 0.974131 -0.761874
1677762674149003776 1257 -0.500793 -0.860636 -0.0922636 12.0886 0.836459 -0.508605 0.204099 -2.84461 -0.222581 0.0250368 0.974593 -0.762265
1677762674399187200 1262 -0.507513 -0.856124 -0.0973763 12.0229 0.829597 -0.516041 0.213238 -2.72637 -0.232808 0.0274378 0.972136 -0.767307
1677762674699392768 1268 -0.514718 -0.852159 -0.0942839 11.9532 0.828494 -0.522667 0.201038 -2.60608 -0.220595 0.0253642 0.975036 -0.759233
1677762674949564160 1273 -0.481892 -0.871734 -0.0886546 11.895 0.849474 -0.489592 0.196708 -2.49611 -0.214881 0.019482 0.976446 -0.758301
1677762675099652352 1276 -0.449182 -0.888811 -0.0908258 11.8616 0.864747 -0.458061 0.205895 -2.41737 -0.224606 0.0139432 0.97435 -0.763237
1677762675399912704 1282 -0.437998 -0.895711 -0.0765489 11.8181 0.87503 -0.444306 0.192133 -2.30943 -0.206106 0.0171711 0.978379 -0.754421
1677762675650024192 1287 -0.410771 -0.908534 -0.0763793 11.7759 0.887276 -0.41762 0.195792 -2.20065 -0.209781 0.0126563 0.977666 -0.755855
1677762675800189440 1290 -0.38866 -0.9184 -0.0740568 11.7457 0.896496 -0.395493 0.199698 -2.12521 -0.212692 0.011223 0.977055 -0.755845
1677762676100390144 1296 -0.354059 -0.932757 -0.0678751 11.7013 0.911512 -0.360411 0.198115 -1.98849 -0.209256 0.00827547 0.977826 -0.752605
1677762676300452608 1300 -0.292176 -0.954372 -0.0617021 11.6843 0.931478 -0.298602 0.20781 -1.89027 -0.216753 0.0032429 0.976221 -0.75658
1677762676452804352 1303 -0.233656 -0.97121 -0.0464255 11.6827 0.948914 -0.238185 0.206952 -1.82686 -0.212052 0.00430187 0.977249 -0.754411
1677762676602804480 1306 -0.178243 -0.983341 -0.0356341 11.6874 0.959672 -0.181725 0.214489 -1.76108 -0.217391 0.00403402 0.976076 -0.756834
1677762676752804352 1309 -0.130816 -0.991139 -0.0230486 11.698 0.965102 -0.13263 0.225802 -1.6968 -0.226858 0.00729409 0.973901 -0.756762
1677762676950910720 1313 -0.0749929 -0.997179 -0.0031641 11.7207 0.969331 -0.0736426 0.234467 -1.61418 -0.234039 0.0145163 0.972119 -0.759158
1677762677152804352 1317 -0.0190701 -0.999713 0.0144782 11.7453 0.97188 -0.015136 0.234989 -1.5399 -0.234702 0.0185523 0.97189 -0.760922
1677762677301178624 1320 0.0289431 -0.999149 0.0293834 11.767 0.971529 0.0350339 0.234315 -1.48503 -0.235146 0.021765 0.971716 -0.759746
1677762677501289728 1324 0.089961 -0.995061 0.0419483 11.7965 0.966291 0.0974064 0.238313 -1.39612 -0.241222 0.0190954 0.970282 -0.762436
1677762677951572736 1333 0.108371 -0.992264 0.0605655 11.8373 0.966326 0.119449 0.227917 -1.19231 -0.233389 0.0338264 0.971795 -0.75982
1677762678152804352 1337 0.163397 -0.983642 0.0758243 11.8674 0.957407 0.176645 0.228404 -1.09707 -0.238062 0.0352742 0.970609 -0.763575
1677762678301850880 1340 0.216992 -0.972253 0.0874039 11.8957 0.947721 0.231281 0.219851 -1.04266 -0.233966 0.0351287 0.97161 -0.764263
1677762678502804480 1344 0.27016 -0.958082 0.0953515 11.937 0.933863 0.284851 0.216241 -0.97017 -0.234338 0.0306254 0.971673 -0.764271
1677762678652804352 1347 0.318577 -0.941607 0.109017 11.9785 0.917703 0.335179 0.213251 -0.91927 -0.237339 0.0321085 0.970896 -0.764791
1677762678802804480 1350 0.362399 -0.923565 0.12528 12.0219 0.900275 0.381662 0.209379 -0.873658 -0.24119 0.0369077 0.969776 -0.763374
1677762678952804352 1353 0.414661 -0.899584 0.137131 12.0634 0.877752 0.435157 0.200472 -0.834096 -0.240015 0.0372387 0.970055 -0.762479
1677762679102804480 1356 0.45932 -0.876362 0.144962 12.1051 0.854709 0.480476 0.196508 -0.793583 -0.241863 0.0336403 0.969727 -0.763168
1677762679302804480 1360 0.493072 -0.858453 0.141203 12.1535 0.840384 0.511958 0.177917 -0.738274 -0.225023 0.0309386 0.973862 -0.755392
1677762679502804480 1364 0.538215 -0.829924 0.146804 12.2201 0.812875 0.557173 0.169681 -0.66683 -0.222617 0.0280085 0.974503 -0.756752
1677762679652840192 1367 0.580076 -0.799376 0.156558 12.2783 0.782831 0.600208 0.164093 -0.609635 -0.225139 0.0273715 0.973942 -0.75827
1677762679802885120 1370 0.626764 -0.762115 0.162319 12.332 0.747825 0.646849 0.149479 -0.563995 -0.218917 0.0276981 0.97535 -0.756155
1677762679953025792 1373 0.669603 -0.722607 0.171675 12.391 0.709339 0.690707 0.140582 -0.524233 -0.220162 0.0276417 0.975072 -0.758323
