1702306508155337216 5 0.999722 -6.68326e-05 -0.0235837 -0.000471322 0.000769891 0.999555 0.0298033 -0.00153604 0.0235713 -0.0298132 0.999278 -0.000100257
1702306508405442560 10 0.999723 0.000100556 -0.0235458 -0.000297811 0.000608167 0.999547 0.0300906 -0.000904199 0.0235382 -0.0300966 0.99927 -0.000256892
1702306508655739648 15 0.999724 0.000125877 -0.0235055 -0.000136114 0.000580863 0.999548 0.0300578 -0.000493579 0.0234986 -0.0300631 0.999272 1.94108e-05
1702306508905908736 20 0.999722 0.000131789 -0.0235593 9.44256e-05 0.000576903 0.999548 0.0300718 -0.000853025 0.0235526 -0.0300771 0.99927 -0.000285345
1702306509156154880 25 0.999724 2.9585e-05 -0.023495 -0.00022362 0.000677322 0.999547 0.030079 -0.000763362 0.0234852 -0.0300867 0.999271 -7.12149e-05
1702306509456227584 31 0.999724 0.000135876 -0.0235085 0.000193481 0.000567752 0.999552 0.0299216 -0.00133888 0.023502 -0.0299266 0.999276 4.09562e-05
1702306509706343168 36 0.999724 7.39796e-05 -0.0235024 -5.47391e-06 0.000630553 0.999551 0.0299682 -0.00126752 0.0234941 -0.0299747 0.999275 0.000371478
1702306509956544256 41 0.999724 0.000172756 -0.0234758 -0.000291544 0.000533755 0.999547 0.0300857 -0.000643796 0.0234703 -0.03009 0.999272 0.000222634
1702306510206898176 46 0.999723 0.000100486 -0.0235189 5.11198e-05 0.000606302 0.999548 0.0300429 -0.000857448 0.0235113 -0.0300488 0.999272 -0.000272592
1702306511908149504 80 0.999569 -0.00393952 -0.0290903 0.222029 0.00481843 0.999532 0.030205 -0.00127304 0.0289577 -0.0303322 0.99912 8.66476e-05
1702306511958006272 81 0.999528 -0.00477234 -0.0303383 0.255546 0.00569681 0.99952 0.0304591 0.000603344 0.0301784 -0.0306175 0.999075 -0.00336819
1702306512358225408 89 0.999196 -0.0225709 -0.0331347 0.518243 0.0235446 0.999293 0.0292964 -0.0183196 0.03245 -0.030053 0.999021 -0.00871657
1702306512408651520 90 0.999115 -0.0283094 -0.0311083 0.547109 0.0292218 0.999144 0.0292781 -0.00898364 0.0302528 -0.0301613 0.999087 -0.00289158
1702306512709221120 96 0.995695 -0.0861685 -0.0341406 0.765284 0.0870794 0.995858 0.0261541 0.00916567 0.0317455 -0.0290145 0.999075 -0.00152221
1702306512758598400 97 0.99454 -0.0984686 -0.0345644 0.804722 0.0993803 0.994717 0.02573 0.011239 0.0318482 -0.0290245 0.999071 -0.00275033
1702306513009047040 102 0.98756 -0.153619 -0.0335599 1.01932 0.154491 0.987674 0.0251502 0.0404369 0.0292827 -0.030022 0.99912 -0.010002
1702306513058821376 103 0.986042 -0.163217 -0.0328903 1.07246 0.164048 0.986151 0.0243687 0.0490516 0.0284574 -0.0294241 0.999162 -0.0129452
1702306513258947328 107 0.978348 -0.205387 -0.0255195 1.30924 0.205991 0.978264 0.0238226 0.10059 0.0200719 -0.0285636 0.99939 -0.0255611
1702306513309074176 108 0.976241 -0.215353 -0.0240287 1.36977 0.215927 0.9761 0.0245854 0.12395 0.0181598 -0.0291897 0.999409 -0.0232594
1702306513459028480 111 0.968579 -0.247387 -0.0255989 1.53751 0.24799 0.968468 0.0238911 0.182105 0.0188814 -0.0294887 0.999387 -0.0257157
1702306513509046272 112 0.965486 -0.259045 -0.0270782 1.58929 0.259694 0.965391 0.0240685 0.200815 0.0199062 -0.0302698 0.999344 -0.0243749
1702306513709332224 116 0.952354 -0.303031 -0.0345683 1.793 0.303766 0.95257 0.0183609 0.268477 0.0273648 -0.0279868 0.999234 -0.0271076
1702306513759243776 117 0.949139 -0.312762 -0.0362727 1.87858 0.313476 0.949463 0.0158942 0.296175 0.0294685 -0.0264564 0.999216 -0.0220099
1702306513959339008 121 0.934043 -0.355453 -0.0348914 2.09229 0.356028 0.934402 0.0117319 0.385328 0.0284324 -0.0233804 0.999322 -0.0214013
1702306514009600256 122 0.929915 -0.366144 -0.0345865 2.15858 0.366678 0.93029 0.0103784 0.403135 0.0283755 -0.0223332 0.999348 -0.0196049
1702306514109851648 124 0.921441 -0.386928 -0.0351121 2.27375 0.387427 0.921862 0.00844 0.443925 0.0291028 -0.0213803 0.999348 -0.0192186
1702306514209882880 126 0.912934 -0.406658 -0.034352 2.39554 0.407161 0.913313 0.00887478 0.482071 0.0277652 -0.0220889 0.99937 -0.0204305
1702306514359660800 129 0.899187 -0.435956 -0.0374967 2.55996 0.436466 0.899699 0.00626466 0.580065 0.0310046 -0.0219991 0.999277 -0.0205032
1702306514410092032 130 0.895727 -0.442939 -0.0384523 2.61415 0.443398 0.896316 0.00391845 0.619792 0.0327298 -0.0205595 0.999253 -0.0254016
1702306514609972992 134 0.890446 -0.453769 -0.0346468 2.8364 0.454243 0.890851 0.00687244 0.742239 0.0277466 -0.0218576 0.999376 -0.0282715
1702306514659865344 135 0.889487 -0.45568 -0.034189 2.89101 0.456155 0.889871 0.00724148 0.768967 0.027124 -0.0220367 0.999389 -0.0285072
1702306514909990400 140 0.886076 -0.461933 -0.0385595 3.15601 0.462552 0.886551 0.00852693 0.909738 0.0302461 -0.0253913 0.99922 -0.0216256
1702306514960030976 141 0.885576 -0.462906 -0.0383801 3.20829 0.463524 0.886042 0.00863965 0.938888 0.0300071 -0.0254412 0.999226 -0.022848
1702306515160168448 145 0.882911 -0.467435 -0.0444258 3.42126 0.468043 0.883697 0.0038126 1.07654 0.0374768 -0.0241594 0.999005 -0.016069
1702306515210237696 146 0.882959 -0.467384 -0.0439974 3.4765 0.467977 0.883733 0.00368108 1.10911 0.0371615 -0.02384 0.999025 -0.0142197
1702306515360488704 149 0.881466 -0.470428 -0.041423 3.65391 0.470892 0.882189 0.00165531 1.19946 0.0357642 -0.0209648 0.99914 -0.0257028
1702306515510628352 152 0.879751 -0.473845 -0.0388486 3.82013 0.474235 0.880398 0.000939461 1.28769 0.0337571 -0.0192499 0.999245 -0.0263001
1702306515610600704 154 0.879058 -0.475173 -0.0382996 3.93156 0.475549 0.879689 0.000817891 1.33869 0.0333031 -0.0189323 0.999266 -0.0261889
1702306515760711680 157 0.876656 -0.479416 -0.0404302 4.09344 0.479703 0.877426 -0.00289672 1.41742 0.0368633 -0.0168551 0.999178 -0.0213414
1702306515960827136 161 0.874808 -0.482667 -0.0417614 4.30699 0.482877 0.875671 -0.00557108 1.53459 0.0392582 -0.015292 0.999112 -0.0236923
1702306516111006464 164 0.873247 -0.485489 -0.041711 4.46736 0.485593 0.874146 -0.00830014 1.62877 0.0404911 -0.0130065 0.999095 -0.0225137
1702306516311921920 168 0.872123 -0.487157 -0.0456066 4.67311 0.48725 0.873208 -0.00982202 1.75044 0.0446089 -0.0136558 0.998911 -0.0160771
1702306516511471104 172 0.868901 -0.491753 -0.0564822 4.89178 0.491593 0.870646 -0.017661 1.88239 0.0578609 -0.0124206 0.998247 -0.00876279
1702306516711526656 176 0.870502 -0.48849 -0.0600269 5.10998 0.488121 0.872507 -0.0216628 2.00625 0.0629559 -0.0104429 0.997962 -0.00805405
1702306516911871744 180 0.877282 -0.476713 -0.0558744 5.32635 0.47641 0.879007 -0.0194853 2.11323 0.0584029 -0.00952497 0.998248 -0.00277331
1702306517012086784 182 0.878078 -0.476045 -0.0485897 5.44138 0.475704 0.879398 -0.0191006 2.17642 0.0518224 -0.00634244 0.998636 -0.00119594
1702306517212065792 186 0.878409 -0.475775 -0.0451138 5.66303 0.475421 0.879554 -0.0189639 2.30512 0.0487026 -0.00478997 0.998802 0.00652499
1702306517261672448 187 0.878494 -0.475484 -0.0465074 5.71956 0.474952 0.879721 -0.0225992 2.33006 0.0516591 -0.00223553 0.998662 0.00552503
1702306517561880064 193 0.879971 -0.47282 -0.0457347 6.03984 0.472186 0.881159 -0.0244706 2.50875 0.0518697 -6.18552e-05 0.998654 0.0095686
1702306517612622336 194 0.880443 -0.471931 -0.0458371 6.09157 0.471379 0.881634 -0.0228662 2.53483 0.0512028 -0.00147427 0.998687 0.00858303
1702306517962348288 201 0.879529 -0.47302 -0.0517807 6.47237 0.472391 0.881047 -0.0245566 2.73076 0.057237 -0.00286252 0.998357 0.0140089
1702306518013016064 202 0.879641 -0.472827 -0.0516469 6.52056 0.472172 0.881152 -0.0249827 2.75402 0.0573213 -0.00241045 0.998353 0.0137243
1702306518162271488 205 0.878832 -0.474082 -0.0538566 6.67531 0.473151 0.88048 -0.0297077 2.83008 0.0615036 0.000625746 0.998107 0.0168881
1702306518262371840 207 0.878195 -0.475122 -0.0550632 6.78384 0.474171 0.87992 -0.0300464 2.88936 0.0627269 0.000277217 0.998031 0.0204421
1702306518462504704 211 0.87869 -0.473805 -0.0584239 7.00777 0.472833 0.880629 -0.0303458 3.0159 0.0658278 -0.000960195 0.997831 0.0260821
1702306518562550528 213 0.879532 -0.471963 -0.0606209 7.1204 0.470892 0.881618 -0.0317902 3.07366 0.0684483 -0.000585355 0.997654 0.0318478
1702306518762676736 217 0.888543 -0.455103 -0.0580757 7.32569 0.454298 0.890436 -0.0271549 3.16956 0.064071 -0.0022554 0.997943 0.0397889
1702306518913216512 220 0.900657 -0.429981 -0.0627099 7.46265 0.42934 0.902822 -0.0240636 3.2291 0.0669628 -0.00525074 0.997742 0.0446763
1702306519062910976 223 0.917038 -0.394624 -0.0575573 7.61166 0.394304 0.918817 -0.0172863 3.30177 0.0597062 -0.00684288 0.998193 0.0501311
1702306519214301440 226 0.931616 -0.358666 -0.0587395 7.76223 0.3586 0.933414 -0.0120107 3.36433 0.0591361 -0.00987468 0.998201 0.0569639
1702306519363140096 229 0.946752 -0.317148 -0.0554696 7.92333 0.316957 0.948358 -0.0124418 3.40754 0.0565509 -0.00580218 0.998383 0.0593246
1702306519563252224 233 0.95779 -0.28375 -0.0460799 8.12947 0.283585 0.958893 -0.0102249 3.47191 0.0470871 -0.00327421 0.998885 0.0560032
1702306519763364608 237 0.965997 -0.255323 -0.0407442 8.33744 0.255419 0.966826 -0.00292268 3.52211 0.0401388 -0.00758354 0.999165 0.0573138
1702306519963531520 241 0.971532 -0.231663 -0.0495881 8.53276 0.231969 0.972723 0.000432108 3.57308 0.0481354 -0.0119227 0.99877 0.0603702
1702306520114050816 244 0.974635 -0.215886 -0.0589966 8.67972 0.216354 0.976314 0.00158674 3.60659 0.0572567 -0.0143107 0.998257 0.0641601
1702306520363934976 249 0.979133 -0.187814 -0.0776149 8.91566 0.188829 0.981992 0.00588591 3.6608 0.0751118 -0.020419 0.996966 0.0784407
1702306520463929088 251 0.980615 -0.1766 -0.0848923 9.00784 0.177676 0.984075 0.00523494 3.67695 0.0826159 -0.0202168 0.996376 0.0864206
1702306520664099840 255 0.98744 -0.13748 -0.0778512 9.21981 0.138632 0.990298 0.00957115 3.70219 0.07578 -0.0202436 0.996919 0.0940803
1702306520764087808 257 0.98954 -0.119518 -0.0807868 9.30788 0.120822 0.992608 0.0114316 3.7092 0.0788233 -0.0210728 0.996666 0.0997335
1702306520964241664 261 0.993161 -0.0896399 -0.0748125 9.49866 0.090937 0.995757 0.0141084 3.72171 0.0732304 -0.0208151 0.997098 0.112432
1702306521164419328 265 0.995906 -0.0691015 -0.0582691 9.69245 0.0699412 0.997473 0.0124939 3.72979 0.0572585 -0.0165182 0.998223 0.112032
1702306521564732672 273 0.997402 -0.0526207 -0.0492056 10.0217 0.0532799 0.998505 0.0121816 3.75074 0.048491 -0.0147716 0.998714 0.11824
1702306521615180800 274 0.997487 -0.0524611 -0.0476177 10.0554 0.053085 0.998519 0.0119312 3.74716 0.0469212 -0.014429 0.998794 0.117437
1702306522015190272 282 0.998218 -0.0486744 -0.0345184 10.3759 0.0490517 0.998744 0.0101705 3.68905 0.03398 -0.0118456 0.999352 0.100556
1702306522065073152 283 0.998312 -0.0470747 -0.0340057 10.4075 0.0474934 0.998804 0.0116105 3.70374 0.0334185 -0.0132059 0.999354 0.100012
1702306522315423488 288 0.998177 -0.0502549 -0.0334216 10.5715 0.0507148 0.998628 0.0130564 3.71699 0.0327196 -0.0147275 0.999356 0.0968304
1702306522565329920 293 0.996656 -0.0703078 -0.0416456 10.7012 0.0706647 0.997474 0.00715887 3.73267 0.0410371 -0.0100778 0.999107 0.0968649
1702306522665512704 295 0.995633 -0.0812052 -0.0460405 10.7465 0.0815349 0.996656 0.00532555 3.73972 0.0454541 -0.0090562 0.998925 0.0952696
1702306523016019968 302 0.993824 -0.0956953 -0.0561889 10.9393 0.0963747 0.9953 0.00950228 3.76844 0.0550154 -0.0148588 0.998375 0.101988
1702306523165740800 305 0.993092 -0.10007 -0.061278 11.0342 0.100881 0.994845 0.0102936 3.78379 0.0599321 -0.0164043 0.998068 0.110284
1702306523365890560 309 0.993425 -0.097384 -0.0601913 11.1704 0.0983449 0.995065 0.0132054 3.81384 0.0586082 -0.0190381 0.9981 0.123128
1702306523466046464 311 0.993663 -0.0965802 -0.0575069 11.2356 0.0975831 0.995116 0.014888 3.82975 0.0557881 -0.0204053 0.998234 0.125394
1702306523566071296 313 0.993883 -0.0941245 -0.0577655 11.3028 0.0951368 0.995351 0.0150255 3.83401 0.0560827 -0.0204292 0.998217 0.125829
1702306523916560896 320 0.995221 -0.0833771 -0.0508267 11.5503 0.084134 0.99637 0.0129351 3.82749 0.0495637 -0.0171496 0.998624 0.117636
1702306524116710144 324 0.995616 -0.0794683 -0.0493342 11.6645 0.0800967 0.996728 0.0108911 3.81985 0.0483072 -0.0147948 0.998723 0.121299
1702306524517145088 332 0.996149 -0.0727141 -0.0489947 11.9016 0.0731417 0.997297 0.00698874 3.84928 0.048354 -0.0105454 0.998775 0.133449
1702306525067098112 343 0.998414 -0.0313767 -0.0467439 12.2511 0.0316859 0.999481 0.00588905 3.88198 0.0465348 -0.00736083 0.99889 0.151848
1702306525167175680 345 0.99872 -0.0187755 -0.0469561 12.3039 0.0190756 0.9998 0.00595299 3.87922 0.0468349 -0.00684109 0.998879 0.152262
1702306525417660416 350 0.998474 0.0271306 -0.0481097 12.4427 -0.0267194 0.999601 0.00917047 3.86818 0.0483394 -0.007871 0.9988 0.150724
1702306525617659136 354 0.996168 0.0731186 -0.0479959 12.5602 -0.0726287 0.997288 0.0118754 3.85667 0.048734 -0.008344 0.998777 0.151712
1702306525817862400 358 0.991102 0.123615 -0.049354 12.6834 -0.123451 0.99233 0.00636979 3.82803 0.0497629 -0.000220329 0.998761 0.159391
1702306526018187776 362 0.982658 0.179624 -0.0460217 12.8231 -0.17946 0.983735 0.00769779 3.79559 0.0466558 0.000694753 0.998911 0.158272
1702306526217987584 366 0.968657 0.243954 -0.0468005 12.942 -0.243911 0.969774 0.00672125 3.78328 0.0470256 0.00490455 0.998882 0.160586
1702306526318320128 368 0.955898 0.290096 -0.0458605 13.0042 -0.289934 0.956991 0.0102918 3.76005 0.0468737 0.00345866 0.998895 0.160918
1702306526419029504 370 0.939772 0.339311 -0.041194 13.0808 -0.338861 0.940671 0.0176661 3.71814 0.0447443 -0.00264311 0.998995 0.160747
1702306526518349056 372 0.9227 0.383177 -0.0424173 13.1785 -0.383086 0.923652 0.0105787 3.65112 0.0432323 0.00648849 0.999044 0.162179
1702306526619640576 374 0.90122 0.431125 -0.0439801 13.2965 -0.43056 0.902292 0.0220809 3.58292 0.0492025 -0.000963667 0.998788 0.164655
1702306526718424576 376 0.881973 0.47002 -0.0347079 13.3975 -0.469901 0.882637 0.0120222 3.51453 0.0362852 0.00570606 0.999325 0.163632
1702306526868366592 379 0.848741 0.527716 -0.0339828 13.5489 -0.527323 0.849421 0.020381 3.43565 0.0396211 0.000621761 0.999215 0.166355
1702306526968467712 381 0.822545 0.567644 -0.0346349 13.6432 -0.567343 0.823264 0.0189348 3.35945 0.0392619 0.00407514 0.999221 0.167454
1702306527019129856 382 0.807928 0.588364 -0.0328791 13.7044 -0.588125 0.80858 0.0175371 3.31967 0.0369036 0.00516826 0.999305 0.163802
1702306527118655488 384 0.777789 0.627887 -0.0283234 13.8003 -0.627615 0.778298 0.0187491 3.24834 0.0338164 0.00319332 0.999423 0.161753
1702306527218738688 386 0.746682 0.664583 -0.0281866 13.8673 -0.664197 0.747212 0.0227378 3.16561 0.0361726 0.00174353 0.999344 0.161757
1702306527268673792 387 0.728601 0.684415 -0.0267481 13.8849 -0.68406 0.729089 0.0221656 3.11415 0.0346722 0.00214743 0.999396 0.161408
1702306527368860416 389 0.694802 0.718861 -0.0221153 13.9339 -0.718653 0.695145 0.0176395 2.98367 0.0280537 0.00363726 0.9996 0.158573
1702306527418831872 390 0.677328 0.735412 -0.0199025 13.9769 -0.735113 0.67762 0.020964 2.93193 0.0289035 0.00043109 0.999582 0.150051
1702306527468765952 391 0.660865 0.750258 -0.0192568 14.0391 -0.749865 0.661143 0.024351 2.88204 0.031001 -0.00165268 0.999518 0.147547
1702306527518930176 392 0.640231 0.767967 -0.0181789 14.0762 -0.767492 0.64048 0.0272445 2.82619 0.0325661 -0.00349064 0.999463 0.143999
1702306527568901888 393 0.618959 0.785232 -0.0173198 14.116 -0.784815 0.619197 0.0256922 2.77805 0.0308987 -0.00230954 0.99952 0.140975
1702306527668885760 395 0.582602 0.812647 -0.013421 14.1952 -0.812303 0.582749 0.0238184 2.67194 0.027177 -0.00297471 0.999626 0.134387
1702306527819245056 398 0.527186 0.84964 -0.0136551 14.2817 -0.849097 0.527343 0.0307337 2.50585 0.0333135 -0.00460784 0.999434 0.125886
1702306527919250944 400 0.487419 0.873078 -0.0125734 14.3382 -0.872687 0.487578 0.0261655 2.40666 0.0289751 -0.00178094 0.999579 0.135768
1702306528019473920 402 0.453455 0.891238 -0.0085604 14.3978 -0.890746 0.453495 0.0302384 2.28545 0.0308317 -0.0060866 0.999506 0.136127
1702306528069345792 403 0.435761 0.899994 -0.0110862 14.4186 -0.899447 0.435885 0.0316081 2.22543 0.0332794 -0.00380213 0.999439 0.139416
1702306528169320960 405 0.394729 0.91875 -0.00933795 14.4689 -0.91831 0.39483 0.0285779 2.09269 0.0299428 -0.00270538 0.999548 0.137861
1702306528219371008 406 0.380945 0.92455 -0.00936212 14.4925 -0.924128 0.381054 0.0280057 2.02595 0.0294602 -0.00201683 0.999564 0.137748
1702306528369490432 409 0.362481 0.931944 -0.00941936 14.5609 -0.931372 0.36259 0.0327958 1.84324 0.0339792 -0.00311492 0.999418 0.14069
1702306528419513600 410 0.360565 0.932681 -0.00996761 14.5851 -0.932041 0.360689 0.0346916 1.78727 0.0359514 -0.00321838 0.999348 0.144902
1702306528619814912 414 0.355434 0.934635 -0.0111212 14.679 -0.933859 0.355593 0.0382245 1.5449 0.0396806 -0.00320068 0.999207 0.14654
1702306528669581312 415 0.35482 0.934874 -0.0106614 14.7025 -0.934024 0.354955 0.0400661 1.4836 0.0412411 -0.00425827 0.99914 0.146995
1702306528869736448 419 0.34933 0.936955 -0.00917375 14.798 -0.936041 0.349399 0.0417968 1.24535 0.042367 -0.00601386 0.999084 0.149593
1702306528920004352 420 0.348654 0.93721 -0.00882125 14.8215 -0.936399 0.348723 0.0393699 1.1787 0.039974 -0.00546625 0.999186 0.153005
1702306529120419328 424 0.334918 0.942226 -0.0063856 14.9169 -0.941346 0.334886 0.0414626 0.927265 0.0412056 -0.00787551 0.99912 0.158479
1702306529169986560 425 0.327336 0.94489 -0.00578695 14.932 -0.943987 0.327281 0.0421287 0.867285 0.041701 -0.00832746 0.999095 0.161217
1702306529320382976 428 0.302623 0.953103 -0.00374146 14.9923 -0.951849 0.302423 0.0502311 0.683949 0.0490069 -0.0116398 0.998731 0.16251
1702306529420528896 430 0.292553 0.956226 -0.00662141 15.0198 -0.954669 0.29246 0.0554429 0.564745 0.0549525 -0.00989872 0.99844 0.165261
1702306529570353152 433 0.283855 0.958867 -0.0003483 15.0759 -0.957673 0.28352 0.0497956 0.372107 0.0478461 -0.0138012 0.998759 0.166943
1702306529670298880 435 0.27539 0.961332 0.000396655 15.115 -0.960299 0.275075 0.0464744 0.243119 0.0445682 -0.0131795 0.998919 0.167064
1702306529820660736 438 0.250308 0.968159 0.00369739 15.1641 -0.967138 0.249865 0.0470264 0.0535351 0.0446052 -0.015347 0.998887 0.169615
1702306529970676480 441 0.227323 0.973796 0.00671086 15.2121 -0.973076 0.226875 0.0406225 -0.142394 0.0380355 -0.0157646 0.999152 0.169105
1702306530070585088 443 0.220561 0.97536 0.00502158 15.2427 -0.97444 0.220122 0.0448682 -0.265109 0.0426573 -0.0147894 0.99898 0.175159
1702306530220748288 446 0.213685 0.976894 0.00418908 15.2821 -0.975881 0.213263 0.0466339 -0.458815 0.044663 -0.014053 0.998903 0.174914
1702306530320801280 448 0.212958 0.977057 0.0030156 15.3097 -0.97609 0.212608 0.0452351 -0.592328 0.0435561 -0.0125767 0.998972 0.176965
1702306530470841600 451 0.209834 0.977736 0.00162852 15.3477 -0.976646 0.209521 0.0475791 -0.77534 0.0461786 -0.0115742 0.998866 0.182001
1702306530570987776 453 0.207019 0.978334 0.00251382 15.3717 -0.97708 0.206623 0.0511971 -0.900149 0.0495685 -0.013055 0.998685 0.186452
1702306530721086208 456 0.207675 0.978197 0.00137989 15.4106 -0.976508 0.207233 0.059049 -1.09249 0.0574756 -0.0136104 0.998254 0.192135
1702306530871173888 459 0.204383 0.97889 0.00105151 15.4573 -0.977056 0.203934 0.0614183 -1.26992 0.0599074 -0.0135802 0.998112 0.193292
1702306531071385600 463 0.200552 0.979678 0.00325451 15.505 -0.978523 0.200152 0.0493187 -1.52717 0.047665 -0.0130756 0.998778 0.196864
1702306531171468800 465 0.199261 0.979925 0.00641343 15.5318 -0.979103 0.198814 0.0427765 -1.65469 0.0406427 -0.0148031 0.999064 0.194742
1702306531322279168 468 0.198424 0.980086 0.00765755 15.5696 -0.979438 0.19799 0.0387483 -1.84912 0.0364606 -0.0151887 0.99922 0.197352
1702306531521860608 472 0.199677 0.979856 0.00320429 15.6256 -0.979066 0.199382 0.0409438 -2.09177 0.0394802 -0.0113128 0.999156 0.199334
1702306531623077888 474 0.199504 0.979879 0.00594853 15.6433 -0.979155 0.199113 0.0401256 -2.22162 0.0381338 -0.0138297 0.999177 0.204851
1702306531821906176 478 0.201903 0.979393 0.00497423 15.7069 -0.978502 0.201495 0.0439754 -2.47194 0.0420669 -0.013746 0.99902 0.207888
1702306532021959424 482 0.201381 0.979468 0.00937795 15.7757 -0.978831 0.200875 0.0392319 -2.73763 0.0365426 -0.01708 0.999186 0.205848
1702306532122082560 484 0.203524 0.979038 0.00787963 15.7886 -0.978342 0.203055 0.0402042 -2.85425 0.0377614 -0.0158915 0.99916 0.209588
1702306532222128640 486 0.204002 0.978958 0.00503148 15.8109 -0.978166 0.203623 0.0415776 -2.97975 0.0396782 -0.0134035 0.999123 0.211123
1702306532322900992 488 0.204101 0.978927 0.00662139 15.8319 -0.978273 0.203703 0.0385704 -3.09401 0.0364088 -0.0143498 0.999234 0.21323
1702306532372269312 489 0.20497 0.978747 0.00638411 15.845 -0.977999 0.204547 0.0409672 -3.15204 0.0387906 -0.0146407 0.99914 0.215936
1702306532622482688 494 0.206853 0.978347 0.00705605 15.901 -0.977386 0.206315 0.0463791 -3.443 0.043919 -0.0164901 0.998899 0.223509
1702306532722534144 496 0.208884 0.977918 0.00660413 15.9254 -0.976948 0.208364 0.0464381 -3.5558 0.0440366 -0.0161521 0.998899 0.223753
1702306532972654592 501 0.21149 0.977356 0.00688561 15.9903 -0.976408 0.21096 0.0460762 -3.84184 0.0435802 -0.0164678 0.998914 0.224913
1702306533022948608 502 0.211483 0.977354 0.00741428 16.0088 -0.976459 0.210948 0.0450424 -3.89947 0.0424584 -0.0167655 0.998958 0.224457
1702306533222770944 506 0.213442 0.976935 0.00641712 16.0682 -0.975915 0.212907 0.0475541 -4.12015 0.045091 -0.0164126 0.998848 0.225356
1702306533273030144 507 0.213642 0.976896 0.00568123 16.0806 -0.97587 0.213142 0.0474205 -4.18111 0.045114 -0.0156751 0.998859 0.223121
1702306533423033600 510 0.215242 0.976504 0.0105162 16.1224 -0.975578 0.21453 0.0471727 -4.36253 0.0438083 -0.0204129 0.998831 0.224917
1702306533472977664 511 0.216082 0.97632 0.0104259 16.1343 -0.975325 0.215342 0.0486695 -4.42148 0.0452718 -0.0206852 0.998761 0.225451
1702306533773196800 517 0.207138 0.978283 0.00755436 16.202 -0.976894 0.206416 0.055417 -4.7767 0.0526541 -0.0188588 0.998435 0.229614
1702306533823288832 518 0.205231 0.978682 0.00783854 16.2105 -0.977345 0.204514 0.0545019 -4.8412 0.0517369 -0.0188464 0.998483 0.229989
1702306534123485440 524 0.184107 0.98284 0.0113739 16.2672 -0.981738 0.183311 0.050871 -5.22952 0.0479131 -0.0205319 0.99864 0.235024
1702306534173465856 525 0.182126 0.983226 0.00988092 16.2879 -0.982094 0.181406 0.0508272 -5.28632 0.0481822 -0.018961 0.998659 0.236409
1702306534373652736 529 0.176441 0.984253 0.0107558 16.3304 -0.983067 0.175658 0.052183 -5.52544 0.0494719 -0.0197809 0.99858 0.236794
1702306534423735296 530 0.175964 0.984342 0.0103487 16.3405 -0.983165 0.175209 0.0518546 -5.58077 0.0492295 -0.019299 0.998601 0.237277
1702306534623830784 534 0.170708 0.985253 0.0116658 16.3774 -0.983773 0.169764 0.058064 -5.81843 0.0552273 -0.0213884 0.998245 0.244951
1702306534673834752 535 0.167389 0.985798 0.0135164 16.3825 -0.984358 0.166349 0.0580276 -5.8608 0.054955 -0.0230182 0.998223 0.246377
1702306534823955200 538 0.154389 0.98791 0.0141045 16.4007 -0.986597 0.153389 0.0556604 -6.03942 0.052824 -0.0225088 0.99835 0.248446
1702306534873937408 539 0.148759 0.988764 0.0147424 16.4073 -0.987326 0.147676 0.0581368 -6.08352 0.0553065 -0.023204 0.9982 0.251327
1702306535124254976 544 0.136855 0.990513 0.0124305 16.4451 -0.989032 0.135925 0.0577933 -6.37139 0.0555554 -0.0202035 0.998251 0.259128
1702306535224254720 546 0.134423 0.990836 0.013226 16.4491 -0.989573 0.133531 0.0539931 -6.4753 0.0517322 -0.020346 0.998454 0.265458
1702306535424309760 550 0.130007 0.991347 0.0181661 16.4737 -0.990458 0.129003 0.0484822 -6.70983 0.0457192 -0.0242958 0.998659 0.26107
1702306535574411264 553 0.129116 0.991502 0.0158968 16.4969 -0.990797 0.128335 0.0430195 -6.89334 0.0406138 -0.0213051 0.998948 0.262234
1702306535824580608 558 0.126449 0.991861 0.0148831 16.5389 -0.991659 0.126018 0.0270398 -7.20574 0.0249442 -0.0181781 0.999524 0.260096
1702306536074813952 563 0.124247 0.99217 0.0126913 16.5856 -0.991825 0.123809 0.030911 -7.50656 0.0290977 -0.0164282 0.999442 0.266033
1702306536425157376 570 0.123712 0.992295 0.00676992 16.6377 -0.991396 0.1233 0.043951 -7.92634 0.0427776 -0.0121489 0.999011 0.268866
1702306536475124480 571 0.123395 0.992337 0.00640537 16.6483 -0.99151 0.12302 0.0421133 -7.99891 0.0410026 -0.0115475 0.999092 0.267289
1702306536775418368 577 0.10869 0.994015 0.0110202 16.7102 -0.993691 0.108333 0.0290166 -8.38651 0.0276491 -0.0141045 0.999518 0.264526
1702306536875365120 579 0.103422 0.994589 0.00986959 16.7268 -0.994437 0.103197 0.0210984 -8.55126 0.0199657 -0.0119967 0.999729 0.257878
1702306537125545728 584 0.0880338 0.996079 0.00881296 16.7534 -0.99591 0.0878312 0.0212089 -8.8533 0.0203516 -0.010644 0.999736 0.257395
1702306537175550464 585 0.086926 0.996183 0.00790656 16.7503 -0.995984 0.0867324 0.0222075 -8.89291 0.021437 -0.00980522 0.999722 0.259839
1702306537325651968 588 0.0846332 0.996398 0.00535326 16.7566 -0.995696 0.0843675 0.0383622 -9.05044 0.0377724 -0.00857693 0.99925 0.258228
1702306537425770496 590 0.081716 0.996609 0.00964772 16.7619 -0.995907 0.0812756 0.0395503 -9.15053 0.038632 -0.0128401 0.999171 0.25906
1702306537575809792 593 0.0803307 0.996717 0.0100789 16.7654 -0.996081 0.0798957 0.0379387 -9.33056 0.0370089 -0.013087 0.999229 0.258547
1702306537725974016 596 0.0784729 0.996874 0.0091408 16.7773 -0.996059 0.0780218 0.0421892 -9.51149 0.0413441 -0.0124155 0.999068 0.261529
1702306537976204288 601 0.0682786 0.997594 0.0120286 16.7996 -0.996969 0.0677752 0.0382027 -9.83746 0.0372955 -0.0146006 0.999198 0.26225
1702306538076051712 603 0.0646164 0.997824 0.0131004 16.8102 -0.997342 0.0641312 0.0345761 -9.97301 0.0336607 -0.0152997 0.999316 0.261075
1702306538276374784 607 0.0626433 0.997891 0.0169923 16.8252 -0.997339 0.0619545 0.0384183 -10.2168 0.0372845 -0.0193538 0.999117 0.262539
1702306538476561152 611 0.0601468 0.998029 0.017887 16.8416 -0.997177 0.0592693 0.0460966 -10.4638 0.0449456 -0.020609 0.998777 0.26339
1702306538676656128 615 0.0575797 0.998179 0.017998 16.8579 -0.997434 0.0567499 0.043638 -10.7052 0.0425371 -0.0204644 0.998885 0.265033
1702306538726738944 616 0.0574786 0.998173 0.0186033 16.8564 -0.997565 0.0566865 0.0406222 -10.7608 0.0394934 -0.0208929 0.999001 0.267061
1702306539026878720 622 0.0605484 0.997996 0.0183824 16.8749 -0.997367 0.0597532 0.0411004 -11.1405 0.0399196 -0.0208226 0.998986 0.267238
1702306539076936960 623 0.0608709 0.997985 0.0179183 16.8792 -0.997271 0.0600566 0.0429304 -11.1935 0.0417677 -0.0204826 0.998917 0.26547
1702306539427177216 630 0.0645908 0.997773 0.0166525 16.9142 -0.997113 0.0638624 0.041083 -11.6229 0.039928 -0.019258 0.999017 0.263694
1702306539477212160 631 0.0663371 0.997633 0.0180973 16.921 -0.997056 0.0655778 0.0397408 -11.685 0.0384599 -0.0206803 0.999046 0.26154
1702306539727460352 636 0.071665 0.997245 0.0191325 16.9425 -0.996541 0.0707787 0.0435583 -11.9862 0.0420841 -0.0221879 0.998868 0.270451
1702306539777477376 637 0.0731152 0.997139 0.0191819 16.9473 -0.996339 0.0721752 0.0458117 -12.0539 0.0442962 -0.0224612 0.998766 0.270391
1702306540027556352 642 0.0768422 0.996816 0.0212697 16.9761 -0.996224 0.0758969 0.0421601 -12.3833 0.0404116 -0.024429 0.998884 0.272259
1702306540077465600 643 0.077438 0.996803 0.0196623 16.9799 -0.996098 0.0765155 0.043987 -12.4482 0.0423419 -0.0229919 0.998839 0.271152
1702306540427836928 650 0.0671346 0.997486 0.0227002 17.013 -0.997038 0.0662143 0.0391141 -12.8893 0.0375127 -0.0252589 0.998977 0.271332
1702306540477839104 651 0.0648576 0.997643 0.0224155 17.018 -0.99719 0.0639515 0.039018 -12.962 0.0374925 -0.0248831 0.998987 0.274432
1702306540728217344 656 0.0360885 0.999139 0.0204767 17.0232 -0.998354 0.0351308 0.0453441 -13.2774 0.0445857 -0.0220794 0.998762 0.277912
1702306540778076416 657 0.0301317 0.999328 0.0208649 17.0224 -0.998566 0.0291717 0.0448807 -13.3406 0.0442418 -0.0221873 0.998774 0.274773
1702306540978195456 661 0.0211214 0.999536 0.0219592 17.028 -0.999087 0.020286 0.0375936 -13.6024 0.0371306 -0.0227332 0.999052 0.275796
1702306541128347392 664 0.0132193 0.999649 0.0229695 17.0255 -0.999142 0.0123039 0.0395505 -13.7772 0.039254 -0.0234726 0.998954 0.27885
1702306541278446336 667 -0.0015214 0.999707 0.0241616 17.0163 -0.99911 -0.00253787 0.0420946 -13.9526 0.0421436 -0.0240761 0.998821 0.279263
1702306541478511104 671 -0.0308767 0.999165 0.0267615 16.9951 -0.998578 -0.0320004 0.0426317 -14.1904 0.0434524 -0.0254072 0.998732 0.280404
1702306541628688128 674 -0.0372362 0.99887 0.0295261 16.981 -0.998423 -0.0384291 0.0409224 -14.3774 0.0420108 -0.0279557 0.998726 0.290114
1702306541928834048 680 -0.0466792 0.998484 0.0291593 16.9689 -0.998071 -0.0478161 0.0395912 -14.755 0.0409254 -0.0272549 0.99879 0.29107
1702306542128972544 684 -0.049322 0.998413 0.0271634 16.9589 -0.997827 -0.0504462 0.0423857 -14.9919 0.0436888 -0.0250138 0.998732 0.299104
1702306542329091840 688 -0.0581232 0.997862 0.0298912 16.9463 -0.997486 -0.0592653 0.0388571 -15.2135 0.0405455 -0.0275576 0.998798 0.299454
1702306542379169792 689 -0.0649641 0.997425 0.0303867 16.942 -0.996965 -0.066183 0.0409915 -15.269 0.042897 -0.0276315 0.998697 0.298052
1702306542679418112 695 -0.0959328 0.994956 0.0293067 16.9115 -0.99424 -0.0971939 0.0451583 -15.6 0.0477789 -0.0248057 0.99855 0.297107
1702306542729438720 696 -0.097429 0.994804 0.029545 16.9045 -0.994093 -0.0986998 0.0451313 -15.6493 0.0478129 -0.0249734 0.998544 0.300192
1702306543029806336 702 -0.10358 0.994268 0.0265111 16.8659 -0.993765 -0.104559 0.0387111 -15.9975 0.0412612 -0.0223361 0.998899 0.30719
1702306543179793664 705 -0.113702 0.993123 0.0278996 16.8411 -0.992466 -0.114827 0.0427403 -16.1771 0.04565 -0.0228297 0.998697 0.306406
1702306543429998336 710 -0.151367 0.988165 0.0248597 16.7969 -0.987551 -0.152266 0.0394708 -16.506 0.0427889 -0.0185756 0.998911 0.318319
1702306543580050944 713 -0.188462 0.981733 0.0261296 16.7621 -0.981467 -0.189218 0.0303184 -16.6841 0.0347087 -0.0199315 0.999199 0.323097
1702306543780167680 717 -0.236127 0.97126 0.0299661 16.7053 -0.970713 -0.237175 0.0382747 -16.9122 0.0442819 -0.0200508 0.998818 0.335023
1702306543830189056 718 -0.25063 0.96762 0.0299475 16.6884 -0.967129 -0.251636 0.0366287 -16.971 0.0429785 -0.0197829 0.99888 0.334276
1702306544030433280 722 -0.303957 0.952213 0.0300112 16.6187 -0.951609 -0.30496 0.0379306 -17.1484 0.0452702 -0.0170297 0.99883 0.337627
1702306544180437504 725 -0.353836 0.934771 0.0316683 16.5631 -0.934205 -0.354859 0.0365557 -17.2806 0.045409 -0.0166499 0.99883 0.339734
1702306544330633984 728 -0.403361 0.914401 0.0342106 16.5006 -0.913868 -0.404454 0.0355138 -17.4282 0.0463105 -0.0169391 0.998783 0.344322
1702306544530661888 732 -0.464153 0.884906 0.0387813 16.4181 -0.88405 -0.465531 0.0416789 -17.5671 0.0549358 -0.0149392 0.998378 0.344111
1702306544680849152 735 -0.516106 0.85572 0.0371178 16.3363 -0.855017 -0.517283 0.0369284 -17.6842 0.0508008 -0.0126774 0.998628 0.345868
1702306544831015424 738 -0.567125 0.822756 0.0379724 16.2624 -0.822288 -0.56823 0.0309293 -17.7832 0.0470243 -0.0136834 0.9988 0.344179
1702306544981005312 741 -0.612218 0.789885 0.0356534 16.1812 -0.789489 -0.61315 0.0274621 -17.8667 0.0435528 -0.0113352 0.998987 0.348003
1702306545131254016 744 -0.661642 0.748722 0.0405456 16.0997 -0.748549 -0.662702 0.022393 -17.9578 0.0436358 -0.0155342 0.998927 0.347857
1702306545281234688 747 -0.708258 0.704855 0.0393682 16.0181 -0.704953 -0.709122 0.013708 -18.0352 0.037579 -0.0180439 0.999131 0.344988
1702306545431337984 750 -0.745263 0.665556 0.0402269 15.9429 -0.665641 -0.746156 0.013206 -18.0928 0.0388049 -0.0169347 0.999103 0.346485
1702306545581412608 753 -0.78488 0.618074 0.0441447 15.8701 -0.618213 -0.785918 0.0120631 -18.1353 0.04215 -0.0178227 0.998952 0.344601
1702306545731523584 756 -0.820879 0.569468 0.043166 15.798 -0.569573 -0.821867 0.0110348 -18.1651 0.0417606 -0.015528 0.999007 0.34326
1702306545881607936 759 -0.854151 0.517581 0.0503488 15.7412 -0.517937 -0.855392 0.00673005 -18.1919 0.0465513 -0.020329 0.998709 0.346704
1702306546031837440 762 -0.882802 0.46738 0.0470862 15.676 -0.467516 -0.883941 0.00875595 -18.2122 0.0457137 -0.0142838 0.998852 0.346789
1702306546181946368 765 -0.906797 0.419442 0.0422723 15.6185 -0.419461 -0.90773 0.00885362 -18.2196 0.0420854 -0.00970313 0.999067 0.349194
1702306546382050048 769 -0.93575 0.350153 0.0420208 15.5528 -0.350045 -0.936678 0.0101326 -18.2199 0.0429079 -0.0052276 0.999065 0.350661
1702306546582274560 773 -0.958067 0.281623 0.052883 15.5019 -0.281945 -0.959429 0.00141225 -18.2323 0.0511352 -0.0135571 0.9986 0.352839
1702306546732273664 776 -0.973248 0.22396 0.0512821 15.457 -0.224299 -0.97452 -0.000893635 -18.2338 0.0497753 -0.0123723 0.998684 0.352859
1702306546882287616 779 -0.984246 0.170599 0.0464355 15.4149 -0.170575 -0.985334 0.00451367 -18.213 0.0465246 -0.00347819 0.998911 0.358097
1702306547032523776 782 -0.992097 0.112465 0.0556335 15.371 -0.112814 -0.993611 -0.00315559 -18.2016 0.0549232 -0.00940689 0.998446 0.362923
1702306547182577408 785 -0.996848 0.0575562 0.0546059 15.3053 -0.057831 -0.99832 -0.00346367 -18.1874 0.0543148 -0.00661067 0.998502 0.364645
1702306547332641536 788 -0.998922 -0.00487592 0.0461632 15.2274 0.00503175 -0.999982 0.00325998 -18.1515 0.0461464 0.00348874 0.998929 0.362832
1702306547482805248 791 -0.995921 -0.0746483 0.0506806 15.1761 0.0741246 -0.997175 -0.0121389 -18.1468 0.0514436 -0.00833268 0.998641 0.361818
1702306547633049088 794 -0.990748 -0.126799 0.0483703 15.1314 0.126836 -0.991921 -0.00231262 -18.124 0.0482727 0.00384384 0.998827 0.363313
1702306547782927616 797 -0.981322 -0.185207 0.0520114 15.0907 0.185061 -0.982697 -0.00765484 -18.1035 0.0525292 0.00211341 0.998617 0.362665
1702306547933199360 800 -0.970042 -0.236962 0.05355 15.044 0.23649 -0.971517 -0.015072 -18.0808 0.0555962 -0.00195639 0.998451 0.36801
1702306548083295232 803 -0.954117 -0.295895 0.0459037 14.9754 0.296063 -0.955163 -0.00324777 -18.0233 0.0448065 0.0104916 0.998941 0.362056
1702306548233324800 806 -0.934858 -0.351949 0.0466062 14.9107 0.351564 -0.936019 -0.0164926 -18.0002 0.0494288 0.000966813 0.998777 0.363247
1702306548383433984 809 -0.9135 -0.404808 0.0406048 14.8522 0.404325 -0.9144 -0.0198279 -17.9624 0.0451555 -0.00169528 0.998979 0.361192
1702306548533465600 812 -0.888125 -0.457812 0.0405287 14.8015 0.457773 -0.889003 -0.010782 -17.9118 0.0409663 0.0089772 0.99912 0.361359
1702306548683622656 815 -0.857991 -0.512213 0.0385903 14.7536 0.511635 -0.858858 -0.0243402 -17.8727 0.0456109 -0.00113955 0.998959 0.362393
1702306548833759232 818 -0.827288 -0.560586 0.0365715 14.704 0.560229 -0.828088 -0.0203277 -17.8242 0.0416798 0.0036716 0.999124 0.361023
1702306548983804928 821 -0.789436 -0.612872 0.034329 14.6647 0.61267 -0.790148 -0.0173436 -17.7676 0.0377544 0.00734066 0.99926 0.36022
1702306549133967616 824 -0.751499 -0.658868 0.0338035 14.6223 0.658185 -0.752259 -0.0299862 -17.727 0.0451859 -0.000285667 0.998979 0.361299
1702306549283988736 827 -0.710706 -0.702801 0.0311012 14.5849 0.70245 -0.711365 -0.0229104 -17.6641 0.0382257 0.00556447 0.999254 0.358145
1702306549434324992 830 -0.666438 -0.744943 0.0303472 14.5554 0.744731 -0.667065 -0.0200297 -17.6028 0.0351645 0.00925188 0.999339 0.357656
1702306549584209408 833 -0.618464 -0.785415 0.0250238 14.5225 0.784859 -0.618968 -0.0295757 -17.5539 0.0387181 0.00134861 0.999249 0.358695
1702306549734334976 836 -0.567753 -0.822825 0.0248141 14.4968 0.822737 -0.568186 -0.0163736 -17.4844 0.0275716 0.0111193 0.999558 0.355895
1702306549884429312 839 -0.521892 -0.852772 0.0202033 14.4796 0.852575 -0.522236 -0.019614 -17.4297 0.0272771 0.00698842 0.999603 0.355871
1702306550084563968 843 -0.460727 -0.887355 0.0182192 14.4461 0.887166 -0.461033 -0.0196323 -17.3402 0.0258204 0.00711827 0.999641 0.354425
1702306550234665984 846 -0.398468 -0.91711 0.0114908 14.4259 0.916917 -0.398623 -0.0190569 -17.2685 0.0220578 0.00294251 0.999752 0.350339
1702306550384797440 849 -0.34022 -0.940225 0.0150729 14.4192 0.940191 -0.340411 -0.012668 -17.191 0.0170418 0.00986151 0.999806 0.350481
1702306550534871296 852 -0.285148 -0.958463 0.00624868 14.4049 0.95824 -0.285217 -0.02067 -17.1273 0.0215937 9.36936e-05 0.999767 0.350558
1702306550685026304 855 -0.230543 -0.973039 0.00666527 14.4007 0.972786 -0.230636 -0.0222464 -17.0548 0.0231838 0.00135512 0.99973 0.350378
1702306550835101952 858 -0.174365 -0.984639 0.00913288 14.407 0.984499 -0.174503 -0.017626 -16.9603 0.0189489 0.00591795 0.999803 0.348883
1702306550985229056 861 -0.12963 -0.991561 0.00192041 14.3975 0.991123 -0.12963 -0.0295308 -16.871 0.0295305 -0.00192471 0.999562 0.348011
1702306551185325568 865 -0.0808788 -0.996724 0.000742579 14.3958 0.996191 -0.0808599 -0.0326303 -16.7199 0.0325835 -0.00189936 0.999467 0.342272
1702306551385463296 869 -0.0390963 -0.999235 -0.000512201 14.3983 0.9987 -0.0390586 -0.0327444 -16.5551 0.0326993 -0.00179173 0.999464 0.341486
1702306551586053632 873 -0.00513073 -0.999987 -0.000612589 14.4062 0.999473 -0.00510844 -0.0320707 -16.3706 0.0320671 -0.000776821 0.999485 0.342015
1702306551835778048 878 0.0185705 -0.999827 0.000428623 14.4275 0.999245 0.0185451 -0.0341341 -16.1166 0.0341203 0.00106218 0.999417 0.332974
1702306551935896576 880 0.0219404 -0.999757 -0.0019917 14.4283 0.999368 0.0219875 -0.0279245 -15.9943 0.0279615 -0.00137778 0.999608 0.331518
1702306552136054784 884 0.0235012 -0.999723 0.0010296 14.4375 0.999347 0.023464 -0.0274896 -15.7384 0.0274578 0.00167496 0.999622 0.330206
1702306552236088064 886 0.0243083 -0.999704 -0.000818053 14.4465 0.999291 0.0243218 -0.0287488 -15.6101 0.0287602 -0.000118649 0.999586 0.327341
1702306552386200064 889 0.0246871 -0.999695 -0.000894016 14.4469 0.999112 0.0247032 -0.0341204 -15.4231 0.0341321 -5.08976e-05 0.999417 0.326816
1702306552486213632 891 0.0267662 -0.999641 -0.00138482 14.451 0.999107 0.0267971 -0.0326819 -15.2933 0.0327073 -0.000508817 0.999465 0.330098
1702306552586381056 893 0.0300369 -0.999545 -0.00287765 14.4556 0.999062 0.030112 -0.0311066 -15.1694 0.0311791 -0.00194061 0.999512 0.32891
1702306552736470272 896 0.0300084 -0.99954 -0.00439417 14.462 0.999169 0.0301179 -0.0274611 -14.9824 0.0275808 -0.00356647 0.999613 0.328897
1702306552886501120 899 0.03169 -0.999488 -0.00441967 14.4724 0.999178 0.0317914 -0.025154 -14.7858 0.0252816 -0.00361892 0.999674 0.329273
1702306552986587136 901 0.0353489 -0.999366 -0.00421746 14.4755 0.999059 0.0354435 -0.0249843 -14.6443 0.0251179 -0.00333034 0.999679 0.328658
1702306553086638080 903 0.0396761 -0.999203 -0.0043505 14.4827 0.998922 0.0397692 -0.0239516 -14.4974 0.0241056 -0.00339552 0.999704 0.329388
1702306553186709248 905 0.0411142 -0.999139 -0.00558064 14.489 0.998848 0.0412393 -0.0245389 -14.3693 0.0247479 -0.00456533 0.999683 0.329332
1702306553236769536 906 0.04176 -0.999114 -0.00518632 14.4964 0.998809 0.0418773 -0.0250497 -14.3143 0.0252447 -0.00413408 0.999673 0.330364
1702306553336965632 908 0.0424464 -0.999079 -0.00620435 14.5132 0.998772 0.0425904 -0.0252934 -14.1989 0.0255344 -0.00512313 0.999661 0.331828
1702306553386856704 909 0.0426053 -0.999068 -0.00690297 14.5105 0.998696 0.0427818 -0.0278529 -14.1229 0.0281223 -0.0057073 0.999588 0.329537
1702306553486914816 911 0.0429016 -0.999063 -0.00565846 14.5141 0.998571 0.0430598 -0.0316499 -13.9979 0.0318639 -0.00429255 0.999483 0.33129
1702306553536974336 912 0.0439517 -0.999017 -0.00578303 14.5172 0.99852 0.0441139 -0.0317936 -13.9359 0.0320175 -0.0043771 0.999478 0.331219
1702306553687076096 915 0.0478565 -0.998834 -0.00635387 14.5381 0.998403 0.0480251 -0.029755 -13.7608 0.0300254 -0.00491976 0.999537 0.327997
1702306553737311488 916 0.0488163 -0.998795 -0.00505357 14.5405 0.998394 0.048941 -0.0285229 -13.6995 0.0287359 -0.00365308 0.99958 0.328702
1702306553887332608 919 0.0510854 -0.998667 -0.00736526 14.5537 0.998251 0.0512811 -0.0294259 -13.5181 0.0297644 -0.00584915 0.99954 0.330715
1702306553937280000 920 0.0515779 -0.998633 -0.00842239 14.5531 0.998191 0.0518124 -0.03051 -13.4573 0.0309047 -0.00683352 0.999499 0.330003
