1548808721880945408 56 0.000757269 -0.999999 -0.000679729 0.00823974 -0.000384314 0.000679438 -1 -0.000362301 1 0.00075753 -0.000383799 -0.000196005
1548808722247660288 67 0.00417243 -0.999991 -0.000698884 0.0272622 -0.00052758 0.000696688 -1 0.0011421 0.999991 0.0041728 -0.000524668 -0.000166292
1548808722714388224 81 0.0307713 -0.999525 0.00167564 0.0643538 -0.00101312 -0.00170762 -0.999998 0.000838685 0.999526 0.0307695 -0.00106518 0.00675347
1548808722881076224 86 0.0452746 -0.998973 -0.00176099 0.0836791 0.00311906 0.00190415 -0.999993 0.000100474 0.99897 0.0452688 0.00320206 0.00629576
1548808723181116416 95 0.071858 -0.997414 -0.00126422 0.118323 0.00239462 0.00144001 -0.999996 0.00402019 0.997412 0.0718547 0.0024919 0.0103031
1548808723714519296 111 0.0732955 -0.99731 0.00120659 0.174162 0.00225302 -0.00104426 -0.999997 0.00608982 0.997308 0.073298 0.00217042 0.00690125
1548808723947884288 118 0.0723067 -0.997382 0.00125057 0.197484 0.00383595 -0.000975753 -0.999992 0.00678611 0.997375 0.0723109 0.00375535 0.0059032
1548808724581300224 137 0.0738571 -0.997266 0.00247673 0.263761 0.00706273 -0.00196039 -0.999973 0.00937324 0.997244 0.0738726 0.00689863 -0.00177454
1548808724914678272 147 0.0751763 -0.997164 0.00340802 0.29784 0.00896442 -0.00274173 -0.999956 0.00863179 0.99713 0.0752036 0.00873289 -0.00434615
1548808725248055296 157 0.0750209 -0.997155 0.00739534 0.335194 0.00976219 -0.00668147 -0.99993 0.0112776 0.997134 0.0750878 0.00923316 -0.00706938
1548808725681445376 170 0.0767088 -0.996986 0.0116157 0.395831 0.00907117 -0.0109517 -0.999899 0.0194001 0.997012 0.0768065 0.00820373 -0.0110709
1548808725881472256 176 0.0757462 -0.997064 0.0112338 0.425882 0.00904396 -0.0105787 -0.999903 0.0188818 0.997086 0.0758405 0.00821611 -0.0118066
1548808726214849280 186 0.0723676 -0.997341 0.00858423 0.481149 0.00917688 -0.0079406 -0.999926 0.0204893 0.997336 0.0724411 0.00857784 -0.0133407
1548808726448213248 193 0.055923 -0.998417 0.0060863 0.518746 0.00893136 -0.00559535 -0.999944 0.0207202 0.998395 0.0559743 0.00860431 -0.0195306
1548808726748252416 202 0.0236768 -0.999702 0.00602 0.571767 0.00771677 -0.00583875 -0.999953 0.0225716 0.99969 0.0237221 0.00757622 -0.0241544
1548808727046939392 211 0.0181411 -0.999835 0.00117108 0.637763 0.00736062 -0.00103769 -0.999972 0.0242276 0.999808 0.0181492 0.00734058 -0.0234487
1548808727213628416 216 0.0157846 -0.999872 -0.00257662 0.675172 0.0090682 0.00271999 -0.999955 0.0238501 0.999834 0.0157605 0.00910997 -0.026372
1548808727613680384 228 0.0151503 -0.999885 -0.000388905 0.762837 0.0113427 0.00056079 -0.999936 0.0273809 0.999821 0.0151449 0.0113499 -0.0281591
1548808727812213248 234 0.014447 -0.999885 -0.00457853 0.810513 0.0109683 0.00473721 -0.999929 0.0287742 0.999835 0.0143958 0.0110354 -0.0298643
1548808728178928384 245 0.0117734 -0.999929 -0.00171413 0.893551 0.0100519 0.00183252 -0.999948 0.0314409 0.99988 0.0117555 0.0100728 -0.0317677
1548808728345616384 250 0.0112872 -0.999918 -0.00601847 0.934611 0.0129774 0.00616483 -0.999897 0.0315759 0.999852 0.0112079 0.0130459 -0.0317989
1548808728678993408 260 0.0112331 -0.999931 -0.00347715 1.01189 0.0107361 0.00359778 -0.999936 0.0314022 0.999879 0.0111951 0.0107758 -0.0289801
1548808728945695232 268 0.00998799 -0.99994 -0.00443674 1.0733 0.0127197 0.00456365 -0.999909 0.03168 0.999869 0.00993065 0.0127645 -0.0308312
1548808729245735424 277 0.00744603 -0.999962 -0.00442356 1.14546 0.0156219 0.00453947 -0.999868 0.0333878 0.99985 0.00737594 0.0156551 -0.0333848
1548808729445761280 283 0.00728931 -0.999973 -0.00120093 1.19534 0.0131686 0.00129686 -0.999912 0.0342369 0.999887 0.00727286 0.0131777 -0.0321269
1548808729712463360 291 0.00716884 -0.999971 -0.00275692 1.26796 0.0102777 0.00283053 -0.999943 0.035703 0.999921 0.0071401 0.0102977 -0.02998
1548808729879152384 296 0.00571514 -0.999979 -0.00308322 1.31314 0.00921265 0.00313579 -0.999953 0.0358363 0.999941 0.00568646 0.00923038 -0.0282905
1548808730145853184 304 0.00579509 -0.99998 -0.00244644 1.38774 0.0100368 0.00250453 -0.999946 0.0398351 0.999933 0.00577022 0.0100511 -0.02665
1548808730345880320 310 0.00567407 -0.999983 -0.000906747 1.44655 0.0088248 0.000956799 -0.999961 0.0416651 0.999945 0.00566584 0.00883008 -0.0274476
1548808730579244288 317 0.00730606 -0.99997 -0.00262118 1.51999 0.00865365 0.00268438 -0.999959 0.0435314 0.999936 0.00728308 0.008673 -0.0273625
1548808730845946368 325 0.00650305 -0.999975 0.00280473 1.60683 0.00610447 -0.00276504 -0.999978 0.0458253 0.99996 0.00652003 0.00608634 -0.02442
1548808731212661248 336 0.00712519 -0.999971 0.00284524 1.73103 0.00232693 -0.00282873 -0.999993 0.0505 0.999972 0.00713176 0.00230671 -0.0221172
1548808731379349248 341 0.00614367 -0.99998 0.00115378 1.78756 0.00558626 -0.00111947 -0.999984 0.0538854 0.999966 0.00615001 0.00557928 -0.0223567
1548808731612713216 348 0.00540594 -0.999977 0.0040855 1.86187 0.00651218 -0.00405027 -0.999971 0.0557851 0.999964 0.00543238 0.00649014 -0.0223158
1548808731946091264 358 0.00677992 -0.999974 0.00244003 1.96945 0.00952783 -0.00237537 -0.999952 0.0581904 0.999932 0.00680284 0.00951148 -0.0240135
1548808732079441408 362 0.00647842 -0.999976 0.00246759 2.0132 0.00941077 -0.00240657 -0.999953 0.0593083 0.999935 0.00650133 0.00939496 -0.0223946
1548808732346143232 370 0.00752112 -0.999939 0.00806836 2.09893 0.005053 -0.00803048 -0.999955 0.0628635 0.999959 0.00756155 0.00499229 -0.016079
1548808732579507200 377 0.00615709 -0.999969 0.00487858 2.17545 0.00623079 -0.00484021 -0.999969 0.065761 0.999962 0.0061873 0.00620079 -0.0143088
1548808732712858368 381 0.0028358 -0.999965 0.00792785 2.21625 0.00575223 -0.00791144 -0.999952 0.0699363 0.999979 0.00288127 0.00572959 -0.0116138
1548808732912885248 387 0.00295026 -0.999948 0.00979964 2.27725 0.00751624 -0.00977723 -0.999924 0.0724237 0.999967 0.00302369 0.007487 -0.0138661
1548808733112911360 393 0.00258516 -0.999956 0.00901569 2.33918 0.00556167 -0.00900121 -0.999944 0.0758352 0.999981 0.00263516 0.00553816 -0.0126991
1548808733412950272 402 0.00164066 -0.999953 0.00953478 2.43602 0.00565741 -0.00952536 -0.999939 0.0833031 0.999983 0.0016945 0.00564151 -0.0119487
1548808733579639296 407 0.00241 -0.999978 0.00620785 2.48978 0.00626249 -0.00619265 -0.999961 0.085712 0.999977 0.00244878 0.00624743 -0.0102927
1548808733813003264 414 0.00407966 -0.999971 0.00648655 2.56224 0.00596347 -0.00646216 -0.999961 0.0896826 0.999974 0.00411819 0.00593693 -0.0118528
1548808734013029376 420 0.00202505 -0.999997 0.00155632 2.61639 0.00827143 -0.00153952 -0.999965 0.0898568 0.999964 0.00203785 0.00826828 -0.00843144
1548808734246394368 427 0.000266941 -0.999997 0.00256859 2.6641 0.00935316 -0.00256598 -0.999953 0.0927268 0.999956 0.000290953 0.00935245 -0.00441205
1548808734446420224 433 -0.00261983 -0.999977 -0.006227 2.69935 0.0068605 0.0062089 -0.999957 0.0937988 0.999973 -0.00266244 0.00684408 -0.00499249
1548808735079837184 452 -0.00141831 -0.999988 0.00467845 2.71176 0.00826247 -0.00469001 -0.999955 0.0916 0.999965 -0.00137959 0.00826903 -0.00590679
1548808735213188352 456 -0.000982008 -0.999999 -0.00108414 2.75176 0.00708669 0.00107715 -0.999974 0.0922056 0.999974 -0.000989666 0.00708563 -0.00436725
1548808735379876352 461 0.000350396 -0.999996 -0.002791 2.81464 0.00956015 0.00279422 -0.99995 0.0948181 0.999954 0.000323696 0.00956109 -0.00535186
1548808735579903232 467 0.00319007 -0.999994 0.00161172 2.88513 0.00670839 -0.0015903 -0.999976 0.100212 0.999972 0.00320081 0.00670327 -0.0016905
1548808735679916288 470 0.0013695 -0.999998 0.0014659 2.92851 0.00824414 -0.00145456 -0.999965 0.102639 0.999965 0.00138154 0.00824213 -0.00247548
1548808735779929344 473 0.00127936 -0.999998 0.00164942 2.97125 0.00672625 -0.00164078 -0.999976 0.10314 0.999977 0.00129042 0.00672414 -0.000403094
1548808735879942400 476 0.00408799 -0.999982 0.00429198 3.01613 0.00937307 -0.00425351 -0.999947 0.103422 0.999948 0.004128 0.00935552 -0.00125697
1548808735979955200 479 0.000815772 -0.999993 0.00363108 3.05984 0.0110093 -0.00362188 -0.999933 0.104074 0.999939 0.000855693 0.0110063 -0.00378124
1548808736046631424 481 0.000722221 -0.999989 0.00464998 3.08969 0.00692011 -0.00464487 -0.999965 0.105504 0.999976 0.000754375 0.00691668 -0.00275499
1548808736146644224 484 0.00342595 -0.999957 0.00858175 3.14234 0.00624347 -0.00856024 -0.999944 0.108921 0.999975 0.00347934 0.00621388 -0.00280024
1548808736213011200 486 0.00334304 -0.999972 0.00676561 3.17721 0.00515643 -0.00674832 -0.999964 0.1056 0.999981 0.0033778 0.00513373 -0.00613669
1548808736279687168 488 0.00409789 -0.999947 0.00946669 3.21984 0.00641574 -0.00944028 -0.999935 0.10978 0.999971 0.00415836 0.00637671 -0.00420395
1548808736413038336 492 0.0036454 -0.999931 0.0111745 3.29852 0.00698379 -0.0111488 -0.999913 0.113667 0.999969 0.00372312 0.00694267 -0.00731495
1548808736546389248 496 0.000693641 -0.999951 0.00984148 3.38037 0.00629912 -0.00983692 -0.999932 0.117268 0.99998 0.000755586 0.00629199 -0.00606067
1548808736646402304 499 0.000710885 -0.999948 0.0101667 3.44188 0.00771328 -0.0101609 -0.999919 0.121709 0.99997 0.000789246 0.00770566 -0.00520358
1548808736713077248 501 0.00170382 -0.999934 0.0113348 3.48276 0.00684245 -0.0113229 -0.999912 0.121516 0.999975 0.00178123 0.0068227 -0.00336985
1548808736846428416 505 -0.00216797 -0.999942 0.0105063 3.56741 0.00768442 -0.0105226 -0.999915 0.123065 0.999968 -0.00208705 0.00770679 -0.000848368
1548808736913104384 507 -0.000622048 -0.999983 0.00576861 3.60923 0.0112095 -0.00577523 -0.99992 0.126072 0.999937 -0.000557335 0.0112129 -0.00257041
1548808736979779328 509 -0.00230075 -0.999955 0.00920425 3.6526 0.0122963 -0.00923187 -0.999882 0.126687 0.999922 -0.0021873 0.012317 -0.00346706
1548808737079792384 512 -0.00119007 -0.999922 0.0124706 3.71483 0.010115 -0.012482 -0.999871 0.128954 0.999948 -0.00106378 0.010129 -0.00456594
1548808737146468352 514 -0.000811558 -0.999961 0.00882246 3.76052 0.00968849 -0.00882991 -0.999914 0.129538 0.999953 -0.000726012 0.00969528 -0.00218962
1548808737246481408 517 -0.000867637 -0.999994 0.00332526 3.8326 0.00943116 -0.0033333 -0.99995 0.130588 0.999955 -0.000836233 0.00943399 0.00111326
1548808737313659392 519 -0.00317416 -0.999988 0.00378066 3.88352 0.00518147 -0.00379708 -0.999979 0.130368 0.999982 -0.00315451 0.00519346 0.00443518
1548808737380335360 521 -0.00210234 -0.999994 0.00280833 3.929 0.000782483 -0.00280998 -0.999996 0.131541 0.999997 -0.00210014 0.000788386 0.00370752
1548808737480348416 524 -0.00138158 -0.999999 0.000644976 4.0001 0.00126121 -0.000646718 -0.999999 0.133145 0.999998 -0.00138077 0.0012621 0.00570887
1548808737580361216 527 -0.0016 -0.999999 -0.000192277 4.0736 0.00496004 0.000184339 -0.999988 0.136025 0.999986 -0.00160094 0.00495974 0.00436274
1548808737647037184 529 -0.00259047 -0.999995 0.00151455 4.12186 0.00315633 -0.00152273 -0.999994 0.138976 0.999992 -0.00258568 0.00316026 0.00513657
1548808737713712384 531 -0.000377017 -0.999999 -0.00113708 4.16962 0.00172642 0.00113642 -0.999998 0.142192 0.999998 -0.000378979 0.00172599 0.00599829
1548808737780387328 533 0.000798922 -1 -0.000467389 4.22126 0.00125559 0.000468392 -0.999999 0.144494 0.999999 0.000798335 0.00125596 0.0081076
1548808737880401408 536 -0.00125496 -0.999995 -0.00274047 4.29315 0.00304988 0.00273663 -0.999992 0.147727 0.999995 -0.00126331 0.00304643 0.00940328
1548808737947076352 538 0.00116083 -0.999999 -0.00118259 4.34567 -0.000151835 0.00118241 -0.999999 0.147629 0.999999 0.00116101 -0.000150462 0.00965292
1548808738080427264 542 8.00438e-05 -1 -0.000624679 4.44449 0.00688105 0.000625215 -0.999976 0.146696 0.999976 7.57434e-05 0.0068811 0.00957029
1548808738180440320 545 0.000845851 -0.999998 0.00170494 4.51904 0.00523667 -0.00170049 -0.999985 0.1519 0.999986 0.000854766 0.00523522 0.00946041
1548808738280453376 548 0.00405056 -0.999977 0.00548041 4.59221 0.000720434 -0.00547753 -0.999985 0.155543 0.999992 0.00405444 0.00069823 0.00718652
1548808738347129344 550 0.00518993 -0.999962 0.00699058 4.63757 0.0011719 -0.00698459 -0.999975 0.158186 0.999986 0.00519799 0.00113561 0.00938346
1548808738447142400 553 0.00104632 -0.999971 0.00752922 4.7079 -0.00136274 -0.00753064 -0.999971 0.159465 0.999999 0.00103603 -0.00137058 0.00906782
1548808738513817344 555 0.00280854 -0.999958 0.00877677 4.75067 0.00205304 -0.00877102 -0.999959 0.161967 0.999994 0.00282644 0.00202832 0.0100314
1548808738647168256 559 0.00215315 -0.999963 0.00829784 4.8413 -0.00230622 -0.0083028 -0.999963 0.16209 0.999995 0.00213394 -0.00232401 0.010995
1548808738713844224 561 0.00244746 -0.999958 0.00879649 4.88725 -0.000966516 -0.00879888 -0.999961 0.164167 0.999997 0.00243886 -0.00098801 0.0103463
1548808738847195392 565 -0.00518022 -0.999986 0.00133135 4.96616 0.000876785 -0.00133591 -0.999999 0.171219 0.999986 -0.00517904 0.000883693 0.0100066
1548808739013883392 570 -0.00493505 -0.999955 0.00814501 4.98651 -0.000919057 -0.00814057 -0.999966 0.172365 0.999987 -0.00494237 -0.000878841 0.0119776
1548808739213910272 576 -0.00313284 -0.99994 0.0104727 4.98143 0.00013597 -0.0104731 -0.999945 0.171707 0.999995 -0.00313125 0.000168773 0.0114026
1548808739613962240 588 -0.00294724 -0.999935 0.011054 5.00264 0.000131647 -0.0110544 -0.999939 0.173337 0.999996 -0.00294561 0.000164219 0.0110503
1548808739847326208 595 -0.00482951 -0.999883 0.0145378 5.05059 -0.00130586 -0.0145316 -0.999894 0.174574 0.999987 -0.00484798 -0.00123553 0.0115649
1548808740080690176 602 -0.00378141 -0.999924 0.0117131 5.10486 0.00197406 -0.0117206 -0.999929 0.177847 0.999991 -0.00375802 0.00201823 0.0102458
1548808740380730368 611 -0.00231289 -0.999919 0.0125547 5.18402 0.0030448 -0.0125618 -0.999916 0.182772 0.999993 -0.00227447 0.00307361 0.00893583
1548808740514081280 615 -0.00236738 -0.999942 0.0105316 5.22317 0.00183454 -0.0105359 -0.999943 0.18263 0.999996 -0.00234793 0.00185937 0.00940251
1548808740647432192 619 -0.00317491 -0.999928 0.0116072 5.26821 0.0022018 -0.0116142 -0.99993 0.184042 0.999993 -0.00314914 0.00223852 0.011431
1548808740780783360 623 -0.00316883 -0.999967 0.00745915 5.30978 0.00529502 -0.00747586 -0.999958 0.184899 0.999981 -0.0031292 0.00531853 0.0100365
1548808740947471360 628 -0.00356994 -0.999955 0.00882078 5.36295 0.0029495 -0.00883133 -0.999957 0.186283 0.999989 -0.00354377 0.00298089 0.0115659
1548808741080822272 632 -0.00348546 -0.99999 0.00288147 5.40929 0.00108851 -0.00288528 -0.999995 0.18593 0.999993 -0.00348231 0.00109855 0.0155708
1548808741314186240 639 -0.00458385 -0.999989 8.85335e-05 5.4886 0.00143383 -9.51069e-05 -0.999999 0.18746 0.999988 -0.00458371 0.00143425 0.0168789
1548808741480875264 644 -0.00526826 -0.999986 -0.0011101 5.54344 0.0012295 0.00110364 -0.999999 0.189478 0.999985 -0.00526961 0.00122367 0.0162379
1548808741614226176 648 -0.00523796 -0.99998 -0.00365546 5.58562 0.00191091 0.0036455 -0.999992 0.192455 0.999984 -0.0052449 0.00189177 0.0208952
1548808741814252288 654 -0.00583909 -0.999982 -0.00124735 5.64676 0.00115979 0.0012406 -0.999999 0.19677 0.999982 -0.00584053 0.00115252 0.0226601
1548808742114292224 663 -0.00572426 -0.999981 0.00244577 5.74198 0.00642181 -0.00248252 -0.999976 0.202154 0.999963 -0.00570842 0.00643589 0.0231398
1548808742280477184 668 -0.00745983 -0.999969 0.00269976 5.79751 0.00677944 -0.00275035 -0.999973 0.202089 0.999949 -0.00744133 0.00679974 0.0214716
1548808742447166208 673 -0.00747391 -0.999962 0.00453259 5.84645 0.00762935 -0.0045896 -0.99996 0.203874 0.999943 -0.00743903 0.00766336 0.0231624
1548808742580517376 677 -0.0100237 -0.999915 0.00829879 5.88766 0.0091499 -0.00839058 -0.999923 0.20473 0.999908 -0.00994701 0.00923323 0.0231763
1548808742847219200 685 -0.00905922 -0.999911 0.00978546 5.96961 0.0104492 -0.00987999 -0.999897 0.205655 0.999904 -0.00895603 0.0105378 0.0241952
1548808743013907200 690 -0.0105613 -0.999878 0.0115453 6.02212 0.00951545 -0.0116459 -0.999887 0.211294 0.999899 -0.0104503 0.00963728 0.0269014
1548808743113920256 693 -0.0123825 -0.999844 0.0125998 6.05426 0.0102478 -0.012727 -0.999866 0.210151 0.999871 -0.0122517 0.0104038 0.0290773
1548808743347284224 700 -0.0154533 -0.999721 0.0178696 6.12554 0.0118371 -0.0180534 -0.999767 0.213025 0.999811 -0.0152382 0.0121127 0.0270301
1548808743480635392 704 -0.0145366 -0.999722 0.0185634 6.16849 0.0115472 -0.018732 -0.999758 0.213332 0.999828 -0.0143187 0.0118163 0.0308788
1548808743647324416 709 -0.0170316 -0.999605 0.0223399 6.22037 0.0104399 -0.0225198 -0.999692 0.215233 0.9998 -0.0167931 0.0108193 0.0333338
1548808743847350272 715 -0.0184518 -0.999536 0.0242269 6.28487 0.0118091 -0.0244472 -0.999631 0.216585 0.99976 -0.0181589 0.0122547 0.0367801
1548808744014039296 720 -0.0158047 -0.999623 0.0224579 6.33748 0.0114866 -0.0226408 -0.999678 0.221043 0.999809 -0.0155416 0.0118401 0.0371517
1548808744214065408 726 -0.0173156 -0.999541 0.0248671 6.39788 0.00656492 -0.0249839 -0.999666 0.226318 0.999829 -0.0171466 0.00699452 0.0477591
1548808744347416320 730 -0.0160233 -0.999649 0.0211149 6.44165 0.00629099 -0.021218 -0.999755 0.227103 0.999852 -0.0158865 0.00662876 0.0505263
1548808744447429376 733 -0.0175345 -0.999602 0.0220993 6.47421 0.00650332 -0.0222162 -0.999732 0.226993 0.999825 -0.0173861 0.00689029 0.0482865
1548808744547443200 736 -0.0169168 -0.999661 0.0198149 6.50635 0.0036881 -0.01988 -0.999796 0.229993 0.99985 -0.0168403 0.00402315 0.0555674
1548808744680793344 740 -0.0192347 -0.999538 0.0235225 6.54808 0.00696777 -0.0236602 -0.999696 0.227972 0.999791 -0.019065 0.00741965 0.053581
1548808744847482368 745 -0.015966 -0.999664 0.0203992 6.60054 0.00684427 -0.0205105 -0.999766 0.229093 0.999849 -0.0158227 0.00716944 0.0538222
1548808745014171392 750 -0.0169544 -0.999642 0.0207169 6.65323 0.00484286 -0.0208017 -0.999772 0.235566 0.999845 -0.0168502 0.0051938 0.058938
1548808745214197248 756 -0.0140233 -0.999645 0.0226553 6.71815 0.00337333 -0.0227047 -0.999737 0.240029 0.999896 -0.0139431 0.00369053 0.0567011
1548808745447561216 763 -0.0138178 -0.999614 0.0240839 6.79267 -0.000106228 -0.0240847 -0.99971 0.243531 0.999905 -0.0138164 0.000226612 0.0625832
1548808745714263296 771 -0.0147003 -0.999692 0.0200007 6.87969 -0.00184725 -0.0199757 -0.999799 0.250658 0.99989 -0.0147343 -0.00155304 0.0696881
1548808745914289408 777 -0.0163604 -0.999671 0.0197585 6.94304 0.000531238 -0.0197698 -0.999804 0.253108 0.999866 -0.0163467 0.000854505 0.0737001
1548808746080978176 782 -0.0164455 -0.999641 0.0211434 6.9943 -0.00241111 -0.0211066 -0.999774 0.253333 0.999862 -0.0164928 -0.00206313 0.0740198
1548808746314342400 789 -0.0171418 -0.999692 0.0179687 7.06806 -0.00285135 -0.0179224 -0.999835 0.257357 0.999849 -0.0171902 -0.00254325 0.0766798
1548808746581044224 797 -0.0183232 -0.999729 0.0143701 7.15302 -0.00401168 -0.0142989 -0.99989 0.259495 0.999824 -0.0183788 -0.00374859 0.0809752
1548808746714395392 801 -0.0203258 -0.999724 0.0117392 7.19699 -0.0020031 -0.0117009 -0.99993 0.261317 0.999791 -0.0203479 -0.00176472 0.0814369
1548808746981097216 809 -0.0176573 -0.999783 0.0110827 7.28445 -0.00587604 -0.0109805 -0.999922 0.266519 0.999827 -0.0177211 -0.00568088 0.0819706
1548808747147785216 814 -0.0189574 -0.999754 0.0114827 7.33619 -0.00581641 -0.0113743 -0.999918 0.264629 0.999803 -0.0190226 -0.00559935 0.0833865
1548808747247798272 817 -0.0196615 -0.999719 0.0132135 7.36259 -0.00688043 -0.0130804 -0.999891 0.267489 0.999783 -0.0197503 -0.00662132 0.0831624
1548808747481162240 824 -0.0207615 -0.999716 0.0116872 7.43346 -0.00626711 -0.0115594 -0.999914 0.270874 0.999765 -0.020833 -0.00602534 0.0859584
1548808747747864320 832 -0.0224908 -0.999647 0.014165 7.51438 -0.00582315 -0.0140374 -0.999885 0.275357 0.99973 -0.0225707 -0.00550538 0.0896931
1548808747981228288 839 -0.0226569 -0.999599 0.0170121 7.58652 -0.00589934 -0.0168825 -0.99984 0.277418 0.999726 -0.0227537 -0.00551447 0.0888485
1548808748181255168 845 -0.0228527 -0.999569 0.0184231 7.64962 -0.00225991 -0.0183762 -0.999829 0.279602 0.999736 -0.0228904 -0.00183899 0.0889517
1548808748481294336 854 -0.0244568 -0.999536 0.0181677 7.74283 0.000626107 -0.0181885 -0.999834 0.282291 0.999701 -0.0244414 0.00107065 0.0904902
1548808748714658304 861 -0.0222587 -0.999482 0.0232543 7.81544 -0.00108162 -0.0232359 -0.999729 0.287876 0.999752 -0.0222778 -0.00056386 0.0905992
1548808748948022272 868 -0.0204063 -0.999564 0.021334 7.88882 -0.000332807 -0.0213316 -0.999772 0.288326 0.999792 -0.0204087 0.000102637 0.0894182
1548808749081373184 872 -0.0221838 -0.999418 0.0259126 7.93372 -0.00382878 -0.0258339 -0.999659 0.294335 0.999747 -0.0222755 -0.00325346 0.0931159
1548808749248062208 877 -0.022591 -0.999471 0.0234028 7.98646 -0.00428174 -0.0233118 -0.999719 0.295535 0.999736 -0.0226848 -0.00375283 0.0948642
1548808749414750208 882 -0.0206451 -0.999571 0.020784 8.03928 -0.00465233 -0.0206921 -0.999775 0.29735 0.999776 -0.0207371 -0.00422314 0.0959128
1548808749548101376 886 -0.0190632 -0.999633 0.0192432 8.08331 -0.00343289 -0.0191812 -0.99981 0.301246 0.999812 -0.0191256 -0.00306598 0.0941632
1548808749614777344 888 -0.0192801 -0.999618 0.0198227 8.10419 -0.00568248 -0.0197165 -0.999789 0.300901 0.999798 -0.0193887 -0.00530017 0.0964426
1548808749748128256 892 -0.0201152 -0.999679 0.0153944 8.14711 -0.00229378 -0.0153513 -0.99988 0.30217 0.999795 -0.0201481 -0.00198425 0.0957129
1548808749914816256 897 -0.0200618 -0.999694 0.0144658 8.20168 -0.00153577 -0.0144379 -0.999895 0.303844 0.999798 -0.0200819 -0.00124565 0.0957255
1548808750081505280 902 -0.0201931 -0.999682 0.0150861 8.25466 -0.00279375 -0.0150327 -0.999883 0.30685 0.999792 -0.0202329 -0.0024893 0.0987224
1548808750214856192 906 -0.0188474 -0.999755 0.0116105 8.29803 -0.00230431 -0.0115691 -0.99993 0.307093 0.99982 -0.0188728 -0.0020857 0.0994343
1548808750381544192 911 -0.0175256 -0.999757 0.0133969 8.35162 -0.00253702 -0.0133545 -0.999908 0.310352 0.999843 -0.017558 -0.00230236 0.10265
1548808750514895360 915 -0.0159979 -0.999801 0.0118848 8.39524 -0.00190129 -0.0118558 -0.999928 0.311662 0.99987 -0.0160194 -0.00171124 0.103548
1548808750681584384 920 -0.014907 -0.999754 0.0163948 8.44252 -0.00220117 -0.0163637 -0.999864 0.314904 0.999886 -0.0149411 -0.00195669 0.106169
1548808750781597184 923 -0.0138989 -0.999785 0.0154189 8.473 -0.00178115 -0.0153956 -0.99988 0.314428 0.999902 -0.0139247 -0.00156679 0.109847
1548808750914948352 927 -0.0121574 -0.999751 0.0187212 8.512 -0.00184655 -0.0187001 -0.999823 0.314538 0.999924 -0.0121898 -0.00161874 0.111745
1548808751014961408 930 -0.0116613 -0.99976 0.0185354 8.54174 -3.42628e-05 -0.0185362 -0.999828 0.316406 0.999932 -0.0116599 0.000181901 0.109572
1548808751148312320 934 -0.0115514 -0.999731 0.0200881 8.57934 0.000776081 -0.0200984 -0.999798 0.31723 0.999933 -0.0115334 0.00100804 0.109603
1548808751281663232 938 -0.00816342 -0.999781 0.0192537 8.62202 0.000235988 -0.0192563 -0.999815 0.320431 0.999967 -0.00815736 0.000393134 0.111956
1548808751481689344 944 -0.0062542 -0.999759 0.021041 8.6843 -0.00302587 -0.0210224 -0.999774 0.322269 0.999976 -0.00631646 -0.00289366 0.113625
1548808751648378368 949 -0.00612806 -0.999853 0.0160381 8.73657 -0.00432006 -0.0160118 -0.999862 0.322876 0.999972 -0.0061965 -0.0042213 0.116594
1548808751915080192 957 -0.00541354 -0.999892 0.0136695 8.82243 -0.000141439 -0.0136689 -0.999907 0.325794 0.999985 -0.00541496 -6.74264e-05 0.117238
1548808752048431360 961 -0.00558464 -0.999936 0.0098887 8.86026 -0.00194992 -0.00987795 -0.999949 0.327843 0.999983 -0.00560363 -0.00189463 0.117145
1548808752281795328 968 -0.00147637 -0.999954 0.00945871 8.93031 -0.00026433 -0.00945832 -0.999955 0.331634 0.999999 -0.0014788 -0.000250354 0.11713
1548808752548497408 976 -0.000610856 -0.999955 0.00950665 9.00999 0.00229106 -0.00950802 -0.999952 0.334792 0.999997 -0.000589046 0.00229676 0.11621
1548808752648510208 979 -0.00113204 -0.999942 0.0106992 9.03867 0.0022752 -0.0107017 -0.99994 0.335496 0.999997 -0.00110763 0.00228719 0.117541
1548808752848536320 985 0.00206842 -0.99996 0.0087283 9.10113 0.00345619 -0.00872112 -0.999956 0.338356 0.999992 0.0020985 0.00343802 0.119556
1548808753015225344 990 0.00568982 -0.999935 0.00989095 9.15057 0.00044099 -0.0098886 -0.999951 0.33943 0.999984 0.00569391 0.000384697 0.119261
1548808753281927168 998 0.00751104 -0.999917 0.0105013 9.23293 0.00222901 -0.0104849 -0.999943 0.338389 0.999969 0.00753402 0.00215008 0.117387
1548808753381940224 1001 0.00717924 -0.999924 0.0100395 9.26507 0.00351238 -0.0100145 -0.999944 0.340982 0.999968 0.00721409 0.00344022 0.118926
1548808753715317248 1011 0.00978266 -0.999892 0.0110004 9.36708 0.00839062 -0.0109184 -0.999905 0.343049 0.999917 0.00987403 0.0082829 0.115438
1548808753815330304 1014 0.0113502 -0.999879 0.0106773 9.39865 0.00943109 -0.0105705 -0.9999 0.34458 0.999891 0.0114498 0.00930997 0.117822
1548808753948681216 1018 0.0165334 -0.999773 0.0134567 9.44093 0.00829477 -0.0133209 -0.999877 0.34669 0.999829 0.016643 0.00807265 0.117506
1548808754115370240 1023 0.0221236 -0.999674 0.0127477 9.49237 0.00689392 -0.012598 -0.999897 0.348334 0.999731 0.0222092 0.00661296 0.119292
1548808754282058240 1028 0.0354475 -0.999271 0.0141646 9.54472 0.00642609 -0.0139453 -0.999882 0.349303 0.999351 0.0355344 0.00592708 0.11858
1548808754382071296 1031 0.0466404 -0.998804 0.0146925 9.57798 0.00475529 -0.0144863 -0.999884 0.351887 0.9989 0.0467049 0.00407396 0.116891
1548808754482085376 1034 0.0599489 -0.998074 0.0159743 9.60883 0.00708962 -0.015577 -0.999854 0.351239 0.998176 0.0600533 0.00614214 0.115425
1548808754682111232 1040 0.0589583 -0.99816 0.0141393 9.66823 0.00776872 -0.0137047 -0.999876 0.352057 0.99823 0.0590608 0.00694643 0.114527
1548808754848800256 1045 0.0588606 -0.998171 0.0137999 9.72315 0.00671491 -0.0134276 -0.999887 0.356263 0.998244 0.0589466 0.00591227 0.109961
1548808755015488256 1050 0.0570714 -0.998269 0.0142205 9.77106 0.005772 -0.0139135 -0.999887 0.357685 0.998353 0.057147 0.00496795 0.110452
1548808755148839424 1054 0.0496645 -0.998669 0.0139245 9.81511 0.00625811 -0.0136303 -0.999888 0.358766 0.998746 0.0497461 0.00557283 0.107532
1548808755248852224 1057 0.0385716 -0.999229 0.00726062 9.84747 0.00539428 -0.00705771 -0.999961 0.360005 0.999241 0.0386093 0.00511789 0.114817
1548808755315528192 1059 0.0324516 -0.999329 0.0169884 9.86485 0.00515633 -0.0168297 -0.999845 0.367896 0.99946 0.0325342 0.00460672 0.11194
1548808755348865280 1060 0.0322002 -0.999357 0.0157993 9.87813 0.0042145 -0.0156716 -0.999868 0.371431 0.999473 0.0322625 0.00370716 0.104565
1548808755448879360 1063 0.0193696 -0.999712 0.0141954 9.90883 0.00202413 -0.0141588 -0.999898 0.37221 0.99981 0.0193963 0.00174929 0.110093
1548808755548892416 1066 0.00509655 -0.999895 0.0135323 9.94196 -0.000232709 -0.0135337 -0.999908 0.372717 0.999987 0.00509293 -0.00030166 0.106587
1548808755648905216 1069 -0.0109341 -0.999808 0.0162524 9.97336 -0.000308837 -0.01625 -0.999868 0.377098 0.99994 -0.0109377 -0.000131098 0.112292
1548808755715580416 1071 -0.0145966 -0.999824 0.0117933 9.99659 -0.0013367 -0.011775 -0.99993 0.374914 0.999893 -0.0146113 -0.00116459 0.107412
1548808755848931328 1075 -0.0136585 -0.999829 0.012476 10.0346 0.000475516 -0.0124837 -0.999922 0.375703 0.999907 -0.0136515 0.000645943 0.110589
1548808756015620352 1080 -0.012003 -0.999834 0.0137038 10.086 -0.000274657 -0.0137015 -0.999906 0.376764 0.999928 -0.0120056 -0.000110153 0.111525
1548808756182309376 1085 -0.00756806 -0.999865 0.014586 10.1374 0.000815699 -0.0145926 -0.999893 0.378955 0.999971 -0.00755535 0.000926027 0.1133
1548808756315660288 1089 -0.00260216 -0.999965 0.00801164 10.1778 0.00178533 -0.0080163 -0.999966 0.377807 0.999995 -0.00258777 0.00180613 0.118976
1548808756515686400 1095 0.0117546 -0.999899 0.00800174 10.237 0.000880462 -0.00799194 -0.999968 0.376106 0.999931 0.0117612 0.000786431 0.122175
1548808756715712256 1101 0.0280703 -0.999531 0.0122013 10.2961 -0.000671481 -0.0122249 -0.999925 0.380751 0.999606 0.02806 -0.00101432 0.123696
1548808756849063424 1105 0.037958 -0.999233 0.00965032 10.3333 -0.000494938 -0.00967607 -0.999953 0.380718 0.999279 0.0379514 -0.000861842 0.119711
1548808757049089280 1111 0.0509015 -0.998654 0.00991992 10.3936 0.00111067 -0.00987619 -0.999951 0.38322 0.998703 0.05091 0.000606463 0.126833
1548808757149103360 1114 0.0578611 -0.998263 0.0110895 10.4255 -0.000124876 -0.0111154 -0.999938 0.387394 0.998325 0.0578561 -0.000767807 0.125418
1548808757282454272 1118 0.0679069 -0.997603 0.0133196 10.4607 0.00391114 -0.0130841 -0.999907 0.394098 0.997684 0.0679527 0.00301326 0.116806
1548808757482480384 1124 0.0711299 -0.997423 0.00940734 10.5203 0.00352251 -0.00917999 -0.999952 0.396417 0.997461 0.0711596 0.00286046 0.115358
1548808757749182208 1132 0.0690018 -0.997583 0.00813719 10.6017 0.0016687 -0.0080412 -0.999966 0.395163 0.997615 0.069013 0.00110981 0.113166
1548808757915870208 1137 0.0684305 -0.997636 0.00634176 10.65 0.00168842 -0.00624085 -0.999979 0.395111 0.997654 0.0684397 0.00125736 0.111683
1548808758049221376 1141 0.0650554 -0.997864 0.00601107 10.6895 0.00327447 -0.00581033 -0.999978 0.394313 0.997876 0.0650737 0.00288948 0.113582
1548808758215910400 1146 0.0604343 -0.998161 0.00477182 10.7416 0.00618496 -0.004406 -0.999971 0.398074 0.998153 0.060462 0.00590731 0.108111
1548808758315923200 1149 0.0558653 -0.998411 0.00737572 10.7722 0.00423614 -0.00715017 -0.999965 0.399198 0.998429 0.0558946 0.00382996 0.107579
1548808758415936256 1152 0.0526324 -0.998596 0.00604617 10.8037 0.0063483 -0.00571985 -0.999963 0.401863 0.998594 0.0526689 0.00603834 0.108426
1548808758549287424 1156 0.0482745 -0.998827 0.00366619 10.8415 0.00826454 -0.00327091 -0.99996 0.404 0.9988 0.0483029 0.00809695 0.10588
1548808758749313280 1162 0.0375369 -0.999291 0.0030007 10.904 0.0103816 -0.00261269 -0.999943 0.405089 0.999241 0.0375659 0.0102762 0.104742
1548808758949340416 1168 0.0271996 -0.999621 0.00425654 10.9691 0.0122108 -0.00392555 -0.999918 0.403927 0.999555 0.0272493 0.0120994 0.105378
1548808759082691328 1172 0.0208809 -0.999759 0.00681328 11.0096 0.0120582 -0.00656243 -0.999906 0.406668 0.999709 0.0209611 0.0119183 0.105667
1548808759282717184 1178 0.0170361 -0.999766 0.0133151 11.0702 0.0091398 -0.0131608 -0.999872 0.410083 0.999813 0.0171557 0.00891345 0.107456
1548808759416068352 1182 0.018352 -0.999728 0.0144205 11.1144 0.0104682 -0.0142301 -0.999844 0.412379 0.999777 0.0185001 0.0102042 0.107865
1548808759482743296 1184 0.0166311 -0.999747 0.0151474 11.1374 0.010031 -0.0149819 -0.999837 0.413589 0.999811 0.0167803 0.00977932 0.107363
1548808759682770176 1190 0.0167977 -0.999735 0.0157296 11.1975 0.00908718 -0.0155785 -0.999837 0.414968 0.999818 0.0169379 0.00882309 0.10527
1548808759782783232 1193 0.0176368 -0.999714 0.0161594 11.2303 0.00845412 -0.0160123 -0.999836 0.416471 0.999809 0.0177705 0.00816929 0.104443
1548808759882796288 1196 0.0161771 -0.999752 0.0152994 11.261 0.00966359 -0.0151444 -0.999839 0.417628 0.999822 0.0163224 0.0094162 0.103578
1548808760016147200 1200 0.0145628 -0.999785 0.0147454 11.3042 0.0100073 -0.0146004 -0.999843 0.419062 0.999844 0.0147081 0.00979254 0.102681
1548808760116160256 1203 0.0156636 -0.999752 0.0158201 11.3366 0.0102247 -0.015661 -0.999825 0.420291 0.999825 0.0158226 0.00997689 0.101378
1548808760282849280 1208 0.0154119 -0.999797 0.012966 11.3897 0.0105136 -0.0128048 -0.999863 0.421379 0.999826 0.0155461 0.0103141 0.100424
1548808760516213248 1215 0.0129912 -0.999783 0.0162994 11.4657 0.0116529 -0.0161483 -0.999802 0.424097 0.999848 0.0131785 0.0114406 0.0977304
1548808760749577216 1222 0.0120099 -0.999849 0.0125254 11.5399 0.0114157 -0.0123884 -0.999858 0.428547 0.999863 0.0121512 0.0112652 0.0993358
1548808761082954240 1232 0.0127979 -0.999829 0.013328 11.6493 0.0122485 -0.0131714 -0.999838 0.430333 0.999843 0.012959 0.0120778 0.0931547
1548808761282981376 1238 0.0128167 -0.999812 0.0145836 11.713 0.0127464 -0.0144203 -0.999815 0.433325 0.999837 0.0130002 0.0125592 0.0924233
1548808761449669376 1243 0.0110314 -0.999768 0.018522 11.7678 0.0141489 -0.0183652 -0.999731 0.438062 0.999839 0.0112905 0.013943 0.0918363
1548808761583020288 1247 0.0144639 -0.999739 0.0176809 11.8142 0.0148021 -0.0174667 -0.999738 0.440479 0.999786 0.0147219 0.0145456 0.087
1548808761749709312 1252 0.0157613 -0.999709 0.018235 11.867 0.0128296 -0.0180336 -0.999755 0.44411 0.999793 0.0159914 0.0125417 0.0843896
1548808761983073280 1259 0.0164455 -0.999567 0.0244094 11.9411 0.0128017 -0.0242002 -0.999625 0.450925 0.999783 0.0167518 0.0123982 0.0824107
1548808762149761280 1264 0.0183742 -0.999512 0.0252501 11.9985 0.0127804 -0.0250175 -0.999605 0.460993 0.999749 0.0186897 0.0123144 0.0780087
1548808762349788416 1270 0.0191052 -0.999515 0.0245789 12.0654 0.0135113 -0.0243231 -0.999613 0.466881 0.999726 0.0194299 0.01304 0.0703586
1548808762483139328 1274 0.0198322 -0.999625 0.0188594 12.1093 0.0137627 -0.0185883 -0.999732 0.470049 0.999709 0.0200864 0.0133889 0.0708383
1548808762716503296 1281 0.0191844 -0.999625 0.0195615 12.1851 0.0129007 -0.019316 -0.99973 0.476272 0.999733 0.0194316 0.0125253 0.0705986
1548808762883191296 1286 0.020357 -0.999598 0.019714 12.2392 0.0121543 -0.0194692 -0.999737 0.48228 0.999719 0.0205912 0.011753 0.0707426
1548808763016542208 1290 0.0171973 -0.99962 0.0215582 12.2806 0.00961394 -0.021395 -0.999725 0.4811 0.999806 0.0173998 0.00924234 0.0710668
1548808763283244288 1298 0.0196057 -0.999508 0.0244683 12.3676 0.0101448 -0.0242728 -0.999654 0.493968 0.999756 0.0198471 0.0096639 0.0633758
1548808763416595200 1302 0.0203675 -0.999557 0.0216901 12.4096 0.0104215 -0.0214812 -0.999715 0.490987 0.999738 0.0205877 0.00997938 0.0632465
1548808763583284224 1307 0.0193807 -0.999562 0.0223485 12.4627 0.0130058 -0.0220988 -0.999671 0.495795 0.999728 0.019665 0.0125718 0.0573953
1548808763749972224 1312 0.0193779 -0.999515 0.0243624 12.5154 0.0135975 -0.0241013 -0.999617 0.496399 0.99972 0.0197017 0.0131239 0.0568279
1548808763983336192 1319 0.0189011 -0.999561 0.0228028 12.5907 0.0148032 -0.0225246 -0.999637 0.499037 0.999712 0.0192318 0.014371 0.0541949
1548808764250038272 1327 0.0186401 -0.999641 0.0192263 12.6776 0.0162921 -0.0189234 -0.999688 0.503028 0.999694 0.0189475 0.0159335 0.0537626
1548808764516740352 1335 0.0204443 -0.999555 0.021701 12.7606 0.0127353 -0.0214434 -0.999689 0.508742 0.99971 0.0207143 0.0122912 0.0565847
1548808764716766208 1341 0.0218639 -0.999521 0.0219226 12.8247 0.0110323 -0.0216853 -0.999704 0.51187 0.9997 0.0220992 0.0105529 0.0556296
1548808764983468288 1349 0.0212179 -0.999556 0.0209022 12.91 0.0109465 -0.0206734 -0.999726 0.515895 0.999715 0.0214409 0.010503 0.0530633
1548808765183494400 1355 0.0213328 -0.999548 0.0211824 12.9749 0.0105048 -0.020962 -0.999725 0.519615 0.999717 0.0215495 0.0100529 0.0518597
1548808765450196224 1363 0.0226039 -0.999508 0.0217242 13.0587 0.0104274 -0.0214929 -0.999715 0.522875 0.99969 0.022824 0.00993644 0.0507902
1548808765683560192 1370 0.0184267 -0.999486 0.0262215 13.1312 0.00976814 -0.0260447 -0.999613 0.525816 0.999782 0.0186757 0.00928321 0.0509324
1548808765783573248 1373 0.0200202 -0.999424 0.027403 13.1634 0.010294 -0.027201 -0.999577 0.525963 0.999747 0.0202938 0.00974349 0.0510253
1548808765950262272 1378 0.0217414 -0.999314 0.0299879 13.2179 0.0104538 -0.0297661 -0.999502 0.529407 0.999709 0.022044 0.00979947 0.0497006
1548808766116951296 1383 0.0194395 -0.999455 0.0266867 13.272 0.0130028 -0.0264368 -0.999566 0.531814 0.999726 0.0197781 0.0124818 0.0506746
1548808766283639296 1388 0.0207184 -0.99949 0.0242985 13.3268 0.0112417 -0.0240692 -0.999647 0.534126 0.999722 0.0209842 0.0107373 0.0497666
1548808766483666176 1394 0.0185566 -0.999494 0.025828 13.3916 0.0107918 -0.0256308 -0.999613 0.534931 0.99977 0.0188281 0.0103107 0.0494679
1548808766750367232 1402 0.0207403 -0.999453 0.0257477 13.4776 0.0126104 -0.0254897 -0.999596 0.540405 0.999705 0.0210566 0.0120748 0.0466633
1548808766883718400 1406 0.0186773 -0.999369 0.0302239 13.5176 0.0108258 -0.0300252 -0.999491 0.542706 0.999767 0.018995 0.0102582 0.0485734
1548808767050407424 1411 0.0202209 -0.999304 0.0313489 13.571 0.00903687 -0.0311713 -0.999473 0.546451 0.999755 0.0204936 0.00840026 0.0497403
1548808767183758336 1415 0.0202461 -0.999395 0.0282775 13.6142 0.0110548 -0.0280578 -0.999545 0.549793 0.999734 0.0205495 0.01048 0.0485451
1548808767317109248 1419 0.0204747 -0.999456 0.0258612 13.658 0.0118921 -0.0256213 -0.999601 0.55293 0.99972 0.0207741 0.011361 0.0495921
1548808767417122304 1422 0.018246 -0.999462 0.0272406 13.6912 0.0124144 -0.0270166 -0.999558 0.554145 0.999756 0.0185761 0.0119148 0.0495581
1548808767583811328 1427 0.0176738 -0.999526 0.0252086 13.7459 0.0107474 -0.0250212 -0.999629 0.557229 0.999786 0.0179382 0.0103001 0.051241
1548808767683824384 1430 0.0185498 -0.999514 0.0250667 13.7769 0.0100946 -0.0248825 -0.999639 0.558797 0.999777 0.0187961 0.00962815 0.0523548
1548808767850512384 1435 0.0183677 -0.99951 0.0253422 13.8315 0.00704736 -0.0252165 -0.999657 0.561499 0.999806 0.01854 0.00658074 0.0520345
1548808767983863296 1439 0.0170706 -0.99949 0.0269862 13.8715 0.00631147 -0.0268819 -0.999619 0.563206 0.999834 0.0172344 0.00584936 0.0525919
1548808768150552320 1444 0.0160139 -0.999561 0.0249364 13.9236 0.00755591 -0.0248179 -0.999663 0.567723 0.999843 0.0161969 0.00715516 0.050651
1548808768317241344 1449 0.0149119 -0.999651 0.0218258 13.975 0.0085443 -0.0217 -0.999728 0.569079 0.999852 0.0150943 0.00821772 0.0490796
1548808768483929344 1454 0.0129042 -0.999695 0.0210767 14.0275 0.00867562 -0.0209657 -0.999743 0.571839 0.999879 0.0130837 0.00840242 0.0510361
1548808768650618368 1459 0.00934276 -0.999712 0.0220853 14.0785 0.00854553 -0.0220056 -0.999721 0.574326 0.99992 0.00952889 0.00833748 0.0485713
1548808768717293312 1461 0.00975724 -0.99964 0.024991 14.1002 0.0085839 -0.0249076 -0.999653 0.577703 0.999916 0.00996837 0.00833778 0.047914
1548808768850644224 1465 0.00858432 -0.999721 0.0220062 14.1415 0.00826864 -0.0219353 -0.999725 0.577839 0.999929 0.00876392 0.00807803 0.0460647
1548808768983995392 1469 0.00563115 -0.999578 0.0284959 14.1821 0.00697125 -0.0284564 -0.999571 0.580569 0.99996 0.00582738 0.00680807 0.0482394
1548808769150684416 1474 0.00279911 -0.999648 0.0263995 14.2364 0.00719307 -0.0263788 -0.999626 0.584004 0.99997 0.00298796 0.0071167 0.0468296
1548808769384048384 1481 -0.00382088 -0.999611 0.0276441 14.3129 0.00863966 -0.0276763 -0.99958 0.589843 0.999955 -0.00358044 0.00874205 0.045381
1548808769484061184 1484 -0.00457923 -0.999591 0.0282151 14.3451 0.00846318 -0.0282531 -0.999565 0.596106 0.999954 -0.00433844 0.0085891 0.0470726
1548808769584074240 1487 -0.00779154 -0.999552 0.0289097 14.3777 0.00805972 -0.0289724 -0.999548 0.598297 0.999937 -0.00755502 0.00828185 0.0427014
1548808769750763264 1492 -0.0101358 -0.999444 0.0317797 14.428 0.00845129 -0.0318658 -0.999456 0.598439 0.999913 -0.0098617 0.00876957 0.0421568
1548808769950789376 1498 -0.0159211 -0.999391 0.0310652 14.4935 0.00714027 -0.031182 -0.999488 0.601695 0.999848 -0.0156912 0.00763237 0.0420324
1548808770117478400 1503 -0.0234763 -0.999212 0.0319894 14.5456 0.00504521 -0.0321163 -0.999471 0.607756 0.999712 -0.0233025 0.00579521 0.0423165
1548808770317504256 1509 -0.0255483 -0.999185 0.0312363 14.6097 0.00209215 -0.0312999 -0.999508 0.60997 0.999671 -0.0254704 0.0028901 0.0469215
1548808770417517312 1512 -0.027603 -0.999057 0.0335025 14.6383 0.00106345 -0.0335446 -0.999437 0.615138 0.999618 -0.0275518 0.00198838 0.0535458
1548808770617544192 1518 -0.0306623 -0.998952 0.03397 14.7008 0.00206686 -0.0340493 -0.999418 0.620035 0.999528 -0.0305742 0.00310872 0.0579433
1548808770817570304 1524 -0.0348941 -0.998837 0.0332693 14.7611 0.00290208 -0.0333907 -0.999438 0.625024 0.999387 -0.034778 0.00406384 0.0608095
1548808770950921216 1528 -0.0422962 -0.998578 0.0324618 14.8005 0.00281583 -0.0326099 -0.999464 0.627717 0.999101 -0.0421821 0.0041911 0.0648389
