1548808722014295296 60 0.0016066 -0.999999 -0.000106893 0.0111805 -0.000402445 0.000106246 -1 4.09261e-05 0.999999 0.00160664 -0.000402274 0.00159431
1548808722247660288 67 0.00376754 -0.999993 -0.000743982 0.0257163 -0.000400006 0.000742481 -1 0.000742822 0.999993 0.00376783 -0.000397205 0.000969725
1548808722714388224 81 0.0307817 -0.999525 0.00132329 0.0616099 -0.00135684 -0.0013657 -0.999998 -0.000368439 0.999525 0.0307798 -0.00139823 0.00638808
1548808722947752192 88 0.0518605 -0.998652 -0.00208522 0.0900294 0.00375293 0.0022829 -0.99999 -0.000832096 0.998647 0.0518522 0.00386626 0.00554299
1548808723381142272 101 0.0729486 -0.997334 -0.00154989 0.140217 0.00221761 0.00171623 -0.999996 0.000494484 0.997333 0.0729449 0.0023369 0.00610332
1548808723547831296 106 0.0728954 -0.997338 -0.00172032 0.159371 0.00282832 0.00193162 -0.999994 0.000949636 0.997336 0.0728901 0.0029616 0.00559243
1548808724014559232 120 0.0737316 -0.997277 -0.00125238 0.206545 0.00319067 0.00149169 -0.999994 0.0007792 0.997273 0.0737271 0.00329197 0.00165514
1548808724347936256 130 0.0752423 -0.997165 0.000129895 0.242471 0.00536765 0.00027476 -0.999986 0.00321331 0.997151 0.0752419 0.00537311 -0.00317215
1548808724747989248 142 0.0762876 -0.997085 0.000995088 0.285534 0.0076626 -0.000411697 -0.999971 0.00495473 0.997056 0.076293 0.00760886 -0.00800943
1548808725014691328 150 0.075134 -0.99717 0.00276261 0.312911 0.00952578 -0.00205258 -0.999953 0.00668225 0.997128 0.0751568 0.0093446 -0.00856227
1548808725514757376 165 0.0771655 -0.997002 0.00568256 0.377415 0.00918207 -0.00498867 -0.999945 0.00524983 0.996976 0.0772135 0.00876959 -0.0130615
1548808725748121344 172 0.0790238 -0.996854 0.00618399 0.412286 0.00949295 -0.00545061 -0.99994 0.00516113 0.996828 0.0790777 0.00903235 -0.0150795
1548808726081498368 182 0.0766516 -0.997055 0.00231355 0.461742 0.0110998 -0.00146691 -0.999937 0.00224063 0.996996 0.0766725 0.0109546 -0.0175251
1548808726248187392 187 0.0740437 -0.99725 0.00324256 0.490443 0.0104767 -0.00247344 -0.999942 0.00427697 0.9972 0.0740733 0.0102648 -0.0190731
1548808726514888192 195 0.0505908 -0.998719 0.000734029 0.533072 0.0114989 -0.000152438 -0.999934 0.00181116 0.998653 0.0505958 0.0114764 -0.0243107
1548808726648239360 199 0.0344733 -0.99939 -0.00562163 0.556741 0.0114495 0.00601954 -0.999916 -0.00169482 0.99934 0.0344061 0.01165 -0.0205496
1548808726846913280 205 0.0218981 -0.999745 -0.00551436 0.599019 0.00876696 0.0057075 -0.999945 0.00131496 0.999722 0.0218485 0.00888971 -0.0257395
1548808727080277248 212 0.0186468 -0.999798 -0.00745719 0.651403 0.00914041 0.00762864 -0.999929 0.00321625 0.999784 0.0185773 0.00928082 -0.0255851
1548808727280303360 218 0.0153605 -0.99984 -0.00922052 0.695156 0.0106633 0.00938489 -0.999899 0.00380733 0.999825 0.0152606 0.0108058 -0.0262024
1548808727712199168 231 0.0134706 -0.999855 -0.0104131 0.789409 0.0133173 0.0105925 -0.999855 0.00835277 0.999821 0.01333 0.013458 -0.0278467
1548808728012239360 240 0.0141443 -0.999834 -0.0114614 0.86078 0.0134121 0.0116513 -0.999842 0.0110941 0.99981 0.0139883 0.0135747 -0.0310036
1548808728345616384 250 0.0108086 -0.99985 -0.0135151 0.936846 0.0142174 0.0136681 -0.999806 0.010306 0.999841 0.0106144 0.014363 -0.0297179
1548808728578980352 257 0.00922705 -0.999884 -0.0121073 0.992437 0.0125824 0.012223 -0.999846 0.0122513 0.999878 0.00907329 0.0126937 -0.0299053
1548808728845682176 265 0.0105352 -0.999868 -0.0123837 1.05705 0.0128959 0.0125193 -0.999838 0.0107759 0.999861 0.0103738 0.0130261 -0.0324895
1548808729112384256 273 0.00867575 -0.999882 -0.0127095 1.11864 0.0146517 0.0128357 -0.99981 0.011605 0.999855 0.00848789 0.0147613 -0.0336915
1548808729312410368 279 0.00738262 -0.999885 -0.013231 1.16792 0.0141181 0.0133343 -0.999811 0.0119079 0.999873 0.00719443 0.014215 -0.0329666
1548808729712463360 291 0.00719577 -0.999922 -0.0102565 1.26799 0.0096497 0.0103257 -0.9999 0.0140993 0.999928 0.00709608 0.00972324 -0.0296718
1548808730045840384 301 0.00742522 -0.999916 -0.0106579 1.36226 0.00736946 0.0107126 -0.999915 0.0134134 0.999945 0.00734605 0.00744838 -0.0292018
1548808730245867264 307 0.00873358 -0.999919 -0.00925056 1.42013 0.00735581 0.00931491 -0.99993 0.0142258 0.999935 0.00866492 0.00743657 -0.0281951
1548808730445893376 313 0.00975876 -0.999918 -0.00826954 1.47841 0.00704758 0.0083385 -0.99994 0.0167079 0.999928 0.0096999 0.00712838 -0.0283667
1548808730612582400 318 0.00549997 -0.999955 -0.00768476 1.53107 0.00726258 0.00772462 -0.999944 0.019828 0.999959 0.00544385 0.00730474 -0.0285335
1548808730812608256 324 0.00584516 -0.999957 -0.00719558 1.59696 0.00556271 0.0072281 -0.999958 0.0212927 0.999967 0.00580489 0.00560472 -0.0273904
1548808731045972224 331 0.00665353 -0.999972 -0.00333838 1.67037 0.00232151 0.00335389 -0.999992 0.0214333 0.999975 0.00664572 0.00234376 -0.0236963
1548808731245998336 337 0.00582013 -0.999978 -0.00310543 1.73451 0.00122114 0.00311259 -0.999994 0.0219289 0.999982 0.00581631 0.00123923 -0.0201033
1548808731412687360 342 0.00663628 -0.999974 -0.00285269 1.79031 0.0031942 0.00287393 -0.999991 0.0245228 0.999973 0.00662711 0.00321319 -0.0200715
1548808731646051328 349 0.00743526 -0.999945 -0.0073497 1.86632 0.00628447 0.00739649 -0.999953 0.0244766 0.999953 0.00738872 0.00633912 -0.0207685
1548808731746064384 352 0.00587696 -0.999961 -0.00659082 1.9002 0.00669934 0.00663016 -0.999956 0.0273907 0.99996 0.00583255 0.00673805 -0.0205786
1548808731979428352 359 0.00475607 -0.999983 -0.00349796 1.9759 0.00832423 0.00353747 -0.999959 0.0293913 0.999954 0.00472676 0.00834091 -0.0196813
1548808732279468288 368 0.00635677 -0.999979 -0.00139657 2.07034 0.0061317 0.00143555 -0.99998 0.033658 0.999961 0.00634808 0.0061407 -0.0162488
1548808732479494400 374 0.00966377 -0.999952 -0.00181249 2.13383 0.00522231 0.00186302 -0.999985 0.0374544 0.99994 0.00965415 0.00524006 -0.013511
1548808732712858368 381 0.00362287 -0.999993 0.000875762 2.2095 0.00410062 -0.000860904 -0.999991 0.0408738 0.999985 0.00362643 0.00409747 -0.0102313
1548808732879547392 386 0.00527794 -0.999982 0.00274407 2.2624 0.00413713 -0.00272225 -0.999988 0.0426289 0.999978 0.00528923 0.00412269 -0.0110207
1548808732979560192 389 0.00521836 -0.999985 0.00179285 2.29451 0.00707416 -0.00175592 -0.999973 0.0435668 0.999961 0.0052309 0.00706489 -0.0115236
1548808733346275328 400 0.00181989 -0.999998 0.000428675 2.41726 0.00537533 -0.000418887 -0.999985 0.0476793 0.999984 0.00182217 0.00537456 -0.0100462
1548808733579639296 407 0.00302663 -0.999993 -0.00202948 2.49554 0.00432723 0.00204256 -0.999989 0.0497042 0.999986 0.00301782 0.00433339 -0.00928926
1548808733779665408 413 0.00220122 -0.999992 -0.00324605 2.56007 0.00478005 0.00325654 -0.999983 0.0528865 0.999986 0.00218567 0.00478718 -0.00928355
1548808734013029376 420 0.00237304 -0.999984 -0.0052141 2.62503 0.00678634 0.0052301 -0.999963 0.0571047 0.999974 0.00233757 0.00679864 -0.0069185
1548808734279731200 428 0.00258456 -0.999985 -0.00488899 2.67941 0.00580427 0.00490392 -0.999971 0.0574997 0.99998 0.00255611 0.00581686 -0.00665796
1548808734713122304 441 0.00186364 -0.999969 -0.00762038 2.70718 0.00482727 0.0076293 -0.999959 0.0582617 0.999987 0.00182678 0.00484134 -0.00711673
1548808735179850240 455 0.000291095 -0.99998 -0.00637075 2.7515 0.00457198 0.00637201 -0.999969 0.0601741 0.99999 0.00026196 0.00457374 -0.00448877
1548808735513227264 465 0.00123545 -0.999962 -0.00861164 2.87053 0.00455026 0.00861718 -0.999953 0.0610497 0.999989 0.00119621 0.00456074 -0.000492864
1548808735579903232 467 0.00268066 -0.999972 -0.00698463 2.89273 0.000994561 0.00698732 -0.999975 0.0599389 0.999996 0.00267365 0.00101326 0.0018874
1548808735713253376 471 0.00257814 -0.999977 -0.00632346 2.9509 0.00324569 0.00633182 -0.999975 0.0635321 0.999991 0.00255756 0.00326194 0.00162847
1548808735779929344 473 0.00129219 -0.999979 -0.00639984 2.97711 0.00188509 0.00640227 -0.999978 0.0646798 0.999997 0.0012801 0.00189333 0.00173108
1548808735879942400 476 0.00436558 -0.999984 -0.00366881 3.01954 0.00428912 0.00368753 -0.999984 0.0655194 0.999981 0.00434978 0.00430514 -0.000384837
1548808736013293312 480 0.00405821 -0.999989 -0.00220978 3.07837 0.00539645 0.00223166 -0.999983 0.0679421 0.999977 0.00404621 0.00540545 5.18744e-05
1548808736113306368 483 0.00325473 -0.99998 0.00537357 3.12469 0.00475249 -0.00535807 -0.999974 0.0708482 0.999983 0.00328018 0.00473495 0.0033302
1548808736213011200 486 0.00137444 -0.999996 0.00226089 3.18269 0.0033086 -0.00225633 -0.999992 0.0775672 0.999994 0.00138191 0.00330549 0.00374091
1548808736313025280 489 0.000153998 -0.999995 0.00328307 3.24618 0.0058158 -0.00328211 -0.999978 0.077869 0.999983 0.000173088 0.00581526 -0.000638957
1548808736413038336 492 0.00308134 -0.999985 0.00454203 3.30403 0.00356276 -0.00453105 -0.999983 0.0777584 0.999989 0.00309747 0.00354875 -0.0019731
1548808736513051392 495 0.00265328 -0.999983 0.00524626 3.36324 0.00634368 -0.00522934 -0.999966 0.0782083 0.999976 0.00268647 0.0063297 -0.000840534
1548808736646402304 499 -0.00058752 -0.999992 0.00398998 3.44775 0.0053947 -0.00399309 -0.999977 0.0842097 0.999985 -0.000565982 0.005397 0.00300523
1548808736779753216 503 -0.00119335 -0.99997 0.00765687 3.53351 0.0046766 -0.00766237 -0.99996 0.0860391 0.999988 -0.00115749 0.00468561 0.00526864
1548808736879766272 506 -0.00386514 -0.999988 0.0029782 3.60086 0.00518747 -0.00299824 -0.999982 0.0844471 0.999979 -0.00384962 0.005199 0.00697458
1548808737013117184 510 -0.00195557 -0.999998 0.000517582 3.6868 0.00451052 -0.000526398 -0.99999 0.0832672 0.999988 -0.00195321 0.00451154 0.00874346
1548808737146468352 514 -0.00238836 -0.999995 0.0022343 3.77499 0.00501502 -0.00224626 -0.999985 0.0869229 0.999985 -0.00237712 0.00502035 0.00891475
1548808737246481408 517 -0.00293788 -0.999993 -0.00230195 3.84396 0.00441308 0.00228897 -0.999988 0.0905908 0.999986 -0.00294801 0.00440632 0.0141593
1548808737313659392 519 -0.00480905 -0.999988 -0.000659606 3.89766 0.000650884 0.000656483 -1 0.093979 0.999988 -0.00480947 0.00064772 0.0174389
1548808737413672192 522 -0.00179221 -0.999969 -0.00769743 3.97339 -0.000108887 0.00769764 -0.99997 0.0926448 0.999998 -0.00179131 -0.000122679 0.0167998
1548808737513686272 525 -0.00237147 -0.999962 -0.00839979 4.04029 0.000815206 0.00839788 -0.999964 0.095867 0.999997 -0.00237823 0.00079526 0.0161611
1548808737613699328 528 -0.00186639 -0.999973 -0.00712575 4.11096 0.000352703 0.00712511 -0.999975 0.0982428 0.999998 -0.00186885 0.000339396 0.0185614
1548808737713712384 531 -0.00234503 -0.999978 -0.00612453 4.19152 -0.00360769 0.00613297 -0.999975 0.101187 0.999991 -0.00232288 -0.003622 0.0213518
1548808737813725184 534 -0.00462049 -0.999984 -0.00319321 4.27202 -0.00253896 0.00320496 -0.999992 0.103259 0.999986 -0.00461235 -0.00255373 0.0223016
1548808737880401408 536 -0.00304926 -0.999964 -0.0079329 4.32056 -0.00293071 0.00794184 -0.999964 0.104246 0.999991 -0.0030259 -0.00295482 0.0238793
1548808737980414208 539 -0.0032272 -0.999977 -0.00595095 4.39793 -0.00257941 0.00595928 -0.999979 0.10464 0.999991 -0.00321179 -0.00259858 0.0254353
1548808738080427264 542 -0.00182796 -0.999987 -0.00478691 4.47248 0.000869119 0.00478533 -0.999988 0.106514 0.999998 -0.0018321 0.00086036 0.0242054
1548808738180440320 545 -0.00102722 -0.999997 -0.00239012 4.54517 -0.00160884 0.00239177 -0.999996 0.111138 0.999998 -0.00102337 -0.00161129 0.024739
1548808738280453376 548 0.000663958 -0.999999 0.00124407 4.6162 -0.00404001 -0.00124674 -0.999991 0.114309 0.999992 0.000658926 -0.00404083 0.02514
1548808738380466176 551 -0.00182827 -0.999998 0.000913183 4.6865 -0.00480547 -0.000904388 -0.999988 0.113815 0.999987 -0.00183264 -0.00480381 0.0279905
1548808738480480256 554 0.00109533 -0.999999 -0.000852284 4.76034 -0.00130477 0.000850855 -0.999999 0.115959 0.999999 0.00109645 -0.00130383 0.0287579
1548808738580493312 557 -0.000803594 -0.999998 0.00167006 4.82692 -0.00243295 -0.0016681 -0.999996 0.118839 0.999997 -0.000807654 -0.00243161 0.030274
1548808738680506368 560 -0.00286005 -0.999979 0.00573025 4.89465 -0.00448519 -0.00571739 -0.999974 0.121027 0.999986 -0.00288567 -0.00446874 0.0307938
1548808738747181312 562 -0.00279642 -0.999988 0.00391297 4.9431 -0.00260635 -0.00390568 -0.999989 0.121598 0.999993 -0.00280659 -0.0025954 0.0314264
1548808738913870336 567 -0.00893744 -0.99996 -0.000885596 5.01944 -0.00326822 0.000914838 -0.999994 0.125905 0.999955 -0.0089345 -0.00327627 0.0294199
1548808739080559360 572 -0.00804308 -0.99994 0.00741489 5.02263 -0.00467658 -0.00737743 -0.999962 0.126438 0.999957 -0.00807745 -0.00461697 0.0336774
1548808739613962240 588 -0.00761913 -0.999953 0.00593992 5.0408 -0.00393611 -0.00591006 -0.999975 0.127062 0.999963 -0.00764232 -0.0038909 0.0334776
1548808739813989376 594 -0.00674867 -0.999948 0.00766769 5.08244 -0.00432969 -0.00763857 -0.999961 0.127892 0.999968 -0.0067816 -0.00427792 0.0348355
1548808740147366400 604 -0.00910137 -0.999935 0.00692607 5.15807 -0.00193946 -0.0069087 -0.999974 0.128488 0.999957 -0.00911457 -0.00187645 0.0343957
1548808740314055168 609 -0.00764496 -0.99996 0.00457822 5.20345 -0.00193845 -0.00456352 -0.999988 0.128668 0.999969 -0.00765374 -0.00190349 0.0353606
1548808740680769280 620 -0.00761571 -0.999971 0.000451597 5.31803 -0.00239609 -0.00043336 -0.999997 0.128765 0.999968 -0.00761677 -0.00239272 0.0353453
1548808740780783360 623 -0.00788164 -0.999969 0.000430419 5.3525 -0.00018948 -0.000428939 -1 0.130622 0.999969 -0.00788172 -0.000186094 0.0337777
1548808740947471360 628 -0.00845169 -0.999963 0.00142571 5.40766 -0.00298591 -0.00140051 -0.999995 0.130771 0.99996 -0.0084559 -0.00297396 0.0360829
1548808741114160384 633 -0.0087883 -0.999958 -0.00245599 5.463 -0.00446988 0.00249534 -0.999987 0.13174 0.999951 -0.00877721 -0.00449163 0.0391677
1548808741347524352 640 -0.00782862 -0.999921 -0.00980907 5.54242 -0.00272487 0.00983067 -0.999948 0.132789 0.999966 -0.00780149 -0.00280161 0.0400582
1548808741514213376 645 -0.00924636 -0.999904 -0.010349 5.59631 -0.00293018 0.0103765 -0.999942 0.130528 0.999953 -0.0092155 -0.00302584 0.0401361
1548808741680901376 650 -0.0102005 -0.999914 -0.00825556 5.64892 -0.00531823 0.00831012 -0.999951 0.130833 0.999934 -0.0101561 -0.00540254 0.043337
1548808741847590400 655 -0.010819 -0.999892 -0.00991692 5.70092 -0.00567837 0.00997878 -0.999934 0.131861 0.999925 -0.010762 -0.00578572 0.0457158
1548808742047616256 661 -0.0126434 -0.999889 -0.00790001 5.75996 -0.00311483 0.00793998 -0.999964 0.13508 0.999915 -0.0126184 -0.00321487 0.048098
1548808742313815296 669 -0.00936986 -0.99994 -0.00574827 5.84236 0.00113706 0.00573786 -0.999983 0.136315 0.999955 -0.00937623 0.00108323 0.0445424
1548808742580517376 677 -0.0129024 -0.999916 -0.00141405 5.92377 0.00295194 0.00137608 -0.999995 0.138423 0.999912 -0.0129065 0.00293394 0.0457982
1548808742813881344 684 -0.0120715 -0.999927 -0.00101057 5.99656 0.0034609 0.000968852 -0.999994 0.138708 0.999921 -0.0120749 0.00344895 0.0475261
1548808743080583168 692 -0.0132661 -0.999912 -0.000308893 6.07642 0.00530375 0.00023855 -0.999986 0.141702 0.999898 -0.0132675 0.00530012 0.0503458
1548808743313947392 699 -0.0170284 -0.999836 0.0062102 6.14662 0.00690281 -0.00632851 -0.999956 0.143872 0.999831 -0.0169848 0.00700944 0.052663
1548808743480635392 704 -0.0167978 -0.999817 0.00917538 6.19699 0.00627983 -0.00928199 -0.999937 0.145756 0.999839 -0.0167391 0.00643459 0.054094
1548808743647324416 709 -0.0198112 -0.999718 0.0130773 6.24778 0.00493572 -0.0131775 -0.999901 0.146899 0.999792 -0.0197447 0.00519539 0.0578
1548808743980701184 719 -0.020844 -0.999677 0.0145245 6.35445 0.00630133 -0.0146587 -0.999873 0.151338 0.999763 -0.0207499 0.00660484 0.0658238
1548808744147390208 724 -0.0203647 -0.999677 0.0152069 6.40906 0.00385187 -0.0152884 -0.999876 0.152925 0.999785 -0.0203036 0.00416197 0.0693436
1548808744347416320 730 -0.0194168 -0.999746 0.0114852 6.47499 8.30624e-05 -0.011489 -0.999934 0.152975 0.999811 -0.0194145 0.00030612 0.0773324
1548808744480767232 734 -0.0218586 -0.999675 0.0131408 6.51707 -0.000309197 -0.0131371 -0.999914 0.152975 0.999761 -0.0218608 -2.19373e-05 0.0783819
1548808744714131200 741 -0.0206477 -0.999691 0.0138177 6.59212 0.00088162 -0.0138389 -0.999904 0.15761 0.999786 -0.0206336 0.00116709 0.0809558
1548808744947495424 748 -0.0190463 -0.999725 0.0136996 6.6664 -0.00530595 -0.0136008 -0.999893 0.163228 0.999805 -0.019117 -0.00504544 0.0836581
1548808745114184192 753 -0.0183084 -0.999764 0.0116688 6.72007 -0.00526421 -0.0115742 -0.999919 0.166907 0.999819 -0.0183684 -0.00505107 0.0852669
1548808745347548416 760 -0.0176458 -0.999733 0.014936 6.79298 -0.00508042 -0.0148485 -0.999877 0.167088 0.999831 -0.0177195 -0.00481705 0.0849511
1548808745547574272 766 -0.0174254 -0.999754 0.0136892 6.85752 -0.00809151 -0.0135498 -0.999875 0.167331 0.999815 -0.017534 -0.00785341 0.0888706
1548808745714263296 771 -0.0169132 -0.999805 0.0101444 6.91099 -0.00946803 -0.00998522 -0.999905 0.170267 0.999812 -0.0170077 -0.00929731 0.0936296
1548808745914289408 777 -0.0176267 -0.999802 0.00925277 6.97046 -0.00696942 -0.00913112 -0.999934 0.170421 0.99982 -0.01769 -0.00680709 0.0948956
1548808746180991232 785 -0.0177416 -0.999795 0.00978428 7.04981 -0.0114568 -0.00958189 -0.999888 0.173336 0.999777 -0.0178517 -0.0112845 0.0967279
1548808746481031168 794 -0.0191911 -0.999798 0.00596146 7.1446 -0.0118699 -0.00573431 -0.999913 0.178852 0.999745 -0.0192602 -0.0117575 0.0968577
1548808746747732224 802 -0.0188798 -0.999811 0.00457141 7.22775 -0.00972332 -0.00438841 -0.999943 0.179524 0.999774 -0.0189231 -0.00963864 0.0984675
1548808747047772416 811 -0.0213214 -0.999762 0.00466668 7.31977 -0.0134936 -0.00437955 -0.999899 0.184526 0.999682 -0.0213822 -0.013397 0.104995
1548808747147785216 814 -0.0206826 -0.999779 0.00372452 7.35444 -0.0132138 -0.00345164 -0.999907 0.186368 0.999699 -0.0207299 -0.0131395 0.105305
1548808747247798272 817 -0.0213265 -0.999759 0.00512237 7.38482 -0.0138675 -0.00482723 -0.999892 0.187712 0.999676 -0.0213952 -0.0137612 0.104755
1548808747447825408 823 -0.0218567 -0.999749 0.00497888 7.44453 -0.0144458 -0.00466374 -0.999885 0.189483 0.999657 -0.0219261 -0.0143403 0.10619
1548808747714526208 831 -0.0241534 -0.999692 0.00571886 7.52319 -0.0133265 -0.00539805 -0.999897 0.194692 0.999619 -0.0242271 -0.0131921 0.112916
1548808747981228288 839 -0.0266993 -0.9996 0.00937249 7.60382 -0.0133233 -0.00901917 -0.999871 0.196849 0.999555 -0.0268207 -0.0130772 0.117607
1548808748147917312 844 -0.0298247 -0.999476 0.012578 7.65434 -0.0116745 -0.0122344 -0.999857 0.197759 0.999487 -0.0299673 -0.0113034 0.120731
1548808748314606336 849 -0.0295918 -0.999466 0.013876 7.70559 -0.00819058 -0.0136391 -0.999873 0.201153 0.999529 -0.0297017 -0.0077826 0.125219
1548808748581307392 857 -0.0276689 -0.999541 0.0123283 7.79039 -0.00543965 -0.0121823 -0.999911 0.201568 0.999602 -0.0277335 -0.00510009 0.123908
1548808748781334272 863 -0.0264086 -0.999501 0.0173178 7.85347 -0.00729465 -0.0171307 -0.999827 0.20566 0.999625 -0.0265304 -0.00683861 0.125491
1548808748881347328 866 -0.027401 -0.999441 0.0191762 7.8865 -0.00957446 -0.0189202 -0.999775 0.20821 0.999579 -0.0275785 -0.00905068 0.126106
1548808748981360384 869 -0.0257778 -0.999488 0.0189795 7.92043 -0.00696972 -0.0188057 -0.999799 0.207548 0.999643 -0.0259049 -0.00648138 0.126258
1548808749114711296 873 -0.0277449 -0.999515 0.0141112 7.96445 -0.00892671 -0.0138683 -0.999864 0.209386 0.999575 -0.0278671 -0.00853761 0.12802
1548808749214724352 876 -0.0264275 -0.999562 0.0133427 7.99688 -0.0112504 -0.0130491 -0.999852 0.205804 0.999587 -0.0265737 -0.0109006 0.13042
1548808749414750208 882 -0.0256703 -0.999605 0.0114131 8.06162 -0.0124172 -0.0110972 -0.999861 0.207944 0.999593 -0.0258085 -0.0121275 0.129665
1548808749548101376 886 -0.0247341 -0.999661 0.00809247 8.10541 -0.011035 -0.00782144 -0.999909 0.206468 0.999633 -0.0248212 -0.0108378 0.130724
1548808749681452288 890 -0.0252285 -0.999676 0.00340287 8.14876 -0.0114695 -0.00311428 -0.999929 0.204999 0.999616 -0.0252657 -0.0113873 0.132746
1548808749781465344 893 -0.0249297 -0.99968 0.00418884 8.18042 -0.0124269 -0.00387993 -0.999915 0.207274 0.999612 -0.0249796 -0.0123262 0.133347
1548808749948154368 898 -0.024882 -0.999684 0.00351885 8.23215 -0.0103996 -0.00326091 -0.999941 0.209576 0.999636 -0.0249171 -0.0103152 0.134017
1548808750114843392 903 -0.0244459 -0.999701 7.42299e-05 8.28774 -0.0103008 0.000177639 -0.999947 0.211029 0.999648 -0.0244454 -0.010302 0.136748
1548808750281531392 908 -0.0227944 -0.999739 0.00177183 8.33832 -0.0101955 -0.00153974 -0.999947 0.213115 0.999688 -0.0228113 -0.0101578 0.136417
1548808750414882304 912 -0.0222144 -0.999748 0.00331218 8.38091 -0.00894528 -0.0031141 -0.999955 0.216245 0.999713 -0.022243 -0.00887385 0.14153
1548808750548233216 916 -0.0205894 -0.999775 0.00504263 8.42305 -0.00793959 -0.00488003 -0.999957 0.218323 0.999756 -0.0206285 -0.00783733 0.143094
1548808750648246272 919 -0.0205859 -0.999769 0.00623598 8.45274 -0.00794237 -0.00607358 -0.99995 0.219238 0.999757 -0.0206344 -0.0078155 0.146564
1548808750748259328 922 -0.0206154 -0.999742 0.00949839 8.48311 -0.00856465 -0.00932347 -0.99992 0.221762 0.999751 -0.0206951 -0.00837023 0.147869
1548808750814935296 924 -0.0177435 -0.999829 0.00523211 8.50442 -0.00780054 -0.00509435 -0.999957 0.222118 0.999812 -0.0177835 -0.00770881 0.147578
1548808750948286208 928 -0.0192018 -0.999757 0.0107961 8.54456 -0.00826466 -0.010639 -0.999909 0.223049 0.999781 -0.0192893 -0.00805836 0.148016
1548808751081637376 932 -0.0166268 -0.99984 0.00652612 8.58491 -0.00581749 -0.00643018 -0.999962 0.224355 0.999845 -0.0166642 -0.00570965 0.148963
1548808751248325376 937 -0.0132973 -0.999868 0.00930169 8.63564 -0.00729141 -0.0092053 -0.999931 0.225619 0.999885 -0.0133642 -0.00716804 0.150155
1548808751415014400 942 -0.0123503 -0.999814 0.0147846 8.68671 -0.00876232 -0.014677 -0.999854 0.228453 0.999885 -0.012478 -0.00857942 0.15377
1548808751548365312 946 -0.0103286 -0.99991 0.00850711 8.73121 -0.0094933 -0.00840913 -0.99992 0.230346 0.999902 -0.0104085 -0.0094056 0.15506
1548808751748391424 952 -0.010592 -0.999929 0.00542039 8.79404 -0.0101346 -0.00531307 -0.999935 0.229195 0.999893 -0.0106463 -0.0100776 0.156732
1548808751948418304 958 -0.00943688 -0.999951 0.00284004 8.85895 -0.00623152 -0.0027813 -0.999977 0.232077 0.999936 -0.00945435 -0.00620497 0.157196
1548808752148444416 964 -0.00768901 -0.999967 0.00247113 8.9213 -0.00679257 -0.00241892 -0.999974 0.234179 0.999947 -0.0077056 -0.00677375 0.158689
1548808752381808384 971 -0.00756854 -0.999971 -0.000585488 8.99523 -0.00766827 0.000643527 -0.99997 0.237657 0.999942 -0.00756382 -0.00767292 0.161198
1548808752548497408 976 -0.00545716 -0.999984 0.00130701 9.04594 -0.00409319 -0.00128468 -0.999991 0.24082 0.999977 -0.00546246 -0.00408611 0.160578
1548808752715185408 981 -0.00503579 -0.99998 0.00371364 9.09764 -0.00343 -0.00369639 -0.999987 0.243014 0.999981 -0.00504846 -0.00341132 0.161554
1548808752881874176 986 -0.0015677 -0.999993 0.0034987 9.15091 -0.00357358 -0.00349308 -0.999988 0.244109 0.999992 -0.00158018 -0.00356808 0.163452
1548808753215251200 996 0.00175916 -0.999992 0.00364742 9.2552 -0.00465064 -0.00365556 -0.999983 0.248527 0.999988 0.00174217 -0.00465703 0.164063
1548808753448615424 1003 0.00128318 -0.999979 0.00627797 9.32602 -0.00425005 -0.00628337 -0.999971 0.252197 0.99999 0.00125646 -0.00425802 0.163629
1548808753581966336 1007 0.00354651 -0.999975 0.00604964 9.36757 -0.00407247 -0.00606407 -0.999973 0.249631 0.999985 0.00352177 -0.00409388 0.161745
1548808753748655360 1012 0.0071093 -0.999964 0.00453701 9.41816 -0.000374302 -0.00453978 -0.99999 0.25377 0.999975 0.00710752 -0.000406563 0.158969
1548808753948681216 1018 0.0120474 -0.999885 0.00922411 9.47736 -0.000860385 -0.00923514 -0.999957 0.259206 0.999927 0.012039 -0.000971546 0.158088
1548808754148707328 1024 0.0195716 -0.999746 0.0111743 9.5397 -0.00220186 -0.0112195 -0.999935 0.25997 0.999806 0.0195458 -0.00242089 0.1602
1548808754282058240 1028 0.0314654 -0.999465 0.00897957 9.58375 -0.00327386 -0.00908703 -0.999953 0.256906 0.999499 0.0314345 -0.00355803 0.161198
1548808754415409408 1032 0.0458731 -0.998913 0.00832055 9.62393 -0.00252417 -0.00844521 -0.999961 0.259992 0.998944 0.0458503 -0.00290883 0.163828
1548808754482085376 1034 0.053939 -0.998487 0.0107104 9.64248 -0.00172301 -0.0108191 -0.99994 0.259293 0.998543 0.0539173 -0.00230397 0.164444
1548808754715449344 1041 0.0533115 -0.998541 0.00859908 9.71137 -0.00281275 -0.00876145 -0.999958 0.261805 0.998574 0.0532851 -0.00327574 0.162436
1548808754815462400 1044 0.0539095 -0.998512 0.00827168 9.74306 -0.00287793 -0.00843906 -0.99996 0.263041 0.998542 0.0538835 -0.00332859 0.160885
1548808754915475200 1047 0.0521925 -0.998614 0.0068052 9.77151 -0.00442346 -0.0070456 -0.999965 0.26538 0.998627 0.0521605 -0.00478505 0.160373
1548808755048826368 1051 0.0468985 -0.998855 0.00943288 9.80801 -0.0032878 -0.00959757 -0.999949 0.26804 0.998894 0.0468651 -0.00373415 0.160779
1548808755182177280 1055 0.0397911 -0.999183 0.00702266 9.85014 -0.00261592 -0.00713237 -0.999971 0.267541 0.999205 0.0397716 -0.00289759 0.160676
1548808755282190336 1058 0.0331322 -0.999428 0.00674819 9.88379 -0.0058766 -0.00694658 -0.999959 0.268455 0.999434 0.0330911 -0.0061034 0.158571
1548808755348865280 1060 0.0246086 -0.999676 0.00650929 9.90344 -0.00481668 -0.00662975 -0.999966 0.264978 0.999686 0.0245765 -0.00497827 0.158123
1548808755448879360 1063 0.0132262 -0.999896 0.00583466 9.93785 -0.00817145 -0.00594306 -0.999949 0.267221 0.999879 0.0131779 -0.0082492 0.159768
1548808755515554304 1065 0.00421546 -0.999987 0.00286043 9.95955 -0.00735128 -0.00289137 -0.999969 0.268855 0.999964 0.0041943 -0.00736337 0.154527
1548808755648905216 1069 -0.0145696 -0.999874 0.00637231 10.0029 -0.00933571 -0.00623668 -0.999937 0.268083 0.99985 -0.0146282 -0.00924366 0.151968
1548808755715580416 1071 -0.0196679 -0.999803 0.00281531 10.0242 -0.0105735 -0.0026077 -0.999941 0.269053 0.999751 -0.0196965 -0.0105201 0.151501
1548808755815594240 1074 -0.0175011 -0.999831 0.00568469 10.0539 -0.00905917 -0.00552676 -0.999944 0.271049 0.999806 -0.0175516 -0.00896091 0.150612
1548808755948945408 1078 -0.0148331 -0.999882 0.00404319 10.0959 -0.0100075 -0.00389498 -0.999942 0.27131 0.99984 -0.0148727 -0.00994853 0.152172
1548808756148971264 1084 -0.0106479 -0.999933 0.00456664 10.1584 -0.00653409 -0.00449723 -0.999969 0.277754 0.999922 -0.0106774 -0.00648576 0.151244
1548808756348997376 1090 0.00012591 -0.999994 0.00344842 10.2162 -0.00510785 -0.00344902 -0.999981 0.275141 0.999987 0.000108294 -0.00510826 0.150268
1548808756482348288 1094 0.0097255 -0.999947 0.00334905 10.2546 -0.0066435 -0.00341375 -0.999972 0.277899 0.999931 0.00970298 -0.00667635 0.152432
1548808756615699200 1098 0.0192337 -0.999812 0.00260697 10.3001 -0.00591707 -0.00272123 -0.999979 0.278848 0.999798 0.0192178 -0.00596829 0.154163
1548808756715712256 1101 0.0287505 -0.999579 0.00391639 10.3304 -0.00792934 -0.00414595 -0.99996 0.278635 0.999555 0.0287183 -0.0080452 0.153383
1548808756915739392 1107 0.046282 -0.998919 0.00436816 10.3914 -0.00868839 -0.00477522 -0.999951 0.282186 0.998891 0.0462417 -0.0089 0.149035
1548808757115765248 1113 0.0579903 -0.998311 0.00338437 10.4546 -0.0066332 -0.00377531 -0.999971 0.284811 0.998295 0.0579662 -0.00684093 0.149452
1548808757215778304 1116 0.0632765 -0.997995 0.00146378 10.4845 -0.00651009 -0.00187945 -0.999977 0.283986 0.997975 0.0632655 -0.00661597 0.148679
1548808757349129216 1120 0.0708247 -0.997487 0.00185525 10.523 -0.00829179 -0.0024486 -0.999963 0.284458 0.997454 0.0708067 -0.00844438 0.149553
1548808757482480384 1124 0.0706432 -0.997502 0.000111033 10.5635 -0.00625553 -0.000554326 -0.99998 0.287112 0.997482 0.0706411 -0.00627906 0.147612
1548808757649169408 1129 0.0722791 -0.997384 -0.000842366 10.6181 -0.00660322 0.00036603 -0.999978 0.288306 0.997363 0.0722831 -0.00655949 0.140627
1548808757749182208 1132 0.0706769 -0.997499 0.000541774 10.6461 -0.00794701 -0.00110619 -0.999968 0.291308 0.997468 0.0706703 -0.00800532 0.138804
1548808757915870208 1137 0.0713258 -0.997453 -0.000648769 10.6989 -0.00758653 0.00010791 -0.999971 0.292417 0.997424 0.0713286 -0.00755951 0.133985
1548808758049221376 1141 0.0692207 -0.997601 -0.000907958 10.7418 -0.00703411 0.000422042 -0.999975 0.291833 0.997577 0.0692254 -0.00698802 0.130661
1548808758182572288 1145 0.0656412 -0.997834 -0.00420499 10.7832 -0.00665976 0.00377589 -0.999971 0.291216 0.997821 0.0656672 -0.00639749 0.128495
1548808758382598400 1151 0.0586268 -0.998274 -0.00344871 10.8478 -0.00449297 0.00319075 -0.999985 0.293605 0.99827 0.0586414 -0.00429815 0.123776
1548808758482612224 1154 0.0532255 -0.998582 -0.000849689 10.8763 -0.00669813 0.000493858 -0.999977 0.292966 0.99856 0.05323 -0.00666235 0.121866
1548808758615963392 1158 0.0484966 -0.998809 -0.00531927 10.9178 -0.00452849 0.00510561 -0.999977 0.291852 0.998813 0.0485196 -0.0042755 0.118535
1548808758749313280 1162 0.0433685 -0.999045 -0.00536087 10.9598 -0.00218518 0.00527105 -0.999984 0.293232 0.999057 0.0433795 -0.0019545 0.113532
1548808758949340416 1168 0.0345907 -0.999396 -0.00329546 11.0217 -0.000702607 0.00327311 -0.999994 0.294428 0.999401 0.0345928 -0.000588964 0.107306
1548808759082691328 1172 0.028646 -0.999589 -0.00139509 11.0626 0.00100746 0.00142454 -0.999998 0.29587 0.999589 0.0286446 0.00104786 0.106497
1548808759316055296 1179 0.0254801 -0.999654 0.00648432 11.1321 -0.00260399 -0.00655277 -0.999975 0.298288 0.999672 0.0254626 -0.00277006 0.106493
1548808759449406208 1183 0.026055 -0.999652 0.00408559 11.1722 -0.00272108 -0.00415789 -0.999988 0.300002 0.999657 0.0260436 -0.00282847 0.106542
1548808759616094208 1188 0.0254998 -0.999662 0.00501754 11.2217 -0.00238119 -0.00507989 -0.999984 0.301234 0.999672 0.0254874 -0.00250992 0.104968
1548808759716107264 1191 0.027173 -0.99961 0.00645394 11.2524 -0.000401373 -0.00646724 -0.999979 0.303043 0.999631 0.0271698 -0.000576951 0.103297
1548808759782783232 1193 0.0263805 -0.999622 0.00776089 11.2739 -0.002116 -0.00781941 -0.999967 0.303438 0.99965 0.0263632 -0.00232148 0.101256
1548808759849458176 1195 0.0247301 -0.999652 0.0091501 11.295 -0.000647819 -0.00916892 -0.999958 0.303889 0.999694 0.0247231 -0.000874341 0.100035
1548808759949472256 1198 0.023794 -0.999657 0.0109732 11.327 0.000249537 -0.0109704 -0.99994 0.305407 0.999717 0.0237953 -1.15794e-05 0.0990591
1548808760082822400 1202 0.0247383 -0.999677 0.00574269 11.3697 -0.000979178 -0.00576868 -0.999983 0.306045 0.999693 0.0247322 -0.00112157 0.100219
1548808760282849280 1208 0.0245833 -0.999682 0.00569381 11.4335 0.000413156 -0.00568537 -0.999984 0.308035 0.999698 0.0245852 0.00027326 0.0980195
1548808760616226304 1218 0.0210994 -0.999738 0.00891427 11.5402 -0.000826745 -0.0089337 -0.99996 0.313487 0.999777 0.0210911 -0.00101502 0.0982821
1548808760882928384 1226 0.0204644 -0.999761 0.00773539 11.6267 0.00205292 -0.00769498 -0.999968 0.316491 0.999788 0.0204797 0.00189495 0.0934268
1548808761082954240 1232 0.0216806 -0.999744 0.006515 11.693 0.00233226 -0.00646594 -0.999976 0.316998 0.999762 0.0216953 0.00219147 0.0891225
1548808761282981376 1238 0.0213244 -0.999748 0.00696072 11.7573 0.0030068 -0.00689814 -0.999972 0.317857 0.999768 0.0213448 0.00285895 0.0886715
1548808761483007232 1244 0.0201464 -0.999762 0.00841697 11.8211 0.00458347 -0.00832623 -0.999955 0.321112 0.999787 0.020184 0.00441463 0.0865597
1548808761583020288 1247 0.0213805 -0.999731 0.00903492 11.8534 0.00530003 -0.00892352 -0.999946 0.32235 0.999757 0.0214272 0.00510782 0.0854248
1548808761783046400 1253 0.0217007 -0.999669 0.0138247 11.9154 0.00399783 -0.0137411 -0.999898 0.324021 0.999757 0.0217537 0.00369832 0.0854272
1548808762049748224 1261 0.020428 -0.999749 0.00919849 12.0037 0.0029008 -0.0091411 -0.999954 0.325467 0.999787 0.0204537 0.00271334 0.0850137
1548808762183099392 1265 0.0205814 -0.999753 0.00840838 12.0481 0.00359741 -0.00833605 -0.999959 0.327292 0.999782 0.0206108 0.00342496 0.0829833
1548808762316450304 1269 0.0216815 -0.99974 0.0070683 12.0923 0.00468284 -0.00696833 -0.999965 0.331075 0.999754 0.0217138 0.00453054 0.0808825
1548808762449801216 1273 0.0192949 -0.999792 0.00666505 12.134 0.00305522 -0.0066073 -0.999974 0.332645 0.999809 0.0193148 0.00292709 0.0833072
1548808762516476416 1275 0.0209689 -0.999761 0.00615481 12.1531 0.00519072 -0.00604722 -0.999968 0.334702 0.999767 0.0210002 0.00506267 0.0811287
1548808762716503296 1281 0.0194099 -0.999806 0.00326898 12.2186 0.0037684 -0.00319641 -0.999988 0.337478 0.999805 0.019422 0.00370563 0.0815093
1548808762816516352 1284 0.0184648 -0.999817 0.0049387 12.2482 0.00181104 -0.00490609 -0.999986 0.336339 0.999828 0.0184735 0.00172012 0.0823065
1548808762883191296 1286 0.0210261 -0.999777 0.00185326 12.2707 0.0030424 -0.00178968 -0.999994 0.338241 0.999774 0.0210316 0.00300409 0.0802331
1548808763049880320 1291 0.0179431 -0.999838 0.00172859 12.3199 0.00186786 -0.00169534 -0.999997 0.337372 0.999837 0.0179463 0.00183714 0.0822759
1548808763249906176 1297 0.0181067 -0.999829 0.00366695 12.3818 0.000328207 -0.0036616 -0.999993 0.340244 0.999836 0.0181078 0.000261852 0.0821808
1548808763416595200 1302 0.020969 -0.999777 0.00257438 12.4384 0.000542014 -0.00256358 -0.999997 0.341158 0.99978 0.0209703 0.000488138 0.0720984
1548808763549946368 1306 0.0177219 -0.999833 0.00448801 12.4803 0.00345552 -0.00442744 -0.999984 0.343504 0.999837 0.0177372 0.00337648 0.0738672
1548808763749972224 1312 0.0171551 -0.999841 0.00494959 12.5423 0.00394102 -0.00488266 -0.99998 0.344911 0.999845 0.0171742 0.00385663 0.0739659
1548808763916661248 1317 0.0155585 -0.999872 0.00363795 12.5959 0.00486838 -0.0035626 -0.999982 0.346109 0.999867 0.0155759 0.00481233 0.0704938
1548808764250038272 1327 0.0174002 -0.999848 -0.000836104 12.7046 0.00532526 0.000928894 -0.999985 0.346634 0.999834 0.0173955 0.00534062 0.0677053
1548808764550078208 1336 0.0198906 -0.999795 0.00378909 12.7959 0.0010988 -0.00376798 -0.999992 0.350299 0.999802 0.0198946 0.00102363 0.0723441
1548808764850117376 1345 0.0164865 -0.999856 0.00390542 12.8921 0.000976931 -0.00388984 -0.999992 0.355337 0.999864 0.0164902 0.000912661 0.072483
1548808765050143232 1351 0.0166121 -0.999861 0.00128085 12.9569 0.000875155 -0.00126649 -0.999999 0.356828 0.999862 0.0166132 0.000853995 0.0734547
1548808765350183424 1360 0.0163563 -0.999865 -0.00142624 13.0531 -0.00120981 0.00140664 -0.999998 0.358013 0.999865 0.016358 -0.00118664 0.073878
1548808765516872192 1365 0.0174796 -0.999843 0.00280153 13.1027 -0.000785605 -0.00281569 -0.999996 0.35922 0.999847 0.0174773 -0.000834699 0.0714006
1548808765783573248 1373 0.0148585 -0.999862 0.00742496 13.1824 -0.000682185 -0.00743591 -0.999972 0.362771 0.999889 0.014853 -0.000792578 0.0789409
1548808765916924416 1377 0.0149116 -0.999873 0.00569039 13.2254 0.000255998 -0.0056872 -0.999984 0.365116 0.999889 0.0149128 0.00017116 0.077356
1548808766083613184 1382 0.0168885 -0.999839 0.00608346 13.2802 0.00071993 -0.00607216 -0.999981 0.368491 0.999857 0.0168926 0.000617264 0.0745305
1548808766216964352 1386 0.0171084 -0.99982 0.00815566 13.323 -0.000537855 -0.00816606 -0.999967 0.3693 0.999853 0.0171034 -0.000677467 0.0755385
1548808766350315264 1390 0.0163906 -0.999838 0.00746779 13.3644 -0.0010547 -0.00748608 -0.999971 0.371345 0.999865 0.0163822 -0.00117723 0.077781
1548808766550341376 1396 0.0162801 -0.999844 0.00683892 13.4258 -0.000431406 -0.00684685 -0.999976 0.371974 0.999867 0.0162768 -0.000542806 0.0753354
1548808766750367232 1402 0.0165393 -0.999839 0.00697382 13.4912 0.00166547 -0.00694722 -0.999974 0.374293 0.999862 0.0165505 0.00155029 0.074178
1548808766950394368 1408 0.0157568 -0.999817 0.0108757 13.5534 -0.00150677 -0.0109008 -0.999939 0.376916 0.999875 0.0157395 -0.00167826 0.0757869
1548808767083745280 1412 0.0135597 -0.999837 0.011953 13.5956 -0.00244006 -0.0119871 -0.999925 0.379001 0.999905 0.0135295 -0.00260221 0.077625
1548808767283771392 1418 0.0147334 -0.999859 0.00803651 13.6614 -0.00108044 -0.0080533 -0.999967 0.380467 0.999891 0.0147243 -0.00119894 0.0751574
1548808767517135360 1425 0.0134163 -0.999889 0.00641541 13.7337 0.000903525 -0.00640386 -0.999979 0.380426 0.99991 0.0134218 0.000817509 0.0762769
1548808767683824384 1430 0.0143851 -0.999879 0.00585963 13.784 -0.0029878 -0.00590319 -0.999978 0.384173 0.999892 0.0143673 -0.00307236 0.0782644
1548808767983863296 1439 0.0129915 -0.999879 0.00854605 13.8785 -0.00750566 -0.00864404 -0.999934 0.388941 0.999887 0.0129265 -0.00761705 0.0779208
1548808768050539264 1441 0.0136684 -0.999886 0.00637878 13.8969 -0.00608394 -0.00646242 -0.999961 0.391911 0.999888 0.013629 -0.00617158 0.0759188
1548808768283903232 1448 0.0103241 -0.999934 0.00501674 13.9707 -0.00494696 -0.00506802 -0.999975 0.3939 0.999934 0.010299 -0.00499896 0.0758142
1548808768383916288 1451 0.00994569 -0.999935 0.00550264 13.9999 -0.00623769 -0.00556484 -0.999965 0.394833 0.999931 0.00991102 -0.00629263 0.075869
1548808768717293312 1461 0.00551774 -0.999965 0.00633292 14.1044 -0.00492856 -0.00636014 -0.999968 0.398936 0.999973 0.00548635 -0.00496348 0.0747877
1548808768817306368 1464 0.00370108 -0.999943 0.00997083 14.1328 -0.00493748 -0.00998905 -0.999938 0.402226 0.999981 0.00365162 -0.00497418 0.0777259
1548808768883982336 1466 0.00294467 -0.999974 0.00661909 14.1533 -0.00572974 -0.00663588 -0.999962 0.401947 0.999979 0.00290663 -0.00574913 0.077313
1548808768983995392 1469 0.000606098 -0.999947 0.0102889 14.1842 -0.00646581 -0.0102926 -0.999926 0.402567 0.999979 0.000539528 -0.0064717 0.0782639
1548808769150684416 1474 -0.00310547 -0.999956 0.00883479 14.2396 -0.006048 -0.00881589 -0.999943 0.40629 0.999977 -0.00315873 -0.00602036 0.080269
1548808769284035328 1478 -0.00798169 -0.999933 0.00840103 14.2843 -0.00564646 -0.0083561 -0.999949 0.408557 0.999952 -0.00802872 -0.00557938 0.0838427
1548808769417385216 1482 -0.0101987 -0.999915 0.00813992 14.3291 -0.0039937 -0.00809955 -0.999959 0.413405 0.99994 -0.0102308 -0.00391076 0.0830644
1548808769550736384 1486 -0.0131289 -0.999838 0.0123462 14.3699 -0.00610995 -0.0122668 -0.999906 0.414271 0.999895 -0.0132031 -0.00594791 0.0834037
1548808769750763264 1492 -0.0178284 -0.999742 0.0141024 14.4337 -0.00617405 -0.0139943 -0.999883 0.41556 0.999822 -0.0179133 -0.00592296 0.0827101
1548808769984127232 1499 -0.0275573 -0.999512 0.0147418 14.5096 -0.0092941 -0.0144905 -0.999852 0.418362 0.999577 -0.0276902 -0.00889024 0.0852598
1548808770284166400 1508 -0.0354131 -0.999284 0.0133335 14.6074 -0.0120066 -0.0129155 -0.999845 0.426111 0.999301 -0.0355677 -0.0115406 0.0909086
1548808770517530368 1515 -0.0357212 -0.999263 0.0140524 14.6872 -0.0131164 -0.0135913 -0.999822 0.427119 0.999276 -0.0358992 -0.0126212 0.0943597
1548808770617544192 1518 -0.0369606 -0.999208 0.0147614 14.7189 -0.0121787 -0.01432 -0.999823 0.429542 0.999243 -0.0371339 -0.0116398 0.09608
1548808770817570304 1524 -0.0405655 -0.999043 0.0163369 14.7808 -0.011454 -0.0158843 -0.999808 0.438327 0.999111 -0.0407448 -0.0107987 0.0978272
1548808770950921216 1528 -0.0473196 -0.99876 0.0154944 14.8222 -0.0116466 -0.0149591 -0.99982 0.439802 0.998812 -0.0474916 -0.0109243 0.100305
1548808771217623296 1536 -0.0654342 -0.997745 0.0149599 14.9064 -0.0141625 -0.0140619 -0.999801 0.441908 0.997756 -0.065633 -0.0132104 0.108027
1548808771284298240 1538 -0.071073 -0.99733 0.0167514 14.9246 -0.0154257 -0.0156929 -0.999758 0.440181 0.997352 -0.0713142 -0.0142692 0.109517
1548808771384311296 1541 -0.0795974 -0.996716 0.0148734 14.9572 -0.015019 -0.0137199 -0.999793 0.442655 0.996714 -0.0798043 -0.0138776 0.111637
1548808771551000320 1546 -0.079311 -0.996699 0.0173499 15.0094 -0.0173741 -0.01602 -0.999721 0.443968 0.996699 -0.0795902 -0.0160462 0.11657
1548808771617675264 1548 -0.0798599 -0.996606 0.0199892 15.0284 -0.0171189 -0.0186791 -0.999679 0.446931 0.996659 -0.0801764 -0.0155691 0.118177
