1548808722080971264 62 0.0024231 -0.999997 0.000563323 0.0139949 -0.000946278 -0.000565617 -0.999999 0.000388786 0.999997 0.00242257 -0.000947645 0.000923722
1548808722280997376 68 0.00496891 -0.999987 -0.000927798 0.0283402 -0.000824879 0.000923711 -0.999999 0.00082449 0.999987 0.00496967 -0.000820279 0.000261786
1548808722781063168 83 0.0376826 -0.999287 -0.00222179 0.0733048 0.00188745 0.00229454 -0.999996 0.00190804 0.999288 0.0376782 0.00197257 0.00316682
1548808723247791360 97 0.0724248 -0.997373 -0.00090428 0.126123 0.00139361 0.00100786 -0.999999 0.00347387 0.997373 0.0724235 0.00146295 0.00610477
1548808723581169408 107 0.0732458 -0.997312 -0.00182908 0.163071 0.00232836 0.002005 -0.999995 0.00208611 0.997311 0.0732412 0.00246896 0.0052832
1548808724081234176 122 0.0731648 -0.99732 -0.000728045 0.213392 0.00303483 0.000952637 -0.999995 0.00233836 0.997315 0.0731622 0.00309639 0.00258884
1548808724547963392 136 0.0723278 -0.99738 0.00109771 0.25908 0.00640728 -0.000635931 -0.999979 0.00640973 0.99736 0.0723334 0.0063445 0.00317461
1548808724814664192 144 0.0745782 -0.997212 0.00251715 0.286813 0.00738246 -0.001972 -0.999971 0.00652 0.997188 0.0745946 0.00721481 -0.00293986
1548808725114704384 153 0.0748949 -0.997187 0.00281112 0.320355 0.00974203 -0.00208722 -0.99995 0.00616958 0.997144 0.0749186 0.00955831 -0.00882606
1548808725314730240 159 0.0769429 -0.997023 0.00500641 0.344692 0.00950193 -0.0042878 -0.999946 0.00658526 0.99699 0.0769863 0.00914373 -0.0086636
1548808725614770176 168 0.076699 -0.997029 0.00716473 0.386185 0.00902707 -0.00649121 -0.999938 0.00909807 0.997013 0.076759 0.00850238 -0.0101563
1548808726014822400 180 0.0758668 -0.997098 0.00628466 0.442513 0.0102078 -0.00552584 -0.999933 0.00841562 0.997066 0.0759259 0.00975894 -0.0135121
1548808726248187392 187 0.0718857 -0.997399 0.00532146 0.48212 0.009788 -0.00462958 -0.999941 0.00938093 0.997365 0.0719335 0.00942973 -0.0135633
1548808726614902272 198 0.0381245 -0.999273 0.000953431 0.546171 0.00971918 -0.000583271 -0.999953 0.00844389 0.999226 0.0381319 0.00968987 -0.0225879
1548808726880250368 206 0.0193813 -0.999799 -0.00505157 0.601182 0.0100164 0.00524643 -0.999936 0.00603751 0.999762 0.0193295 0.0101161 -0.0233824
1548808727213628416 216 0.0155309 -0.999857 -0.00669068 0.676865 0.0111513 0.00686428 -0.999914 0.01032 0.999817 0.0154549 0.0112563 -0.0249628
1548808727480329216 224 0.0142212 -0.999872 -0.00727647 0.7355 0.0147566 0.00748628 -0.999863 0.00960874 0.99979 0.0141119 0.0148612 -0.0250605
1548808727778875392 233 0.0120416 -0.999895 -0.00805765 0.804172 0.0138484 0.00822422 -0.99987 0.0120969 0.999832 0.0119285 0.013946 -0.0240473
1548808728078914304 242 0.0122951 -0.999877 -0.00975977 0.874984 0.0125726 0.00991432 -0.999872 0.0162419 0.999845 0.0121708 0.0126929 -0.0247613
1548808728245603328 247 0.00796764 -0.999931 -0.00862575 0.912222 0.0137213 0.00873453 -0.999868 0.0174285 0.999874 0.00784823 0.0137899 -0.0263209
1548808728545643264 256 0.00958491 -0.999905 -0.00988443 0.982254 0.0146651 0.0100244 -0.999842 0.0148145 0.999847 0.00943844 0.0147598 -0.0255272
1548808728745669376 262 0.00880708 -0.999926 -0.00837953 1.02935 0.0121233 0.00848601 -0.999891 0.0180042 0.999888 0.00870453 0.0121971 -0.025839
1548808728979033344 269 0.00994923 -0.999911 -0.00893714 1.08594 0.0137682 0.00907372 -0.999864 0.0165829 0.999856 0.00982483 0.0138573 -0.0294871
1548808729312410368 279 0.00629826 -0.99993 -0.0100281 1.16715 0.015715 0.010126 -0.999825 0.0184942 0.999857 0.00613957 0.0157777 -0.0283398
1548808729745801216 292 0.00531668 -0.999962 -0.00695016 1.28043 0.0105261 0.00700583 -0.99992 0.0234025 0.99993 0.00524309 0.0105629 -0.0236973
1548808730045840384 301 0.00574879 -0.999966 -0.00584769 1.36486 0.00917048 0.00590026 -0.999941 0.0251106 0.999941 0.00569482 0.00920409 -0.0217131
1548808730179191296 305 0.00592707 -0.999959 -0.00681206 1.40326 0.0110118 0.00687703 -0.999916 0.0259314 0.999922 0.00585155 0.0110521 -0.0224052
1548808730345880320 310 0.00383427 -0.999981 -0.00484488 1.45246 0.0101276 0.0048835 -0.999937 0.0259133 0.999941 0.00378496 0.0101462 -0.0184231
1548808730579244288 317 0.00518943 -0.999967 -0.00623588 1.52307 0.00980661 0.00628655 -0.999932 0.0281829 0.999938 0.00512793 0.00983891 -0.017673
1548808730812608256 324 0.00335996 -0.999989 -0.00322773 1.59779 0.00782951 0.00325395 -0.999964 0.0311501 0.999964 0.00333457 0.00784036 -0.0178122
1548808731145985280 334 0.00432253 -0.999986 -0.00290155 1.70688 0.004671 0.00292174 -0.999985 0.0336886 0.99998 0.00430891 0.00468357 -0.0149878
1548808731379349248 341 0.00459992 -0.999985 -0.00308734 1.78548 0.00604602 0.00311513 -0.999977 0.0363516 0.999971 0.00458115 0.00606025 -0.0146521
1548808731679389184 350 0.00477073 -0.999981 -0.00398898 1.88548 0.00807009 0.0040274 -0.999959 0.0374389 0.999956 0.00473834 0.00808914 -0.0148575
1548808731812740352 354 0.00365108 -0.999984 -0.00428988 1.92971 0.00924784 0.00432349 -0.999948 0.0402812 0.999951 0.00361122 0.00926348 -0.0134469
1548808732046104320 361 0.00504707 -0.999982 -0.00320574 2.00513 0.0102853 0.00325752 -0.999942 0.0412107 0.999934 0.00501381 0.0103015 -0.0141219
1548808732312806400 369 0.0049848 -0.999987 0.00143735 2.08904 0.00676833 -0.00140359 -0.999976 0.0479321 0.999965 0.00499441 0.00676124 -0.009954
1548808732479494400 374 0.00879874 -0.99996 0.00148352 2.1444 0.00726946 -0.00141957 -0.999973 0.048037 0.999935 0.00880929 0.00725668 -0.00887551
1548808732679520256 380 0.00563141 -0.99998 0.00275219 2.21123 0.00508852 -0.00272354 -0.999983 0.0508645 0.999971 0.00564533 0.00507309 -0.00558362
1548808732879547392 386 0.00366096 -0.999982 0.00477156 2.27693 0.00566613 -0.00475077 -0.999973 0.0502001 0.999977 0.0036879 0.00564863 -0.00438971
1548808733046235392 391 0.0036098 -0.99998 0.00510659 2.3322 0.00555567 -0.00508649 -0.999972 0.0520562 0.999978 0.00363807 0.0055372 -0.00396612
1548808733312937216 399 0.000791282 -0.999993 0.00374169 2.42045 0.00520908 -0.00373752 -0.999979 0.0550193 0.999986 0.000810756 0.00520609 -0.00224385
1548808733546301184 406 -0.000765237 -0.999999 -0.00145421 2.49987 0.00602299 0.00144958 -0.999981 0.0558004 0.999982 -0.000773981 0.00602187 -0.000704132
1548808733712990208 411 0.000187574 -0.999997 -0.00229234 2.55497 0.00579412 0.00229339 -0.999981 0.0566389 0.999983 0.000174288 0.00579453 -8.44377e-05
1548808733879679232 416 0.000872881 -0.999986 -0.00517888 2.60736 0.0061038 0.00518411 -0.999968 0.0565004 0.999981 0.000841242 0.00610824 0.000664478
1548808734179718400 425 -0.00122099 -0.999993 -0.00367111 2.67206 0.00660987 0.00366296 -0.999971 0.0571968 0.999977 -0.00124522 0.00660534 0.00340726
1548808734413082368 432 -0.00110338 -0.999921 -0.0125073 2.72223 0.00635941 0.0125 -0.999902 0.0569907 0.999979 -0.00118281 0.00634511 0.00292646
1548808734846473216 445 -0.000554054 -0.99996 -0.00892012 2.72326 0.00538074 0.00891701 -0.999946 0.0570586 0.999985 -0.000602021 0.00537558 0.00422452
1548808735113174272 453 -3.97069e-06 -0.999973 -0.00738682 2.74511 0.00621176 0.00738665 -0.999953 0.0594071 0.999981 -4.98557e-05 0.00621156 0.00359187
1548808735346538240 460 -0.00150183 -0.999937 -0.0110898 2.82615 0.0072618 0.0110786 -0.999912 0.0599127 0.999973 -0.00158223 0.0072447 0.0042007
1548808735513227264 465 -0.000155116 -0.999959 -0.00901632 2.8886 0.00507551 0.00901541 -0.999946 0.0613069 0.999987 -0.00020087 0.0050739 0.00799576
1548808735579903232 467 0.00103524 -0.999984 -0.00564153 2.91097 0.00434745 0.00564598 -0.999975 0.0646849 0.99999 0.00101069 0.00435322 0.0113897
1548808735679916288 470 -0.00140766 -0.999976 -0.00676735 2.95521 0.00546359 0.00675956 -0.999962 0.0650635 0.999984 -0.00144458 0.00545395 0.0133417
1548808735746591232 472 0.00092595 -0.999986 -0.00529671 2.98494 0.00665712 0.00530276 -0.999964 0.0659955 0.999977 0.000890655 0.00666194 0.0116449
1548808735879942400 476 0.00128573 -0.999997 -0.00213643 3.04437 0.00812923 0.00214681 -0.999965 0.0723361 0.999966 0.00126832 0.00813196 0.0143905
1548808735979955200 479 -0.0018128 -0.999995 -0.00263308 3.08901 0.00890881 0.00261683 -0.999957 0.0727415 0.999959 -0.00183618 0.00890402 0.0113088
1548808736046631424 481 -0.00174921 -0.999997 -0.00179769 3.11935 0.00463647 0.00178956 -0.999988 0.0736581 0.999988 -0.00175752 0.00463332 0.0112315
1548808736146644224 484 0.00050508 -0.999996 0.00286683 3.17305 0.00394735 -0.00286481 -0.999988 0.0786005 0.999992 0.000516391 0.00394588 0.012865
1548808736213011200 486 -0.000251315 -0.999996 0.00281782 3.20852 0.00606656 -0.00281929 -0.999978 0.0813053 0.999982 -0.000234215 0.00606725 0.0130758
1548808736279687168 488 0.000418521 -0.999992 0.00389984 3.25162 0.00573054 -0.00389738 -0.999976 0.0797412 0.999983 0.000440859 0.00572887 0.0156808
1548808736379700224 491 -0.00172362 -0.999982 0.00577878 3.31067 0.00811581 -0.00579258 -0.99995 0.0825837 0.999966 -0.00167663 0.00812565 0.015448
1548808736479713280 494 -0.00396173 -0.999966 0.00719751 3.37121 0.00691293 -0.00722479 -0.99995 0.0837484 0.999968 -0.00391177 0.00694132 0.0163869
1548808736579726336 497 -0.00365859 -0.999945 0.00984263 3.43083 0.00608451 -0.00986477 -0.999933 0.0887948 0.999975 -0.00359846 0.00612027 0.0174319
1548808736713077248 501 -0.00260407 -0.999979 0.00595448 3.51459 0.00628119 -0.00597074 -0.999962 0.0907226 0.999977 -0.00256657 0.0062966 0.0202046
1548808736879766272 506 -0.0064138 -0.99997 0.00438134 3.62038 0.00830294 -0.00443454 -0.999956 0.0934411 0.999945 -0.00637714 0.00833113 0.0211803
1548808736979779328 509 -0.00599359 -0.999974 0.00401503 3.68391 0.0100455 -0.00407511 -0.999941 0.094782 0.999932 -0.00595291 0.0100697 0.0203621
1548808737113130240 513 -0.0049887 -0.999937 0.0100997 3.76478 0.00735676 -0.0101362 -0.999922 0.0979608 0.99996 -0.00491401 0.00740686 0.0233966
1548808737213143296 516 -0.00542074 -0.999977 0.00411437 3.83919 0.00572934 -0.00414542 -0.999975 0.0983931 0.999969 -0.00539703 0.00575168 0.0235244
1548808737280322304 518 -0.00454029 -0.999981 0.0041454 3.88823 0.00551048 -0.0041704 -0.999976 0.0990594 0.999975 -0.00451734 0.00552931 0.0268982
1548808737346997248 520 -0.00280371 -0.999996 -0.000437402 3.93674 0.00608872 0.000420325 -0.999981 0.100754 0.999978 -0.00280632 0.00608751 0.0280768
1548808737447010304 523 -0.00382275 -0.999992 -0.0012099 4.00931 0.00179306 0.00120305 -0.999998 0.103348 0.999991 -0.00382491 0.00178845 0.0309876
1548808737547023360 526 -0.00534459 -0.999982 -0.00277619 4.08265 0.00116996 0.00276998 -0.999995 0.103864 0.999985 -0.00534782 0.00115514 0.0315638
1548808737647037184 529 -0.00692459 -0.999973 -0.00253508 4.15098 0.000651499 0.00253063 -0.999997 0.105128 0.999976 -0.00692622 0.000633958 0.0339766
1548808737713712384 531 -0.00486486 -0.999973 -0.00554473 4.19844 -0.00136147 0.00555141 -0.999984 0.106537 0.999987 -0.00485724 -0.00138844 0.0351863
1548808737813725184 534 -0.00692268 -0.999972 -0.00287962 4.27458 -0.00126574 0.00288845 -0.999995 0.107989 0.999975 -0.006919 -0.0012857 0.0364285
1548808737913738240 537 -0.00524872 -0.999985 -0.00175733 4.34576 0.00176778 0.00174807 -0.999997 0.110332 0.999985 -0.00525181 0.00175858 0.0370848
1548808738047089408 541 -0.00549628 -0.999962 -0.00679603 4.44552 0.00048131 0.00679349 -0.999977 0.111406 0.999985 -0.00549942 0.000443952 0.0379804
1548808738180440320 545 -0.00373567 -0.99999 -0.0026212 4.54578 0.00113825 0.00261696 -0.999996 0.11509 0.999992 -0.00373864 0.00112846 0.0397114
1548808738280453376 548 -0.0021801 -0.999998 0.000390487 4.61803 -0.00308619 -0.000383757 -0.999995 0.115649 0.999993 -0.00218129 -0.00308535 0.0418244
1548808738380466176 551 -0.00429769 -0.99999 0.000735671 4.68724 -0.00375773 -0.000719523 -0.999993 0.117857 0.999984 -0.00430042 -0.0037546 0.0437252
1548808738480480256 554 1.21043e-05 -1 -0.000549867 4.75815 -0.000413558 0.000549862 -1 0.120946 1 1.23317e-05 -0.000413552 0.0410493
1548808738580493312 557 -0.000878992 -0.999996 0.00255476 4.82324 -0.0033631 -0.00255179 -0.999991 0.124363 0.999994 -0.000887576 -0.00336085 0.0383839
1548808738680506368 560 -0.00348087 -0.999971 0.0067701 4.88856 -0.00533217 -0.00675149 -0.999963 0.126854 0.99998 -0.00351684 -0.00530851 0.039835
1548808738780519424 563 -0.00301833 -0.999981 0.00532636 4.95749 -0.0037656 -0.00531498 -0.999979 0.12888 0.999988 -0.00303832 -0.00374949 0.0397083
1548808738880532224 566 -0.00895632 -0.999958 0.00207822 5.00696 -0.00702491 -0.00201533 -0.999973 0.130949 0.999935 -0.00897068 -0.00700656 0.0379435
1548808739413936384 582 -0.00830299 -0.999938 0.00736623 5.01545 -0.00636112 -0.00731352 -0.999953 0.132161 0.999945 -0.00834946 -0.0063 0.0394308
1548808739613962240 588 -0.00793223 -0.999941 0.00737438 5.03489 -0.00572966 -0.00732904 -0.999957 0.133264 0.999952 -0.00797414 -0.00567119 0.0404826
1548808739947340288 598 -0.00862105 -0.999933 0.00773552 5.10514 -0.00585067 -0.00768523 -0.999953 0.134565 0.999946 -0.00866591 -0.00578402 0.0403437
1548808740047353344 601 -0.00740066 -0.999951 0.00657599 5.13109 -0.0043589 -0.00654385 -0.999969 0.137267 0.999963 -0.0074291 -0.00431026 0.0414202
1548808740280717312 608 -0.00802212 -0.999936 0.00792604 5.18907 -0.00533328 -0.0078834 -0.999955 0.139 0.999954 -0.00806402 -0.0052697 0.0418392
1548808740447405312 613 -0.00884818 -0.999909 0.0101751 5.2371 -0.0052555 -0.0101288 -0.999935 0.139978 0.999947 -0.00890108 -0.0051654 0.0424721
1548808740580756224 617 -0.00907324 -0.999945 0.00517411 5.2825 -0.00443854 -0.005134 -0.999977 0.14086 0.999949 -0.009096 -0.00439172 0.0436325
1548808740647432192 619 -0.0104178 -0.999918 0.00740996 5.3067 -0.00587489 -0.00734903 -0.999956 0.142192 0.999928 -0.0104609 -0.00579785 0.0476976
1548808740780783360 623 -0.00951155 -0.999951 0.00278287 5.35281 -0.00369956 -0.00274779 -0.999989 0.141832 0.999948 -0.00952175 -0.00367324 0.0458004
1548808740914134272 627 -0.0115204 -0.999927 0.00358749 5.39751 -0.00740735 -0.00350229 -0.999966 0.142785 0.999906 -0.0115466 -0.00736646 0.0520399
1548808741047484416 631 -0.0110343 -0.999938 0.00156068 5.44283 -0.00673172 -0.00148646 -0.999976 0.14393 0.999916 -0.0110446 -0.0067149 0.0505549
1548808741180835328 635 -0.00836123 -0.999962 -0.00240534 5.48925 -0.00601081 0.00245564 -0.999979 0.147086 0.999947 -0.0083466 -0.00603112 0.0510486
1548808741380862208 641 -0.00787533 -0.999945 -0.00688287 5.55726 -0.00574305 0.0069282 -0.99996 0.144174 0.999952 -0.00783549 -0.0057973 0.0509307
1548808741514213376 645 -0.0110447 -0.999918 -0.00644575 5.60053 -0.00547108 0.00650647 -0.999964 0.147119 0.999924 -0.011009 -0.00554249 0.0526611
1548808741680901376 650 -0.0111943 -0.999923 -0.00538586 5.65492 -0.00804159 0.00547604 -0.999953 0.143675 0.999905 -0.0111505 -0.00810227 0.0545159
1548808741814252288 654 -0.00989393 -0.999918 -0.00812555 5.69713 -0.00735501 0.0081985 -0.999939 0.146741 0.999924 -0.00983356 -0.00743552 0.0548174
1548808742047616256 661 -0.012482 -0.999905 -0.00580906 5.77493 -0.00626979 0.00588766 -0.999963 0.146646 0.999902 -0.0124451 -0.00634268 0.0551814
1548808742180464384 665 -0.011924 -0.999904 -0.00703701 5.81901 -0.00340225 0.00707804 -0.999969 0.148568 0.999923 -0.0118997 -0.00348632 0.0574126
1548808742347153408 670 -0.0107528 -0.999911 -0.00794393 5.87711 -0.00191288 0.00796494 -0.999966 0.146263 0.99994 -0.0107372 -0.00199835 0.0560907
1548808742580517376 677 -0.0138337 -0.999904 -0.000295457 5.95325 0.00106683 0.000280725 -0.999999 0.149521 0.999904 -0.013834 0.00106284 0.0576097
1548808742847219200 685 -0.0135607 -0.999907 0.00171379 6.04074 0.00402079 -0.00176846 -0.99999 0.152087 0.9999 -0.0135537 0.0040444 0.0622563
1548808742980570368 689 -0.014565 -0.999891 0.0023831 6.0843 0.00208383 -0.00241371 -0.999995 0.15361 0.999892 -0.01456 0.00211876 0.0631489
1548808743080583168 692 -0.0133658 -0.999908 0.00238068 6.11875 0.00528396 -0.00245149 -0.999983 0.157353 0.999897 -0.013353 0.00531624 0.0599809
1548808743247271424 697 -0.0159597 -0.999851 0.00655927 6.1712 0.00748367 -0.00667937 -0.99995 0.155695 0.999845 -0.0159098 0.00758916 0.0610806
1548808743480635392 704 -0.0174642 -0.999783 0.0113516 6.24268 0.00706005 -0.0114764 -0.999909 0.161585 0.999823 -0.0173825 0.00725895 0.0662886
1548808743647324416 709 -0.0200415 -0.999691 0.0147239 6.29854 0.00475001 -0.0148219 -0.999879 0.161055 0.999788 -0.0199691 0.00504559 0.0683706
1548808743914026240 717 -0.0203441 -0.999656 0.0165387 6.3836 0.00754525 -0.0166952 -0.999832 0.163586 0.999765 -0.0202159 0.0078823 0.0688724
1548808744114052352 723 -0.0213859 -0.999654 0.0152972 6.44924 0.00392216 -0.0153845 -0.999874 0.16615 0.999764 -0.0213232 0.00424982 0.0778929
1548808744214065408 726 -0.0205896 -0.999641 0.017156 6.47912 -0.00121496 -0.0171346 -0.999852 0.167735 0.999787 -0.0206074 -0.000861726 0.0830957
1548808744447429376 733 -0.0217796 -0.99964 0.0156443 6.55242 -0.000696442 -0.0156328 -0.999878 0.170927 0.999763 -0.0217879 -0.000355714 0.0865043
1548808744580780288 737 -0.0198843 -0.999713 0.0133476 6.59635 -0.00426863 -0.0132652 -0.999903 0.170182 0.999793 -0.0199394 -0.00400363 0.0896893
1548808744714131200 741 -0.0196061 -0.999694 0.0150875 6.63917 -0.000119392 -0.0150881 -0.999886 0.171124 0.999808 -0.0196057 0.000176464 0.0885683
1548808744914158336 747 -0.0201508 -0.999732 0.011415 6.7017 -0.00235636 -0.0113698 -0.999933 0.171202 0.999794 -0.0201763 -0.00212662 0.097985
1548808745147522304 754 -0.0189427 -0.999706 0.0151346 6.7756 -0.0058406 -0.0150264 -0.99987 0.177276 0.999804 -0.0190287 -0.00555424 0.100486
1548808745347548416 760 -0.018187 -0.999735 0.0141471 6.83955 -0.00403206 -0.014076 -0.999893 0.176212 0.999826 -0.0182421 -0.00377499 0.0988404
1548808745547574272 766 -0.0170896 -0.999772 0.0128142 6.90128 -0.00728379 -0.0126913 -0.999893 0.176568 0.999827 -0.0171811 -0.00706523 0.0997113
1548808745747601408 772 -0.0167669 -0.999801 0.0107632 6.96734 -0.0084228 -0.0106231 -0.999908 0.182902 0.999824 -0.0168561 -0.00824301 0.103665
1548808745880952320 776 -0.0163497 -0.999827 0.00885058 7.01224 -0.00746858 -0.00872939 -0.999934 0.184448 0.999838 -0.0164147 -0.00732457 0.103463
1548808746047640320 781 -0.0156268 -0.999828 0.0100304 7.06359 -0.00804492 -0.00990559 -0.999919 0.187 0.999846 -0.0157063 -0.00788874 0.10503
1548808746247667200 787 -0.0179588 -0.999787 0.010123 7.12596 -0.0100475 -0.00994362 -0.9999 0.189651 0.999788 -0.0180587 -0.00986677 0.109439
1548808746447693312 793 -0.0154062 -0.999855 0.00721382 7.19343 -0.0109499 -0.00704553 -0.999915 0.190124 0.999821 -0.0154839 -0.0108398 0.107061
1548808746647719424 799 -0.0191207 -0.999799 0.00598377 7.26538 -0.0124306 -0.00574668 -0.999906 0.192822 0.99974 -0.0191933 -0.0123182 0.106141
1548808746881083392 806 -0.0179596 -0.999839 0.000601432 7.33785 -0.0108778 -0.000406102 -0.999941 0.193452 0.99978 -0.0179651 -0.0108687 0.106016
1548808747047772416 811 -0.0193346 -0.999801 0.00487597 7.38605 -0.012861 -0.00462778 -0.999907 0.197255 0.99973 -0.0193955 -0.012769 0.112412
1548808747214461184 816 -0.0205867 -0.999769 0.00611803 7.43998 -0.0137738 -0.00583513 -0.999888 0.199642 0.999693 -0.0206687 -0.0136505 0.114804
1548808747314474240 819 -0.0208308 -0.999768 0.00550812 7.47243 -0.0138837 -0.00521952 -0.99989 0.202077 0.999687 -0.020905 -0.0137717 0.116523
1548808747447825408 823 -0.0204814 -0.999775 0.00550612 7.51325 -0.0142999 -0.00521378 -0.999884 0.202655 0.999688 -0.0205578 -0.0141899 0.115222
1548808747614513408 828 -0.0230052 -0.999719 0.00568935 7.5631 -0.0139114 -0.0053702 -0.999889 0.202441 0.999639 -0.0230818 -0.0137839 0.119044
1548808747881215232 836 -0.0229024 -0.999719 0.00618449 7.64967 -0.0113301 -0.00592617 -0.999918 0.206533 0.999674 -0.0229706 -0.0111912 0.119866
1548808748047904256 841 -0.0227259 -0.999684 0.0107218 7.69939 -0.0104555 -0.0104863 -0.99989 0.209797 0.999687 -0.0228355 -0.0102139 0.120923
1548808748247930368 847 -0.0235093 -0.999635 0.0133274 7.76439 -0.0089835 -0.0131193 -0.999874 0.209779 0.999683 -0.0236261 -0.00867179 0.121142
1548808748414619392 852 -0.0237743 -0.999641 0.0123794 7.81938 -0.0071106 -0.0122135 -0.9999 0.21022 0.999692 -0.0238599 -0.00681767 0.11958
1548808748681320192 860 -0.0221698 -0.999643 0.0148872 7.90635 -0.00689587 -0.0147376 -0.999868 0.215702 0.99973 -0.0222696 -0.00656668 0.122973
1548808748881347328 866 -0.0231975 -0.999554 0.0188073 7.96893 -0.00895059 -0.0186039 -0.999787 0.217706 0.999691 -0.0233609 -0.00851503 0.126718
1548808749114711296 873 -0.0242148 -0.999603 0.0143809 8.04474 -0.0080841 -0.0141889 -0.999867 0.220732 0.999674 -0.0243278 -0.00773731 0.129947
1548808749348075264 880 -0.0234528 -0.999609 0.0152247 8.12012 -0.0091663 -0.0150133 -0.999845 0.223514 0.999683 -0.0235887 -0.00881061 0.136431
1548808749481426176 884 -0.0243096 -0.99966 0.00946723 8.16719 -0.0114983 -0.00918981 -0.999892 0.22663 0.999638 -0.0244158 -0.011271 0.138397
1548808749614777344 888 -0.0240769 -0.999619 0.0135095 8.21044 -0.0141604 -0.013171 -0.999813 0.228768 0.99961 -0.0242637 -0.0138379 0.141894
1548808749681452288 890 -0.0248036 -0.999653 0.00891651 8.23311 -0.0124639 -0.00860933 -0.999885 0.230238 0.999615 -0.0249119 -0.012246 0.142665
1548808749814803200 894 -0.0258013 -0.999589 0.0124783 8.27403 -0.0137995 -0.0121251 -0.999831 0.232393 0.999572 -0.0259691 -0.0134809 0.146101
1548808749914816256 897 -0.0258392 -0.999624 0.00919363 8.30508 -0.00994543 -0.00893919 -0.999911 0.233879 0.999617 -0.0259283 -0.0097107 0.145184
1548808750114843392 903 -0.0249508 -0.999662 0.00733818 8.36867 -0.0110792 -0.0070635 -0.999914 0.23996 0.999627 -0.0250299 -0.0108992 0.150071
1548808750181518336 905 -0.0255134 -0.999607 0.0115762 8.38939 -0.0117834 -0.0112784 -0.999867 0.240376 0.999605 -0.0256465 -0.0114911 0.149521
1548808750481558272 914 -0.0213113 -0.999735 0.00869672 8.48404 -0.00798764 -0.00852816 -0.999932 0.24215 0.999741 -0.0213793 -0.00780378 0.151413
1548808750514895360 915 -0.0203372 -0.999754 0.00888979 8.4948 -0.00916212 -0.0087049 -0.99992 0.246051 0.999751 -0.0204171 -0.00898283 0.148939
1548808750648246272 919 -0.0189785 -0.999724 0.0138148 8.53535 -0.0110397 -0.0136069 -0.999846 0.247686 0.999759 -0.0191281 -0.0107785 0.150979
1548808750748259328 922 -0.0202233 -0.99967 0.0158286 8.56142 -0.0110303 -0.0156078 -0.999817 0.247845 0.999735 -0.0203942 -0.0107111 0.155735
1548808750814935296 924 -0.0176386 -0.999773 0.0119261 8.58385 -0.0102552 -0.0117464 -0.999878 0.24892 0.999792 -0.0177587 -0.0100457 0.155025
1548808750914948352 927 -0.0164607 -0.999734 0.0161759 8.6144 -0.0100156 -0.0160124 -0.999822 0.250225 0.999814 -0.0166197 -0.00974931 0.156677
1548808751014961408 930 -0.0169787 -0.999725 0.0162049 8.64699 -0.00816876 -0.016068 -0.999838 0.251775 0.999822 -0.0171083 -0.0078937 0.157609
1548808751148312320 934 -0.0158683 -0.999714 0.017908 8.691 -0.0074844 -0.017791 -0.999814 0.254552 0.999846 -0.0159994 -0.00719995 0.156138
1548808751315001344 939 -0.0135839 -0.999678 0.0214438 8.74535 -0.00960967 -0.0213142 -0.999727 0.255232 0.999862 -0.0137862 -0.00931704 0.16045
1548808751515027200 945 -0.0119009 -0.999774 0.0176062 8.81073 -0.0105935 -0.0174804 -0.999791 0.257396 0.999873 -0.0120849 -0.0103831 0.164383
1548808751748391424 952 -0.0108952 -0.999872 0.0117386 8.88791 -0.0110478 -0.0116183 -0.999871 0.259516 0.99988 -0.0110235 -0.0109198 0.166737
1548808752015093248 960 -0.00918774 -0.999914 0.00935045 8.97489 -0.0113079 -0.00924635 -0.999893 0.264515 0.999894 -0.00929249 -0.011222 0.16711
1548808752248457216 967 -0.00901059 -0.999927 0.00799113 9.05016 -0.00983633 -0.00790244 -0.99992 0.268038 0.999911 -0.00908847 -0.00976441 0.169193
1548808752448483328 973 -0.00834818 -0.999924 0.0090594 9.1119 -0.00802114 -0.00899246 -0.999927 0.271471 0.999933 -0.00842024 -0.00794546 0.169927
1548808752581834240 977 -0.00586266 -0.999968 0.00540339 9.15379 -0.00701189 -0.00536224 -0.999961 0.271713 0.999958 -0.00590032 -0.00698023 0.167697
1548808752748523264 982 -0.00318169 -0.999964 0.00792558 9.20384 -0.00619355 -0.00790577 -0.99995 0.2763 0.999976 -0.00323061 -0.00616817 0.167009
1548808753015225344 990 0.000519937 -0.999954 0.00962433 9.28509 -0.00785265 -0.00962811 -0.999923 0.279816 0.999969 0.000444321 -0.00785729 0.170873
1548808753281927168 998 0.0012236 -0.999933 0.0115262 9.3691 -0.00592356 -0.0115333 -0.999916 0.281887 0.999982 0.00115522 -0.00593727 0.172471
1548808753481953280 1004 0.00237657 -0.999919 0.0125073 9.42794 -0.00420511 -0.0125172 -0.999913 0.288374 0.999988 0.00232377 -0.00423452 0.168753
1548808753681979392 1010 0.00412191 -0.999856 0.016432 9.48787 -0.000367208 -0.0164337 -0.999865 0.293866 0.999991 0.00411532 -0.000434893 0.167511
1548808753948681216 1018 0.0115794 -0.999798 0.0164538 9.566 0.000591364 -0.016448 -0.999865 0.298074 0.999933 0.0115876 0.000400786 0.167424
1548808754048694272 1021 0.0125621 -0.999756 0.0181526 9.59797 -0.00099934 -0.0181666 -0.999834 0.296944 0.999921 0.0125419 -0.00122731 0.168212
1548808754282058240 1028 0.0297621 -0.999422 0.0164335 9.67049 -0.000361029 -0.0164515 -0.999865 0.298629 0.999557 0.0297522 -0.000850452 0.172458
1548808754382071296 1031 0.0402554 -0.999055 0.0163822 9.70157 -0.00164216 -0.0164616 -0.999863 0.300165 0.999188 0.0402229 -0.00230327 0.173494
1548808754482085376 1034 0.0534708 -0.998425 0.0170028 9.73311 0.00140034 -0.0169521 -0.999855 0.297741 0.998568 0.0534868 0.000491691 0.172915
1548808754615436288 1038 0.0520638 -0.998539 0.0144886 9.77451 0.000848289 -0.014464 -0.999895 0.300222 0.998643 0.0520706 9.3997e-05 0.171107
1548808754815462400 1044 0.0543404 -0.998396 0.0159067 9.83543 -2.68191e-05 -0.0159317 -0.999873 0.306023 0.998522 0.0543331 -0.000892513 0.167048
1548808754948813312 1048 0.0520701 -0.998512 0.0162113 9.87203 -0.0013637 -0.0163044 -0.999866 0.305301 0.998643 0.052041 -0.00221064 0.168755
1548808755048826368 1051 0.0480805 -0.99871 0.016325 9.9013 -0.000360877 -0.0163613 -0.999866 0.308747 0.998843 0.0480682 -0.00114707 0.165122
1548808755215515392 1056 0.0411292 -0.999056 0.0139598 9.96063 -0.000758742 -0.0140028 -0.999902 0.309984 0.999154 0.0411146 -0.00133395 0.16202
1548808755282190336 1058 0.035689 -0.999268 0.0137593 9.98251 -0.00285974 -0.0138701 -0.9999 0.311269 0.999359 0.035646 -0.00335266 0.158422
1548808755348865280 1060 0.0284396 -0.999493 0.0143401 10.0061 -0.00230346 -0.0144114 -0.999893 0.311607 0.999593 0.0284035 -0.00271215 0.15385
1548808755415541248 1062 0.018944 -0.999728 0.0135835 10.0261 -0.00508078 -0.013682 -0.999893 0.31341 0.999808 0.018873 -0.00533859 0.159635
1548808755515554304 1065 0.00595864 -0.999925 0.0106533 10.0588 -0.00471618 -0.0106815 -0.999932 0.315417 0.999971 0.00590799 -0.00477947 0.158066
1548808755615567360 1068 -0.0067321 -0.999853 0.0157725 10.0901 -0.00629089 -0.0157302 -0.999856 0.315074 0.999958 -0.00683036 -0.00618407 0.157275
1548808755715580416 1071 -0.0186182 -0.999769 0.0107242 10.1259 -0.00702826 -0.0105949 -0.999919 0.316137 0.999802 -0.0186921 -0.00682938 0.157111
1548808755815594240 1074 -0.0174804 -0.999749 0.0139941 10.1573 -0.00608423 -0.0138896 -0.999885 0.31891 0.999829 -0.0175636 -0.0058399 0.158778
1548808755982282240 1079 -0.016475 -0.999785 0.0126297 10.2114 -0.00480939 -0.012552 -0.99991 0.319315 0.999853 -0.0165342 -0.00460156 0.161595
1548808756115633408 1083 -0.0119902 -0.999858 0.0118013 10.2551 -0.00655404 -0.0117234 -0.99991 0.315195 0.999907 -0.0120664 -0.00641255 0.158049
1548808756215646208 1086 -0.00574589 -0.999943 0.00895793 10.2906 -0.00609463 -0.00892289 -0.999942 0.31669 0.999965 -0.00580015 -0.00604301 0.156533
1548808756348997376 1090 0.00317851 -0.999942 0.0102426 10.3317 -0.0024195 -0.0102503 -0.999945 0.318975 0.999992 0.00315356 -0.00245194 0.150997
1548808756549024256 1096 0.0183599 -0.999772 0.0108716 10.3932 -0.00545393 -0.0109734 -0.999925 0.319579 0.999817 0.0182992 -0.00565416 0.150358
1548808756715712256 1101 0.0326277 -0.999416 0.0101522 10.4431 -0.00544745 -0.0103353 -0.999932 0.321503 0.999453 0.0325702 -0.00578148 0.150488
1548808756915739392 1107 0.0493249 -0.998737 0.00951892 10.5064 -0.00541611 -0.00979785 -0.999937 0.322931 0.998768 0.0492702 -0.00589255 0.150262
1548808757115765248 1113 0.0626333 -0.997996 0.00899643 10.5689 -0.0035972 -0.0092398 -0.999951 0.326235 0.99803 0.0625978 -0.00416871 0.145421
1548808757315791360 1119 0.0741073 -0.997223 0.00737555 10.6311 -0.0023253 -0.00756865 -0.999969 0.331183 0.997248 0.0740878 -0.00287974 0.144258
1548808757449142272 1123 0.0767181 -0.997032 0.0064476 10.6722 -0.00147073 -0.00657981 -0.999977 0.329737 0.997052 0.0767068 -0.00197115 0.140794
1548808757682506240 1130 0.0753725 -0.997147 0.00422027 10.7438 -0.00222687 -0.00440062 -0.999988 0.334286 0.997153 0.0753621 -0.00255221 0.137344
1548808757882533376 1136 0.0745837 -0.997207 0.00403582 10.8032 -0.00303055 -0.00427373 -0.999986 0.336775 0.99721 0.0745705 -0.00334084 0.132279
1548808758082559232 1142 0.0715682 -0.99743 0.00343025 10.8613 -0.00398789 -0.00372518 -0.999985 0.339914 0.997428 0.0715535 -0.00424424 0.125998
1548808758282585344 1148 0.0665502 -0.997781 0.00213615 10.9229 -0.00199792 -0.00227415 -0.999995 0.342836 0.997781 0.0665456 -0.00214483 0.119589
1548808758382598400 1151 0.0632155 -0.997995 0.00311572 10.9571 0.000273468 -0.00310464 -0.999995 0.343071 0.998 0.063216 7.66586e-05 0.116924
1548808758515949312 1155 0.0558065 -0.998429 0.00494567 10.9974 -0.000206517 -0.00496493 -0.999988 0.345807 0.998442 0.0558048 -0.000483268 0.116288
1548808758615963392 1158 0.0529349 -0.998595 0.0023881 11.029 -0.000389987 -0.00241213 -0.999997 0.346454 0.998598 0.0529338 -0.000517125 0.112218
1548808758815989248 1164 0.0427409 -0.999085 0.00172687 11.0865 0.00245859 -0.00162327 -0.999996 0.349008 0.999083 0.042745 0.00238696 0.107625
1548808759016015360 1170 0.0339258 -0.99941 0.00536677 11.1453 0.00510904 -0.00519637 -0.999973 0.349936 0.999411 0.0339523 0.00492973 0.102775
1548808759182704384 1175 0.0298437 -0.999493 0.0110674 11.1945 0.00384349 -0.0109575 -0.999933 0.352187 0.999547 0.0298842 0.00351454 0.103674
1548808759349392384 1180 0.0300711 -0.999468 0.0126083 11.2468 0.00261254 -0.0125354 -0.999918 0.354586 0.999544 0.0301016 0.0022342 0.103639
1548808759449406208 1183 0.0288681 -0.999513 0.011843 11.2807 0.00074111 -0.0118265 -0.99993 0.35554 0.999583 0.0288748 0.000399341 0.103887
1548808759616094208 1188 0.0278355 -0.999528 0.0130002 11.3337 0.000858146 -0.0129813 -0.999915 0.356715 0.999612 0.0278443 0.000496398 0.10327
1548808759716107264 1191 0.0288521 -0.999487 0.0138946 11.3638 0.00330974 -0.0138048 -0.999899 0.357969 0.999578 0.0288952 0.00290974 0.10365
1548808759849458176 1195 0.0253759 -0.999558 0.0154623 11.4042 0.00306015 -0.0153896 -0.999877 0.35657 0.999673 0.0254201 0.00266827 0.103398
1548808759949472256 1198 0.0245002 -0.999553 0.0171192 11.4352 0.00428937 -0.0170191 -0.999846 0.358093 0.999691 0.0245698 0.00387049 0.1016
1548808760182836224 1205 0.0244037 -0.999625 0.0124346 11.5098 0.00301096 -0.0123648 -0.999919 0.364299 0.999698 0.0244392 0.00270808 0.102518
1548808760316187392 1209 0.0220221 -0.999602 0.0176033 11.5517 0.00483185 -0.0175009 -0.999835 0.36512 0.999746 0.0221035 0.00444452 0.100529
1548808760682901248 1220 0.021574 -0.999632 0.016452 11.6693 0.00364021 -0.0163772 -0.999859 0.371452 0.999761 0.0216308 0.00328555 0.0978441
1548808760882928384 1226 0.0195356 -0.99967 0.0166818 11.7306 0.00495294 -0.016588 -0.99985 0.377803 0.999797 0.0196153 0.00462725 0.0976653
1548808761116292352 1233 0.0196027 -0.999702 0.0145472 11.8035 0.00727914 -0.0144069 -0.99987 0.377915 0.999781 0.019706 0.00699455 0.0980677
1548808761416331264 1242 0.0190236 -0.999606 0.0206517 11.8996 0.00653869 -0.0205306 -0.999768 0.380792 0.999798 0.0191542 0.00614555 0.0935443
1548808761549682176 1246 0.0181972 -0.999672 0.018028 11.9445 0.00836277 -0.0178782 -0.999805 0.383841 0.999799 0.0183444 0.00803469 0.0932455
1548808761649696256 1249 0.0186324 -0.999651 0.0187536 11.9783 0.00951002 -0.0185789 -0.999782 0.389242 0.999781 0.0188067 0.00916053 0.0929203
1548808761783046400 1253 0.0210827 -0.9995 0.0235541 12.0184 0.00715297 -0.0234079 -0.9997 0.388106 0.999752 0.0212449 0.0066559 0.0910755
1548808761949735424 1258 0.0207135 -0.999563 0.0211084 12.073 0.00640594 -0.0209798 -0.999759 0.3941 0.999765 0.0208437 0.00596857 0.091206
1548808762216437248 1266 0.0193673 -0.999642 0.0184589 12.1611 0.00696949 -0.018327 -0.999808 0.399658 0.999788 0.0194922 0.00661206 0.0908114
1548808762383125248 1271 0.0219623 -0.999576 0.0191396 12.2173 0.0082882 -0.0189616 -0.999786 0.409355 0.999724 0.0221162 0.00786825 0.0843029
1548808762616490240 1278 0.0192956 -0.999622 0.0195869 12.2897 0.00635213 -0.0194676 -0.99979 0.417581 0.999794 0.019416 0.00597409 0.0885634
1548808762783178240 1283 0.0188528 -0.999693 0.0160549 12.3439 0.0052873 -0.0159578 -0.999859 0.420944 0.999808 0.018935 0.00498483 0.0870239
1548808762916529408 1287 0.0187148 -0.999611 0.0206697 12.3865 0.00623239 -0.0205563 -0.999769 0.426342 0.999805 0.0188393 0.00584526 0.0839163
1548808763116555264 1293 0.0182783 -0.999646 0.0193093 12.4502 0.00565344 -0.0192089 -0.9998 0.429547 0.999817 0.0183838 0.00530034 0.0841327
1548808763249906176 1297 0.0201877 -0.999575 0.0210193 12.4928 0.00382526 -0.0209463 -0.999773 0.430139 0.999789 0.0202635 0.00340078 0.0828551
1548808763416595200 1302 0.0200908 -0.999599 0.0199776 12.5459 0.00451765 -0.0198906 -0.999792 0.432678 0.999788 0.0201768 0.00411622 0.0807763
1548808763583284224 1307 0.017385 -0.999669 0.0189678 12.6 0.00754389 -0.018839 -0.999794 0.433667 0.99982 0.0175245 0.00721388 0.0797794
1548808763749972224 1312 0.0173427 -0.999611 0.0218235 12.652 0.00762731 -0.0216938 -0.999736 0.436111 0.999821 0.0175045 0.00724811 0.0794994
1548808764016674304 1320 0.0171047 -0.999647 0.0203327 12.7386 0.00998451 -0.0201639 -0.999747 0.442376 0.999804 0.0173033 0.00963609 0.0791636
1548808764350051328 1330 0.0189052 -0.999632 0.0194374 12.843 0.00819527 -0.0192853 -0.99978 0.445401 0.999788 0.0190604 0.00782766 0.0816231
1548808764483402240 1334 0.0163332 -0.99961 0.022641 12.8854 0.00574325 -0.0225498 -0.999729 0.446692 0.99985 0.0164588 0.0053727 0.0821305
1548808764683428352 1340 0.016557 -0.999636 0.0213161 12.9493 0.00475188 -0.0212402 -0.999763 0.45195 0.999852 0.0166544 0.00439847 0.0837236
1548808764816779264 1344 0.0157191 -0.999666 0.0205127 12.992 0.00401089 -0.020452 -0.999783 0.455435 0.999868 0.015798 0.00368806 0.0826282
1548808764983468288 1349 0.0152221 -0.999686 0.0198998 13.042 0.00428382 -0.0198367 -0.999794 0.458677 0.999875 0.0153042 0.00398052 0.0869245
1548808765150157312 1354 0.0148065 -0.999706 0.0191765 13.0967 0.00512508 -0.0191024 -0.999804 0.462289 0.999877 0.0149019 0.00484074 0.0846315
1548808765350183424 1360 0.0140063 -0.999734 0.0183383 13.1601 0.0031989 -0.0182952 -0.999828 0.464619 0.999897 0.0140626 0.0029418 0.0860754
1548808765650223360 1369 0.0159272 -0.99952 0.0265751 13.2513 0.00334398 -0.0265251 -0.999643 0.469465 0.999868 0.0160103 0.00291991 0.0841965
1548808765816911360 1374 0.014453 -0.999565 0.0257244 13.3012 0.00317786 -0.0256811 -0.999665 0.472955 0.999891 0.0145299 0.0028053 0.0903253
1548808765950262272 1378 0.0144075 -0.999464 0.0293939 13.3425 0.0031819 -0.029351 -0.999564 0.474777 0.999891 0.0144948 0.00275731 0.0907077
1548808766183626240 1385 0.0140226 -0.999571 0.0257048 13.4187 0.0041008 -0.0256496 -0.999663 0.479188 0.999893 0.0141233 0.00373937 0.0912758
1548808766316977408 1389 0.0122081 -0.999517 0.0285865 13.4623 0.00288625 -0.0285533 -0.999588 0.48072 0.999921 0.0122856 0.00253627 0.092602
1548808766483666176 1394 0.0108424 -0.999593 0.0263918 13.5143 0.00361425 -0.026354 -0.999646 0.4831 0.999935 0.010934 0.00332704 0.0934117
1548808766717030400 1401 0.0108653 -0.999546 0.0280935 13.5882 0.00550485 -0.028035 -0.999592 0.489172 0.999926 0.0110155 0.00519775 0.0905828
1548808766983732224 1409 0.0119387 -0.999488 0.0296768 13.6722 0.00314173 -0.0296413 -0.999556 0.496841 0.999924 0.0120266 0.00278625 0.0935536
1548808767283771392 1418 0.0114567 -0.999541 0.0280526 13.7704 0.00420933 -0.028006 -0.999599 0.502534 0.999926 0.0115702 0.00388654 0.0924911
1548808767450460416 1423 0.0103167 -0.999585 0.0269132 13.8213 0.0054443 -0.0268581 -0.999624 0.505055 0.999932 0.0104594 0.00516495 0.0934441
1548808767617148416 1428 0.0097777 -0.999565 0.0278101 13.8767 0.00354232 -0.0277766 -0.999608 0.506786 0.999946 0.00987238 0.00326919 0.0981107
1548808767883850240 1436 0.00813238 -0.999657 0.0248908 13.964 0.00196844 -0.0248756 -0.999689 0.512204 0.999965 0.00817885 0.00176547 0.101502
1548808767983863296 1439 0.0077964 -0.999577 0.0280019 13.9942 0.00103979 -0.0279947 -0.999608 0.512518 0.999969 0.00782245 0.000821095 0.105512
1548808768150552320 1444 0.00619078 -0.999626 0.0266229 14.0499 0.00311641 -0.026604 -0.999641 0.518455 0.999976 0.00627153 0.00295054 0.105819
1548808768283903232 1448 0.00497879 -0.999679 0.0248313 14.0903 0.00497169 -0.0248065 -0.99968 0.520329 0.999975 0.00510065 0.00484659 0.105878
1548808768517267200 1455 0.00129633 -0.999722 0.0235217 14.1615 0.00481739 -0.0235152 -0.999712 0.525096 0.999988 0.00140927 0.00478557 0.111091
1548808768750631424 1462 -0.000520608 -0.999681 0.0252494 14.2357 0.00624616 -0.0252521 -0.999662 0.529684 0.99998 -0.00036272 0.00625731 0.109572
1548808768883982336 1466 -0.00209407 -0.99966 0.0259845 14.2771 0.00397386 -0.0259927 -0.999654 0.530654 0.99999 -0.00199009 0.00402694 0.109054
1548808769017333248 1470 -0.00561417 -0.999616 0.0271394 14.317 0.00218503 -0.027152 -0.999629 0.532771 0.999982 -0.00555278 0.00233663 0.110594
1548808769184021248 1475 -0.00919163 -0.999516 0.0297307 14.3697 0.00177921 -0.0297483 -0.999556 0.535398 0.999956 -0.00913465 0.00205179 0.110024
1548808769350710272 1480 -0.011997 -0.999508 0.0289846 14.4229 0.00565943 -0.0290541 -0.999562 0.538238 0.999912 -0.0118278 0.0060052 0.108903
1548808769550736384 1486 -0.0165716 -0.999418 0.0298254 14.4867 0.0027091 -0.0298743 -0.99955 0.541056 0.999859 -0.0164833 0.00320259 0.11073
1548808769750763264 1492 -0.022233 -0.999244 0.0318938 14.5536 0.00279328 -0.0319637 -0.999485 0.545195 0.999749 -0.0221325 0.00350182 0.112812
1548808769884114176 1496 -0.0275295 -0.999102 0.0322083 14.5987 0.000903711 -0.0322454 -0.99948 0.546468 0.999621 -0.0274861 0.0017906 0.115931
1548808770050802176 1501 -0.035469 -0.998836 0.0327021 14.6533 -0.00281212 -0.0326228 -0.999464 0.55027 0.999367 -0.035542 -0.00165175 0.117955
1548808770284166400 1508 -0.0394319 -0.998759 0.0304101 14.7297 -0.00278461 -0.0303238 -0.999536 0.557943 0.999218 -0.0394983 -0.00158542 0.121332
1548808770484193280 1514 -0.0412077 -0.998705 0.0298233 14.7986 -0.00373079 -0.0296946 -0.999552 0.561569 0.999144 -0.0413005 -0.00250232 0.126043
1548808770817570304 1524 -0.0451631 -0.998502 0.0308944 14.907 -0.00188637 -0.0308407 -0.999523 0.566955 0.998978 -0.0451998 -0.000490683 0.130569
1548808770917583360 1527 -0.0488633 -0.998364 0.0296898 14.9408 -0.00263802 -0.0295962 -0.999558 0.56643 0.998802 -0.04892 -0.00118754 0.128332
1548808771117609216 1533 -0.0597684 -0.997743 0.0306173 15.0067 -0.00436644 -0.0304105 -0.999528 0.571164 0.998203 -0.0598738 -0.002539 0.133373
1548808771217623296 1536 -0.0680289 -0.997235 0.0299067 15.0387 -0.00567289 -0.029589 -0.999546 0.572362 0.997667 -0.0681677 -0.0036443 0.13681
1548808771350973184 1540 -0.0792184 -0.996301 0.0333023 15.0806 -0.00687733 -0.0328603 -0.999436 0.574256 0.996834 -0.0794028 -0.00424875 0.139778
1548808771417649408 1542 -0.0821815 -0.996132 0.0310931 15.1008 -0.00820503 -0.0305214 -0.9995 0.573165 0.996584 -0.0823955 -0.00566501 0.14511
1548808771517662208 1545 -0.0809398 -0.996054 0.0363924 15.1314 -0.00889696 -0.0357888 -0.99932 0.575748 0.996679 -0.0812086 -0.00596512 0.144231
1548808771617675264 1548 -0.082493 -0.996015 0.033887 15.1631 -0.00914708 -0.0332448 -0.999405 0.574705 0.99655 -0.0827539 -0.00636817 0.1478
1548808771817702400 1554 -0.0771953 -0.996373 0.0358006 15.223 -0.00630934 -0.0354188 -0.999353 0.578259 0.996996 -0.0773712 -0.00355229 0.150593
