1548808721714256384 51 -0.000934061 -0.999999 0.000520829 0.00158791 -0.000482738 -0.000520379 -1 -2.40585e-05 0.999999 -0.000934312 -0.000482251 0.000666368
1548808721814269184 54 0.000378755 -0.999999 -0.00112031 0.00559024 -0.0010311 0.00111992 -0.999999 -0.00176418 0.999999 0.00037991 -0.00103068 -0.000879069
1548808722547699200 76 0.0184252 -0.99983 -0.000451274 0.0462647 -0.000221835 0.000447263 -1 -0.00125822 0.99983 0.0184253 -0.000213557 0.00351401
1548808722681050368 80 0.0283965 -0.999597 0.000372863 0.0603553 -0.00134199 -0.000411137 -0.999999 0.00143944 0.999596 0.028396 -0.00135312 0.00222902
1548808723081103360 92 0.0654636 -0.997852 -0.00239036 0.107715 0.0013302 0.00248276 -0.999996 0.00266275 0.997854 0.0654602 0.00148987 0.00446547
1548808723681182208 110 0.0754689 -0.997148 0.000616759 0.172134 0.00167684 -0.000491611 -0.999998 0.00484716 0.997147 0.0754698 0.00163495 0.00097911
1548808724414612224 132 0.0755446 -0.99714 0.0023777 0.248908 0.00518514 -0.00199165 -0.999985 0.00958658 0.997129 0.0755558 0.00501985 -0.00494893
1548808724681313280 140 0.0757045 -0.997129 0.00174771 0.276178 0.00644652 -0.00126326 -0.999978 0.0098875 0.997109 0.0757141 0.00633237 -0.00724172
1548808725014691328 150 0.0754176 -0.997147 0.00326929 0.309616 0.00877994 -0.00261445 -0.999958 0.00873303 0.997113 0.0754432 0.00855772 -0.00917594
1548808725348068352 160 0.0783645 -0.996905 0.00631083 0.348982 0.00868021 -0.00564775 -0.999946 0.00885996 0.996887 0.0784151 0.00821076 -0.0118987
1548808725848134400 175 0.0778613 -0.996938 0.00726145 0.419323 0.00877736 -0.0065978 -0.99994 0.0114835 0.996926 0.0779203 0.00823676 -0.0155487
1548808726081498368 182 0.0772183 -0.996995 0.00616969 0.455238 0.00941939 -0.00545838 -0.999941 0.013035 0.99697 0.0772718 0.0089696 -0.0192812
1548808726481551360 194 0.0554276 -0.998453 0.0043553 0.523787 0.00938107 -0.00384105 -0.999949 0.0126653 0.998419 0.0554656 0.00915366 -0.026685
1548808726614902272 198 0.0403306 -0.999184 0.00219882 0.547079 0.00815011 -0.00187157 -0.999965 0.0126445 0.999153 0.0403472 0.00806798 -0.0293551
1548808726980264192 209 0.0211734 -0.999768 -0.00388821 0.62391 0.00754085 0.00404867 -0.999963 0.0105603 0.999747 0.0211433 0.00762483 -0.0308534
1548808727413654272 222 0.0178528 -0.999823 -0.0059995 0.720383 0.00955877 0.00617085 -0.999935 0.0123111 0.999795 0.0177943 0.00966724 -0.034538
1548808727845550336 235 0.0159477 -0.999848 -0.0069916 0.81598 0.010618 0.00716145 -0.999918 0.013241 0.999816 0.0158722 0.0107306 -0.0385347
1548808728178928384 245 0.0147506 -0.99987 -0.00657558 0.8917 0.0105623 0.00673174 -0.999922 0.0171302 0.999835 0.01468 0.0106602 -0.0405537
1548808728445629184 253 0.0142497 -0.999861 -0.00860286 0.95484 0.0125799 0.00878233 -0.999882 0.0173363 0.999819 0.0141398 0.0127033 -0.0421945
1548808728845682176 265 0.0140397 -0.999855 -0.00965395 1.0483 0.0123319 0.00982731 -0.999876 0.0182738 0.999825 0.0139189 0.0124681 -0.04371
1548808729079046400 272 0.0131838 -0.999862 -0.0100747 1.10158 0.0138597 0.0102573 -0.999851 0.0183353 0.999817 0.0130422 0.0139931 -0.0464007
1548808729312410368 279 0.0118781 -0.999872 -0.0106964 1.15884 0.0138582 0.0108607 -0.999845 0.0184847 0.999833 0.0117281 0.0139854 -0.0475292
1548808729712463360 291 0.0118791 -0.999904 -0.00719409 1.26039 0.00949132 0.00730703 -0.999928 0.0220909 0.999884 0.01181 0.00957721 -0.0452405
1548808730045840384 301 0.0118617 -0.999902 -0.00749015 1.35331 0.00707314 0.00757439 -0.999946 0.0221953 0.999905 0.011808 0.00716229 -0.0446561
1548808730279204352 308 0.0110545 -0.99991 -0.00765447 1.41895 0.00660533 0.00772779 -0.999948 0.0241772 0.999917 0.0110034 0.00669016 -0.0446373
1548808730545906176 316 0.00982207 -0.999933 -0.00610177 1.5024 0.00734315 0.00617403 -0.999954 0.0253553 0.999925 0.00977681 0.0074033 -0.0443102
1548808730745932288 322 0.00972483 -0.999933 -0.00627878 1.56591 0.00672637 0.00634435 -0.999957 0.026621 0.99993 0.00968218 0.00678761 -0.0427877
1548808730979297280 329 0.0107063 -0.99993 -0.00504558 1.63927 0.00280761 0.00507591 -0.999983 0.0286179 0.999939 0.010692 0.00286176 -0.0402626
1548808731179323392 335 0.0108117 -0.999929 -0.00507886 1.70247 -0.000295015 0.00507596 -0.999987 0.0291646 0.999942 0.0108131 -0.000240114 -0.0388086
1548808731412687360 342 0.0115656 -0.999933 -0.000583504 1.77988 0.00175381 0.000603827 -0.999998 0.0322018 0.999932 0.0115645 0.00176068 -0.0389326
1548808731612713216 348 0.0104041 -0.999944 -0.00210172 1.84037 0.00383372 0.00214171 -0.99999 0.0331258 0.999939 0.0103959 0.00385578 -0.0396838
1548808731812740352 354 0.0102481 -0.999931 -0.00567854 1.90387 0.00544476 0.00573456 -0.999969 0.0369546 0.999933 0.0102169 0.00550315 -0.0397646
1548808732046104320 361 0.0117951 -0.999922 -0.00419966 1.97458 0.00660646 0.00427778 -0.999969 0.0378993 0.999909 0.011767 0.0066564 -0.0414243
1548808732346143232 370 0.01373 -0.999901 0.00322376 2.06624 0.00128098 -0.00320648 -0.999994 0.0410299 0.999905 0.013734 0.00123683 -0.0383235
1548808732546170368 376 0.0125139 -0.999922 0.00058418 2.12812 0.000635909 -0.000576267 -1 0.0397611 0.999921 0.0125142 0.000628648 -0.038878
1548808732712858368 381 0.0102672 -0.999946 0.001364 2.18146 0.000954445 -0.00135427 -0.999999 0.0411091 0.999947 0.0102684 0.000940489 -0.0370458
1548808732812871168 384 0.0121365 -0.999923 0.0025672 2.21328 0.00412876 -0.00251725 -0.999988 0.0413937 0.999918 0.0121469 0.00409789 -0.0389992
1548808732979560192 389 0.0115876 -0.999931 0.00206846 2.26566 0.00348264 -0.00202823 -0.999992 0.0431633 0.999927 0.0115948 0.00345889 -0.0375174
1548808733246262272 397 0.0105634 -0.999929 0.00544862 2.3516 -8.4168e-05 -0.00544981 -0.999985 0.0488059 0.999944 0.0105628 -0.000141731 -0.0352385
1548808733446288384 403 0.0100603 -0.999944 0.00337404 2.41557 -0.000641656 -0.00338067 -0.999994 0.0494626 0.999949 0.0100581 -0.000675631 -0.0361023
1548808733679652352 410 0.00720265 -0.999973 -0.00169564 2.48733 0.000806272 0.00170149 -0.999998 0.0535957 0.999974 0.00720127 0.000818505 -0.0340466
1548808733846341376 415 0.00629905 -0.999978 -0.00220877 2.53879 0.00133126 0.00221719 -0.999997 0.0569576 0.999979 0.00629609 0.0013452 -0.0318644
1548808734113043200 423 0.00737498 -0.99996 -0.00513281 2.60141 0.00331822 0.00515739 -0.999981 0.05688 0.999967 0.00735781 0.00335612 -0.0318297
1548808734413082368 432 0.00466867 -0.999929 -0.0110025 2.65975 0.00302203 0.0110167 -0.999935 0.0578935 0.999985 0.00463512 0.00307324 -0.0277484
1548808734679784192 440 0.00489246 -0.99996 -0.00754014 2.65801 0.00210405 0.00755051 -0.999969 0.055326 0.999986 0.00487645 0.0021409 -0.0268832
1548808734913148416 447 0.00510919 -0.99995 -0.00859392 2.65877 0.00210833 0.00860479 -0.999961 0.0539222 0.999985 0.00509087 0.00215219 -0.0264613
1548808735246525184 457 0.00639236 -0.999943 -0.00857964 2.72039 0.0014574 0.00858912 -0.999962 0.056171 0.999979 0.00637961 0.00151222 -0.0286114
1548808735446552320 463 0.00550762 -0.999951 -0.00827797 2.79423 0.0021217 0.00828977 -0.999963 0.0563216 0.999983 0.00548985 0.00216725 -0.0285596
1548808735579903232 467 0.00805122 -0.999954 -0.00525248 2.8385 0.00112264 0.00526168 -0.999986 0.0629633 0.999967 0.0080452 0.00116495 -0.0260405
1548808735646578176 469 0.00698414 -0.999932 -0.00929611 2.86706 0.00102062 0.00930346 -0.999956 0.0620699 0.999975 0.00697435 0.00108553 -0.023252
1548808735746591232 472 0.00642807 -0.999968 -0.00479983 2.90932 0.00320161 0.00482048 -0.999983 0.0640834 0.999974 0.00641259 0.00323249 -0.0211121
1548808735879942400 476 0.00770778 -0.999963 -0.00368982 2.96734 0.00275575 0.00371115 -0.999989 0.0636851 0.999966 0.00769753 0.00278426 -0.0212504
1548808735979955200 479 0.00591 -0.999979 -0.00281615 3.01296 0.00477517 0.00284439 -0.999985 0.0688386 0.999971 0.00589646 0.00479188 -0.0266101
1548808736079968256 482 0.0050453 -0.999987 0.00118031 3.06025 0.00111342 -0.00117471 -0.999999 0.0676709 0.999987 0.00504661 0.00110748 -0.0223761
1548808736179674368 485 0.00456781 -0.99999 0.000101075 3.12222 -0.00133021 -0.000107152 -0.999999 0.0694316 0.999989 0.00456767 -0.00133069 -0.01969
1548808736246349312 487 0.00522209 -0.999982 0.00294462 3.1674 0.000476563 -0.00294217 -0.999996 0.0735403 0.999986 0.00522347 0.00046119 -0.0223569
1548808736313025280 489 0.00332589 -0.999991 0.00265378 3.20956 0.00373062 -0.00264137 -0.99999 0.0756059 0.999988 0.00333575 0.0037218 -0.0210686
1548808736379700224 491 0.00488289 -0.99998 0.00407859 3.25394 0.0045208 -0.00405652 -0.999982 0.0751812 0.999978 0.00490124 0.0045009 -0.0204733
1548808736513051392 495 0.0043987 -0.999978 0.00503998 3.33362 0.00503956 -0.0050178 -0.999975 0.0794694 0.999978 0.00442399 0.00501737 -0.0160174
1548808736613064192 498 0.00205423 -0.999994 0.00275405 3.40102 0.00510517 -0.00274353 -0.999983 0.0811268 0.999985 0.00206826 0.00509951 -0.0137928
1548808736679739392 500 -0.000712224 -0.999969 0.00787001 3.44468 0.00423343 -0.00787296 -0.99996 0.081987 0.999991 -0.000678878 0.0042389 -0.0129857
1548808736746415360 502 -0.00214445 -0.999984 0.00532642 3.48663 0.00281715 -0.00533245 -0.999982 0.0848713 0.999994 -0.00212941 0.00282854 -0.0109123
1548808736879766272 506 -0.00179646 -0.999996 0.00201744 3.5773 0.00643566 -0.00202896 -0.999977 0.0853564 0.999978 -0.00178343 0.00643928 -0.011099
1548808736979779328 509 -0.00175563 -0.999997 0.00180523 3.63965 0.0089588 -0.00182088 -0.999958 0.0863852 0.999958 -0.00173938 0.00896197 -0.0113037
1548808737113130240 513 -0.000406334 -0.999971 0.00756512 3.72104 0.00565624 -0.0075673 -0.999955 0.0879777 0.999984 -0.000363525 0.00565915 -0.00940301
1548808737179805184 515 0.000957096 -0.999995 0.00291156 3.76975 0.00699194 -0.0029048 -0.999971 0.0916955 0.999975 0.000977426 0.00698912 -0.00983909
1548808737280322304 518 0.000643287 -0.999996 0.0028962 3.84048 0.00481319 -0.00289307 -0.999984 0.0925617 0.999988 0.000657217 0.0048113 -0.00772206
1548808737346997248 520 0.00119741 -0.999998 -0.0014216 3.88917 0.00644405 0.00142929 -0.999978 0.0958046 0.999979 0.00118822 0.00644575 -0.00430176
1548808737413672192 522 0.0001825 -0.999977 -0.00682244 3.93805 0.00305903 0.00682296 -0.999972 0.0985414 0.999995 0.000161625 0.0030602 -0.00296308
1548808737547023360 526 -0.00061248 -0.999993 -0.00370239 4.03624 0.00207533 0.00370111 -0.999991 0.0991895 0.999998 -0.000620159 0.00207305 -0.00381941
1548808737647037184 529 -0.00226523 -0.999992 -0.00341985 4.11055 0.00178546 0.00341581 -0.999993 0.101808 0.999996 -0.00227132 0.00177771 -0.00219797
1548808737813725184 534 -0.00241455 -0.999988 -0.00415944 4.23396 -9.64132e-05 0.00415968 -0.999991 0.103116 0.999997 -0.00241413 -0.000106456 -0.00130802
1548808737847063296 535 -0.000459599 -0.999976 -0.00689909 4.25944 0.00157441 0.00689836 -0.999975 0.1023 0.999999 -0.00047045 0.0015712 -0.00187123
1548808737913738240 537 -0.00116297 -0.999994 -0.00337685 4.30841 0.00396779 0.00337221 -0.999986 0.104722 0.999991 -0.00117635 0.00396384 0.000322287
1548808737947076352 538 0.00153378 -0.999974 -0.006993 4.33509 -0.00316625 0.00698812 -0.999971 0.105074 0.999994 0.00155588 -0.00315545 -0.00167683
1548808738080427264 542 0.000342203 -0.999981 -0.00618507 4.43488 0.00325983 0.00618615 -0.999976 0.104582 0.999995 0.000322033 0.00326189 -0.00209712
1548808738180440320 545 0.00099161 -0.999991 -0.0040222 4.5068 0.00233676 0.00402451 -0.999989 0.108436 0.999997 0.0009822 0.00234073 -0.00184815
1548808738280453376 548 0.00285903 -0.999995 -0.00097981 4.58191 -0.00160336 0.000975229 -0.999998 0.110548 0.999995 0.0028606 -0.00160057 -0.00112572
1548808738313791232 549 0.00150537 -0.999994 -0.00297171 4.60507 0.00206151 0.00297481 -0.999993 0.111531 0.999997 0.00149924 0.00206598 -0.000515328
1548808738447142400 553 0.000589223 -0.999999 0.00143975 4.69635 -0.00224517 -0.00144107 -0.999996 0.113733 0.999997 0.000585988 -0.00224602 -0.000307417
1548808738513817344 555 0.00235888 -0.999994 0.00253523 4.74062 0.00121543 -0.00253237 -0.999996 0.115646 0.999996 0.00236195 0.00120945 0.000838001
1548808738647168256 559 0.00139733 -0.999994 0.00330685 4.82648 -0.00398789 -0.0033124 -0.999987 0.11857 0.999991 0.00138412 -0.00399249 0.00140179
1548808738747181312 562 0.000781996 -0.999995 0.00321651 4.89319 0.00015898 -0.00321639 -0.999995 0.120397 1 0.000782504 0.000156464 -0.000900572
1548808738880532224 566 -0.00528272 -0.999986 0.000283034 4.95938 -0.00177964 -0.000273636 -0.999998 0.123941 0.999984 -0.00528322 -0.00177817 -0.00112008
1548808739180572416 575 -0.00421849 -0.999968 0.00685149 4.96494 -0.00194913 -0.00684332 -0.999975 0.123836 0.999989 -0.00423174 -0.0019202 0.00101178
1548808739613962240 588 -0.00368449 -0.999979 0.00528499 4.98616 -0.000897559 -0.00528172 -0.999986 0.124729 0.999993 -0.00368918 -0.00087808 0.000234474
1548808739914002176 597 -0.00331952 -0.999957 0.008625 5.04795 -0.00121575 -0.00862101 -0.999962 0.127347 0.999994 -0.00332988 -0.00118708 0.00114267
1548808740014015232 600 -0.00416884 -0.999964 0.00737352 5.07137 -0.000684957 -0.00737072 -0.999973 0.127326 0.999991 -0.00417377 -0.000654205 0.000573915
1548808740280717312 608 -0.00402648 -0.999978 0.00523338 5.1407 -0.00157436 -0.00522708 -0.999985 0.128161 0.999991 -0.00403466 -0.00155327 0.00257679
1548808740414068224 612 -0.00439313 -0.99998 0.00448557 5.17752 0.000972013 -0.00448988 -0.999989 0.129434 0.99999 -0.00438872 0.000991719 0.0036487
1548808740614094336 618 -0.00446061 -0.999989 0.00153036 5.24189 0.000868287 -0.00153425 -0.999998 0.130704 0.99999 -0.00445928 0.000875121 0.00433727
1548808740780783360 623 -0.00457546 -0.999989 0.000901974 5.29736 0.0024438 -0.000913162 -0.999997 0.133684 0.999987 -0.00457324 0.00244795 0.000600975
1548808740880796416 626 -0.00368966 -0.999993 -0.00055143 5.33101 -0.000313869 0.000552592 -1 0.133524 0.999993 -0.00368949 -0.000315906 0.00272167
1548808740980809216 629 -0.005111 -0.999987 -0.000684262 5.36654 -0.00064268 0.000687556 -1 0.133928 0.999987 -0.00511056 -0.000646186 0.00498588
1548808741180835328 635 -0.00255956 -0.999977 -0.00625925 5.43449 0.000168345 0.00625884 -0.99998 0.134297 0.999997 -0.00256056 0.000152321 0.0033983
1548808741347524352 640 -0.00347869 -0.999949 -0.00950114 5.49246 -0.00115818 0.00950522 -0.999954 0.134372 0.999993 -0.00346752 -0.00119119 0.0034297
1548808741647564288 649 -0.00433945 -0.99994 -0.010009 5.58904 -0.00350264 0.0100242 -0.999944 0.135667 0.999984 -0.00430415 -0.00354593 0.00466395
1548808741814252288 654 -0.00453711 -0.999941 -0.00983246 5.64333 -0.00291816 0.00984576 -0.999947 0.137436 0.999985 -0.00450818 -0.00296266 0.00815337
1548808741980941312 659 -0.00582544 -0.999912 -0.0119465 5.69905 -0.000707039 0.0119508 -0.999928 0.135668 0.999983 -0.00581658 -0.000776595 0.00953606
1548808742180464384 665 -0.00641302 -0.999936 -0.00937102 5.76337 0.00121628 0.00936341 -0.999955 0.137123 0.999979 -0.00642414 0.00115616 0.00904494
1548808742413828352 672 -0.00907819 -0.999955 -0.00273986 5.83624 0.00304484 0.00271231 -0.999992 0.14029 0.999954 -0.00908646 0.00302008 0.00944321
1548808742613855232 678 -0.00880998 -0.99996 -0.00183535 5.90031 0.00545946 0.0017873 -0.999983 0.13963 0.999946 -0.00881985 0.00544349 0.0111021
1548808742847219200 685 -0.00858511 -0.999963 0.000829251 5.97373 0.0073989 -0.000892782 -0.999972 0.143004 0.999936 -0.00857874 0.00740629 0.0128529
1548808743047245312 691 -0.0107708 -0.999936 0.00357653 6.0363 0.00859707 -0.00366921 -0.999956 0.144128 0.999905 -0.0107396 0.00863604 0.0162366
1548808743147258368 694 -0.0137497 -0.999895 0.00464069 6.06966 0.00571306 -0.00471961 -0.999973 0.145592 0.999889 -0.0137228 0.00577736 0.017523
1548808743313947392 699 -0.0144891 -0.999872 0.00671518 6.12171 0.00912468 -0.00684783 -0.999935 0.147843 0.999853 -0.0144269 0.00922273 0.0191852
1548808743513973248 705 -0.0154699 -0.999779 0.0142102 6.18322 0.00685236 -0.0143176 -0.999874 0.150343 0.999857 -0.0153706 0.00707234 0.0204834
1548808743747337216 712 -0.0162846 -0.999741 0.0158789 6.25402 0.00773961 -0.0160066 -0.999842 0.156687 0.999837 -0.0161591 0.00799827 0.0230303
1548808743980701184 719 -0.0171503 -0.999715 0.0166111 6.32805 0.00816248 -0.0167529 -0.999826 0.159683 0.99982 -0.0170118 0.00844747 0.0284174
1548808744214065408 726 -0.0152486 -0.999736 0.017187 6.40357 0.00124219 -0.0172079 -0.999851 0.16133 0.999883 -0.015225 0.00150425 0.0313337
1548808744380754176 731 -0.0128256 -0.999803 0.0151743 6.45481 -0.000539323 -0.0151687 -0.999885 0.164304 0.999918 -0.0128323 -0.00034467 0.0346846
1548808744514105344 735 -0.017062 -0.999695 0.017857 6.495 0.00173109 -0.0178891 -0.999838 0.167959 0.999853 -0.0170284 0.00203578 0.0414103
1548808744647456256 739 -0.0191547 -0.999729 0.0132097 6.53858 0.00325426 -0.0132744 -0.999907 0.166462 0.999811 -0.0191099 0.00350765 0.0446635
1548808744814144256 744 -0.0196525 -0.999697 0.0148215 6.59027 0.001844 -0.0148606 -0.999888 0.168993 0.999805 -0.0196229 0.00213549 0.0487913
1548808744947495424 748 -0.0183183 -0.999725 0.0146621 6.63018 -0.0017023 -0.0146334 -0.999891 0.171422 0.999831 -0.0183413 -0.00143377 0.0552825
1548808745147522304 754 -0.0168012 -0.999728 0.0161858 6.69485 -0.00248596 -0.0161462 -0.999867 0.174687 0.999856 -0.0168392 -0.002214 0.0568013
1548808745314210304 759 -0.0174615 -0.999771 0.0123525 6.74666 -0.000840866 -0.0123397 -0.999924 0.177121 0.999847 -0.0174705 -0.000625206 0.0616024
1548808745580912384 767 -0.0180693 -0.999756 0.0127319 6.82756 -0.0023433 -0.0126916 -0.999917 0.180515 0.999834 -0.0180976 -0.00211339 0.0711007
1548808745714263296 771 -0.019407 -0.999753 0.0108599 6.87121 -0.00295233 -0.0108046 -0.999937 0.179821 0.999807 -0.0194379 -0.00274192 0.0770027
1548808745880952320 776 -0.0205026 -0.999734 0.0105164 6.92195 -0.00201021 -0.0104774 -0.999943 0.185602 0.999788 -0.0205226 -0.00179487 0.0797674
1548808746114316288 783 -0.0234277 -0.99966 0.0114424 6.99217 -0.00307688 -0.0113734 -0.999931 0.189474 0.999721 -0.0234613 -0.00280938 0.0894346
1548808746281004288 788 -0.0248244 -0.999626 0.0114337 7.04258 -0.00443124 -0.0113271 -0.999926 0.191377 0.999682 -0.0248732 -0.0041484 0.0947507
1548808746514368256 795 -0.024693 -0.999649 0.00959213 7.11825 -0.00451029 -0.00948356 -0.999945 0.198672 0.999685 -0.0247349 -0.00427453 0.0909262
1548808746681057280 800 -0.0283276 -0.999574 0.00707734 7.16928 -0.00404176 -0.00696559 -0.999968 0.198109 0.999591 -0.0283553 -0.00384272 0.094617
1548808746947759360 808 -0.0242525 -0.999682 0.0068474 7.25356 -0.00495566 -0.00672911 -0.999965 0.202514 0.999694 -0.0242856 -0.00479089 0.0970661
1548808747081110272 812 -0.0268694 -0.999631 0.00398363 7.29223 -0.00511388 -0.00384756 -0.99998 0.206492 0.999626 -0.0268892 -0.00500861 0.101281
1548808747247798272 817 -0.0282639 -0.999571 0.00765307 7.34495 -0.00688028 -0.00746141 -0.999948 0.205779 0.999577 -0.0283151 -0.00666644 0.104743
1548808747414487296 822 -0.0300411 -0.99951 0.00879794 7.39406 -0.00729004 -0.00858259 -0.999937 0.205688 0.999522 -0.0301033 -0.00702863 0.107751
1548808747647851264 829 -0.029515 -0.999549 0.00554675 7.4662 -0.00554418 -0.00538538 -0.99997 0.206306 0.999549 -0.0295449 -0.00538273 0.109512
1548808747947891200 838 -0.0317691 -0.999449 0.00959194 7.55821 -0.00591286 -0.00940869 -0.999938 0.210668 0.999478 -0.0318239 -0.0056107 0.112295
1548808748081241344 842 -0.0319106 -0.999432 0.0108572 7.5974 -0.00464571 -0.0107143 -0.999932 0.210735 0.99948 -0.0319588 -0.00430117 0.112335
1548808748447956224 853 -0.0314989 -0.99944 0.0112591 7.71109 -0.000544944 -0.0112476 -0.999937 0.213501 0.999504 -0.031503 -0.000190354 0.111383
1548808748647983360 859 -0.030631 -0.999452 0.012531 7.77404 0.000367086 -0.0125481 -0.999921 0.217254 0.999531 -0.0306239 0.000751246 0.115121
1548808748981360384 869 -0.0298335 -0.999353 0.020104 7.87535 0.000458431 -0.0201267 -0.999797 0.222681 0.999555 -0.0298183 0.00105858 0.119894
1548808749148049408 874 -0.0304013 -0.999407 0.0161788 7.92964 0.000386735 -0.016198 -0.999869 0.224062 0.999538 -0.0303911 0.000878947 0.122711
1548808749448088320 883 -0.0317822 -0.999421 0.0121119 8.02458 -0.00445446 -0.0119762 -0.999918 0.227118 0.999485 -0.0318336 -0.00407125 0.127252
1548808749614777344 888 -0.031119 -0.99942 0.0138138 8.07812 -0.00535764 -0.0136535 -0.999892 0.233436 0.999501 -0.0311897 -0.00492965 0.134085
1548808749814803200 894 -0.0323905 -0.999403 0.0120426 8.14582 -0.00486684 -0.011891 -0.999917 0.234543 0.999463 -0.0324464 -0.00447877 0.137378
1548808749948154368 898 -0.0319258 -0.999451 0.00881156 8.18921 -0.00260106 -0.00873295 -0.999958 0.237236 0.999487 -0.0319474 -0.00232083 0.138199
1548808750181518336 905 -0.0320165 -0.999447 0.00898225 8.26201 -0.0035683 -0.0088725 -0.999954 0.238436 0.999481 -0.0320471 -0.00328226 0.141656
1548808750348207360 910 -0.0284125 -0.999558 0.00874976 8.31748 -0.00294229 -0.00866963 -0.999958 0.241077 0.999592 -0.0284371 -0.00269466 0.142545
1548808750481558272 914 -0.0279573 -0.999586 0.0068203 8.35664 6.79362e-05 -0.00682487 -0.999977 0.243008 0.999609 -0.0279562 0.000258713 0.145635
1548808750581571328 917 -0.0281596 -0.999571 0.00806358 8.38807 -0.00050739 -0.00805249 -0.999967 0.242368 0.999603 -0.0281628 -0.000280417 0.146433
1548808750714922240 921 -0.0249446 -0.999662 0.00727141 8.43074 -0.00157497 -0.00723436 -0.999973 0.242608 0.999688 -0.0249554 -0.00139398 0.148031
1548808750781597184 923 -0.024302 -0.99967 0.00835542 8.45438 -0.000659939 -0.00834185 -0.999965 0.242702 0.999704 -0.0243066 -0.000456997 0.149218
1548808750914948352 927 -0.021869 -0.999692 0.0117656 8.49624 0.000174718 -0.0117722 -0.999931 0.243294 0.999761 -0.0218654 0.00043211 0.149745
1548808751048299264 931 -0.0217013 -0.999672 0.013634 8.53736 0.00195829 -0.0136797 -0.999905 0.246629 0.999763 -0.0216725 0.00225451 0.150158
1548808751214988288 936 -0.0196925 -0.999684 0.0156541 8.58854 0.00152509 -0.0156872 -0.999876 0.246316 0.999805 -0.0196662 0.00183352 0.152213
1548808751381676288 941 -0.0160485 -0.999783 0.0132875 8.6399 -6.4394e-05 -0.0132881 -0.999912 0.24812 0.999871 -0.0160479 0.000148875 0.15288
1548808751581703168 947 -0.0151607 -0.999799 0.0131144 8.70267 -0.00163635 -0.0130911 -0.999913 0.250584 0.999884 -0.0151808 -0.00143755 0.157454
1548808751815067392 954 -0.0162658 -0.99982 0.00977062 8.7803 -0.00259597 -0.00972965 -0.999949 0.252023 0.999864 -0.0162903 -0.00243724 0.158255
1548808752048431360 961 -0.0145673 -0.999884 0.00448087 8.85448 -0.00157214 -0.00445844 -0.999989 0.255576 0.999893 -0.0145742 -0.00150701 0.159611
1548808752281795328 968 -0.0102818 -0.99994 0.00388126 8.92858 -0.000278229 -0.0038786 -0.999992 0.258687 0.999947 -0.0102828 -0.000238333 0.159536
1548808752448483328 973 -0.011264 -0.999926 0.00452302 8.98172 0.000549948 -0.0045295 -0.99999 0.259227 0.999936 -0.0112614 0.000600928 0.158164
1548808752581834240 977 -0.00915654 -0.999957 0.00151667 9.0251 0.00159248 -0.00153132 -0.999998 0.261063 0.999957 -0.0091541 0.00160644 0.158193
1548808752748523264 982 -0.00705118 -0.999969 0.00352809 9.07651 0.00223932 -0.00354395 -0.999991 0.263516 0.999973 -0.00704322 0.00226424 0.15989
1548808752981887232 989 -0.00554785 -0.999966 0.00607926 9.15015 -0.000167624 -0.00607843 -0.999982 0.265132 0.999985 -0.00554877 -0.000133896 0.161458
1548808753215251200 996 -0.00130205 -0.999984 0.00552349 9.22319 0.00212301 -0.00552624 -0.999982 0.267017 0.999997 -0.00129031 0.00213017 0.16139
1548808753481953280 1004 -0.000751443 -0.999981 0.00605733 9.30955 0.00234629 -0.00605908 -0.999979 0.26749 0.999997 -0.000737215 0.0023508 0.161343
1548808753681979392 1010 0.000234722 -0.999945 0.0104704 9.36937 0.00516059 -0.010469 -0.999932 0.272701 0.999987 0.000288739 0.00515785 0.161472
1548808753948681216 1018 0.0084215 -0.999909 0.0105354 9.45249 0.00575685 -0.0104872 -0.999928 0.276139 0.999948 0.00848155 0.00566801 0.159699
1548808754082032384 1022 0.0105683 -0.999877 0.0115548 9.49292 0.00534696 -0.0114988 -0.99992 0.27841 0.99993 0.0106292 0.00522478 0.16103
1548808754348734208 1030 0.035972 -0.999278 0.0122655 9.57821 0.00417404 -0.0121231 -0.999918 0.281305 0.999344 0.0360203 0.00373493 0.160715
1548808754415409408 1032 0.0415899 -0.999083 0.0101248 9.59442 0.0051326 -0.00991979 -0.999938 0.279365 0.999122 0.0416393 0.00471533 0.16469
1548808754582098176 1037 0.0476998 -0.998815 0.00969082 9.647 0.00372325 -0.009524 -0.999948 0.280003 0.998855 0.0477334 0.00326454 0.16173
1548808754748786176 1042 0.0514196 -0.998585 0.0135438 9.69909 0.00203032 -0.0134572 -0.999907 0.284056 0.998675 0.0514424 0.00133548 0.158831
1548808754915475200 1047 0.0507337 -0.998668 0.00941262 9.7476 0.000954182 -0.00937628 -0.999956 0.28528 0.998712 0.0507404 0.000477218 0.155112
1548808755015488256 1050 0.0497628 -0.998674 0.0131873 9.77628 0.00162357 -0.0131227 -0.999913 0.289766 0.99876 0.0497799 0.000968389 0.153108
1548808755148839424 1054 0.0420034 -0.999036 0.0127406 9.81805 0.00189059 -0.0126723 -0.999918 0.290439 0.999116 0.0420241 0.00135649 0.151823
1548808755248852224 1057 0.0336463 -0.999403 0.00780259 9.85141 0.000914277 -0.00777623 -0.999969 0.296478 0.999433 0.0336524 0.000652091 0.150813
1548808755315528192 1059 0.0259318 -0.999574 0.0133745 9.86817 0.00142408 -0.0133421 -0.99991 0.291768 0.999663 0.0259485 0.00107749 0.153042
1548808755382203392 1061 0.0186619 -0.999782 0.00939985 9.88986 -0.000245102 -0.00940607 -0.999956 0.292537 0.999826 0.0186588 -0.000420583 0.153462
1548808755482216192 1064 0.00878776 -0.999919 0.00923007 9.92451 -0.000555205 -0.0092353 -0.999957 0.295477 0.999961 0.00878226 -0.000636317 0.152385
1548808755582230272 1067 -0.00884213 -0.99991 0.0100973 9.95512 -0.00261784 -0.0100746 -0.999946 0.29686 0.999957 -0.00886808 -0.00252853 0.150918
1548808755682243328 1070 -0.0176627 -0.999825 0.00617191 9.9903 -0.00160335 -0.00614455 -0.99998 0.298563 0.999843 -0.0176723 -0.00149454 0.144952
1548808755782256384 1073 -0.0220765 -0.999712 0.00940538 10.0226 -0.00263577 -0.00934944 -0.999953 0.30132 0.999753 -0.0221002 -0.0024286 0.150046
1548808755848931328 1075 -0.0200947 -0.999757 0.00901972 10.0458 -0.00187636 -0.00898381 -0.999958 0.30134 0.999796 -0.0201107 -0.00169538 0.151624
1548808756048958208 1081 -0.0172531 -0.999803 0.00983664 10.1073 -0.00380783 -0.00977233 -0.999945 0.302887 0.999844 -0.0172896 -0.00363848 0.15538
1548808756148971264 1084 -0.0150344 -0.999846 0.00900543 10.1395 -0.00116423 -0.00898893 -0.999959 0.305252 0.999886 -0.0150443 -0.00102891 0.156052
1548808756282322176 1088 -0.00968901 -0.99991 0.00925013 10.1811 -0.00239302 -0.00922735 -0.999955 0.305253 0.99995 -0.0097107 -0.0023034 0.158816
1548808756415673344 1092 -1.55293e-05 -0.999971 0.00760514 10.2206 0.000966424 -0.00760515 -0.999971 0.308523 1 -8.17906e-06 0.000966514 0.157971
1548808756615699200 1098 0.0146209 -0.999858 0.00839982 10.2826 -0.000392505 -0.00840646 -0.999965 0.31111 0.999893 0.0146171 -0.000515359 0.159118
1548808756849063424 1105 0.0326623 -0.999436 0.00777957 10.3559 -0.00157267 -0.0078351 -0.999968 0.313385 0.999465 0.032649 -0.00182769 0.16082
1548808757115765248 1113 0.0527221 -0.998569 0.0089966 10.4387 9.17726e-05 -0.00900429 -0.999959 0.316995 0.998609 0.0527208 -0.000383083 0.15982
1548808757282454272 1118 0.0632979 -0.997948 0.00963268 10.4925 0.00122492 -0.00957434 -0.999953 0.317944 0.997994 0.0633068 0.00061637 0.157351
1548808757482480384 1124 0.0668423 -0.997744 0.0063173 10.558 0.00107086 -0.00625972 -0.99998 0.321442 0.997763 0.0668477 0.000650034 0.154624
1548808757615831296 1128 0.0679278 -0.997683 0.00384004 10.6019 0.000308677 -0.00382792 -0.999993 0.322166 0.99769 0.0679285 4.79394e-05 0.151298
1548808757849195264 1135 0.0658034 -0.997823 0.00430948 10.6744 0.00139925 -0.00422656 -0.99999 0.321988 0.997832 0.0658088 0.00111808 0.149073
1548808757982546176 1139 0.0653046 -0.997863 0.0021854 10.7122 0.000356271 -0.00216676 -0.999998 0.320586 0.997865 0.0653052 0.00021401 0.144747
1548808758182572288 1145 0.0602097 -0.998185 0.00130356 10.7723 0.00145901 -0.00121792 -0.999998 0.3258 0.998185 0.0602115 0.00138303 0.139802
1548808758315923200 1149 0.0542653 -0.998511 0.005661 10.8142 0.000901566 -0.00562036 -0.999984 0.3285 0.998526 0.0542695 0.000595233 0.13651
1548808758482612224 1154 0.0485316 -0.998804 0.00596187 10.8658 0.00153048 -0.00589454 -0.999981 0.333817 0.99882 0.0485398 0.00124258 0.132016
1548808758549287424 1156 0.0475502 -0.998867 0.00200742 10.8846 0.00347096 -0.00184445 -0.999992 0.332709 0.998863 0.0475568 0.00337932 0.130619
1548808758682638336 1160 0.0394408 -0.999208 0.00531572 10.9272 0.00282614 -0.00520829 -0.999982 0.334207 0.999218 0.0394551 0.00261848 0.129264
1548808758849327360 1165 0.0313493 -0.999499 0.00426084 10.9806 0.0057991 -0.00408098 -0.999975 0.336075 0.999492 0.0313732 0.00566826 0.125411
1548808759016015360 1170 0.0242432 -0.999692 0.00526806 11.0336 0.00766706 -0.00508353 -0.999958 0.33738 0.999677 0.0242826 0.00754146 0.121724
1548808759182704384 1175 0.0207886 -0.999727 0.0106438 11.0801 0.00640436 -0.0105127 -0.999924 0.338613 0.999763 0.0208552 0.00618407 0.119861
1548808759282717184 1178 0.01909 -0.999748 0.0118424 11.1099 0.00523834 -0.0117444 -0.999917 0.340819 0.999804 0.0191505 0.00501282 0.11997
1548808759382730240 1181 0.0195811 -0.999677 0.0161912 11.1397 0.00559197 -0.0160846 -0.999855 0.342267 0.999793 0.0196688 0.00527521 0.118735
1548808759482743296 1184 0.0185775 -0.999726 0.0142106 11.1729 0.00488923 -0.014122 -0.999888 0.343976 0.999815 0.0186449 0.00462554 0.119453
1548808759649432320 1189 0.0188562 -0.999721 0.0142532 11.2259 0.0049432 -0.0141623 -0.999887 0.344386 0.99981 0.0189245 0.00467477 0.117767
1548808759882796288 1196 0.017483 -0.999751 0.0138814 11.2979 0.00640061 -0.0137713 -0.999885 0.34748 0.999827 0.0175699 0.00615825 0.120057
1548808759949472256 1198 0.0166814 -0.999713 0.0172003 11.3167 0.00715787 -0.0170829 -0.999828 0.348377 0.999835 0.0168017 0.00687085 0.116107
1548808760082822400 1202 0.0173082 -0.999764 0.0131111 11.3585 0.00528937 -0.0130213 -0.999901 0.351286 0.999836 0.0173758 0.00506275 0.118169
1548808760216173312 1206 0.0146808 -0.999767 0.0158471 11.3994 0.00590944 -0.0157618 -0.999858 0.351115 0.999875 0.0147724 0.00567667 0.117494
1548808760449537280 1213 0.0157941 -0.99977 0.0145183 11.4752 0.0052258 -0.0144374 -0.999882 0.354455 0.999862 0.0158681 0.00499657 0.11453
1548808760749577216 1222 0.0142836 -0.999841 0.0106823 11.5692 0.00780363 -0.0105716 -0.999914 0.356832 0.999868 0.0143657 0.00765139 0.112208
1548808761016279296 1230 0.0145852 -0.999819 0.0122507 11.6547 0.00859052 -0.0121262 -0.99989 0.359828 0.999857 0.0146888 0.0084121 0.110254
1548808761182967296 1235 0.015072 -0.999806 0.0127142 11.7082 0.00867692 -0.0125843 -0.999883 0.36051 0.999849 0.0151805 0.00848556 0.11065
1548808761282981376 1238 0.014584 -0.999838 0.0105871 11.7424 0.0103062 -0.0104374 -0.999892 0.357273 0.999841 0.0146916 0.0101523 0.107805
1548808761449669376 1243 0.012333 -0.999844 0.0126751 11.7951 0.0120545 -0.0125265 -0.999849 0.357196 0.999851 0.0124839 0.0118981 0.107717
1548808761649696256 1249 0.013543 -0.999836 0.0120529 11.8637 0.0139779 -0.0118635 -0.999832 0.362873 0.999811 0.0137092 0.0138149 0.104674
1548808761783046400 1253 0.0142493 -0.999723 0.0187435 11.9026 0.0115798 -0.0185791 -0.99976 0.365463 0.999831 0.0144629 0.0113118 0.106947
1548808762116424192 1263 0.014089 -0.999806 0.0137459 12.0135 0.0111879 -0.0135888 -0.999845 0.373224 0.999838 0.0142406 0.0109943 0.105199
1548808762316450304 1269 0.0152316 -0.999809 0.0122611 12.0807 0.0132576 -0.0120595 -0.999839 0.373821 0.999796 0.0153917 0.0130714 0.102192
1548808762583152384 1277 0.0127917 -0.999872 0.00958319 12.1676 0.0123484 -0.00942528 -0.999879 0.384915 0.999842 0.0129085 0.0122263 0.106428
1548808762749840384 1282 0.0130356 -0.999885 0.0077628 12.2214 0.0113573 -0.0076149 -0.999907 0.385706 0.999851 0.0131225 0.0112568 0.103921
1548808762949867264 1288 0.0110294 -0.999893 0.00961186 12.2844 0.0107471 -0.00949335 -0.999897 0.39154 0.999881 0.0111316 0.0106413 0.106704
1548808763083218176 1292 0.0114671 -0.999841 0.0136435 12.3269 0.00916676 -0.0135387 -0.999866 0.395026 0.999892 0.0115906 0.00901006 0.104558
1548808763349919232 1300 0.013615 -0.999809 0.0140567 12.4163 0.00790677 -0.0139499 -0.999871 0.400604 0.999876 0.0137244 0.00771533 0.09575
1548808763449933312 1303 0.0138953 -0.999794 0.0147915 12.4485 0.00973022 -0.014657 -0.999845 0.400597 0.999856 0.0140371 0.00952456 0.0941798
1548808763649959424 1309 0.0141367 -0.999771 0.0160606 12.5147 0.0113831 -0.0159002 -0.999809 0.40657 0.999835 0.0143168 0.0111557 0.0916188
1548808763816648192 1314 0.013538 -0.999743 0.0181669 12.5654 0.0117384 -0.0180084 -0.999769 0.409469 0.999839 0.0137481 0.0114915 0.0921087
1548808764150025216 1324 0.0129632 -0.999817 0.0140556 12.6736 0.0125249 -0.0138933 -0.999825 0.41501 0.999838 0.013137 0.0123426 0.0895716
1548808764383389184 1331 0.013904 -0.999727 0.0187815 12.7458 0.00944377 -0.0186511 -0.999781 0.417405 0.999859 0.0140783 0.00918187 0.0915555
1548808764616753408 1338 0.0141492 -0.999798 0.0142874 12.8208 0.00788201 -0.0141769 -0.999868 0.419772 0.999869 0.0142599 0.00767982 0.0951812
1548808764883455232 1346 0.013027 -0.999805 0.0148361 12.904 0.00780967 -0.0147351 -0.999861 0.425172 0.999885 0.0131411 0.00761619 0.0955184
1548808765116819200 1353 0.0121866 -0.999801 0.0157742 12.9785 0.00743377 -0.0156843 -0.999849 0.426288 0.999898 0.012302 0.00724116 0.0971365
1548808765283508224 1358 0.0113735 -0.999834 0.0142172 13.0313 0.00571722 -0.0141528 -0.999883 0.428085 0.999919 0.0114535 0.00555531 0.0989019
1548808765516872192 1365 0.0109162 -0.999818 0.0156617 13.1054 0.00635698 -0.0155929 -0.999858 0.430859 0.99992 0.0110143 0.00618561 0.0980385
1548808765716898304 1371 0.0115238 -0.999774 0.017856 13.1659 0.00581866 -0.0177898 -0.999825 0.435009 0.999917 0.0116257 0.00561234 0.0967263
1548808765850249216 1375 0.0112074 -0.999698 0.0218522 13.2089 0.00463211 -0.0218015 -0.999752 0.436841 0.999926 0.0113059 0.00438637 0.0973073
1548808766016937216 1380 0.0116544 -0.999725 0.0203327 13.2613 0.00551987 -0.0202695 -0.999779 0.439181 0.999917 0.0117641 0.00528212 0.0996519
1548808766250302208 1387 0.0121878 -0.999724 0.0200713 13.3375 0.00562556 -0.0200039 -0.999784 0.443972 0.99991 0.0122981 0.00538021 0.0964916
1548808766350315264 1390 0.0113764 -0.999735 0.0200192 13.367 0.00538274 -0.019959 -0.999786 0.445595 0.999921 0.0114818 0.00515425 0.100028
1548808766517003264 1395 0.00958766 -0.999675 0.0236058 13.4194 0.00468024 -0.0235618 -0.999711 0.448545 0.999943 0.00969537 0.00445282 0.0977111
1548808766617017344 1398 0.00858566 -0.999735 0.0213771 13.4489 0.00625853 -0.0213237 -0.999753 0.449603 0.999944 0.00871733 0.0060738 0.101334
1548808766817043200 1404 0.00920293 -0.999738 0.0209582 13.5115 0.00696511 -0.0208945 -0.999757 0.452806 0.999933 0.00934668 0.006771 0.100037
1548808767017069312 1410 0.0103602 -0.999732 0.0207118 13.5749 0.00440707 -0.020667 -0.999777 0.455075 0.999937 0.0104492 0.00419177 0.0994727
1548808767183758336 1415 0.0112218 -0.999705 0.0215372 13.629 0.00567426 -0.0214745 -0.999753 0.455774 0.999921 0.0113413 0.0054316 0.0989724
1548808767350446336 1420 0.0109416 -0.999714 0.0212422 13.6849 0.00598575 -0.0211776 -0.999758 0.457569 0.999922 0.0110661 0.00575232 0.0967421
1548808767550473216 1426 0.0102751 -0.999802 0.0170577 13.7459 0.00728666 -0.0169833 -0.999829 0.459222 0.999921 0.0103977 0.00711071 0.0983351
1548808767750499328 1432 0.00918665 -0.999805 0.0174885 13.8094 0.00274695 -0.017464 -0.999844 0.462374 0.999954 0.00923326 0.00258598 0.100703
1548808767950526208 1438 0.00739291 -0.999828 0.01701 13.8739 -0.000279091 -0.0170125 -0.999855 0.466601 0.999973 0.00738709 -0.000404815 0.103008
1548808768117214208 1443 0.00712793 -0.999844 0.0161641 13.9267 0.00239612 -0.0161474 -0.999867 0.468166 0.999972 0.00716572 0.00228064 0.103009
1548808768317241344 1449 0.00485813 -0.999869 0.0154123 13.9882 0.00363682 -0.0153947 -0.999875 0.472291 0.999982 0.00491358 0.00356155 0.106532
1548808768550605312 1456 0.00198687 -0.999828 0.018413 14.0603 0.00175464 -0.0184096 -0.999829 0.476529 0.999996 0.00201884 0.00171776 0.108707
1548808768683955200 1460 0.00021717 -0.999895 0.0144764 14.1015 0.00315303 -0.0144757 -0.99989 0.47775 0.999995 0.00026279 0.00314955 0.107484
1548808768783969280 1463 6.71063e-05 -0.999844 0.0176425 14.1328 0.00373623 -0.0176422 -0.999837 0.479627 0.999993 0.000133012 0.00373446 0.108093
1548808768850644224 1465 -0.00331161 -0.999869 0.015815 14.1529 0.00211247 -0.0158221 -0.999873 0.479888 0.999992 -0.00327778 0.00216459 0.11169
1548808768917320192 1467 -0.00410425 -0.999779 0.0206186 14.1741 0.00128227 -0.020624 -0.999786 0.482016 0.999991 -0.00407693 0.00136663 0.109667
1548808769117346304 1473 -0.00874684 -0.999757 0.0202294 14.2349 0.00048688 -0.0202345 -0.999795 0.485847 0.999962 -0.0087352 0.00066375 0.113733
1548808769284035328 1478 -0.0121829 -0.999721 0.0202194 14.2891 0.00319633 -0.0202598 -0.99979 0.490547 0.999921 -0.0121157 0.00344226 0.112329
1548808769484061184 1484 -0.0167446 -0.999616 0.0220982 14.3517 0.00142645 -0.0221252 -0.999754 0.495238 0.999859 -0.016709 0.00179638 0.11688
1548808769617412352 1488 -0.0215676 -0.999502 0.0230363 14.3952 0.000489213 -0.0230522 -0.999734 0.496475 0.999767 -0.0215506 0.000986149 0.118614
1548808769784100352 1493 -0.0262636 -0.999358 0.0243883 14.4501 0.00129416 -0.0244306 -0.999701 0.500562 0.999654 -0.0262242 0.00193496 0.117131
1548808770084140288 1502 -0.0372299 -0.998883 0.0291055 14.5472 -0.00286192 -0.029019 -0.999575 0.506222 0.999303 -0.0372973 -0.00177835 0.120689
1548808770284166400 1508 -0.0423578 -0.998788 0.0250656 14.6108 -0.00413938 -0.0249124 -0.999681 0.51136 0.999094 -0.0424481 -0.00307912 0.130053
1548808770517530368 1515 -0.0436094 -0.998688 0.0268404 14.6861 -0.00466388 -0.0266622 -0.999634 0.515877 0.999038 -0.0437186 -0.00349504 0.135695
1548808770817570304 1524 -0.0472368 -0.998536 0.0263446 14.7808 -0.00328655 -0.0262186 -0.999651 0.520641 0.998878 -0.0473069 -0.00204326 0.13608
1548808770950921216 1528 -0.0528832 -0.998262 0.0259909 14.8242 -0.00367811 -0.0258325 -0.99966 0.523679 0.998594 -0.0529608 -0.00230562 0.136377
1548808771117609216 1533 -0.060675 -0.997789 0.0271353 14.8798 -0.00603649 -0.0268181 -0.999622 0.527293 0.998139 -0.0608158 -0.00439595 0.136163
1548808771217623296 1536 -0.0693553 -0.997252 0.026029 14.9117 -0.00718004 -0.0255921 -0.999647 0.527921 0.997566 -0.0695176 -0.00538537 0.140187
1548808771317636352 1539 -0.0763166 -0.996613 0.0306461 14.939 -0.00815007 -0.0301112 -0.999513 0.529062 0.99705 -0.0765292 -0.00582448 0.140405
1548808771417649408 1542 -0.082611 -0.996178 0.0283518 14.9719 -0.00972901 -0.0276415 -0.999571 0.532098 0.996534 -0.0828514 -0.00740833 0.14584
1548808771551000320 1546 -0.0823369 -0.996194 0.0286021 15.0157 -0.00969713 -0.0278973 -0.999564 0.53265 0.996557 -0.0825784 -0.00736324 0.146737
1548808771617675264 1548 -0.0826882 -0.996092 0.0310354 15.0352 -0.010362 -0.030281 -0.999488 0.533985 0.996522 -0.0829674 -0.00781765 0.147987
1548808771817702400 1554 -0.0766509 -0.996538 0.0322105 15.0984 -0.00736292 -0.0317389 -0.999469 0.535667 0.997031 -0.0768473 -0.00490461 0.149986
1548808771951053312 1558 -0.060754 -0.997697 0.0301541 15.1388 -0.00668514 -0.0298025 -0.999533 0.539925 0.99813 -0.0609272 -0.00485913 0.156599
1548808772017728256 1560 -0.0374621 -0.998842 0.0301809 15.1606 -0.00469549 -0.0300259 -0.999538 0.542326 0.999287 -0.0375865 -0.00356522 0.155123
1548808772084403200 1562 -0.0199128 -0.999304 0.0315561 15.1793 -0.00394811 -0.0314835 -0.999496 0.543008 0.999794 -0.0200274 -0.00331843 0.160896
1548808772151079424 1564 -0.000950799 -0.999434 0.0336257 15.196 -0.00600666 -0.0336194 -0.999417 0.541679 0.999982 -0.00115222 -0.00597129 0.164019
1548808772184417280 1565 0.0102019 -0.999535 0.0287232 15.2039 -0.00545082 -0.0287798 -0.999571 0.540946 0.999933 0.010041 -0.00574189 0.166668
