1548808721714256384 51 -0.000619563 -1 0.000244262 0.00212337 -0.000392127 -0.000244019 -1 -0.000972499 1 -0.000619659 -0.000391976 -0.000128619
1548808722014295296 60 0.00205768 -0.999998 -0.000593109 0.0118295 -0.000989102 0.000591075 -0.999999 -0.000942128 0.999997 0.00205827 -0.000987883 0.000402964
1548808722447686400 73 0.0126189 -0.99992 -0.000164563 0.0387448 -0.000111392 0.000163171 -1 -0.000379905 0.99992 0.0126189 -0.000109324 0.000899225
1548808722747725312 82 0.0350663 -0.999385 -0.00021403 0.0676479 -0.000385021 0.000200652 -1 0.00263344 0.999385 0.0350664 -0.000377748 0.00120639
1548808723047765248 91 0.0615366 -0.998104 -0.00161088 0.102556 0.00185599 0.00172836 -0.999997 0.00286215 0.998103 0.0615334 0.00195883 0.00634333
1548808723647844352 109 0.0735171 -0.997292 0.00174603 0.169489 0.00151362 -0.00163919 -0.999998 0.0092321 0.997293 0.0735196 0.00138902 0.00522353
1548808723981221376 119 0.0740131 -0.997255 0.00228402 0.204438 0.00212053 -0.00213292 -0.999995 0.0101128 0.997255 0.0740176 0.00195684 0.000805362
1548808724281261312 128 0.0745659 -0.997213 0.00250932 0.234872 0.00350764 -0.00225403 -0.999991 0.00920979 0.99721 0.074574 0.00332979 -0.0007281
1548808724514625280 135 0.0739991 -0.997255 0.00246412 0.257376 0.0053629 -0.00207292 -0.999983 0.00992905 0.997244 0.0740111 0.00519478 -0.00264287
1548808725114704384 153 0.0738205 -0.99726 0.00482545 0.32257 0.00890507 -0.00417929 -0.999952 0.0112583 0.997232 0.0738599 0.00857216 -0.00604237
1548808725281393408 158 0.0759915 -0.997084 0.00693656 0.343288 0.00816418 -0.00633425 -0.999947 0.0123028 0.997075 0.076044 0.00765902 -0.00763425
1548808725681445376 170 0.0763952 -0.997024 0.0103428 0.400379 0.00858398 -0.0097151 -0.999916 0.016318 0.997041 0.0764776 0.00781625 -0.0113355
1548808726014822400 180 0.0761685 -0.997048 0.00969093 0.449166 0.0084963 -0.00906981 -0.999923 0.0182096 0.997059 0.0762449 0.00778039 -0.0154393
1548808726381537280 191 0.0642891 -0.99791 0.00655859 0.51177 0.00902368 -0.0059906 -0.999941 0.0200716 0.997891 0.0643445 0.00861969 -0.0220675
1548808726614902272 198 0.0393606 -0.999214 0.00470274 0.552609 0.00761926 -0.00440612 -0.999961 0.020514 0.999196 0.0393949 0.00743984 -0.0277174
1548808726846913280 205 0.0232702 -0.999727 0.00199137 0.598481 0.0057601 -0.00185781 -0.999982 0.022838 0.999713 0.0232813 0.0057153 -0.0313487
1548808727080277248 212 0.0201624 -0.999796 -0.000868877 0.650521 0.00669956 0.00100414 -0.999977 0.0218605 0.999774 0.0201562 0.00671845 -0.0317328
1548808727413654272 222 0.0177576 -0.99984 -0.00230494 0.724475 0.00829591 0.00245257 -0.999963 0.0241176 0.999808 0.0177378 0.00833813 -0.0361159
1548808727613680384 228 0.0189226 -0.999817 -0.002795 0.767388 0.0109614 0.00300279 -0.999935 0.021486 0.999761 0.0188907 0.0110162 -0.0406486
1548808727812213248 234 0.0178532 -0.999817 -0.00692802 0.813145 0.0108401 0.00712228 -0.999916 0.0228777 0.999782 0.0177766 0.0109653 -0.0417673
1548808728145590272 244 0.0163252 -0.999863 -0.00281971 0.889934 0.00935158 0.00297265 -0.999952 0.0243941 0.999823 0.016298 0.00939883 -0.0398409
1548808728345616384 250 0.0130199 -0.999887 -0.00756242 0.940465 0.0116917 0.00771478 -0.999902 0.027195 0.999847 0.0129302 0.0117909 -0.0393319
1548808728578980352 257 0.0117632 -0.999911 -0.00637184 0.995643 0.0109753 0.00650101 -0.999919 0.0282871 0.999871 0.0116923 0.0110508 -0.0398525
1548808728912358400 267 0.0123105 -0.999918 -0.00348122 1.07374 0.0108721 0.00361513 -0.999934 0.0287679 0.999865 0.0122718 0.0109157 -0.0405887
1548808729145722368 274 0.0109184 -0.999932 -0.00397949 1.13111 0.0130187 0.00412154 -0.999907 0.0299278 0.999856 0.0108656 0.0130628 -0.0427193
1548808729479099392 284 0.00989272 -0.999938 -0.00514891 1.21832 0.0109696 0.00525738 -0.999926 0.0344321 0.999891 0.00983551 0.011021 -0.0425367
1548808729812476416 294 0.00905015 -0.999955 -0.0028956 1.30964 0.00688387 0.00295795 -0.999972 0.0355178 0.999935 0.00902996 0.00691033 -0.0388538
1548808730045840384 301 0.00967875 -0.999949 -0.0027174 1.37444 0.00619324 0.00277742 -0.999977 0.0382353 0.999934 0.0096617 0.00621981 -0.0387379
1548808730345880320 310 0.00850566 -0.999962 -0.0020874 1.46094 0.00735577 0.00214999 -0.999971 0.0386773 0.999937 0.00849006 0.00737377 -0.038321
1548808730679257344 320 0.00785634 -0.999969 0.000429196 1.56673 0.00511374 -0.000389027 -0.999987 0.0413311 0.999956 0.00785843 0.00511052 -0.0404113
1548808730845946368 325 0.00927386 -0.999955 0.00197547 1.62081 0.00430491 -0.00193561 -0.999989 0.0436302 0.999948 0.00928226 0.00428677 -0.0361616
1548808731045972224 331 0.00862788 -0.999958 0.00324724 1.68665 0.00151786 -0.00323426 -0.999994 0.0447646 0.999962 0.00863275 0.00148989 -0.0351453
1548808731312674304 339 0.00939441 -0.999955 0.00149878 1.77608 0.00199395 -0.00148011 -0.999997 0.0481518 0.999954 0.00939737 0.00197996 -0.035428
1548808731512700416 345 0.00963392 -0.999953 -0.000460278 1.84247 0.00510383 0.000509466 -0.999987 0.0494441 0.999941 0.00963144 0.0051085 -0.0351032
1548808731712726272 351 0.00847731 -0.999961 -0.00259306 1.90699 0.00692376 0.00265178 -0.999973 0.0497735 0.99994 0.00845913 0.00694596 -0.0329372
1548808731912753408 357 0.00700311 -0.999975 -0.00102582 1.9705 0.00761185 0.00107912 -0.99997 0.0533845 0.999947 0.00699509 0.00761922 -0.0330463
1548808732112779264 363 0.00783383 -0.999968 0.00147584 2.0337 0.00565377 -0.00143157 -0.999983 0.054749 0.999953 0.00784204 0.00564238 -0.0315818
1548808732412819200 372 0.0121286 -0.999912 0.00541322 2.12941 0.00278819 -0.00537977 -0.999982 0.0588709 0.999923 0.0121435 0.0027227 -0.0272721
1548808732646183424 379 0.00905784 -0.999947 0.00497809 2.20589 0.00432185 -0.0049391 -0.999978 0.0614109 0.99995 0.00907916 0.00427688 -0.0270451
1548808732779534336 383 0.00938563 -0.999947 0.0042989 2.24817 0.00608525 -0.00424189 -0.999972 0.0641282 0.999937 0.00941153 0.00604511 -0.0272579
1548808732979560192 389 0.00723361 -0.999949 0.00701712 2.31182 0.00599134 -0.00697384 -0.999958 0.0667675 0.999956 0.00727534 0.00594059 -0.0246293
1548808733112911360 393 0.00481216 -0.999959 0.00761281 2.35413 0.0018668 -0.0076039 -0.999969 0.0701754 0.999987 0.00482622 0.00183013 -0.0231829
1548808733279600384 398 0.00372467 -0.999969 0.0069684 2.40936 0.000748899 -0.00696566 -0.999975 0.0716852 0.999993 0.00372979 0.000722931 -0.0220801
1548808733479626240 404 0.00291605 -0.999986 0.00446663 2.47442 0.000437453 -0.00446537 -0.99999 0.0727731 0.999996 0.00291798 0.000424426 -0.0229218
1548808733612977408 408 0.00454927 -0.999974 0.00557842 2.52072 0.000518314 -0.00557611 -0.999984 0.0752711 0.99999 0.00455209 0.000492933 -0.0242225
1548808733779665408 413 0.00355577 -0.999991 0.00225737 2.57472 0.00280845 -0.00224739 -0.999994 0.078981 0.99999 0.00356208 0.00280043 -0.0203598
1548808734113043200 423 0.00509944 -0.999986 -0.00119052 2.65769 0.00424733 0.00121218 -0.99999 0.079616 0.999978 0.00509433 0.00425345 -0.0212367
1548808734446420224 433 0.000563786 -0.999963 -0.00856467 2.72079 0.00250803 0.00856606 -0.99996 0.0834976 0.999997 0.000542283 0.00251277 -0.0201032
1548808735313201408 459 0.00286137 -0.999979 -0.00578748 2.81076 0.00445622 0.0058002 -0.999973 0.0848293 0.999986 0.00283551 0.00447273 -0.0206061
1548808735379876352 461 0.00349799 -0.999982 -0.00496175 2.83625 0.00494729 0.00497902 -0.999975 0.0856469 0.999982 0.00347335 0.00496461 -0.0198235
1548808735579903232 467 0.0067572 -0.999977 -0.000930063 2.90474 0.00104811 0.000937166 -0.999999 0.0891562 0.999977 0.00675622 0.00105441 -0.0175262
1548808735646578176 469 0.00662861 -0.999965 -0.0050742 2.93213 0.00096338 0.00508069 -0.999987 0.0879338 0.999978 0.00662363 0.000997024 -0.0179719
1548808735779929344 473 0.00520069 -0.999985 -0.0019857 2.98806 0.000430673 0.00198797 -0.999998 0.0890772 0.999986 0.00519982 0.000441005 -0.0185921
1548808735913280256 477 0.00209664 -0.999998 -0.000560181 3.05007 0.00119991 0.000562697 -0.999999 0.0909251 0.999997 0.00209596 0.00120109 -0.018019
1548808735979955200 479 0.00359389 -0.999994 -7.17993e-05 3.08079 0.00575527 9.24826e-05 -0.999983 0.0897377 0.999977 0.00359342 0.00575557 -0.0184045
1548808736079968256 482 0.00369192 -0.999982 0.0048102 3.12798 0.00206174 -0.00480261 -0.999986 0.0914496 0.999991 0.00370179 0.00204397 -0.0157007
1548808736179674368 485 0.00351263 -0.999987 0.00382542 3.18952 -1.38582e-05 -0.00382549 -0.999993 0.0935657 0.999994 0.00351255 -2.72955e-05 -0.0137089
1548808736246349312 487 0.0048383 -0.999967 0.00657189 3.23167 0.00280776 -0.00655836 -0.999975 0.0945902 0.999984 0.00485663 0.00277593 -0.017564
1548808736313025280 489 0.00281545 -0.999977 0.0061843 3.27007 0.00569164 -0.0061682 -0.999965 0.0967267 0.99998 0.00285055 0.00567414 -0.0170286
1548808736413038336 492 0.00596583 -0.99995 0.00799567 3.33306 0.00465029 -0.00796799 -0.999957 0.0980966 0.999971 0.00600276 0.00460252 -0.0194759
1548808736513051392 495 0.00560653 -0.999949 0.00840113 3.39558 0.00527568 -0.00837156 -0.999951 0.0995966 0.99997 0.00565058 0.00522847 -0.018553
1548808736613064192 498 0.00330914 -0.999976 0.00616755 3.45982 0.00400695 -0.00615427 -0.999973 0.100618 0.999986 0.00333376 0.00398649 -0.0159354
1548808736713077248 501 0.00374663 -0.999966 0.00740395 3.52097 0.00319069 -0.00739201 -0.999968 0.103719 0.999988 0.00377014 0.00316289 -0.01418
1548808736846428416 505 0.00028067 -0.999979 0.00652789 3.60382 0.00437491 -0.0065266 -0.999969 0.105557 0.99999 0.00030922 0.00437298 -0.012704
1548808736946441216 508 1.95814e-05 -0.999987 0.00510614 3.66781 0.00798168 -0.00510582 -0.999955 0.104491 0.999968 6.03361e-05 0.00798148 -0.0132275
1548808737013117184 510 0.00117819 -0.999994 0.0031143 3.70899 0.00516778 -0.00310817 -0.999982 0.105988 0.999986 0.00119426 0.00516409 -0.0111318
1548808737113130240 513 0.00103995 -0.999944 0.0104901 3.77018 0.00404289 -0.0104858 -0.999937 0.108504 0.999991 0.00108229 0.00403176 -0.0115601
1548808737246481408 517 0.00182158 -0.999998 -0.000365033 3.86173 0.0053064 0.000374694 -0.999986 0.110672 0.999984 0.00181962 0.00530708 -0.0112836
1548808737313659392 519 -0.000186652 -1 0.000330817 3.90893 0.000915714 -0.000330987 -1 0.110972 1 -0.000186349 0.000915776 -0.00816305
1548808737380335360 521 0.00105438 -0.999999 -0.000661158 3.95865 -0.0029338 0.000658062 -0.999995 0.111913 0.999995 0.00105632 -0.0029331 -0.00849059
1548808737480348416 524 0.00284267 -0.999992 -0.0027119 4.02963 -0.00397237 0.0027006 -0.999988 0.11279 0.999988 0.00285341 -0.00396466 -0.0102645
1548808737580361216 527 0.00232787 -0.999991 -0.00362534 4.10204 0.000449407 0.0036264 -0.999993 0.115166 0.999997 0.00232622 0.000457845 -0.0121888
1548808737680374272 530 0.00129631 -0.999996 -0.0025943 4.17306 0.000359831 0.00259477 -0.999997 0.117011 0.999999 0.00129537 0.000363193 -0.0115671
1548808737813725184 534 0.000932663 -0.999996 -0.00252326 4.27522 -0.00228697 0.00252112 -0.999994 0.119344 0.999997 0.000938428 -0.00228461 -0.0103523
1548808737847063296 535 0.00300285 -0.999983 -0.00504067 4.29635 -0.00110994 0.00503736 -0.999987 0.119047 0.999995 0.0030084 -0.00109479 -0.0117542
1548808737913738240 537 0.00248049 -0.999995 -0.00195569 4.34875 0.000330549 0.00195651 -0.999998 0.119661 0.999997 0.00247984 0.0003354 -0.0104666
1548808738013751296 540 0.0037757 -0.999985 -0.00396702 4.42558 -0.00315008 0.00395514 -0.999987 0.121092 0.999988 0.00378815 -0.0031351 -0.0088229
1548808738147102208 544 0.00315775 -0.999992 -0.0024632 4.52406 0.00398553 0.00247578 -0.999989 0.123026 0.999987 0.0031479 0.00399332 -0.0100998
1548808738247116288 547 0.00250995 -0.999995 0.00194626 4.59592 -0.00118948 -0.00194925 -0.999997 0.125264 0.999996 0.00250763 -0.00119437 -0.0077582
1548808738347129344 550 0.00655186 -0.999977 0.00177758 4.66903 -0.00125594 -0.00178585 -0.999998 0.128914 0.999978 0.00654961 -0.00126761 -0.00367133
1548808738447142400 553 0.0020716 -0.999994 0.00259998 4.73861 -0.00328639 -0.00260677 -0.999991 0.130845 0.999992 0.00206304 -0.00329178 -0.00280315
1548808738580493312 557 0.00307348 -0.999994 0.00159759 4.82688 4.56815e-06 -0.00159758 -0.999999 0.134915 0.999995 0.00307348 -3.42012e-07 0.000746565
1548808738680506368 560 0.00186225 -0.999978 0.00638831 4.88906 -0.00242673 -0.00639282 -0.999977 0.140134 0.999995 0.0018467 -0.00243858 -0.00203087
1548808738747181312 562 0.00150541 -0.999987 0.00489849 4.9361 -0.000460163 -0.00489919 -0.999988 0.141723 0.999999 0.00150314 -0.000467533 -0.00018116
1548808738880532224 566 -0.00413357 -0.99999 0.00176649 5.00613 -0.00366905 -0.00175133 -0.999992 0.144765 0.999985 -0.00414001 -0.00366177 -0.00271981
1548808739147234304 574 -0.00311507 -0.999977 0.00601232 5.01375 -0.00337006 -0.00600182 -0.999976 0.144288 0.999989 -0.00313525 -0.00335129 -0.00249042
1548808739347260416 580 -0.00264775 -0.999972 0.00693507 5.01343 -0.0034993 -0.00692579 -0.99997 0.144372 0.99999 -0.00267193 -0.00348086 -0.0030891
1548808739647300352 589 -0.00210406 -0.999981 0.00577059 5.04051 -0.00331205 -0.00576361 -0.999978 0.146923 0.999992 -0.00212313 -0.00329986 -0.00221691
1548808739880664320 596 -0.00295256 -0.999926 0.0117948 5.08618 -0.00398917 -0.011783 -0.999923 0.146956 0.999988 -0.00299938 -0.00395408 -0.00154911
1548808740014015232 600 -0.00209773 -0.999965 0.00814082 5.12046 -0.00302539 -0.00813446 -0.999962 0.14785 0.999993 -0.00212228 -0.00300822 -0.00388918
1548808740214041344 606 -0.0028469 -0.999964 0.00798301 5.17078 -0.00219727 -0.00797677 -0.999966 0.14887 0.999994 -0.00286434 -0.00217448 -0.00332063
1548808740414068224 612 -0.00173225 -0.999985 0.00528218 5.22615 -0.00172511 -0.00527919 -0.999985 0.149262 0.999997 -0.00174133 -0.00171593 -0.00427085
1548808740614094336 618 -0.00155933 -0.999997 0.00207793 5.2929 -0.00144962 -0.00207567 -0.999997 0.149882 0.999998 -0.00156234 -0.00144638 -0.00409288
1548808740714107392 621 -0.00314849 -0.999995 0.000293541 5.32617 -0.00211808 -0.000286873 -0.999998 0.15084 0.999993 -0.0031491 -0.00211717 -0.00254678
1548808740847458304 625 -0.0035743 -0.999992 0.00170579 5.37014 -0.00120657 -0.00170149 -0.999998 0.150361 0.999993 -0.00357635 -0.00120048 -0.0020837
1548808740947471360 628 -0.00319294 -0.999994 0.00152053 5.40501 -0.00194019 -0.00151434 -0.999997 0.151479 0.999993 -0.00319588 -0.00193534 -0.000738137
1548808741080822272 632 -0.0033329 -0.999985 -0.00429205 5.45466 -0.00174815 0.00429789 -0.999989 0.151994 0.999993 -0.00332536 -0.00176245 0.00435042
1548808741214173184 636 -0.00239863 -0.99999 -0.00376479 5.49987 -3.63593e-05 0.00376489 -0.999993 0.155026 0.999997 -0.00239848 -4.53895e-05 0.00494787
1548808741347524352 640 -0.00343929 -0.999938 -0.010553 5.54713 -0.00150569 0.0105582 -0.999943 0.151899 0.999993 -0.00342321 -0.00154191 0.00472963
1548808741514213376 645 -0.00557216 -0.999926 -0.0107796 5.60091 -0.00094792 0.0107851 -0.999941 0.15104 0.999984 -0.00556162 -0.00100795 0.00722822
1548808741647564288 649 -0.00503043 -0.99992 -0.0115737 5.64239 -0.00324299 0.0115901 -0.999928 0.15159 0.999982 -0.00499253 -0.00330103 0.00797951
1548808741814252288 654 -0.00421767 -0.999933 -0.0107422 5.69488 -0.00307463 0.0107552 -0.999937 0.154421 0.999986 -0.00418437 -0.00311979 0.00749578
1548808741914265344 657 -0.00408272 -0.999933 -0.0108401 5.72587 -0.000930533 0.010844 -0.999941 0.153963 0.999991 -0.00407239 -0.000974744 0.00641214
1548808742114292224 663 -0.00382722 -0.999957 -0.00849283 5.78649 0.0016038 0.00848675 -0.999963 0.15492 0.999991 -0.00384069 0.00157125 0.00670667
1548808742247140352 667 -0.00602734 -0.999946 -0.00847633 5.82741 3.59418e-05 0.00847627 -0.999964 0.156469 0.999982 -0.00602743 -1.51495e-05 0.00752198
1548808742447166208 673 -0.00545176 -0.999975 -0.00448466 5.88931 0.00209181 0.00447331 -0.999988 0.160504 0.999983 -0.00546108 0.00206737 0.00653141
1548808742747205376 682 -0.00679566 -0.999975 -0.0019532 5.98364 0.00594557 0.0019128 -0.99998 0.161875 0.999959 -0.00680714 0.00593243 0.00453489
1548808742980570368 689 -0.006912 -0.999973 0.00247419 6.05615 0.00329581 -0.00249702 -0.999991 0.164583 0.999971 -0.00690379 0.00331298 0.0056043
1548808743080583168 692 -0.00737352 -0.999972 0.00119756 6.08779 0.00692958 -0.00124866 -0.999975 0.165916 0.999949 -0.00736503 0.0069386 0.00649763
1548808743180596224 695 -0.00786189 -0.999966 0.00248087 6.11861 0.00560444 -0.00252497 -0.999981 0.163712 0.999953 -0.00784784 0.00562411 0.0061554
1548808743380622336 701 -0.00916353 -0.999945 0.00517629 6.17943 0.00943182 -0.00526271 -0.999942 0.165971 0.999914 -0.00911418 0.00947952 0.00803453
1548808743480635392 704 -0.0101133 -0.9999 0.00992155 6.2083 0.00782384 -0.0100009 -0.999919 0.167273 0.999918 -0.0100348 0.0079242 0.00846736
1548808743647324416 709 -0.0123098 -0.999817 0.0146565 6.25904 0.00718542 -0.0147456 -0.999865 0.170989 0.999898 -0.0122029 0.00736562 0.00939606
1548808743980701184 719 -0.0130239 -0.999792 0.0156752 6.3629 0.00786728 -0.0157785 -0.999845 0.17395 0.999884 -0.0128985 0.00807114 0.0149342
1548808744214065408 726 -0.0122476 -0.99978 0.0170126 6.43888 0.00150588 -0.0170323 -0.999854 0.179158 0.999924 -0.0122202 0.00171416 0.0204431
1548808744380754176 731 -0.0102523 -0.999802 0.017036 6.49097 0.000256306 -0.0170395 -0.999855 0.187758 0.999947 -0.0102464 0.000430949 0.0247573
1548808744514105344 735 -0.0125319 -0.999749 0.0185944 6.53285 0.00172819 -0.0186175 -0.999825 0.186927 0.99992 -0.0124976 0.00196107 0.0254691
1548808744747469312 742 -0.0116589 -0.99984 0.0135946 6.60592 0.000479688 -0.0136011 -0.999907 0.187828 0.999932 -0.0116513 0.000638185 0.0268731
1548808744947495424 748 -0.013228 -0.999792 0.0155294 6.66614 -0.00122738 -0.0155145 -0.999879 0.191654 0.999912 -0.0132455 -0.0010219 0.0359676
1548808745147522304 754 -0.0119149 -0.999774 0.017584 6.72883 -0.00265124 -0.0175536 -0.999842 0.196479 0.999925 -0.0119597 -0.0024415 0.0376574
1548808745280873216 758 -0.0131953 -0.999816 0.013953 6.7725 -0.00116276 -0.0139388 -0.999902 0.195413 0.999912 -0.0132102 -0.000978621 0.0385735
1548808745514237184 765 -0.0112231 -0.999833 0.0144036 6.84774 -0.00459868 -0.0143528 -0.999886 0.199703 0.999926 -0.0112881 -0.00443683 0.0434585
1548808745714263296 771 -0.0115883 -0.999864 0.0117482 6.91231 -0.00434432 -0.0116986 -0.999922 0.199627 0.999923 -0.0116384 -0.00420816 0.0488921
1548808745947627264 778 -0.0146039 -0.999814 0.0126084 6.98303 -0.00272718 -0.0125699 -0.999917 0.206582 0.99989 -0.0146371 -0.00254311 0.054422
1548808746147653376 784 -0.0159741 -0.999781 0.0135035 7.04391 -0.00622011 -0.0134056 -0.999891 0.210904 0.999853 -0.0160563 -0.00600461 0.0591499
1548808746381017344 791 -0.0154073 -0.999818 0.011215 7.11848 -0.00554727 -0.0111307 -0.999923 0.213491 0.999866 -0.0154684 -0.00537477 0.0620597
1548808746681057280 800 -0.019607 -0.99977 0.00874153 7.21356 -0.00547532 -0.00863571 -0.999948 0.219444 0.999793 -0.0196538 -0.00530474 0.061712
1548808746914421248 807 -0.017096 -0.999833 0.0065074 7.2833 -0.00378678 -0.00644356 -0.999972 0.225017 0.999847 -0.0171201 -0.00367599 0.0656996
1548808747147785216 814 -0.0180347 -0.999806 0.00797144 7.35476 -0.00720695 -0.00784254 -0.999943 0.226938 0.999811 -0.0180912 -0.00706412 0.0677156
1548808747381149184 821 -0.0204012 -0.999759 0.00805688 7.42436 -0.00827993 -0.00788933 -0.999935 0.229707 0.999758 -0.0204666 -0.00811698 0.0717253
1548808747547838208 826 -0.0218264 -0.999731 0.00782312 7.4773 -0.00702219 -0.00767149 -0.999946 0.229864 0.999737 -0.0218802 -0.00685286 0.0733499
1548808747814540288 834 -0.0215157 -0.999701 0.0116397 7.5607 -0.00676856 -0.0114965 -0.999911 0.235274 0.999746 -0.0215926 -0.00651918 0.0745865
1548808747981228288 839 -0.0224992 -0.999652 0.0137931 7.60763 -0.00634483 -0.0136536 -0.999887 0.238431 0.999727 -0.0225842 -0.00603543 0.0762652
1548808748181255168 845 -0.0224508 -0.999629 0.0154286 7.67 -0.00336462 -0.0153568 -0.999876 0.240529 0.999742 -0.0225 -0.00301859 0.0750301
1548808748447956224 853 -0.0223664 -0.999624 0.0158714 7.75654 -0.00133201 -0.0158456 -0.999874 0.244567 0.999749 -0.0223847 -0.000977104 0.073256
1548808748714658304 861 -0.0207237 -0.99957 0.0207574 7.84095 -0.00344259 -0.0206904 -0.99978 0.249113 0.999779 -0.0207906 -0.00301233 0.0741204
1548808748814671360 864 -0.0206136 -0.999543 0.0220926 7.87053 -0.00392324 -0.0220162 -0.99975 0.247677 0.99978 -0.0206952 -0.00346761 0.0748867
1548808748981360384 869 -0.0189207 -0.999541 0.0236643 7.9276 -0.00291832 -0.0236132 -0.999717 0.250389 0.999817 -0.0189844 -0.00247021 0.0748075
1548808749214724352 876 -0.0193793 -0.999631 0.0190485 8.0056 -0.00659903 -0.0189237 -0.999799 0.251993 0.99979 -0.0195011 -0.00622986 0.0769729
1548808749514764288 885 -0.0200187 -0.999679 0.0155548 8.10536 -0.00633179 -0.0154309 -0.999861 0.256673 0.99978 -0.0201144 -0.00602085 0.0816002
1548808749681452288 890 -0.0203994 -0.999725 0.011539 8.16346 -0.00743655 -0.0113893 -0.999907 0.257464 0.999764 -0.0204833 -0.00720217 0.0840807
1548808749914816256 897 -0.021484 -0.999701 0.0116693 8.23995 -0.004834 -0.011568 -0.999921 0.260585 0.999758 -0.0215387 -0.00458403 0.0866092
1548808750081505280 902 -0.0211638 -0.999702 0.0121546 8.29469 -0.00587645 -0.0120327 -0.99991 0.2636 0.999759 -0.0212333 -0.00562004 0.0883594
1548808750181518336 905 -0.0209757 -0.999697 0.0128811 8.32546 -0.0060333 -0.0127571 -0.9999 0.265661 0.999762 -0.0210513 -0.00576388 0.0903344
1548808750448220416 913 -0.0172536 -0.999793 0.0107703 8.40937 -0.00364017 -0.0107091 -0.999936 0.269536 0.999845 -0.0172917 -0.00345465 0.0953529
1548808750514895360 915 -0.0180681 -0.999789 0.00978445 8.43024 -0.00454201 -0.00970388 -0.999943 0.270197 0.999826 -0.0181115 -0.00436572 0.0982101
1548808750681584384 920 -0.0164654 -0.999775 0.013404 8.48254 -0.00347915 -0.0133484 -0.999905 0.27146 0.999858 -0.0165105 -0.00325858 0.0993311
1548808750781597184 923 -0.0154415 -0.999789 0.0135599 8.51525 -0.00379089 -0.0135029 -0.999902 0.273558 0.999874 -0.0154914 -0.00358158 0.103101
1548808750848273408 925 -0.0140886 -0.999731 0.0184118 8.53426 -0.00470582 -0.0183471 -0.999821 0.2742 0.99989 -0.0141727 -0.00444607 0.102069
1548808750981624320 929 -0.0117183 -0.999826 0.01454 8.57156 -0.00353994 -0.0144994 -0.999889 0.274987 0.999925 -0.0117685 -0.00336941 0.102695
1548808751181650176 935 -0.00899285 -0.999839 0.0155308 8.63224 -0.000469809 -0.0155272 -0.999879 0.277138 0.999959 -0.00899906 -0.0003301 0.101972
1548808751415014400 942 -0.00816622 -0.999735 0.0215039 8.70364 -0.00399 -0.0214718 -0.999761 0.279718 0.999959 -0.00825008 -0.0038136 0.106436
1548808751648378368 949 -0.00618955 -0.999879 0.0142855 8.77905 -0.00717827 -0.0142409 -0.999873 0.281199 0.999955 -0.00629131 -0.00708925 0.106843
1548808751915080192 957 -0.00543281 -0.999913 0.0120461 8.86721 -0.00384975 -0.0120253 -0.99992 0.283729 0.999978 -0.00547876 -0.00378408 0.107759
1548808752248457216 967 -0.00415213 -0.999955 0.00855155 8.97568 -0.00554204 -0.00852848 -0.999948 0.289966 0.999976 -0.00419931 -0.00550638 0.109722
1548808752448483328 973 -0.00306079 -0.99995 0.00950663 9.03958 -0.00389725 -0.00949467 -0.999947 0.292762 0.999988 -0.00309768 -0.003868 0.108445
1548808752748523264 982 0.00149083 -0.999969 0.00776179 9.13727 -0.00276436 -0.00776589 -0.999966 0.295568 0.999995 0.00146933 -0.00277585 0.107914
1548808752981887232 989 0.00202649 -0.999947 0.0100958 9.21062 -0.00422767 -0.0101043 -0.99994 0.297596 0.999989 0.00198368 -0.00424792 0.11226
1548808753215251200 996 0.00631973 -0.999939 0.00900951 9.28468 -0.00135162 -0.00901822 -0.999958 0.298002 0.999979 0.00630729 -0.00140853 0.112709
1548808753381940224 1001 0.00575731 -0.999943 0.00895432 9.33705 -0.000464374 -0.00895714 -0.99996 0.300271 0.999983 0.00575292 -0.000515917 0.114043
1548808753581966336 1007 0.00738948 -0.999904 0.0116883 9.40058 0.0018338 -0.0116751 -0.99993 0.302996 0.999971 0.0074104 0.00174735 0.113063
1548808753748655360 1012 0.0103443 -0.999906 0.00902529 9.45135 0.00532425 -0.00897057 -0.999946 0.303909 0.999932 0.0103918 0.00523095 0.111652
1548808753882006272 1016 0.0125002 -0.999824 0.0140052 9.49251 0.00417579 -0.013954 -0.999894 0.305724 0.999913 0.0125573 0.00400063 0.110595
1548808754048694272 1021 0.0163017 -0.999743 0.0157629 9.54339 0.00306887 -0.0157149 -0.999872 0.308461 0.999862 0.016348 0.0028119 0.111735
1548808754282058240 1028 0.0352154 -0.999278 0.014258 9.61627 0.00293263 -0.0141635 -0.999895 0.310599 0.999375 0.0352535 0.00243174 0.111166
1548808754382071296 1031 0.0449686 -0.998878 0.0148547 9.64579 0.00262839 -0.0147514 -0.999888 0.314502 0.998985 0.0450026 0.00196209 0.114228
1548808754548760320 1036 0.0580856 -0.998174 0.0165577 9.69493 0.00181775 -0.01648 -0.999863 0.315353 0.99831 0.0581077 0.000857182 0.110213
1548808754815462400 1044 0.059522 -0.998128 0.0140466 9.77667 0.00327937 -0.013876 -0.999898 0.318141 0.998222 0.0595621 0.00244731 0.106151
1548808754982151168 1049 0.0559532 -0.998347 0.0131331 9.82484 0.00246199 -0.0130157 -0.999912 0.319808 0.99843 0.0559806 0.00172965 0.10364
1548808755148839424 1054 0.0504817 -0.998625 0.014123 9.87792 0.00263251 -0.014008 -0.999898 0.319671 0.998722 0.0505138 0.00192174 0.0983759
1548808755282190336 1058 0.0415043 -0.999069 0.0117978 9.9207 -0.000231324 -0.0118175 -0.99993 0.322771 0.999138 0.0414986 -0.000721586 0.0953526
1548808755348865280 1060 0.0318901 -0.999421 0.0118735 9.93724 0.00167872 -0.011826 -0.999929 0.322335 0.99949 0.0319077 0.00130062 0.096348
1548808755382203392 1061 0.0259355 -0.999602 0.0110736 9.94591 -0.00148458 -0.0111158 -0.999937 0.322201 0.999663 0.0259174 -0.00177229 0.102146
1548808755548892416 1066 0.00506851 -0.999933 0.0104403 9.99762 -0.00490869 -0.0104652 -0.999933 0.322098 0.999975 0.00501693 -0.00496141 0.0987126
1548808755615567360 1068 -0.00194568 -0.999912 0.0131036 10.018 -0.00341216 -0.013097 -0.999908 0.322961 0.999992 -0.00199021 -0.00338638 0.0973167
1548808755748918272 1072 -0.00851383 -0.999932 0.00801007 10.0647 -0.0031357 -0.00798362 -0.999963 0.325496 0.999959 -0.00853863 -0.00306751 0.0945461
1548808755848931328 1075 -0.0119071 -0.99989 0.00888702 10.0964 -0.00280925 -0.00885416 -0.999957 0.324833 0.999925 -0.0119315 -0.00270351 0.095743
1548808755982282240 1079 -0.00994494 -0.999897 0.0103075 10.1379 -0.00327928 -0.0102753 -0.999942 0.326707 0.999945 -0.00997817 -0.00317676 0.0935006
1548808756182309376 1085 -0.00393924 -0.999931 0.0110818 10.2029 -0.00304677 -0.0110698 -0.999934 0.328132 0.999988 -0.00397274 -0.00300295 0.0935265
1548808756382335232 1091 0.00782212 -0.999918 0.0101821 10.2634 -0.00215158 -0.0101992 -0.999946 0.329784 0.999967 0.00779979 -0.00223118 0.092828
1548808756549024256 1096 0.020345 -0.99974 0.0102797 10.3165 -0.00315571 -0.010346 -0.999941 0.33254 0.999788 0.0203114 -0.00336538 0.0938878
1548808756782388224 1103 0.0402462 -0.999128 0.011149 10.389 -0.00261262 -0.0112632 -0.999933 0.336847 0.999186 0.0402144 -0.00306364 0.0897821
1548808757015752192 1110 0.0559741 -0.998397 0.0084391 10.4605 -0.00344719 -0.00864555 -0.999957 0.338438 0.998426 0.0559425 -0.00392559 0.0887659
1548808757182440192 1115 0.0670361 -0.997701 0.00996184 10.5102 -0.00293555 -0.0101815 -0.999944 0.339638 0.997746 0.0670031 -0.00361133 0.0870446
1548808757349129216 1120 0.0776975 -0.996948 0.00765229 10.5587 -0.00301604 -0.0079105 -0.999964 0.341055 0.996972 0.0776716 -0.00362146 0.0868115
1548808757549155328 1126 0.0783581 -0.996915 0.00454887 10.6233 -0.00370297 -0.00485392 -0.999981 0.340979 0.996918 0.0783398 -0.00407189 0.0810862
1548808757782519296 1133 0.0773702 -0.996993 0.00441567 10.6982 -0.00146818 -0.00454287 -0.999989 0.343018 0.997001 0.0773629 -0.00181525 0.0767857
1548808757949208320 1138 0.0749617 -0.997177 0.00438362 10.7495 -0.000599461 -0.00444105 -0.99999 0.344843 0.997186 0.0749583 -0.000930677 0.0736098
1548808758082559232 1142 0.0727326 -0.997351 0.000979791 10.7913 -0.00176791 -0.00111132 -0.999998 0.346032 0.99735 0.0727307 -0.00184406 0.0721742
1548808758215910400 1146 0.0692417 -0.997598 0.00195217 10.835 0.000700068 -0.00190828 -0.999998 0.346954 0.9976 0.0692429 0.000566254 0.0672962
1548808758349261312 1150 0.0653504 -0.997862 0.000603283 10.8765 0.000344133 -0.000582038 -1 0.348192 0.997862 0.0653506 0.000305361 0.0638583
1548808758415936256 1152 0.0625749 -0.998036 0.00293281 10.8962 0.00090957 -0.00288154 -0.999995 0.34843 0.99804 0.0625773 0.000727472 0.0625648
1548808758582625280 1157 0.0558658 -0.998436 0.00232768 10.9476 0.00377589 -0.00212003 -0.999991 0.349994 0.998431 0.055874 0.00365154 0.0572446
1548808758715976192 1161 0.0490584 -0.998796 0.000767991 10.9917 0.00446041 -0.000549825 -0.99999 0.353352 0.998786 0.0490613 0.00442806 0.0549713
1548808758982678272 1169 0.0384331 -0.999254 0.00375591 11.0765 0.0072031 -0.00348155 -0.999968 0.355901 0.999235 0.0384589 0.00706392 0.0466705
1548808759116028416 1173 0.033333 -0.999422 0.00667063 11.1173 0.00492136 -0.00651013 -0.999967 0.35666 0.999432 0.0333647 0.00470151 0.0465288
1548808759316055296 1179 0.0308538 -0.999452 0.0119719 11.1793 0.00413775 -0.0118498 -0.999921 0.359352 0.999515 0.0309009 0.00376987 0.0449924
1548808759449406208 1183 0.0317138 -0.999448 0.00992497 11.2233 0.00327251 -0.00982608 -0.999946 0.361411 0.999492 0.0317445 0.00295908 0.0442779
1548808759582757376 1187 0.0298926 -0.999432 0.0155595 11.2656 0.00288678 -0.01548 -0.999876 0.362524 0.999549 0.0299338 0.0024224 0.0445375
1548808759749445376 1192 0.0294581 -0.999455 0.0148737 11.3208 0.00432041 -0.0147527 -0.999882 0.363966 0.999557 0.0295189 0.00388347 0.0429471
1548808759916134400 1197 0.0315052 -0.999411 0.0135852 11.375 0.00586292 -0.0134069 -0.999893 0.366414 0.999486 0.0315814 0.00543708 0.0392373
1548808760116160256 1203 0.0289422 -0.999475 0.0145571 11.4415 0.00579799 -0.0143951 -0.99988 0.369962 0.999564 0.0290231 0.00537832 0.0384333
1548808760282849280 1208 0.0287393 -0.999501 0.0131068 11.4955 0.00514326 -0.0129642 -0.999903 0.374542 0.999574 0.0288039 0.00476812 0.0374231
1548808760482875392 1214 0.0269066 -0.999539 0.0140343 11.5586 0.00587832 -0.0138809 -0.999886 0.37627 0.999621 0.026986 0.00550212 0.0336391
1548808760716239360 1221 0.0264856 -0.999573 0.0123722 11.6342 0.00543703 -0.0122323 -0.99991 0.378857 0.999634 0.0265505 0.00511073 0.0345415
1548808760916266240 1227 0.024284 -0.999637 0.0116581 11.6954 0.00776523 -0.0114726 -0.999904 0.381873 0.999675 0.0243722 0.00748381 0.0348498
1548808761182967296 1235 0.0243948 -0.999603 0.0140638 11.7764 0.00725222 -0.0138907 -0.999877 0.385268 0.999676 0.0244938 0.00691048 0.0347788
1548808761349656320 1240 0.0215823 -0.999643 0.0157466 11.8286 0.0088024 -0.0155597 -0.99984 0.38365 0.999728 0.0217174 0.00846345 0.0334898
1548808761549682176 1246 0.0222315 -0.999644 0.0147545 11.8959 0.0106185 -0.0145213 -0.999838 0.386742 0.999696 0.0223846 0.0102919 0.0290404
1548808761749709312 1252 0.0245716 -0.9996 0.0140358 11.9594 0.0089294 -0.01382 -0.999865 0.388862 0.999658 0.0246936 0.00858624 0.0272424
1548808762049748224 1261 0.0248347 -0.999579 0.0149908 12.059 0.00866913 -0.0147795 -0.999853 0.392645 0.999654 0.0249611 0.00829843 0.0246094
1548808762216437248 1266 0.0260243 -0.999587 0.0121573 12.1169 0.00954175 -0.0119125 -0.999884 0.395406 0.999616 0.0261373 0.0092278 0.0192028
1548808762449801216 1273 0.0258857 -0.999604 0.0110478 12.1946 0.00904722 -0.0108168 -0.999901 0.397074 0.999624 0.0259831 0.00876363 0.0162115
1548808762716503296 1281 0.0261134 -0.999642 0.00581342 12.2837 0.00994681 -0.00555529 -0.999935 0.397501 0.999609 0.0261696 0.00979818 0.0139722
1548808762849854208 1285 0.0251047 -0.999669 0.0055976 12.3273 0.00785853 -0.00540184 -0.999955 0.399694 0.999654 0.0251475 0.00772032 0.0164985
1548808762949867264 1288 0.023435 -0.999717 0.00399823 12.3595 0.0094614 -0.00377736 -0.999948 0.400733 0.999681 0.0234716 0.0093702 0.0177174
1548808763149893376 1294 0.0222126 -0.999745 0.00400899 12.4246 0.00747125 -0.00384387 -0.999965 0.400803 0.999725 0.0222417 0.00738397 0.0175909
1548808763349919232 1300 0.0219089 -0.999743 0.00587808 12.49 0.00728686 -0.00571965 -0.999957 0.403025 0.999733 0.0219508 0.00715968 0.0162717
1548808763449933312 1303 0.0222284 -0.999719 0.0081955 12.5218 0.00880825 -0.00800138 -0.999929 0.406571 0.999714 0.022299 0.00862792 0.0143687
1548808763649959424 1309 0.0239559 -0.999665 0.00982939 12.5866 0.0110868 -0.00956595 -0.999893 0.4135 0.999652 0.0240623 0.0108539 0.00805622
1548808763816648192 1314 0.023903 -0.999659 0.0105247 12.6392 0.0114304 -0.0102538 -0.999882 0.412697 0.999649 0.0240205 0.0111814 0.00693136
1548808764050012416 1321 0.0211163 -0.999764 0.00500487 12.7142 0.013444 -0.00472158 -0.999898 0.412516 0.999687 0.0211814 0.0133411 0.00516014
1548808764316714240 1329 0.0223902 -0.999737 0.00488656 12.7994 0.0100103 -0.00466336 -0.999939 0.415268 0.999699 0.0224378 0.00990328 0.00710007
1548808764483402240 1334 0.0228054 -0.999697 0.00921716 12.852 0.00744484 -0.00904948 -0.999931 0.417237 0.999712 0.0228724 0.00723621 0.00776813
1548808764716766208 1341 0.0238949 -0.999702 0.00498922 12.9266 0.00629687 -0.00484004 -0.999968 0.417428 0.999695 0.0239255 0.00617934 0.00963052
1548808764983468288 1349 0.0227381 -0.999735 0.00349194 13.0124 0.00834945 -0.00330283 -0.99996 0.418639 0.999707 0.0227663 0.00827214 0.0103147
1548808765150157312 1354 0.0215318 -0.999761 0.00365968 13.0642 0.00863507 -0.00347442 -0.999957 0.424744 0.999731 0.0215624 0.0085582 0.0102183
1548808765316845312 1359 0.0223442 -0.999738 0.00494764 13.1173 0.00735105 -0.00478445 -0.999962 0.427246 0.999723 0.0223797 0.00724222 0.0108796
1548808765516872192 1365 0.021314 -0.999738 0.00834266 13.1792 0.00721041 -0.00819062 -0.99994 0.431205 0.999747 0.0213729 0.00703394 0.0106
1548808765716898304 1371 0.0212115 -0.999723 0.0101895 13.2416 0.00713509 -0.0100402 -0.999924 0.434348 0.99975 0.0212826 0.00692015 0.0112824
1548808765850249216 1375 0.0202145 -0.999695 0.0142205 13.2835 0.00623292 -0.0140971 -0.999881 0.436453 0.999776 0.0203008 0.00594605 0.0134946
1548808766016937216 1380 0.021443 -0.999692 0.0125252 13.3376 0.0068587 -0.0123807 -0.9999 0.437658 0.999747 0.0215268 0.0065911 0.0132318
1548808766216964352 1386 0.021194 -0.999692 0.0128882 13.4026 0.00603434 -0.012763 -0.9999 0.440254 0.999757 0.0212697 0.00576199 0.0121254
1548808766350315264 1390 0.0209167 -0.99972 0.0110497 13.4463 0.00574559 -0.0109317 -0.999924 0.438676 0.999765 0.0209786 0.00551533 0.0127043
1548808766483666176 1394 0.0184334 -0.999768 0.0111581 13.4886 0.00666457 -0.0110368 -0.999917 0.440121 0.999808 0.0185062 0.00645957 0.0135768
1548808766617017344 1398 0.0183032 -0.999763 0.0117501 13.5313 0.00863194 -0.0115936 -0.999896 0.441885 0.999795 0.0184027 0.0084177 0.0132445
1548808766850381312 1405 0.0194956 -0.999727 0.0128759 13.6072 0.00782182 -0.0127255 -0.999888 0.445035 0.999779 0.0195941 0.00757159 0.0121085
1548808767083745280 1412 0.017232 -0.999751 0.014196 13.6817 0.00584018 -0.0140972 -0.999884 0.445387 0.999834 0.0173129 0.00559581 0.0154139
1548808767250433280 1417 0.0190588 -0.999721 0.0139555 13.7368 0.00729591 -0.0138186 -0.999878 0.446619 0.999792 0.0191583 0.00703051 0.0127067
1548808767417122304 1422 0.0183689 -0.999782 0.00994482 13.7897 0.00827777 -0.00979409 -0.999918 0.447542 0.999797 0.0184497 0.00809606 0.0119823
1548808767550473216 1426 0.0183692 -0.999803 0.00756554 13.8351 0.00954593 -0.00739109 -0.999927 0.449531 0.999786 0.0184401 0.00940827 0.0127437
1548808767650486272 1429 0.018137 -0.999814 0.00657012 13.8672 0.00587844 -0.00646446 -0.999962 0.449124 0.999818 0.0181749 0.0057601 0.0119858
1548808767850512384 1435 0.0184635 -0.999795 0.00828375 13.9321 0.00384317 -0.00821413 -0.999959 0.452445 0.999822 0.0184945 0.00369072 0.0149083
1548808768117214208 1443 0.0156234 -0.99986 0.00601235 14.0172 0.00479 -0.00593817 -0.999971 0.455736 0.999866 0.0156518 0.00469656 0.0154593
1548808768250565376 1447 0.0147089 -0.999872 0.00626371 14.0568 0.00400295 -0.00620545 -0.999973 0.456853 0.999884 0.0147335 0.00391117 0.0147843
1548808768550605312 1456 0.0121642 -0.999897 0.00757803 14.1514 0.00394695 -0.00753052 -0.999964 0.460146 0.999918 0.0121937 0.00385494 0.0131094
1548808768717293312 1461 0.0094007 -0.999929 0.00734334 14.2043 0.00538886 -0.0072929 -0.999959 0.462364 0.999941 0.00943989 0.00531992 0.0135241
1548808768817306368 1464 0.00790707 -0.999915 0.0104095 14.2356 0.0049603 -0.0103704 -0.999934 0.463939 0.999956 0.00795818 0.00487787 0.0150633
1548808768883982336 1466 0.00736106 -0.999945 0.00753072 14.2567 0.00437384 -0.00749866 -0.999962 0.464662 0.999963 0.00739372 0.0043184 0.0138025
1548808769017333248 1470 0.00425851 -0.999952 0.00884467 14.2982 0.00301981 -0.00883185 -0.999956 0.467106 0.999986 0.00428503 0.00298205 0.0151076
1548808769117346304 1473 0.00206071 -0.999959 0.00884236 14.3316 0.00353615 -0.00883504 -0.999955 0.467907 0.999992 0.00209189 0.0035178 0.0149911
1548808769417385216 1482 -0.00359563 -0.99996 0.00818606 14.4306 0.0063766 -0.00820887 -0.999946 0.473153 0.999973 -0.00354324 0.00640586 0.0120824
1548808769550736384 1486 -0.00687559 -0.999892 0.0130023 14.4723 0.00432122 -0.0130321 -0.999906 0.476391 0.999967 -0.00681876 0.00441035 0.0135915
1548808769750763264 1492 -0.0118706 -0.999821 0.0147099 14.5363 0.00381027 -0.014756 -0.999884 0.477847 0.999922 -0.0118132 0.00398475 0.0139594
1548808769950789376 1498 -0.0186594 -0.999726 0.014106 14.6014 0.00243867 -0.014154 -0.999897 0.480627 0.999823 -0.0186231 0.00270211 0.0166683
1548808770217491200 1506 -0.02794 -0.999501 0.014744 14.687 -0.00181835 -0.0146989 -0.99989 0.484946 0.999608 -0.0279637 -0.00140675 0.0219038
1548808770450855424 1513 -0.0300126 -0.999454 0.0137823 14.763 -0.00436191 -0.0136575 -0.999897 0.487156 0.99954 -0.0300696 -0.00394964 0.0270722
1548808770617544192 1518 -0.0318391 -0.999388 0.0145159 14.8188 -0.00262226 -0.0144397 -0.999892 0.488738 0.99949 -0.0318737 -0.00216091 0.0274448
1548808770917583360 1527 -0.0410814 -0.999064 0.0135697 14.9132 -0.00251924 -0.0134775 -0.999906 0.494116 0.999153 -0.0411117 -0.00196321 0.0320359
1548808771150947328 1534 -0.0546154 -0.998383 0.0157697 14.9872 -0.00492641 -0.0155236 -0.999867 0.497371 0.998495 -0.0546859 -0.00407061 0.0337022
1548808771250960384 1537 -0.0623123 -0.997937 0.0154746 15.0191 -0.00737109 -0.0150441 -0.99986 0.496242 0.998029 -0.0624176 -0.00641844 0.0359516
1548808771384311296 1541 -0.0741269 -0.997157 0.0135167 15.062 -0.00601611 -0.0131066 -0.999896 0.498755 0.997231 -0.0742006 -0.00502746 0.0406709
1548808771617675264 1548 -0.0738751 -0.997081 0.0193066 15.1344 -0.00782938 -0.018779 -0.999793 0.505663 0.997237 -0.074011 -0.00641922 0.0455301
1548808771817702400 1554 -0.0697149 -0.997352 0.0206857 15.1953 -0.00502107 -0.0203851 -0.99978 0.506439 0.997554 -0.0698034 -0.00358663 0.052984
1548808771984390400 1559 -0.0424178 -0.998884 0.0207833 15.2507 -0.00212408 -0.0207118 -0.999783 0.51187 0.999098 -0.0424528 -0.00124316 0.058375
1548808772051066368 1561 -0.0235103 -0.999569 0.0175559 15.2681 -0.0017786 -0.0175189 -0.999845 0.512355 0.999722 -0.0235379 -0.00136596 0.063227
1548808772117741312 1563 -0.00136987 -0.999748 0.0223978 15.2825 -0.00355294 -0.0223928 -0.999743 0.512288 0.999993 -0.0014491 -0.00352137 0.0679434
1548808772184417280 1565 0.0174726 -0.999671 0.0187902 15.3032 -0.00232591 -0.0188336 -0.99982 0.515089 0.999845 0.0174258 -0.00265422 0.0692315
1548808772251092224 1567 0.0369226 -0.999077 0.0219584 15.3209 -0.00263161 -0.0220705 -0.999753 0.51464 0.999315 0.0368557 -0.00344408 0.074384
1548808772351105280 1570 0.0606005 -0.997964 0.019905 15.3523 -0.000849417 -0.0199932 -0.9998 0.515464 0.998162 0.0605715 -0.00205928 0.0787064
1548808772451118336 1573 0.093438 -0.995441 0.0191715 15.3848 -0.00347007 -0.0195812 -0.999802 0.510043 0.995619 0.093353 -0.00528387 0.0816898
1548808772484456192 1574 0.0954255 -0.995255 0.018993 15.3961 -0.00152439 -0.0192262 -0.999814 0.516252 0.995435 0.0953788 -0.00335183 0.082294
