1548808722214322176 66 0.00343522 -0.999994 -0.000378644 0.0231884 -0.000634014 0.000376468 -1 0.000793769 0.999994 0.00343546 -0.000632717 0.00054954
1548808722514361344 75 0.0171849 -0.999852 0.00105803 0.0459679 -0.000630376 -0.00106902 -0.999999 0.00260283 0.999852 0.0171842 -0.000648653 0.00131955
1548808723081103360 92 0.0648398 -0.997894 -0.00161805 0.107467 0.00145298 0.00171587 -0.999997 0.00463114 0.997895 0.0648373 0.00156118 0.0059146
1548808723581169408 107 0.0752688 -0.997163 -0.000106321 0.161492 0.000979163 0.000180534 -1 0.00665382 0.997163 0.0752687 0.000989974 -0.00116594
1548808724181248256 125 0.0754197 -0.997149 0.00250873 0.221797 0.00340481 -0.00225836 -0.999992 0.00991757 0.997146 0.0754276 0.00322478 -0.00345949
1548808724514625280 135 0.0748492 -0.997189 0.00345067 0.256532 0.00425024 -0.00314133 -0.999986 0.0119563 0.997186 0.0748628 0.00400316 -0.00527893
1548808724914678272 147 0.0761273 -0.997088 0.00447337 0.296212 0.00683204 -0.00396467 -0.999969 0.0121237 0.997075 0.0761554 0.00651033 -0.00761099
1548808725514757376 165 0.0764929 -0.99703 0.00894783 0.372754 0.00741827 -0.00840478 -0.999937 0.0141131 0.997043 0.0765545 0.00675333 -0.0125406
1548808725848134400 175 0.0771595 -0.996983 0.00843456 0.42179 0.00876288 -0.00778132 -0.999931 0.0140212 0.99698 0.0772281 0.00813604 -0.0148912
1548808726248187392 187 0.0738669 -0.997246 0.00668058 0.487775 0.00949114 -0.00599559 -0.999937 0.0126507 0.997223 0.0739256 0.00902212 -0.019417
1548808726448213248 193 0.0578783 -0.998317 0.00370547 0.522278 0.00990999 -0.00313698 -0.999946 0.0131081 0.998274 0.0579119 0.00971175 -0.0249528
1548808726648239360 199 0.0364863 -0.999334 0.00111874 0.560216 0.00909498 -0.000787375 -0.999958 0.0148375 0.999293 0.036495 0.00906019 -0.0288205
1548808726813575168 204 0.0239608 -0.999707 0.00346004 0.592699 0.00824985 -0.00326319 -0.999961 0.0150954 0.999679 0.0239884 0.00816924 -0.0292877
1548808726946926336 208 0.0219875 -0.999754 -0.00305201 0.623564 0.00967687 0.00326543 -0.999948 0.0153118 0.999711 0.0219568 0.00974628 -0.030946
1548808727180290304 215 0.0199149 -0.999787 -0.00549125 0.674954 0.0101763 0.00569475 -0.999932 0.0158273 0.99975 0.0198576 0.0102876 -0.0346217
1548808727380316416 221 0.0191472 -0.999815 -0.00204403 0.71447 0.0101128 0.00223797 -0.999946 0.0184923 0.999766 0.0191255 0.0101538 -0.0371646
1548808727745537280 232 0.0175664 -0.999825 -0.00643568 0.794536 0.0135477 0.00667409 -0.999886 0.0178698 0.999754 0.0174772 0.0136626 -0.0385878
1548808727978901248 239 0.0144457 -0.999869 -0.00723546 0.84565 0.0121467 0.00741116 -0.999899 0.0209583 0.999822 0.0143563 0.0122522 -0.0360127
1548808728278941184 248 0.0128923 -0.999874 -0.00924177 0.911832 0.0145823 0.00942956 -0.999849 0.0201271 0.999811 0.0127556 0.014702 -0.036953
1548808728478967296 254 0.0135154 -0.999888 -0.00638082 0.956901 0.0124514 0.00654921 -0.999901 0.0208009 0.999831 0.0134346 0.0125385 -0.0366393
1548808728845682176 265 0.012145 -0.999901 -0.0071635 1.0442 0.0120125 0.00730941 -0.999901 0.0235243 0.999854 0.0120577 0.0121 -0.0366983
1548808729012371200 270 0.00943146 -0.999924 -0.00792842 1.08248 0.0131812 0.0080524 -0.999881 0.0230002 0.999869 0.00932583 0.0132561 -0.035124
1548808729412423168 282 0.00757866 -0.999959 -0.00497158 1.18188 0.0118138 0.00506091 -0.999917 0.0254313 0.999901 0.0075193 0.0118517 -0.034591
1548808729745801216 292 0.00803574 -0.999951 -0.0057299 1.27068 0.00813591 0.00579528 -0.99995 0.0270674 0.999935 0.00798872 0.00818209 -0.0332796
1548808730079178240 302 0.00863834 -0.999943 -0.00625256 1.36073 0.00720613 0.00631489 -0.999954 0.0293339 0.999937 0.00859289 0.00726027 -0.0356803
1548808730245867264 307 0.0106113 -0.999937 -0.00357281 1.40827 0.00662729 0.00364326 -0.999971 0.030084 0.999922 0.0105873 0.00666553 -0.03425
1548808730579244288 317 0.00961509 -0.999935 -0.00607226 1.51007 0.00684787 0.00613825 -0.999958 0.0306438 0.99993 0.0095731 0.00690644 -0.034091
1548808730812608256 324 0.00773953 -0.999963 -0.00374434 1.58486 0.00521548 0.00378477 -0.999979 0.0316536 0.999956 0.00771984 0.00524458 -0.0341788
1548808731079310336 332 0.00896407 -0.999955 -0.00294252 1.67102 0.00137061 0.00295493 -0.999995 0.0335779 0.999959 0.00895999 0.00139703 -0.0358154
1548808731312674304 339 0.0114048 -0.999935 -0.000950965 1.74962 0.00130251 0.000965882 -0.999999 0.0374425 0.999934 0.0114035 0.00131344 -0.0386735
1548808731546038272 346 0.011413 -0.999931 -0.00277244 1.82439 0.00454289 0.00282444 -0.999986 0.0386243 0.999925 0.0114002 0.00457481 -0.038273
1548808731679389184 350 0.0107052 -0.999937 -0.00323976 1.86764 0.00519065 0.00329547 -0.999981 0.0406328 0.999929 0.0106882 0.00522561 -0.0377841
1548808731946091264 358 0.0110186 -0.999939 -0.000652365 1.95327 0.00693979 0.00072886 -0.999976 0.0441059 0.999915 0.0110138 0.0069474 -0.0389319
1548808732212792320 366 0.0123715 -0.999921 0.0022784 2.04126 0.00400206 -0.00222904 -0.99999 0.0490562 0.999915 0.0123805 0.00397417 -0.037157
1548808732479494400 374 0.0152797 -0.999882 0.0016187 2.12836 0.00292976 -0.00157411 -0.999994 0.0499861 0.999879 0.0152843 0.00290536 -0.0361926
1548808732679520256 380 0.0121634 -0.99992 0.0034818 2.19299 0.000896834 -0.00347115 -0.999994 0.05427 0.999926 0.0121664 0.000854541 -0.0331927
1548808732846209280 385 0.0107778 -0.999935 0.00373214 2.24646 0.00360622 -0.00369346 -0.999987 0.0535221 0.999935 0.0107911 0.00356618 -0.0344753
1548808733046235392 391 0.0102644 -0.999928 0.00617811 2.30946 0.00185472 -0.00615939 -0.999979 0.0563604 0.999946 0.0102756 0.00179137 -0.0324398
1548808733346275328 400 0.0062838 -0.999976 0.0029375 2.40777 0.0016744 -0.00292703 -0.999994 0.0581047 0.999979 0.00628868 0.00165597 -0.0313479
1548808733512964352 405 0.00648759 -0.999972 0.00363987 2.46482 0.000941564 -0.00363383 -0.999993 0.0599903 0.999979 0.00649097 0.000917963 -0.0268808
1548808733646315264 409 0.00598898 -0.999982 0.000186397 2.51101 -0.00025392 -0.000187921 -1 0.061757 0.999982 0.00598894 -0.00025504 -0.0271276
1548808733846341376 415 0.0060611 -0.999981 -0.00122783 2.57271 0.000803546 0.00123273 -0.999999 0.0649513 0.999981 0.00606011 0.000811002 -0.0285489
1548808734013029376 420 0.00665597 -0.999971 -0.00356689 2.61636 0.00270051 0.00358493 -0.99999 0.0656609 0.999974 0.00664627 0.00272429 -0.0278722
1548808734246394368 427 0.00568208 -0.999981 -0.00255277 2.66288 0.00302342 0.00256998 -0.999992 0.0674626 0.999979 0.00567432 0.00303796 -0.0272888
1548808734379744256 431 0.00463097 -0.999973 -0.00567001 2.69178 0.00198244 0.00567924 -0.999982 0.071036 0.999987 0.00461965 0.00200869 -0.0259265
1548808734613109248 438 0.00535542 -0.999975 -0.00459517 2.69646 0.00152976 0.00460342 -0.999988 0.0706835 0.999984 0.00534832 0.00155438 -0.0258238
1548808735046499328 451 0.00564339 -0.999982 0.00212596 2.70336 0.00185541 -0.00211552 -0.999996 0.0689207 0.999982 0.00564731 0.00184344 -0.0251442
1548808735179850240 455 0.00426141 -0.999982 -0.00411106 2.74019 0.00061224 0.0041137 -0.999991 0.0706186 0.999991 0.00425885 0.00062976 -0.024791
1548808735413214208 462 0.00610629 -0.999937 -0.00944509 2.82228 0.00198061 0.00945734 -0.999953 0.0732582 0.999979 0.0060873 0.00203823 -0.0263782
1548808735579903232 467 0.00819718 -0.999961 -0.00337919 2.87593 0.000421359 0.00338275 -0.999994 0.0747793 0.999966 0.00819571 0.000449071 -0.0250984
1548808735679916288 470 0.00691832 -0.999969 -0.00375847 2.91905 0.0011575 0.00376657 -0.999992 0.0766736 0.999975 0.00691392 0.00118352 -0.0273487
1548808735746591232 472 0.0085723 -0.999961 -0.00204774 2.94743 0.00202554 0.00206517 -0.999996 0.0784261 0.999961 0.00856811 0.00204317 -0.0263224
1548808735913280256 477 0.00468836 -0.999988 -0.00129836 3.01677 0.00106763 0.00130338 -0.999999 0.0818655 0.999988 0.00468697 0.00107373 -0.0280126
1548808735979955200 479 0.00540122 -0.999985 -0.000223599 3.04901 0.00561396 0.000253922 -0.999984 0.0828776 0.99997 0.00539988 0.00561525 -0.0261428
1548808736079968256 482 0.00560123 -0.999972 0.00488161 3.09578 0.00203188 -0.0048703 -0.999986 0.0854643 0.999982 0.00561107 0.00200455 -0.0234187
1548808736146644224 484 0.00801554 -0.999952 0.00562108 3.13483 0.000165781 -0.00561993 -0.999984 0.0892255 0.999968 0.00801635 0.000120726 -0.0251703
1548808736213011200 486 0.00703959 -0.99996 0.00544652 3.1706 0.00126707 -0.00543773 -0.999984 0.0919218 0.999974 0.00704638 0.00122874 -0.0261913
1548808736279687168 488 0.00836745 -0.999943 0.00664144 3.21476 0.000436218 -0.00663802 -0.999978 0.0910097 0.999965 0.00837017 0.00038065 -0.0259629
1548808736379700224 491 0.00612826 -0.999953 0.00746419 3.27683 0.00237054 -0.00744978 -0.999969 0.090459 0.999978 0.00614577 0.00232478 -0.0256259
1548808736479713280 494 0.00413475 -0.999947 0.00947286 3.33895 0.00166423 -0.00946605 -0.999954 0.0932418 0.99999 0.00415032 0.001625 -0.0252629
1548808736579726336 497 0.00350236 -0.999933 0.0110022 3.40108 0.000392518 -0.0110009 -0.999939 0.0939561 0.999994 0.00350647 0.000353963 -0.0217923
1548808736679739392 500 0.00213183 -0.999937 0.0110296 3.465 0.00094874 -0.0110276 -0.999939 0.0943433 0.999997 0.00214217 0.000925171 -0.0219857
1548808736779753216 503 0.00465852 -0.99994 0.00987686 3.52886 0.00100243 -0.00987229 -0.999951 0.0982975 0.999989 0.00466819 0.00095638 -0.0227771
1548808736879766272 506 0.00381827 -0.999979 0.00516645 3.59785 0.00159545 -0.00516039 -0.999985 0.0969433 0.999991 0.00382646 0.00157572 -0.027406
1548808736979779328 509 0.00446035 -0.999979 0.00471774 3.65982 0.00312522 -0.00470383 -0.999984 0.0983185 0.999985 0.00447502 0.00310418 -0.0297626
1548808737113130240 513 0.00512133 -0.999929 0.0107153 3.74186 0.000315754 -0.0107138 -0.999943 0.101528 0.999987 0.00512442 0.000260862 -0.0258912
1548808737179805184 515 0.00619222 -0.999967 0.00517721 3.78906 0.00219179 -0.00516372 -0.999984 0.1023 0.999978 0.00620347 0.00215974 -0.0260961
1548808737280322304 518 0.00570731 -0.999971 0.0049618 3.86317 -0.00061802 -0.0049654 -0.999987 0.104129 0.999984 0.00570417 -0.000646342 -0.0245602
1548808737313659392 519 0.00395062 -0.999992 0.0003277 3.89114 -0.00176683 -0.000334682 -0.999998 0.104046 0.999991 0.00395003 -0.00176814 -0.0241903
1548808737380335360 521 0.0041265 -0.999991 -0.000829369 3.93866 -0.00550713 0.000806639 -0.999985 0.104578 0.999976 0.004131 -0.00550376 -0.0220885
1548808737480348416 524 0.0049348 -0.999983 -0.00308837 4.01413 -0.00512575 0.00306307 -0.999982 0.10509 0.999975 0.00495054 -0.00511055 -0.0200129
1548808737547023360 526 0.0041041 -0.999988 -0.00276444 4.06325 -0.00337071 0.00275062 -0.999991 0.10571 0.999986 0.00411338 -0.00335938 -0.0201381
1548808737613699328 528 0.00501968 -0.999969 -0.00610157 4.11343 -0.00237563 0.00608971 -0.999979 0.10751 0.999985 0.00503406 -0.00234499 -0.0198304
1548808737680374272 530 0.00306939 -0.999991 -0.00281728 4.16141 -0.00302015 0.00280801 -0.999991 0.108563 0.999991 0.00307787 -0.00301151 -0.020894
1548808737780387328 533 0.00618168 -0.999968 -0.00512782 4.23691 -0.00652538 0.00508747 -0.999966 0.110559 0.99996 0.00621493 -0.00649372 -0.0181849
1548808737880401408 536 0.00447884 -0.999964 -0.00715971 4.31224 -0.00476497 0.00713836 -0.999963 0.112381 0.999979 0.00451279 -0.00473283 -0.0192578
1548808737947076352 538 0.00616672 -0.999966 -0.00554155 4.3632 -0.00794292 0.0054925 -0.999953 0.112511 0.999949 0.00621045 -0.00790877 -0.0184673
1548808738047089408 541 0.00383163 -0.999971 -0.00664171 4.44016 -0.00409 0.00662603 -0.99997 0.113171 0.999984 0.00385868 -0.00406449 -0.0189791
1548808738180440320 545 0.00562531 -0.999979 -0.00310396 4.53556 -0.00285809 0.00308792 -0.999991 0.114434 0.99998 0.00563414 -0.00284066 -0.0190651
1548808738247116288 547 0.00390185 -0.999991 0.0016404 4.5831 -0.0044002 -0.00165757 -0.999989 0.115378 0.999983 0.00389459 -0.00440663 -0.0175057
1548808738347129344 550 0.00796096 -0.999968 0.000460649 4.65663 -0.00426475 -0.000494612 -0.999991 0.115731 0.999959 0.00795892 -0.00426855 -0.0136162
1548808738447142400 553 0.00420308 -0.99999 0.00177798 4.72371 -0.00740319 -0.00180906 -0.999971 0.119153 0.999964 0.00418979 -0.00741072 -0.0161308
1548808738547155200 556 0.00608998 -0.99998 0.00143424 4.79223 -0.00852506 -0.00148613 -0.999963 0.12151 0.999945 0.00607752 -0.00853395 -0.0146709
1548808738647168256 559 0.0040843 -0.999985 0.00351883 4.85647 -0.00939088 -0.00355706 -0.99995 0.122931 0.999948 0.00405105 -0.00940527 -0.0114264
1548808738780519424 563 0.00374145 -0.999988 0.0032708 4.94617 -0.00474235 -0.00328853 -0.999983 0.124437 0.999982 0.00372588 -0.0047546 -0.013005
1548808738880532224 566 -0.00245011 -0.999997 -0.000208733 4.99544 -0.00797453 0.000228265 -0.999968 0.125681 0.999965 -0.00244837 -0.00797507 -0.0142073
1548808739113896192 573 -0.00140544 -0.999993 0.0035092 5.00401 -0.00711237 -0.00349912 -0.999969 0.12529 0.999974 -0.00143035 -0.0071074 -0.0142789
1548808739547287296 586 -0.000625929 -0.999934 0.0114785 5.00788 -0.00763814 -0.0114733 -0.999905 0.124946 0.999971 -0.000713544 -0.00763045 -0.0136246
1548808739613962240 588 -0.000457495 -0.999992 0.00397889 5.024 -0.00671704 -0.00397573 -0.99997 0.124836 0.999977 -0.000484208 -0.00671516 -0.0138712
1548808739880664320 596 -0.000345233 -0.999948 0.0101845 5.07988 -0.00800617 -0.0101814 -0.999916 0.127479 0.999968 -0.000426743 -0.00800224 -0.0156703
1548808740014015232 600 0.00110136 -0.999976 0.0068393 5.11384 -0.00653007 -0.00684635 -0.999955 0.129141 0.999978 0.00105665 -0.00653745 -0.0194502
1548808740247379200 607 0.00160148 -0.999981 0.00601364 5.17461 -0.00672828 -0.00602428 -0.999959 0.130633 0.999976 0.00156095 -0.0067378 -0.0168229
1548808740414068224 612 0.000510561 -0.999996 0.00294484 5.22073 -0.00566627 -0.00294768 -0.99998 0.128408 0.999984 0.000493865 -0.00566775 -0.0159709
1548808740580756224 617 0.000668649 -1 0.000668659 5.27491 -0.00584132 -0.000672553 -0.999983 0.127986 0.999983 0.000664731 -0.00584176 -0.0184925
1548808740747445248 622 -0.000250396 -0.999995 0.0032438 5.33003 -0.00509442 -0.00324249 -0.999982 0.128047 0.999987 -0.000266917 -0.00509359 -0.0193384
1548808740814120192 624 0.00307354 -0.999994 -0.00182979 5.35588 -0.00344192 0.00181921 -0.999992 0.131088 0.999989 0.00307982 -0.00343631 -0.0210033
1548808740947471360 628 0.000878448 -1 0.000282958 5.40022 -0.00467461 -0.000287061 -0.999989 0.132981 0.999989 0.000877115 -0.00467486 -0.0192078
1548808741114160384 633 0.00126695 -0.999992 -0.0037364 5.45778 -0.0068079 0.00372769 -0.99997 0.132473 0.999976 0.00129235 -0.00680313 -0.0190346
1548808741280849408 638 0.00121768 -0.99996 -0.00889334 5.51362 -0.00716895 0.00888438 -0.999935 0.133947 0.999974 0.00128135 -0.00715784 -0.0167362
1548808741480875264 644 -0.000916951 -0.999955 -0.00949357 5.58413 -0.00722911 0.00949996 -0.999929 0.135135 0.999973 -0.000848255 -0.00723749 -0.014159
1548808741680901376 650 -0.00107623 -0.99997 -0.00763888 5.65024 -0.00668692 0.00764591 -0.999948 0.136705 0.999977 -0.0010251 -0.00669495 -0.0134577
1548808741880928256 656 -0.0013041 -0.999952 -0.0096753 5.71685 -0.00764611 0.009685 -0.999924 0.137129 0.99997 -0.00123002 -0.00765837 -0.0110612
1548808742080954368 662 -0.000993796 -0.999937 -0.0111681 5.78234 -0.00459931 0.0111726 -0.999927 0.137091 0.999989 -0.000942358 -0.00461013 -0.0132977
1548808742380490240 671 -0.00284142 -0.999985 -0.00465044 5.87783 -0.000655753 0.00465232 -0.999989 0.141619 0.999996 -0.00283834 -0.000668962 -0.0121873
1548808742580517376 677 -0.00430546 -0.99999 -0.00133887 5.9423 0.00138931 0.0013329 -0.999998 0.143515 0.99999 -0.00430731 0.00138356 -0.0120902
1548808742813881344 684 -0.0035616 -0.999994 -0.000245716 6.01721 0.00307367 0.000234769 -0.999995 0.145986 0.999989 -0.00356234 0.00307281 -0.0108828
1548808743013907200 690 -0.00544197 -0.999984 0.00170478 6.07826 0.0033303 -0.00172292 -0.999993 0.148234 0.99998 -0.00543626 0.00333962 -0.00654619
1548808743180596224 695 -0.00652786 -0.999974 0.00305466 6.13181 0.00380845 -0.00307957 -0.999988 0.149583 0.999971 -0.00651615 0.00382845 -0.00605135
1548808743347284224 700 -0.0102939 -0.999917 0.00769558 6.1846 0.00692202 -0.00776706 -0.999946 0.1479 0.999923 -0.0102401 0.0070014 -0.00544804
1548808743413960192 702 -0.00968849 -0.999902 0.0101369 6.20651 0.00665206 -0.0102016 -0.999926 0.149558 0.999931 -0.00962034 0.00675024 -0.00444692
1548808743547311360 706 -0.00987238 -0.999884 0.0115593 6.25073 0.00408007 -0.0116001 -0.999924 0.152722 0.999943 -0.00982447 0.00419412 -0.00468217
1548808743814013184 714 -0.0113945 -0.999805 0.0161194 6.33649 0.0049922 -0.0161771 -0.999857 0.156102 0.999923 -0.0113124 0.00517555 -0.00165983
1548808744047377408 721 -0.012567 -0.999792 0.0160364 6.41285 0.00276315 -0.0160723 -0.999867 0.154547 0.999917 -0.012521 0.00296456 0.00211532
1548808744214065408 726 -0.0106565 -0.99981 0.0163442 6.46825 -0.0026394 -0.0163169 -0.999863 0.159563 0.99994 -0.0106982 -0.00246502 0.00733689
1548808744314079232 729 -0.0123022 -0.999773 0.0173704 6.50073 -0.00223723 -0.0173441 -0.999847 0.160876 0.999922 -0.0123392 -0.00202335 0.0112148
1548808744414092288 732 -0.0131512 -0.99975 0.0180688 6.52982 -0.00510026 -0.0180031 -0.999825 0.164041 0.999901 -0.0132411 -0.00486222 0.0136127
1548808744547443200 736 -0.0111545 -0.999862 0.0123101 6.57463 -0.00564075 -0.0122478 -0.999909 0.163161 0.999922 -0.011223 -0.00550335 0.0164099
1548808744847482368 745 -0.0109035 -0.999832 0.0147046 6.67123 -0.0022238 -0.0146812 -0.99989 0.166214 0.999938 -0.010935 -0.00206335 0.0157892
1548808745080846336 752 -0.00955503 -0.999855 0.0141099 6.74937 -0.00677918 -0.0140455 -0.999878 0.168328 0.999931 -0.00964952 -0.00664399 0.0181505
1548808745447561216 763 -0.00842818 -0.999825 0.0166829 6.86959 -0.0092598 -0.0166048 -0.999819 0.174292 0.999922 -0.00858114 -0.00911823 0.0229643
1548808745680925184 770 -0.0089419 -0.999894 0.01153 6.94759 -0.0104367 -0.0114366 -0.99988 0.176461 0.999906 -0.00906116 -0.0103333 0.0278712
1548808745914289408 777 -0.00784584 -0.999901 0.0117206 7.02396 -0.00919901 -0.0116483 -0.99989 0.180809 0.999927 -0.00795279 -0.00910671 0.024135
1548808746147653376 784 -0.0106595 -0.999876 0.0115653 7.09492 -0.0115583 -0.011442 -0.999868 0.184147 0.999876 -0.0107917 -0.0114349 0.0314776
1548808746414355200 792 -0.0115442 -0.999892 0.00905628 7.17842 -0.0111339 -0.00892779 -0.999898 0.188379 0.999871 -0.0116439 -0.0110297 0.040774
1548808746581044224 797 -0.0120979 -0.999904 0.00670781 7.23283 -0.0120159 -0.00656244 -0.999906 0.188717 0.999855 -0.0121774 -0.0119354 0.0386597
1548808746814408192 804 -0.0112892 -0.999927 0.00425374 7.31083 -0.0128327 -0.00410878 -0.999909 0.192442 0.999854 -0.0113427 -0.0127854 0.0352154
1548808747047772416 811 -0.0111694 -0.999913 0.00705955 7.38938 -0.0148714 -0.0068931 -0.999866 0.198039 0.999827 -0.0112729 -0.0147931 0.0341678
1548808747181123328 815 -0.012885 -0.999906 0.00462742 7.4292 -0.014157 -0.00444492 -0.99989 0.200441 0.999817 -0.012949 -0.0140984 0.0403468
1548808747347811328 820 -0.0141779 -0.999874 0.00711786 7.47872 -0.0145905 -0.00691094 -0.99987 0.206401 0.999793 -0.0142799 -0.0144907 0.0418338
1548808747614513408 828 -0.0162216 -0.999826 0.00926403 7.56073 -0.0141772 -0.00903432 -0.999859 0.210171 0.999768 -0.0163507 -0.0140282 0.0436304
1548808747914553344 837 -0.0165254 -0.999819 0.00947615 7.6575 -0.012352 -0.00927258 -0.999881 0.213221 0.999787 -0.0166405 -0.0121965 0.0450105
1548808748081241344 842 -0.0163664 -0.999783 0.0129081 7.70713 -0.0127334 -0.0127003 -0.999838 0.213206 0.999785 -0.0165281 -0.0125228 0.041052
1548808748414619392 852 -0.0169755 -0.999727 0.0160469 7.81432 -0.00872647 -0.0159004 -0.999835 0.216573 0.999818 -0.0171127 -0.00845417 0.0401088
1548808748614645248 858 -0.01573 -0.99972 0.0176665 7.87936 -0.00851912 -0.017534 -0.99981 0.217726 0.99984 -0.0158776 -0.00824092 0.0421644
1548808748814671360 864 -0.0164861 -0.999669 0.0197522 7.93959 -0.0109447 -0.0195732 -0.999749 0.217728 0.999804 -0.0166981 -0.0106184 0.0458372
1548808749014698240 870 -0.0156723 -0.999704 0.0186075 8.004 -0.0105223 -0.0184438 -0.999775 0.219597 0.999822 -0.0158646 -0.0102302 0.0480586
1548808749181386240 875 -0.0153214 -0.99972 0.0180433 8.06042 -0.0116994 -0.0178649 -0.999772 0.221599 0.999814 -0.015529 -0.0114224 0.0491568
1548808749448088320 883 -0.0169008 -0.999765 0.0135607 8.14753 -0.0145524 -0.0133152 -0.999805 0.225244 0.999751 -0.0170949 -0.0143239 0.049794
1548808749581439232 887 -0.014494 -0.999846 0.00992592 8.19009 -0.014524 -0.0097154 -0.999847 0.225271 0.999789 -0.014636 -0.014381 0.0511084
1548808749748128256 892 -0.016361 -0.999822 0.00941197 8.2433 -0.0127145 -0.00920443 -0.999877 0.227536 0.999785 -0.0164786 -0.0125616 0.0524028
1548808749848141312 895 -0.017939 -0.999796 0.00924574 8.27597 -0.0139346 -0.00899632 -0.999862 0.229479 0.999742 -0.0180654 -0.0137704 0.0519655
1548808750048167424 901 -0.0159288 -0.999835 0.00867451 8.339 -0.0124774 -0.00847617 -0.999886 0.229883 0.999795 -0.0160352 -0.0123403 0.0528618
1548808750114843392 903 -0.0156356 -0.999863 0.00542306 8.36072 -0.0120939 -0.00523421 -0.999913 0.232272 0.999805 -0.0156998 -0.0120104 0.0574024
1548808750281531392 908 -0.0144538 -0.999873 0.0066765 8.41134 -0.0119682 -0.00650372 -0.999907 0.23272 0.999824 -0.0145323 -0.0118726 0.0587772
1548808750381544192 911 -0.0137396 -0.99988 0.00716899 8.44016 -0.0120594 -0.00700344 -0.999903 0.232841 0.999833 -0.0138247 -0.0119617 0.0588026
1548808750581571328 917 -0.0117049 -0.999898 0.00818769 8.50455 -0.0106609 -0.008063 -0.999911 0.233398 0.999875 -0.0117911 -0.0105655 0.0573528
1548808750681584384 920 -0.0106087 -0.999891 0.0103155 8.53662 -0.0105967 -0.0102031 -0.999892 0.236388 0.999888 -0.0107168 -0.0104873 0.0609592
1548808750781597184 923 -0.0087737 -0.999915 0.00962358 8.57246 -0.0109881 -0.00952696 -0.999894 0.235998 0.999901 -0.00887852 -0.0109036 0.0606816
1548808750881610240 926 -0.00941538 -0.999915 0.00901193 8.60376 -0.0106391 -0.00891165 -0.999904 0.236395 0.999899 -0.00951035 -0.0105543 0.061131
1548808751014961408 930 -0.00605013 -0.999906 0.012276 8.64503 -0.00973517 -0.0122168 -0.999878 0.23732 0.999934 -0.00616891 -0.00966034 0.0586258
1548808751248325376 937 -0.00268772 -0.999922 0.0122363 8.71836 -0.0097522 -0.0122095 -0.999878 0.239411 0.999949 -0.00280672 -0.00971862 0.0587488
1548808751415014400 942 -0.000509041 -0.99984 0.0178841 8.77174 -0.0110007 -0.0178775 -0.99978 0.243365 0.999939 -0.000705666 -0.0109898 0.0580053
1548808751615040256 948 0.00046089 -0.999902 0.0139589 8.83892 -0.0133509 -0.0139638 -0.999813 0.24223 0.999911 0.000274439 -0.0133561 0.0614156
1548808751748391424 952 0.000616376 -0.999963 0.0085429 8.88234 -0.0130819 -0.00855023 -0.999878 0.244218 0.999914 0.000504543 -0.0130867 0.0606461
1548808751981755392 959 0.00220329 -0.999968 0.00766052 8.95784 -0.0132437 -0.00768904 -0.999883 0.244536 0.99991 0.00210157 -0.0132602 0.0594219
1548808752181782272 965 0.0033174 -0.999981 0.0050993 9.02202 -0.0143753 -0.00514649 -0.999883 0.247662 0.999891 0.00324371 -0.0143921 0.0615962
1548808752415146240 972 0.00543304 -0.999967 0.00598713 9.09638 -0.0129447 -0.00605704 -0.999898 0.25422 0.999901 0.00535498 -0.0129772 0.0603513
1548808752515159296 975 0.00463812 -0.999974 0.00543681 9.12905 -0.0080447 -0.00547401 -0.999953 0.256522 0.999957 0.00459416 -0.00806989 0.0594407
1548808752715185408 981 0.00631308 -0.999942 0.00868129 9.18965 -0.00777142 -0.00873026 -0.999932 0.260397 0.99995 0.00624518 -0.00782609 0.0606748
1548808752948549376 988 0.0117682 -0.999901 0.00767893 9.26097 -0.010306 -0.00780034 -0.999916 0.263458 0.999878 0.0116881 -0.0103968 0.0611625
1548808753148576256 994 0.0121166 -0.999867 0.0108724 9.32395 -0.00938881 -0.0109864 -0.999896 0.267115 0.999883 0.0120133 -0.00952069 0.0623678
1548808753415277312 1002 0.0151029 -0.999818 0.0116454 9.40332 -0.0082897 -0.0117715 -0.999896 0.26917 0.999852 0.0150048 -0.00846598 0.0582791
1548808753648642304 1009 0.014156 -0.999862 0.00867479 9.47173 -0.00426818 -0.008736 -0.999953 0.270216 0.999891 0.0141183 -0.00439126 0.0585589
1548808753748655360 1012 0.0173753 -0.999814 0.00834437 9.50116 -0.00219312 -0.00838372 -0.999962 0.269789 0.999847 0.0173563 -0.00233838 0.0596355
1548808753848668416 1015 0.0191967 -0.999751 0.0113962 9.53055 -0.00394768 -0.011474 -0.999926 0.270989 0.999808 0.0191503 -0.00416696 0.0579571
1548808753948681216 1018 0.022903 -0.999647 0.0135023 9.56134 -0.00380905 -0.013593 -0.9999 0.275284 0.99973 0.0228492 -0.00411902 0.0568699
1548808754082032384 1022 0.0254369 -0.999586 0.0134527 9.60262 -0.00506577 -0.0135857 -0.999895 0.274705 0.999664 0.025366 -0.00540925 0.0571316
1548808754215383296 1026 0.0366264 -0.999232 0.0139443 9.64713 -0.00609236 -0.0141767 -0.999881 0.277192 0.99931 0.0365371 -0.00660692 0.0530719
1548808754348734208 1030 0.053247 -0.998467 0.0150912 9.69099 -0.00544185 -0.0154026 -0.999867 0.280654 0.998567 0.0531577 -0.00625365 0.0492541
1548808754482085376 1034 0.0693532 -0.997459 0.0162944 9.73173 -0.00492498 -0.0166759 -0.999849 0.27942 0.99758 0.0692624 -0.00606899 0.0472275
1548808754682111232 1040 0.0691431 -0.997493 0.0150835 9.79334 -0.00484282 -0.0154551 -0.999869 0.281812 0.997595 0.069061 -0.0058993 0.0434313
1548808754915475200 1047 0.0688839 -0.997545 0.0126004 9.86455 -0.00784131 -0.0131714 -0.999883 0.287213 0.997594 0.068777 -0.00872935 0.038735
1548808755015488256 1050 0.0679807 -0.997571 0.0151892 9.89413 -0.00690129 -0.0156943 -0.999853 0.288267 0.997663 0.0678659 -0.00795144 0.0363131
1548808755148839424 1054 0.0608775 -0.998037 0.0147131 9.93703 -0.00716186 -0.0151769 -0.999859 0.287969 0.99812 0.0607635 -0.00807173 0.0325351
1548808755248852224 1057 0.0518523 -0.998614 0.00903921 9.97092 -0.0077812 -0.00945511 -0.999925 0.293227 0.998624 0.051778 -0.00826069 0.0326621
1548808755315528192 1059 0.046155 -0.998819 0.0151853 9.99184 -0.00795127 -0.0155684 -0.999847 0.289794 0.998903 0.0460272 -0.00866043 0.0280239
1548808755348865280 1060 0.0454492 -0.998874 0.0135838 10.0056 -0.00877628 -0.0139966 -0.999864 0.294138 0.998928 0.0453237 -0.00940253 0.0203898
1548808755448879360 1063 0.0332386 -0.999386 0.01106 10.0398 -0.0112673 -0.0114401 -0.999871 0.29174 0.999384 0.0331097 -0.0116406 0.0238364
1548808755548892416 1066 0.018154 -0.999776 0.0108918 10.072 -0.0145622 -0.0111569 -0.999832 0.291935 0.999729 0.0179924 -0.0147615 0.0221644
1548808755615567360 1068 0.0105655 -0.999848 0.0138389 10.0919 -0.0126612 -0.0139723 -0.999822 0.293747 0.999864 0.0103884 -0.0128069 0.0225941
1548808755715580416 1071 0.000468559 -0.99996 0.00896612 10.1285 -0.0143861 -0.00897193 -0.999856 0.29464 0.999896 0.000339504 -0.0143898 0.0163567
1548808755782256384 1073 -0.000732092 -0.99995 0.0099527 10.1516 -0.013694 -0.00994174 -0.999857 0.294615 0.999906 -0.000868279 -0.013686 0.0173481
1548808755882269184 1076 0.000951724 -0.999939 0.0110233 10.1815 -0.01452 -0.0110359 -0.999834 0.2956 0.999894 0.000791507 -0.0145297 0.0192223
1548808756015620352 1080 0.00289524 -0.999937 0.0108622 10.22 -0.0140942 -0.0109019 -0.999841 0.296134 0.999896 0.00274169 -0.0141249 0.019435
1548808756215646208 1086 0.0104656 -0.999907 0.00871236 10.282 -0.0145143 -0.00886382 -0.999855 0.298819 0.99984 0.0103377 -0.0146057 0.0189467
1548808756348997376 1090 0.0166663 -0.999809 0.0102078 10.3183 -0.0116135 -0.0104021 -0.999878 0.301015 0.999794 0.0165457 -0.0117846 0.0197217
1548808756515686400 1095 0.0281899 -0.999578 0.00698179 10.3674 -0.0112314 -0.00730085 -0.99991 0.303459 0.999539 0.0281089 -0.0114325 0.0211657
1548808756649037312 1099 0.0369961 -0.999253 0.0112126 10.4083 -0.0141245 -0.011742 -0.999831 0.301812 0.999216 0.0368315 -0.0145484 0.0245364
1548808756882401280 1106 0.0561787 -0.998371 0.00997494 10.4812 -0.0136392 -0.0107572 -0.999849 0.304651 0.998328 0.0560341 -0.0142213 0.0231848
1548808757049089280 1111 0.0670518 -0.997714 0.00845579 10.534 -0.0120939 -0.00928696 -0.999884 0.307133 0.997676 0.0669417 -0.0126889 0.0217761
1548808757315791360 1119 0.0837532 -0.996457 0.0076316 10.6168 -0.0121809 -0.0086817 -0.999888 0.312174 0.996412 0.0836509 -0.0128649 0.016938
1548808757482480384 1124 0.0857447 -0.996295 0.00661478 10.6684 -0.011005 -0.00758592 -0.999911 0.313852 0.996256 0.0856642 -0.0116147 0.0140878
1548808757749182208 1132 0.0843476 -0.996419 0.00583441 10.7514 -0.0127404 -0.00693325 -0.999895 0.314867 0.996355 0.0842644 -0.0132796 0.00840824
1548808757882533376 1136 0.0841044 -0.99645 0.00378813 10.7922 -0.0119313 -0.00480837 -0.999917 0.31687 0.996386 0.0840522 -0.0122934 0.00572314
1548808758049221376 1141 0.0810852 -0.996697 0.00454195 10.8421 -0.011886 -0.00552359 -0.999914 0.317848 0.996636 0.0810243 -0.0122947 0.00386408
1548808758182572288 1145 0.0781815 -0.996937 0.0020979 10.8845 -0.0112377 -0.00298548 -0.999932 0.320073 0.996876 0.0781526 -0.0114367 5.08789e-05
1548808758282585344 1148 0.0746415 -0.997209 0.00182949 10.9176 -0.0113068 -0.00268081 -0.999932 0.3217 0.997146 0.0746158 -0.0114753 -0.00209595
1548808758382598400 1151 0.0706547 -0.997497 0.00285104 10.9479 -0.00926653 -0.00351443 -0.999951 0.322734 0.997458 0.0706248 -0.00949164 -0.00358672
1548808758515949312 1155 0.0633205 -0.997984 0.00434941 10.9889 -0.0099742 -0.00499078 -0.999938 0.323794 0.997943 0.0632732 -0.0102701 -0.00483483
1548808758682638336 1160 0.0559885 -0.998417 0.00540688 11.0386 -0.00968035 -0.00595795 -0.999935 0.325547 0.998384 0.0559326 -0.0099986 -0.00756853
1548808758749313280 1162 0.0538581 -0.998547 0.00165956 11.0615 -0.00740587 -0.00206137 -0.99997 0.325221 0.998521 0.0538442 -0.00750614 -0.0092709
1548808758949340416 1168 0.0449508 -0.998984 0.00320163 11.1264 -0.00632015 -0.00348919 -0.999974 0.325644 0.998969 0.0449294 -0.00647057 -0.0151755
1548808759049353216 1171 0.0404282 -0.999164 0.00606081 11.1562 -0.00591189 -0.00630487 -0.999963 0.328789 0.999165 0.0403908 -0.00616184 -0.0179366
1548808759282717184 1178 0.0358125 -0.99929 0.0116728 11.227 -0.00936111 -0.0120152 -0.999884 0.330363 0.999315 0.0356991 -0.00978477 -0.0190466
1548808759316055296 1179 0.0355828 -0.999269 0.0139537 11.2384 -0.00899968 -0.0142823 -0.999858 0.332553 0.999326 0.0354521 -0.00950131 -0.0172434
1548808759482743296 1184 0.0342847 -0.999316 0.0138831 11.2876 -0.00915951 -0.0142049 -0.999857 0.333681 0.99937 0.0341526 -0.00964026 -0.0177579
1548808759616094208 1188 0.0351521 -0.999299 0.0128757 11.3293 -0.00930987 -0.0132106 -0.999869 0.3363 0.999339 0.0350276 -0.00976772 -0.019192
1548808759749445376 1192 0.0346707 -0.999266 0.0162667 11.3694 -0.00685111 -0.0165137 -0.99984 0.337216 0.999375 0.0345537 -0.00741863 -0.0230344
1548808759816121344 1194 0.0351522 -0.999308 0.0121675 11.3919 -0.00674944 -0.0124121 -0.9999 0.336482 0.999359 0.0350666 -0.00718108 -0.0233918
1548808759916134400 1197 0.0364871 -0.99923 0.0144459 11.421 -0.00484823 -0.0146324 -0.999881 0.337899 0.999322 0.0364127 -0.00537839 -0.0266959
1548808760049485312 1201 0.034285 -0.999268 0.0169617 11.4628 -0.00744307 -0.0172265 -0.999824 0.338661 0.999384 0.0341527 -0.00802823 -0.0276718
1548808760249511424 1207 0.0333788 -0.999321 0.0155918 11.5232 -0.00772123 -0.0158578 -0.999844 0.338492 0.999413 0.0332533 -0.0082453 -0.0306556
1548808760382862336 1211 0.0319419 -0.999417 0.0120265 11.5622 -0.00459708 -0.0121794 -0.999915 0.340983 0.999479 0.0318839 -0.00498344 -0.0301311
1548808760616226304 1218 0.0307113 -0.999435 0.0136666 11.6362 -0.00757563 -0.0139054 -0.999875 0.3421 0.9995 0.0306039 -0.0079984 -0.0336023
1548808760882928384 1226 0.029719 -0.999471 0.013193 11.719 -0.00429466 -0.0133264 -0.999902 0.347386 0.999549 0.0296594 -0.00468844 -0.0379843
1548808761149630208 1234 0.0292754 -0.999428 0.0169095 11.7987 -0.0029101 -0.0170019 -0.999851 0.351618 0.999567 0.0292218 -0.00340617 -0.0396759
1548808761349656320 1240 0.0293366 -0.999412 0.0177392 11.8645 -0.00226846 -0.0178133 -0.999839 0.355809 0.999567 0.0292917 -0.00278971 -0.043748
1548808761483007232 1244 0.0299067 -0.999432 0.0155297 11.9072 -0.000350626 -0.0155472 -0.999879 0.357697 0.999553 0.0298977 -0.000815392 -0.0469276
1548808761616358400 1248 0.0305715 -0.999354 0.0188689 11.9509 0.000906969 -0.01885 -0.999822 0.357962 0.999532 0.0305832 0.000330112 -0.0504494
1548808761749709312 1252 0.0315355 -0.999372 0.0161292 11.992 -0.00162783 -0.0161886 -0.999868 0.362113 0.999501 0.0315051 -0.00213733 -0.0503108
1548808761949735424 1258 0.0324248 -0.999335 0.016692 12.0576 -0.00204524 -0.0167671 -0.999857 0.362486 0.999472 0.032386 -0.00258755 -0.0533613
1548808762116424192 1263 0.0324132 -0.999371 0.0143833 12.1129 -0.00205957 -0.0144576 -0.999893 0.364971 0.999472 0.0323801 -0.00252689 -0.0555317
1548808762283112192 1268 0.0313118 -0.999406 0.0143818 12.1666 -0.000999016 -0.0144201 -0.999896 0.370384 0.999509 0.0312941 -0.00144994 -0.0569758
1548808762449801216 1273 0.0327381 -0.999355 0.0147916 12.2244 -0.0020462 -0.0148665 -0.999887 0.373765 0.999462 0.0327042 -0.00253158 -0.0622527
1548808762683165184 1280 0.0334991 -0.999401 0.00867501 12.2985 -0.00145582 -0.00872867 -0.999961 0.376157 0.999438 0.0334852 -0.00174735 -0.0615079
1548808762849854208 1285 0.0321288 -0.99941 0.0121672 12.3538 -0.00424778 -0.0123099 -0.999915 0.383314 0.999475 0.0320744 -0.00464077 -0.0635675
1548808763016542208 1290 0.0310637 -0.99941 0.0146231 12.407 -0.00575412 -0.0148087 -0.999874 0.386925 0.999501 0.0309757 -0.00621075 -0.0661063
1548808763249906176 1297 0.0311104 -0.999411 0.0144607 12.4793 -0.00482831 -0.0146178 -0.999881 0.391438 0.999504 0.0310369 -0.00528023 -0.0642366
1548808763449933312 1303 0.0293973 -0.999444 0.015728 12.5445 -0.00296068 -0.0158218 -0.99987 0.395286 0.999563 0.0293469 -0.00342415 -0.0673418
1548808763616621312 1308 0.0292218 -0.999454 0.0153935 12.5959 -8.74828e-05 -0.0154026 -0.999881 0.398679 0.999573 0.0292169 -0.000537526 -0.0631907
1548808763849985280 1315 0.0272911 -0.999494 0.0163293 12.673 0.000483167 -0.0163222 -0.999867 0.401154 0.999627 0.0272953 3.74734e-05 -0.0704173
1548808764183363328 1325 0.0282453 -0.999497 0.0143938 12.7823 0.00168767 -0.0143519 -0.999896 0.404118 0.9996 0.0282666 0.00128145 -0.0731272
1548808764450064384 1333 0.0287236 -0.999475 0.0150184 12.8641 -0.00310021 -0.0151136 -0.999881 0.407094 0.999583 0.0286736 -0.0035327 -0.0708097
1548808764716766208 1341 0.0288546 -0.999498 0.0131055 12.9472 -0.00502093 -0.0132557 -0.9999 0.40954 0.999571 0.0287859 -0.00540089 -0.069578
1548808764916793344 1347 0.0276491 -0.999494 0.0157137 13.0108 -0.00502731 -0.0158585 -0.999862 0.412935 0.999605 0.0275663 -0.00546324 -0.069559
1548808765150157312 1354 0.0262179 -0.999606 0.0100567 13.0865 -0.00369749 -0.0101571 -0.999942 0.412957 0.999649 0.0261792 -0.00396233 -0.0707877
1548808765383521280 1361 0.027545 -0.999515 0.0144941 13.1631 -0.00802653 -0.0147203 -0.999859 0.4176 0.999588 0.0274248 -0.00842811 -0.0726348
1548808765683560192 1370 0.0241801 -0.999567 0.0167414 13.2545 -0.00608205 -0.0168931 -0.999839 0.419738 0.999689 0.0240743 -0.00648789 -0.0718638
1548808765850249216 1375 0.0254999 -0.999491 0.0191458 13.3096 -0.00707749 -0.0193321 -0.999788 0.421002 0.99965 0.0253589 -0.00756686 -0.0716399
1548808766050275328 1381 0.0254443 -0.999523 0.0174821 13.3744 -0.00566184 -0.0176316 -0.999829 0.423603 0.99966 0.0253409 -0.00610776 -0.0726067
1548808766250302208 1387 0.0262921 -0.99951 0.0169851 13.4403 -0.0048309 -0.0171178 -0.999842 0.427214 0.999643 0.0262059 -0.00527859 -0.0716958
1548808766350315264 1390 0.0266024 -0.999497 0.0172382 13.4763 -0.00606341 -0.0174054 -0.99983 0.428067 0.999628 0.0264934 -0.00652339 -0.0732386
1548808766517003264 1395 0.0234076 -0.999529 0.0198492 13.5267 -0.00512635 -0.0199744 -0.999787 0.429478 0.999713 0.0233008 -0.00559148 -0.0712322
1548808766617017344 1398 0.0240939 -0.999548 0.0179721 13.5602 -0.00433713 -0.0180817 -0.999827 0.431148 0.9997 0.0240118 -0.00477083 -0.0739497
1548808766850381312 1405 0.0251059 -0.999509 0.0187675 13.6347 -0.00552423 -0.0189119 -0.999806 0.433522 0.99967 0.0249974 -0.00599631 -0.074567
1548808766983732224 1409 0.0250472 -0.999502 0.0191774 13.6773 -0.00626177 -0.0193399 -0.999793 0.436351 0.999667 0.0249219 -0.00674307 -0.0742806
1548808767117082368 1413 0.0262847 -0.999481 0.0186087 13.7202 -0.00653477 -0.0187865 -0.999802 0.437756 0.999633 0.0261579 -0.00702518 -0.0734777
1548808767283771392 1418 0.0245581 -0.999552 0.0170798 13.7784 -0.00538823 -0.0172171 -0.999837 0.439117 0.999684 0.0244621 -0.00580864 -0.0763292
1548808767450460416 1423 0.0232769 -0.999599 0.0160994 13.8317 -0.00494542 -0.0162187 -0.999856 0.441373 0.999717 0.0231939 -0.00532096 -0.0762994
1548808767583811328 1427 0.0236825 -0.999612 0.0146708 13.8753 -0.00597376 -0.0148161 -0.999872 0.442096 0.999702 0.0235919 -0.00632232 -0.0749979
1548808767717161216 1431 0.0237485 -0.999583 0.016449 13.9177 -0.00654186 -0.0166086 -0.999841 0.444666 0.999697 0.0236371 -0.00693356 -0.0753823
1548808767883850240 1436 0.0221809 -0.999646 0.0146769 13.9718 -0.00885321 -0.0148763 -0.99985 0.448347 0.999715 0.0220476 -0.00918005 -0.0737468
1548808768117214208 1443 0.0215454 -0.999663 0.0145027 14.049 -0.00937957 -0.0147075 -0.999848 0.453421 0.999724 0.0214061 -0.00969328 -0.0762976
1548808768317241344 1449 0.0208354 -0.999689 0.0136785 14.1131 -0.00909194 -0.0138704 -0.999862 0.456931 0.999742 0.0207082 -0.00937811 -0.0796031
1548808768617280256 1458 0.017599 -0.999701 0.0169662 14.2069 -0.00904463 -0.0171274 -0.999812 0.461425 0.999804 0.0174422 -0.00934335 -0.0786609
1548808768750631424 1462 0.0149131 -0.99978 0.0147235 14.2485 -0.00762971 -0.0148385 -0.999861 0.463115 0.99986 0.0147987 -0.00784932 -0.0781976
1548808768850644224 1465 0.013343 -0.999824 0.0132252 14.2795 -0.00908995 -0.0133471 -0.99987 0.463164 0.99987 0.0132211 -0.00926643 -0.07943
1548808768950657280 1468 0.0119067 -0.999806 0.015703 14.3104 -0.0095713 -0.0158173 -0.999829 0.467192 0.999883 0.0117544 -0.00975778 -0.0783233
1548808769117346304 1473 0.00808924 -0.99981 0.0177355 14.3641 -0.0121719 -0.0178332 -0.999767 0.469553 0.999893 0.00787148 -0.0123138 -0.0801034
1548808769317372416 1479 0.00341702 -0.999843 0.017361 14.4291 -0.00837934 -0.0173891 -0.999814 0.47086 0.999959 0.00327091 -0.00843745 -0.0817923
1548808769517399296 1485 -0.00317134 -0.999744 0.0223998 14.4899 -0.0102091 -0.0223664 -0.999698 0.477287 0.999943 -0.00339906 -0.0101356 -0.0797557
1548808769617412352 1488 -0.00523237 -0.999789 0.0198592 14.5239 -0.0104133 -0.019804 -0.99975 0.477023 0.999932 -0.00543786 -0.0103075 -0.0751645
1548808769717425408 1491 -0.0097647 -0.999668 0.0238341 14.5542 -0.0101052 -0.0237354 -0.999667 0.479031 0.999901 -0.0100023 -0.00987009 -0.0759813
1548808769884114176 1496 -0.0129126 -0.999616 0.0245204 14.6074 -0.0111177 -0.0243774 -0.999641 0.484027 0.999855 -0.0131806 -0.0107986 -0.0730921
1548808770084140288 1502 -0.0212676 -0.999437 0.0259516 14.6722 -0.013058 -0.0256776 -0.999585 0.487691 0.999689 -0.0215977 -0.0125045 -0.0733457
1548808770317504256 1509 -0.0245379 -0.999425 0.0234158 14.7503 -0.0141407 -0.0230735 -0.999634 0.495066 0.999599 -0.02486 -0.0135664 -0.0685222
1548808770484193280 1514 -0.0272201 -0.999379 0.0223653 14.8064 -0.0151412 -0.0219589 -0.999644 0.498685 0.999515 -0.027549 -0.0145341 -0.0650629
1548808770717557248 1521 -0.0276035 -0.9993 0.0252474 14.883 -0.0133046 -0.0248875 -0.999602 0.503527 0.99953 -0.0279284 -0.0126083 -0.0641995
1548808770917583360 1527 -0.0357687 -0.999101 0.0227745 14.9487 -0.0140003 -0.0222859 -0.999654 0.505153 0.999262 -0.0360752 -0.0131906 -0.0626225
1548808771184285184 1535 -0.0516319 -0.998378 0.0240085 15.0299 -0.0156561 -0.0232284 -0.999608 0.508402 0.998543 -0.0519875 -0.0144314 -0.0571687
1548808771317636352 1539 -0.0630398 -0.997648 0.0269007 15.0713 -0.0174597 -0.0258478 -0.999513 0.510633 0.997858 -0.0634788 -0.0157892 -0.053542
1548808771484324352 1544 -0.071054 -0.99715 0.0253514 15.1237 -0.017911 -0.0241361 -0.999548 0.51118 0.997312 -0.0714759 -0.016145 -0.0470241
