1548808721814269184 54 -0.000182422 -1 -0.00022844 0.00488133 -0.000740099 0.000228575 -1 0.000212958 1 -0.000182253 -0.00074014 0.000724761
1548808721947620352 58 0.0010372 -0.999999 0.000482784 0.00884629 -0.00109779 -0.000483923 -0.999999 0.00122948 0.999999 0.00103667 -0.00109829 0.000767567
1548808722614375424 78 0.0231065 -0.999733 0.000743264 0.0542403 -0.000493914 -0.000754879 -1 0.00176048 0.999733 0.0231061 -0.000511224 0.00306374
1548808722881076224 86 0.0456153 -0.998959 -0.000730182 0.0817544 0.00238575 0.00083988 -0.999997 0.00304309 0.998956 0.0456134 0.00242157 0.00466404
1548808723481155328 104 0.0727624 -0.997349 -0.0010389 0.148959 0.00278499 0.00124484 -0.999995 0.00241004 0.997345 0.0727591 0.00286819 0.00636053
1548808723714519296 111 0.0740038 -0.997258 -0.000274869 0.1734 0.00244279 0.000456897 -0.999997 0.00213736 0.997255 0.0740029 0.00246991 0.00515948
1548808724247923200 127 0.0739428 -0.997262 0.000908982 0.229902 0.00517247 -0.000527948 -0.999986 0.00402888 0.997249 0.0739465 0.00511927 0.00132756
1548808724647976192 139 0.0742896 -0.997237 -0.00020502 0.270816 0.00698699 0.000726082 -0.999975 0.00368582 0.997212 0.0742863 0.00702163 -0.00337585
1548808725181379328 155 0.0745046 -0.997214 0.00359721 0.330975 0.0103962 -0.00283032 -0.999942 0.00555825 0.997166 0.0745377 0.0101564 -0.0060076
1548808725648108288 169 0.074316 -0.997208 0.00727161 0.395337 0.00958755 -0.00657697 -0.999932 0.00857422 0.997189 0.0743806 0.00907201 -0.00608061
1548808725914809344 177 0.0750256 -0.997154 0.00742765 0.434883 0.00922214 -0.00675449 -0.999935 0.0101293 0.997139 0.0750892 0.00868914 -0.0119322
1548808726314862336 189 0.0672998 -0.997721 0.00480184 0.50372 0.00970772 -0.00415772 -0.999944 0.0113941 0.997686 0.0673427 0.00940578 -0.0156634
1548808726648239360 199 0.034705 -0.999398 -0.000116403 0.562769 0.00991951 0.000460932 -0.999951 0.0117199 0.999348 0.0347021 0.00992953 -0.0234016
1548808726946926336 208 0.0200879 -0.999793 -0.00319953 0.626635 0.0100238 0.00340141 -0.999944 0.0152915 0.999748 0.0200547 0.0100901 -0.0246606
1548808727213628416 216 0.0152684 -0.999873 -0.00446977 0.685896 0.0106878 0.00463324 -0.999932 0.0172389 0.999826 0.0152196 0.0107572 -0.0251962
1548808727580343296 227 0.013786 -0.9999 -0.00328003 0.764418 0.0119319 0.00344461 -0.999923 0.0187998 0.999834 0.0137458 0.0119781 -0.0284614
1548808727845550336 235 0.0128992 -0.999908 -0.00422884 0.824588 0.0117555 0.00438055 -0.999921 0.0202027 0.999848 0.0128485 0.0118109 -0.0297735
1548808728045577216 241 0.0117764 -0.999912 -0.00612631 0.872523 0.0130661 0.00628009 -0.999895 0.0222487 0.999845 0.0116951 0.0131389 -0.0297131
1548808728278941184 248 0.0110966 -0.999898 -0.00900642 0.923802 0.0142837 0.00916456 -0.999856 0.0219214 0.999836 0.0109664 0.0143839 -0.0325097
1548808728512305408 255 0.00798856 -0.999926 -0.00913306 0.977103 0.0138314 0.00924297 -0.999862 0.0187989 0.999872 0.00786113 0.0139043 -0.0286386
1548808728812344320 264 0.00868174 -0.999918 -0.00942003 1.0488 0.0126655 0.00952959 -0.999874 0.0198471 0.999882 0.00856134 0.0127472 -0.0274298
1548808729079046400 272 0.00581574 -0.999939 -0.00936652 1.11053 0.0144991 0.00945002 -0.99985 0.0197939 0.999878 0.00567906 0.0145532 -0.0234771
1548808729312410368 279 0.00410319 -0.999944 -0.00975363 1.17012 0.0144389 0.00981194 -0.999848 0.0208994 0.999887 0.00396173 0.0144784 -0.0232433
1548808729545774336 286 0.00282187 -0.99996 -0.00854307 1.22904 0.00994331 0.00857074 -0.999914 0.0243202 0.999947 0.00273669 0.00996709 -0.0194413
1548808729845814272 295 0.0028267 -0.99997 -0.00724585 1.30905 0.00823153 0.0072689 -0.99994 0.0258568 0.999962 0.00276688 0.00825183 -0.017496
1548808730112516352 303 0.00180026 -0.999985 -0.00508796 1.3838 0.00860948 0.00510328 -0.99995 0.0259246 0.999961 0.00175636 0.00861854 -0.0159623
1548808730379217408 311 0.00330153 -0.999967 -0.00739162 1.4609 0.0083972 0.00741913 -0.999937 0.0283944 0.999959 0.00323926 0.00842142 -0.0126086
1548808730645919232 319 0.00199275 -0.999994 -0.00296851 1.54385 0.00655419 0.00298151 -0.999974 0.0312053 0.999977 0.00197324 0.00656009 -0.0101408
1548808730912621312 327 -0.000318959 -0.999997 -0.00231373 1.63108 0.00673326 0.00231153 -0.999975 0.0333601 0.999977 -0.00033453 0.00673251 -0.00738632
1548808731312674304 339 0.00263788 -0.999996 -0.00119023 1.75938 0.00328436 0.00119889 -0.999994 0.0390556 0.999991 0.00263396 0.00328751 -0.00879742
1548808731446025216 343 -4.73234e-05 -0.999996 -0.00298687 1.80529 0.00513839 0.00298658 -0.999982 0.0401555 0.999987 -6.26703e-05 0.00513823 -0.00505087
1548808731812740352 354 0.000199657 -0.99999 -0.00437345 1.92526 0.00781412 0.00437487 -0.99996 0.0434235 0.999969 0.000165474 0.00781492 -0.00443195
1548808732012766208 360 0.00147745 -0.999996 -0.00236322 1.9881 0.0098108 0.0023776 -0.999949 0.0456228 0.999951 0.00145419 0.00981427 -0.00427229
1548808732146117376 364 0.00140046 -0.999998 0.00139309 2.03073 0.00698176 -0.00138328 -0.999975 0.0488284 0.999975 0.00141015 0.00697981 0.00011472
1548808732479494400 374 0.00373969 -0.99999 0.00247572 2.13596 0.00576601 -0.00245413 -0.99998 0.0539556 0.999976 0.0037539 0.00575677 0.00601998
1548808732679520256 380 0.00124207 -0.999993 0.00356679 2.20118 0.00380764 -0.00356204 -0.999986 0.0557732 0.999992 0.00125563 0.00380319 0.00747026
1548808732812871168 384 -0.000105699 -0.999984 0.00572718 2.24417 0.00794276 -0.00572784 -0.999952 0.0561944 0.999968 -6.02047e-05 0.00794324 0.0063083
1548808732946222336 388 -0.000683758 -0.999987 0.00497409 2.28739 0.00707387 -0.0049788 -0.999963 0.0580241 0.999975 -0.000648546 0.00707718 0.00741523
1548808733246262272 397 -0.00162285 -0.999977 0.00661155 2.38647 0.00331842 -0.00661691 -0.999973 0.0581356 0.999993 -0.00160087 0.00332908 0.0102685
1548808733412950272 402 -0.00437503 -0.999982 0.00417327 2.4425 0.00371854 -0.00418955 -0.999984 0.0616669 0.999984 -0.00435944 0.0037368 0.0105413
1548808733646315264 409 -0.00371536 -0.999993 0.000497668 2.52153 0.00344718 -0.000510476 -0.999994 0.0641416 0.999987 -0.00371362 0.00344905 0.0108201
1548808733746328320 412 -0.00316988 -0.999994 -0.00154425 2.55503 0.00502627 0.0015283 -0.999986 0.0634982 0.999982 -0.0031776 0.0050214 0.0105182
1548808733879679232 416 -0.00270147 -0.999986 -0.00454238 2.59659 0.00391714 0.00453178 -0.999982 0.0601972 0.999989 -0.00271921 0.00390484 0.0115834
1548808734013029376 420 -0.0031935 -0.999984 -0.00457683 2.62899 0.00502006 0.00456076 -0.999977 0.0639879 0.999982 -0.0032164 0.00500542 0.011662
1548808734246394368 427 -0.00467439 -0.999983 -0.00360903 2.67767 0.00624415 0.00357981 -0.999974 0.0660814 0.99997 -0.0046968 0.00622731 0.0146165
1548808734513095168 435 -0.00402347 -0.999973 -0.0061638 2.71302 0.00454962 0.00614548 -0.999971 0.0669958 0.999982 -0.0040514 0.00452477 0.0148805
1548808735079837184 452 -0.00690021 -0.999976 -0.000172528 2.72471 0.00568256 0.000133317 -0.999984 0.0692329 0.99996 -0.00690108 0.00568151 0.0146604
1548808735246525184 457 -0.00456032 -0.999971 -0.00614194 2.77637 0.00450996 0.00612138 -0.999971 0.0707827 0.999979 -0.00458788 0.00448191 0.0183736
1548808735446552320 463 -0.00524829 -0.99997 -0.00572198 2.8488 0.00489409 0.00569631 -0.999972 0.0708976 0.999974 -0.00527614 0.00486404 0.0182622
1548808735579903232 467 -0.00341205 -0.999985 -0.0042086 2.89275 0.00288874 0.00419875 -0.999987 0.0736411 0.99999 -0.00342416 0.00287437 0.023879
1548808735679916288 470 -0.00506146 -0.99998 -0.00372081 2.93403 0.00407033 0.00370022 -0.999985 0.0781395 0.999979 -0.00507653 0.00405152 0.023052
1548808735813267200 474 -0.0052258 -0.999985 -0.00169636 2.99031 0.00364772 0.00167731 -0.999992 0.0790134 0.99998 -0.00523194 0.0036389 0.0248699
1548808735879942400 476 -0.0025154 -0.999996 -0.000839952 3.02167 0.00601483 0.000824809 -0.999982 0.0801514 0.999979 -0.0025204 0.00601273 0.0258097
1548808735979955200 479 -0.00593261 -0.999982 -0.0002774 3.0654 0.00836364 0.000227776 -0.999965 0.0846002 0.999947 -0.00593472 0.00836214 0.0250984
1548808736046631424 481 -0.0059403 -0.999982 0.00121625 3.09416 0.00365319 -0.00123797 -0.999993 0.0877108 0.999976 -0.00593582 0.00366048 0.0258049
1548808736113306368 483 -0.00215535 -0.999955 0.00926562 3.12768 0.00629682 -0.00927903 -0.999937 0.0896705 0.999978 -0.00209687 0.00631654 0.0267299
1548808736179674368 485 -0.00540167 -0.999977 0.00401762 3.16534 0.00244848 -0.00403089 -0.999989 0.089835 0.999982 -0.00539178 0.0024702 0.0281564
1548808736246349312 487 -0.00497697 -0.999966 0.00650262 3.20552 0.00419462 -0.00652352 -0.99997 0.091138 0.999979 -0.00494955 0.00422694 0.0269242
1548808736313025280 489 -0.00582122 -0.999968 0.00556452 3.24531 0.00714481 -0.00560606 -0.999959 0.0913332 0.999958 -0.00578122 0.00717721 0.0241776
1548808736413038336 492 -0.0033544 -0.999965 0.00768971 3.30523 0.00618895 -0.00771037 -0.999951 0.0937232 0.999975 -0.00330665 0.00621459 0.0247514
1548808736579726336 497 -0.00659276 -0.999921 0.010663 3.4041 0.00510976 -0.0106967 -0.99993 0.0953437 0.999965 -0.00653781 0.00517988 0.0275308
1548808736679739392 500 -0.00821552 -0.999899 0.0115848 3.46481 0.00594872 -0.0116339 -0.999915 0.0999632 0.999949 -0.00814591 0.0060437 0.0271901
1548808736879766272 506 -0.00893105 -0.999933 0.00736756 3.58721 0.00925949 -0.00745024 -0.999929 0.109866 0.999917 -0.0088622 0.0093254 0.0281472
1548808737013117184 510 -0.00683639 -0.999962 0.00537363 3.66723 0.00840476 -0.00543103 -0.99995 0.111463 0.999941 -0.00679089 0.00844157 0.0299139
1548808737146468352 514 -0.0074941 -0.999946 0.0072401 3.74734 0.00834231 -0.00730257 -0.999939 0.115252 0.999937 -0.00743324 0.00839658 0.031244
1548808737246481408 517 -0.00684964 -0.999975 0.00188589 3.81438 0.00834265 -0.00194301 -0.999963 0.115971 0.999942 -0.00683366 0.00835575 0.0319369
1548808737313659392 519 -0.00848648 -0.99996 0.00273142 3.86482 0.00390404 -0.00276463 -0.999989 0.116252 0.999956 -0.00847572 0.00392735 0.0347657
1548808737380335360 521 -0.00778703 -0.999967 0.00218655 3.90801 -3.31177e-05 -0.00218636 -0.999998 0.118577 0.99997 -0.00778708 -1.60914e-05 0.0362363
1548808737480348416 524 -0.00609013 -0.999981 0.000434861 3.97967 -0.000997495 -0.000428794 -0.999999 0.121055 0.999981 -0.00609056 -0.000994865 0.0353298
1548808737513686272 525 -0.00666739 -0.999969 -0.00422921 4.00866 0.00460952 0.00419853 -0.999981 0.121274 0.999967 -0.00668676 0.00458138 0.0365749
1548808737647037184 529 -0.00849947 -0.999963 0.00124153 4.10876 3.6035e-05 -0.00124188 -0.999999 0.125031 0.999964 -0.00849942 4.6589e-05 0.0395843
1548808737780387328 533 -0.00519583 -0.999985 -0.001616 4.21423 -0.0027815 0.00163046 -0.999995 0.127433 0.999983 -0.00519131 -0.00278993 0.0429563
1548808737880401408 536 -0.00709679 -0.999969 -0.00330883 4.29 -0.00107372 0.00331653 -0.999994 0.131406 0.999974 -0.0070932 -0.00109723 0.0430163
1548808737947076352 538 -0.0059691 -0.999981 -0.00170786 4.33972 -0.00324212 0.00172723 -0.999993 0.131782 0.999977 -0.00596352 -0.00325237 0.0466256
1548808738047089408 541 -0.00822698 -0.999963 -0.00269695 4.41581 0.00102282 0.00268862 -0.999996 0.133587 0.999966 -0.0082297 0.00100067 0.0473091
1548808738147102208 544 -0.00720442 -0.999973 0.00168727 4.48912 0.00626501 -0.00173242 -0.999979 0.136775 0.999954 -0.0071937 0.00627732 0.0474478
1548808738247116288 547 -0.00793293 -0.999948 0.00635688 4.56024 0.00113705 -0.00636609 -0.999979 0.139312 0.999968 -0.00792553 0.00118749 0.0505746
1548808738313791232 549 -0.0061362 -0.999979 0.00210065 4.60896 0.00260199 -0.00211665 -0.999994 0.139195 0.999978 -0.0061307 0.00261492 0.052437
1548808738413804288 552 -0.00306043 -0.999982 0.00525214 4.67587 0.00147355 -0.00525667 -0.999985 0.144473 0.999994 -0.00305264 0.00148961 0.0519365
1548808738513817344 555 -0.00477715 -0.999956 0.00805563 4.74441 0.000882139 -0.00805993 -0.999967 0.146265 0.999988 -0.00476989 0.000920604 0.0519412
1548808738647168256 559 -0.00581849 -0.999945 0.0087602 4.83045 -0.00404106 -0.00873676 -0.999954 0.149187 0.999975 -0.00585362 -0.00399 0.0536702
1548808738713844224 561 -0.00567174 -0.999935 0.00986778 4.8753 -0.00256077 -0.00985338 -0.999948 0.152493 0.999981 -0.00569672 -0.00250472 0.0533685
1548808738847195392 565 -0.0128791 -0.999916 0.00107727 4.96001 -0.000705544 -0.00106827 -0.999999 0.155053 0.999917 -0.0128798 -0.000691726 0.0523337
1548808738947208192 568 -0.0112841 -0.999924 0.00492378 4.97984 0.000299044 -0.00492747 -0.999988 0.15632 0.999936 -0.0112825 0.000354623 0.0544939
1548808739347260416 580 -0.0118133 -0.999867 0.0112451 4.97834 -0.00135794 -0.0112299 -0.999936 0.155528 0.999929 -0.0118279 -0.0012251 0.0548728
1548808739580625408 587 -0.0131909 -0.999809 0.0144341 4.98936 -0.00108119 -0.0144211 -0.999895 0.15518 0.999912 -0.0132051 -0.000890755 0.0541421
1548808739780651264 593 -0.0100802 -0.999876 0.0121353 5.03732 -0.00172682 -0.0121185 -0.999925 0.157808 0.999948 -0.0101004 -0.00160445 0.0544849
1548808739947340288 598 -0.0122741 -0.999858 0.0115307 5.07487 -0.00112085 -0.0115178 -0.999933 0.159278 0.999924 -0.0122862 -0.000979321 0.0573431
1548808740214041344 606 -0.0120013 -0.999845 0.0128673 5.14166 -0.000211991 -0.0128657 -0.999917 0.161106 0.999928 -0.012003 -5.75542e-05 0.0574176
1548808740480743424 614 -0.0119583 -0.999899 0.00761644 5.21745 -0.00066516 -0.00760903 -0.999971 0.16184 0.999928 -0.0119631 -0.000574102 0.0621237
1548808740647432192 619 -0.0126698 -0.999876 0.0094018 5.27231 -0.00030624 -0.00939868 -0.999956 0.16338 0.99992 -0.0126722 -0.000187122 0.0622267
1548808740847458304 625 -0.0132306 -0.999886 0.00725262 5.34135 0.000643522 -0.00726177 -0.999973 0.165225 0.999912 -0.0132256 0.000739527 0.063545
1548808741014147328 630 -0.0105491 -0.999936 0.00402425 5.39655 0.000772187 -0.00403262 -0.999992 0.16718 0.999944 -0.0105459 0.000814678 0.063982
1548808741214173184 636 -0.0104016 -0.999945 0.00146794 5.46485 0.000583961 -0.00147409 -0.999999 0.169075 0.999946 -0.0104007 0.000599261 0.0667712
1548808741380862208 641 -0.0106686 -0.999928 -0.00547113 5.52453 0.0017715 0.00545254 -0.999984 0.166814 0.999942 -0.0106781 0.0017132 0.0686494
1548808741480875264 644 -0.0139349 -0.999893 -0.00438852 5.5589 -0.000446182 0.00439517 -0.99999 0.168069 0.999903 -0.0139328 -0.00050738 0.0707239
1548808741714239232 651 -0.0134649 -0.999879 -0.00774819 5.63605 0.00197627 0.00772227 -0.999968 0.169274 0.999907 -0.0134798 0.00187205 0.0712023
1548808741847590400 655 -0.0143172 -0.999891 -0.00347835 5.67707 -0.00130792 0.00349743 -0.999993 0.173399 0.999897 -0.0143125 -0.00135785 0.0733819
1548808742014278400 660 -0.0155932 -0.999871 -0.00389578 5.73056 0.00139031 0.00387456 -0.999992 0.175798 0.999877 -0.0155985 0.00132972 0.0757154
1548808742180464384 665 -0.0152617 -0.999877 -0.00348189 5.78379 0.00337375 0.00343078 -0.999988 0.176226 0.999878 -0.0152733 0.00332097 0.0759033
1548808742313815296 669 -0.0128128 -0.999917 -0.00145421 5.82585 0.00556469 0.001383 -0.999984 0.173425 0.999902 -0.0128207 0.00554651 0.0718215
1548808742480504320 674 -0.0139156 -0.9999 0.0025534 5.87837 0.00756585 -0.00265886 -0.999968 0.177695 0.999875 -0.0138958 0.0076021 0.0721239
1548808742680530176 680 -0.0150388 -0.999875 0.0048081 5.94119 0.00886812 -0.00494184 -0.999948 0.179675 0.999848 -0.0149953 0.00894133 0.0742711
1548808742880556288 686 -0.0155971 -0.999857 0.00647204 6.0032 0.0100244 -0.00662887 -0.999928 0.183829 0.999828 -0.0155311 0.0101264 0.0751
1548808743080583168 692 -0.01723 -0.99984 0.00479972 6.0629 0.0107673 -0.00498571 -0.99993 0.183134 0.999794 -0.0171771 0.0108515 0.0789772
1548808743247271424 697 -0.0200699 -0.999746 0.0102707 6.11433 0.0132621 -0.0105381 -0.999857 0.185706 0.999711 -0.0199308 0.0134702 0.0806833
1548808743480635392 704 -0.0207297 -0.999674 0.0148851 6.18821 0.0117985 -0.0151318 -0.999816 0.19085 0.999715 -0.0205503 0.0121083 0.0832022
1548808743713999360 711 -0.023993 -0.999496 0.0207879 6.26193 0.0108283 -0.0210525 -0.99972 0.193808 0.999653 -0.0237611 0.011328 0.0877042
1548808743980701184 719 -0.0248809 -0.999493 0.0198446 6.35122 0.011186 -0.0201279 -0.999735 0.196257 0.999628 -0.0246523 0.0116812 0.0954118
1548808744147390208 724 -0.0245537 -0.999479 0.0209672 6.40943 0.00832376 -0.0211772 -0.999741 0.198836 0.999664 -0.0243728 0.0088394 0.100187
1548808744280741376 728 -0.0246421 -0.999531 0.0181772 6.4524 0.00667667 -0.0183469 -0.999809 0.201945 0.999674 -0.024516 0.00712564 0.102224
1548808744480767232 734 -0.0245406 -0.999498 0.0200373 6.51576 0.00524492 -0.0201718 -0.999783 0.203816 0.999685 -0.0244302 0.00573731 0.106263
1548808744647456256 739 -0.0237994 -0.999559 0.0177339 6.57585 0.00570766 -0.0178745 -0.999824 0.206385 0.9997 -0.023694 0.00613055 0.10577
1548808744914158336 747 -0.0214086 -0.999613 0.0177897 6.66299 0.00292703 -0.0178564 -0.999836 0.210361 0.999767 -0.021353 0.00330818 0.112571
1548808745080846336 752 -0.023504 -0.999517 0.0203083 6.71082 0.000989505 -0.0203371 -0.999793 0.215799 0.999723 -0.0234791 0.00146703 0.120894
1548808745280873216 758 -0.0243791 -0.999531 0.0185359 6.77541 0.000806669 -0.018561 -0.999827 0.218677 0.999702 -0.02436 0.00125879 0.124157
1548808745447561216 763 -0.0236012 -0.999512 0.0204854 6.82384 -0.000429311 -0.020481 -0.99979 0.217251 0.999721 -0.023605 5.4274e-05 0.13165
1548808745647588352 769 -0.0225412 -0.999588 0.0177828 6.89275 -0.00268214 -0.0177268 -0.999839 0.22299 0.999742 -0.0225853 -0.00228145 0.135274
1548808745847614208 775 -0.0229289 -0.999629 0.0146775 6.95975 -0.00159479 -0.0146448 -0.999891 0.225199 0.999736 -0.0229498 -0.00125841 0.135676
1548808746047640320 781 -0.0207618 -0.999674 0.0148359 7.02544 -0.00168895 -0.014804 -0.999889 0.225177 0.999783 -0.0207845 -0.00138104 0.132819
1548808746314342400 789 -0.022455 -0.999663 0.0129876 7.11185 -0.00258881 -0.0129327 -0.999913 0.227081 0.999745 -0.0224867 -0.00229754 0.135456
1548808746547706368 796 -0.0220788 -0.999694 0.0111196 7.18882 -0.00292131 -0.0110578 -0.999935 0.233974 0.999752 -0.0221099 -0.00267627 0.133221
1548808746881083392 806 -0.0219304 -0.999734 0.00716195 7.30155 -0.00258762 -0.00710689 -0.999971 0.24095 0.999756 -0.0219483 -0.00243107 0.13296
1548808747047772416 811 -0.0212004 -0.999695 0.0126305 7.35699 -0.00674326 -0.0124901 -0.999899 0.246866 0.999753 -0.0212834 -0.00647642 0.13269
1548808747214461184 816 -0.0233994 -0.999634 0.0135836 7.40945 -0.00629364 -0.0134398 -0.99989 0.249398 0.999706 -0.0234823 -0.00597685 0.138477
1548808747314474240 819 -0.0231465 -0.999652 0.0126468 7.44253 -0.00690265 -0.0124901 -0.999898 0.25109 0.999708 -0.0232314 -0.00661115 0.138373
1548808747547838208 826 -0.0250214 -0.999634 0.0102437 7.51797 -0.00604778 -0.0100954 -0.999931 0.24966 0.999669 -0.0250816 -0.00579297 0.140248
1548808747747864320 832 -0.0253996 -0.999606 0.0119416 7.58115 -0.00596115 -0.0117938 -0.999913 0.250874 0.99966 -0.0254686 -0.00565925 0.143249
1548808747981228288 839 -0.0259886 -0.999549 0.0150778 7.65351 -0.00568079 -0.014935 -0.999872 0.254136 0.999646 -0.026071 -0.00529009 0.144332
1548808748114579200 843 -0.0258498 -0.999536 0.0161349 7.69342 -0.00434341 -0.0160279 -0.999862 0.256948 0.999656 -0.0259163 -0.00392708 0.145328
1548808748347943424 850 -0.0295996 -0.999375 0.0193137 7.76686 -0.00132573 -0.0192829 -0.999813 0.259564 0.999561 -0.0296197 -0.000754133 0.148514
1548808748447956224 853 -0.0287703 -0.99945 0.0165004 7.79588 0.000248296 -0.0165144 -0.999864 0.25959 0.999586 -0.0287623 0.000723284 0.151213
1548808748614645248 858 -0.0283056 -0.999381 0.0208898 7.84829 -0.000233648 -0.0208915 -0.999782 0.262014 0.999599 -0.0283043 0.000357845 0.154695
1548808748781334272 863 -0.0268444 -0.999353 0.023953 7.90104 -0.00124623 -0.0239281 -0.999713 0.266369 0.999639 -0.0268666 -0.000603087 0.154337
1548808748981360384 869 -0.0265659 -0.999333 0.0250369 7.96654 -0.000689312 -0.0250274 -0.999687 0.266919 0.999647 -0.0265748 -2.39771e-05 0.157079
1548808749114711296 873 -0.0287156 -0.999388 0.0199512 8.01296 -0.00201058 -0.0199016 -0.9998 0.268099 0.999586 -0.0287499 -0.00143786 0.159852
1548808749448088320 883 -0.0305746 -0.999371 0.0179832 8.11863 -0.0065198 -0.0177918 -0.99982 0.272918 0.999511 -0.0306863 -0.00597172 0.169188
1548808749548101376 886 -0.0290103 -0.999424 0.017634 8.15117 -0.00477956 -0.0175026 -0.999835 0.275315 0.999568 -0.0290898 -0.00426906 0.171739
1548808749614777344 888 -0.0281075 -0.999454 0.0173972 8.1752 -0.00666662 -0.0172162 -0.99983 0.272775 0.999583 -0.0282186 -0.00617907 0.171091
1548808749681452288 890 -0.0290014 -0.999496 0.0128976 8.19792 -0.00529034 -0.0127494 -0.999905 0.274327 0.999565 -0.0290669 -0.00491792 0.172115
1548808749848141312 895 -0.0312097 -0.999417 0.0138249 8.25127 -0.0055651 -0.0136577 -0.999891 0.278055 0.999497 -0.0312833 -0.00513561 0.174693
1548808750014829312 900 -0.0306566 -0.99943 0.0141097 8.30454 -0.00562824 -0.0139435 -0.999887 0.280136 0.999514 -0.0307326 -0.00519758 0.178891
1548808750148180224 904 -0.0305878 -0.999426 0.0145864 8.34505 -0.00520169 -0.0144339 -0.999882 0.283491 0.999519 -0.0306601 -0.0047572 0.18493
1548808750281531392 908 -0.0296017 -0.999483 0.0125387 8.38709 -0.00448326 -0.0124113 -0.999913 0.285873 0.999552 -0.0296553 -0.00411354 0.187291
1548808750414882304 912 -0.0273783 -0.99953 0.0137577 8.42988 -0.00334098 -0.0136712 -0.999901 0.288238 0.99962 -0.0274216 -0.00296512 0.187837
1548808750581571328 917 -0.0266288 -0.999538 0.0146688 8.48271 -0.0022806 -0.0146132 -0.999891 0.289854 0.999643 -0.0266594 -0.00189041 0.188079
1548808750681584384 920 -0.0248108 -0.999568 0.0157321 8.5167 -0.00220862 -0.0156821 -0.999875 0.29015 0.99969 -0.0248424 -0.00181858 0.189386
1548808750781597184 923 -0.0221088 -0.999648 0.0146416 8.54877 -0.00186913 -0.0146038 -0.999892 0.290209 0.999754 -0.0221338 -0.00154559 0.187813
1548808750881610240 926 -0.0231002 -0.999624 0.0147827 8.58127 -0.00125 -0.0147578 -0.99989 0.292159 0.999732 -0.0231161 -0.00090862 0.190322
1548808750981624320 929 -0.0193057 -0.999687 0.0159249 8.61266 -0.000216157 -0.0159237 -0.999873 0.293431 0.999814 -0.0193067 9.13302e-05 0.191929
1548808751148312320 934 -0.0197849 -0.999627 0.0188415 8.66544 0.00184761 -0.0188817 -0.99982 0.293384 0.999803 -0.0197465 0.00222049 0.191192
1548808751315001344 939 -0.0180304 -0.999574 0.0229483 8.71704 -0.00128657 -0.0229288 -0.999736 0.295617 0.999837 -0.0180551 -0.000872608 0.196871
1548808751581703168 947 -0.014135 -0.999747 0.017489 8.80639 -0.00300053 -0.0174483 -0.999843 0.297322 0.999896 -0.0141853 -0.00275314 0.199936
1548808751781729280 953 -0.0144819 -0.999784 0.0148851 8.87556 -0.00271995 -0.0148472 -0.999886 0.299104 0.999891 -0.0145207 -0.00250435 0.200619
1548808751981755392 959 -0.0135105 -0.999821 0.0132733 8.94192 -0.00237915 -0.0132423 -0.999909 0.304524 0.999906 -0.0135409 -0.00219981 0.202488
1548808752181782272 965 -0.0113786 -0.999873 0.0111827 9.0048 -0.00305213 -0.0111486 -0.999933 0.310146 0.999931 -0.0114119 -0.00292489 0.203108
1548808752348470272 970 -0.0105665 -0.999878 0.0115098 9.05582 -0.0002607 -0.0115077 -0.999934 0.314257 0.999944 -0.0105688 -0.000139072 0.203023
1548808752448483328 973 -0.00991396 -0.999887 0.0113395 9.08718 -0.000389212 -0.0113362 -0.999936 0.314181 0.999951 -0.00991774 -0.000276782 0.19993
1548808752548497408 976 -0.0080354 -0.999909 0.0108676 9.1199 0.00138946 -0.0108791 -0.99994 0.316759 0.999967 -0.00801982 0.00147675 0.200842
1548808752748523264 982 -0.00658028 -0.999922 0.0106518 9.18198 0.000529098 -0.0106555 -0.999943 0.319623 0.999978 -0.00657427 0.000599173 0.203325
1548808753015225344 990 -0.00256063 -0.999924 0.0120536 9.26361 -0.0016286 -0.0120495 -0.999926 0.322205 0.999995 -0.00258007 -0.00159762 0.20636
1548808753215251200 996 -0.00112908 -0.999914 0.0130705 9.32658 0.000968455 -0.0130716 -0.999914 0.325365 0.999999 -0.00111632 0.00098313 0.206239
1548808753381940224 1001 -0.00151452 -0.99992 0.0125933 9.38061 0.000873386 -0.0125946 -0.99992 0.325137 0.999998 -0.0015034 0.000892391 0.207347
1548808753581966336 1007 0.00064111 -0.999877 0.0156667 9.43884 0.00256677 -0.015665 -0.999874 0.329766 0.999997 0.000681242 0.00255641 0.202934
1548808753748655360 1012 0.00423819 -0.999888 0.0143811 9.4913 0.00592666 -0.0143559 -0.999879 0.334093 0.999973 0.00432292 0.00586515 0.200551
1548808753915343360 1017 0.00866896 -0.999836 0.0158914 9.54157 0.00476947 -0.0158504 -0.999863 0.336691 0.999951 0.00874357 0.00463128 0.199528
1548808754015356416 1020 0.00988281 -0.999821 0.0161126 9.57061 0.00437093 -0.01607 -0.999861 0.336779 0.999942 0.00995187 0.00421133 0.200986
1548808754248721408 1027 0.0238411 -0.999554 0.0179724 9.64505 0.0042834 -0.0178753 -0.999831 0.339142 0.999707 0.0239141 0.00385533 0.202598
1548808754315396352 1029 0.0336535 -0.999256 0.0188319 9.66543 0.0031827 -0.0187353 -0.999819 0.339822 0.999428 0.0337074 0.00254982 0.203695
1548808754448747264 1033 0.0497633 -0.998577 0.0191716 9.70552 0.00347129 -0.0190223 -0.999813 0.339994 0.998755 0.0498205 0.00251973 0.203725
1548808754648773376 1039 0.0515 -0.998465 0.020357 9.76659 0.00444442 -0.0201547 -0.999787 0.342371 0.998663 0.0515796 0.00339963 0.200723
1548808754848800256 1045 0.0510201 -0.998527 0.0184394 9.82678 0.00366453 -0.0182762 -0.999826 0.347053 0.998691 0.0510788 0.00272668 0.198705
1548808754982151168 1049 0.0488305 -0.998645 0.0180137 9.86506 0.00216773 -0.0179292 -0.999837 0.350792 0.998805 0.0488616 0.0012893 0.198134
1548808755148839424 1054 0.0422224 -0.998906 0.0201154 9.91812 0.00155908 -0.0200674 -0.999797 0.353424 0.999107 0.0422452 0.00071008 0.194876
1548808755215515392 1056 0.0388541 -0.999069 0.0187475 9.94139 0.00100495 -0.0187226 -0.999824 0.357149 0.999244 0.0388661 0.000276567 0.193795
1548808755315528192 1059 0.0269522 -0.999401 0.0217239 9.97066 0.000488883 -0.0217186 -0.999764 0.357889 0.999637 0.0269564 -9.67752e-05 0.192261
1548808755348865280 1060 0.0238565 -0.999534 0.0190516 9.98214 0.000334798 -0.019049 -0.999818 0.358725 0.999715 0.0238585 -0.000119801 0.191962
1548808755448879360 1063 0.0113654 -0.999792 0.0169564 10.0144 -0.00248172 -0.0169857 -0.999853 0.357457 0.999932 0.0113216 -0.00267425 0.198005
1548808755515554304 1065 0.000985082 -0.999902 0.0139727 10.0368 -0.00208889 -0.0139747 -0.9999 0.358344 0.999997 0.000955796 -0.00210245 0.199037
1548808755582230272 1067 -0.0108174 -0.999797 0.0169994 10.0578 -0.00447259 -0.0169518 -0.999846 0.358414 0.999931 -0.0108918 -0.00428831 0.19895
1548808755682243328 1070 -0.0216173 -0.999688 0.012522 10.0923 -0.00323687 -0.0124549 -0.999917 0.359316 0.999761 -0.0216561 -0.00296662 0.199037
1548808755782256384 1073 -0.0241064 -0.999599 0.0148364 10.1256 -0.00385046 -0.0147478 -0.999884 0.36029 0.999702 -0.0241608 -0.0034934 0.198708
1548808755915607296 1077 -0.0222607 -0.99964 0.0149607 10.1654 -0.00444349 -0.0148653 -0.99988 0.362918 0.999742 -0.0223245 -0.00411098 0.200692
1548808756115633408 1083 -0.018055 -0.999693 0.0169815 10.227 -0.00464858 -0.0169001 -0.999846 0.366393 0.999826 -0.0181312 -0.00434202 0.204152
1548808756315660288 1089 -0.00869536 -0.9999 0.0111912 10.2874 -0.000997638 -0.0111829 -0.999937 0.369528 0.999962 -0.00870598 -0.000900299 0.204548
1548808756449010176 1093 0.000256026 -0.999865 0.0164548 10.3267 -1.40931e-05 -0.0164549 -0.999865 0.371264 1 0.000255759 -1.8304e-05 0.20728
1548808756682374400 1100 0.01755 -0.999726 0.0154781 10.3962 -0.000608598 -0.0154912 -0.99988 0.375225 0.999846 0.0175384 -0.000880301 0.211582
1548808756882401280 1106 0.0353665 -0.999246 0.0160472 10.4589 -0.00254437 -0.0161472 -0.999866 0.377914 0.999371 0.035321 -0.00311352 0.208329
1548808757015752192 1110 0.0433113 -0.998957 0.0144671 10.4977 -0.00301229 -0.0146112 -0.999889 0.379336 0.999057 0.0432629 -0.00364198 0.20576
1548808757215778304 1116 0.0563458 -0.998318 0.013631 10.559 -0.000544247 -0.0136834 -0.999906 0.383171 0.998411 0.0563331 -0.00131433 0.207272
1548808757349129216 1120 0.0647431 -0.997802 0.0141438 10.5987 -0.00211179 -0.0143105 -0.999895 0.384902 0.9979 0.0647065 -0.00303365 0.20538
1548808757549155328 1126 0.0643022 -0.997864 0.0115214 10.6603 -0.00235624 -0.011697 -0.999929 0.386742 0.997928 0.0642705 -0.00310335 0.204232
1548808757715844352 1131 0.0635041 -0.997944 0.00871225 10.7101 -0.00144007 -0.00882149 -0.99996 0.388881 0.997981 0.063489 -0.0019973 0.202396
1548808757915870208 1137 0.0619742 -0.99803 0.00975909 10.7691 -8.68379e-05 -0.00978328 -0.999952 0.391091 0.998078 0.0619704 -0.000692978 0.199973
1548808758049221376 1141 0.0595132 -0.998179 0.0098689 10.809 -0.00038354 -0.00990929 -0.999951 0.390357 0.998227 0.0595065 -0.000972575 0.197324
1548808758215910400 1146 0.0543932 -0.99848 0.00891877 10.8594 0.000853185 -0.00888551 -0.99996 0.393419 0.998519 0.0543986 0.000368577 0.193022
1548808758349261312 1150 0.0503838 -0.998697 0.00811316 10.8971 0.000369798 -0.00810483 -0.999967 0.398077 0.99873 0.0503851 -3.90359e-05 0.189758
1548808758482612224 1154 0.0435401 -0.998987 0.0113679 10.9367 0.000767443 -0.0113453 -0.999935 0.400218 0.999051 0.043546 0.000272692 0.189388
1548808758682638336 1160 0.0347646 -0.999338 0.0107597 10.9963 0.00300802 -0.0106615 -0.999939 0.40312 0.999391 0.0347948 0.00263538 0.186481
1548808758815989248 1164 0.0281781 -0.999584 0.00611383 11.0365 0.00667055 -0.00592809 -0.99996 0.403477 0.999581 0.0282178 0.00650073 0.184734
1548808759049353216 1171 0.017969 -0.999778 0.0110114 11.1077 0.00827052 -0.0108641 -0.999907 0.406353 0.999804 0.0180584 0.00807346 0.182511
1548808759182704384 1175 0.0157382 -0.99976 0.0152669 11.1472 0.00668704 -0.0151632 -0.999863 0.405795 0.999854 0.0158382 0.00644679 0.180255
1548808759282717184 1178 0.0139318 -0.999759 0.0169421 11.1793 0.00398312 -0.0168881 -0.999849 0.408208 0.999895 0.0139972 0.00374688 0.180544
1548808759382730240 1181 0.0137988 -0.999688 0.0208376 11.209 0.0053871 -0.0207649 -0.99977 0.408977 0.99989 0.0139079 0.00509889 0.180727
1548808759482743296 1184 0.0131559 -0.999727 0.0193283 11.2401 0.00457203 -0.0192696 -0.999804 0.411952 0.999903 0.0132417 0.00431727 0.181112
1548808759682770176 1190 0.0142944 -0.999688 0.020476 11.3031 0.00336271 -0.0204299 -0.999786 0.414958 0.999892 0.0143602 0.00306963 0.176967
1548808759749445376 1192 0.0136952 -0.999662 0.022115 11.3231 0.00433828 -0.0220574 -0.999747 0.415779 0.999897 0.0137877 0.00403473 0.176712
1548808759882796288 1196 0.0132091 -0.999716 0.0198452 11.3648 0.00485633 -0.0197826 -0.999793 0.41697 0.999901 0.0133027 0.00459364 0.176792
1548808759949472256 1198 0.0115718 -0.999651 0.0237293 11.3873 0.00517026 -0.0236707 -0.999706 0.418899 0.99992 0.0116911 0.00489454 0.17521
1548808760049485312 1201 0.0124902 -0.999626 0.0243255 11.4201 0.00272292 -0.0242933 -0.999701 0.421771 0.999918 0.0125527 0.00241848 0.176462
1548808760149498368 1204 0.0112475 -0.999685 0.0224159 11.4523 0.00438579 -0.0223678 -0.99974 0.423233 0.999927 0.0113428 0.00413283 0.173731
1548808760316187392 1209 0.0101571 -0.999648 0.0244893 11.5044 0.00538842 -0.0244355 -0.999687 0.426868 0.999934 0.0102858 0.00513833 0.173274
1548808760449537280 1213 0.0109936 -0.999703 0.0217414 11.5477 0.00329202 -0.0217064 -0.999759 0.427156 0.999934 0.0110625 0.00305241 0.173888
1548808760649564416 1219 0.0114646 -0.999725 0.0204621 11.6125 0.0032883 -0.0204256 -0.999786 0.433161 0.999929 0.0115295 0.00305323 0.171622
1548808760816252416 1224 0.0124164 -0.9997 0.0211009 11.665 0.00304907 -0.0210646 -0.999773 0.433821 0.999918 0.012478 0.0027866 0.169058
1548808761016279296 1230 0.0123163 -0.99972 0.0201877 11.7278 0.00523413 -0.0201245 -0.999784 0.435296 0.99991 0.0124193 0.00498481 0.16543
1548808761282981376 1238 0.0098278 -0.99973 0.0210571 11.8093 0.00662639 -0.0209926 -0.999758 0.439303 0.99993 0.00996495 0.00641829 0.168162
1548808761416331264 1242 0.00986427 -0.999598 0.0265688 11.8505 0.0070148 -0.0265002 -0.999624 0.442038 0.999927 0.0100469 0.00675058 0.165646
1548808761683033344 1250 0.0127426 -0.999634 0.0238456 11.9387 0.00791786 -0.0237459 -0.999687 0.447023 0.999887 0.0129274 0.00761238 0.158927
1548808761883060224 1256 0.0113557 -0.999583 0.0265663 12.0015 0.0064887 -0.0264938 -0.999628 0.449058 0.999914 0.0115239 0.00618514 0.162098
1548808762049748224 1261 0.0132426 -0.999587 0.0254851 12.0579 0.0073739 -0.0253891 -0.99965 0.454342 0.999885 0.0134259 0.00703464 0.159457
1548808762249775360 1267 0.0116279 -0.999641 0.0241391 12.1208 0.0086919 -0.0240388 -0.999673 0.45875 0.999895 0.011834 0.00840925 0.159666
1548808762449801216 1273 0.0124737 -0.999645 0.0235238 12.1858 0.00823221 -0.0234221 -0.999692 0.465951 0.999888 0.0126635 0.00793713 0.157876
1548808762716503296 1281 0.0112086 -0.99974 0.0198391 12.2694 0.00927159 -0.0197356 -0.999762 0.472729 0.999894 0.0113899 0.00904797 0.160918
1548808762849854208 1285 0.0112375 -0.999749 0.019385 12.3122 0.00676016 -0.0193099 -0.999791 0.47438 0.999914 0.0113662 0.00654147 0.161355
1548808762949867264 1288 0.010568 -0.999784 0.0178868 12.3459 0.00775479 -0.0178054 -0.999811 0.47584 0.999914 0.0107047 0.00756495 0.160004
1548808763149893376 1294 0.00935255 -0.999802 0.0175453 12.4096 0.0056756 -0.0174927 -0.999831 0.47595 0.99994 0.00945055 0.00551087 0.160998
1548808763383257344 1301 0.0101366 -0.99971 0.0218521 12.4832 0.00555079 -0.0217966 -0.999747 0.481612 0.999933 0.0102553 0.00532824 0.158831
1548808763583284224 1307 0.00934836 -0.999773 0.0191602 12.5468 0.00899634 -0.0190762 -0.999778 0.484188 0.999916 0.00951865 0.00881596 0.156684
1548808763783310336 1313 0.0082713 -0.999782 0.0191535 12.61 0.0101632 -0.0190692 -0.999767 0.485734 0.999914 0.00846403 0.0100033 0.160362
1548808764016674304 1320 0.00805424 -0.999812 0.0176447 12.6882 0.0138368 -0.0175321 -0.999751 0.487052 0.999872 0.00829637 0.013693 0.161952
1548808764316714240 1329 0.0081121 -0.99982 0.0171293 12.7901 0.0116122 -0.0170346 -0.999787 0.491221 0.9999 0.00830928 0.011472 0.161114
1548808764483402240 1334 0.00741426 -0.999756 0.0208183 12.8414 0.0102421 -0.0207418 -0.999732 0.492245 0.99992 0.0076255 0.0100858 0.166072
1548808764750104320 1342 0.0087157 -0.999721 0.0219672 12.9315 0.00839701 -0.021894 -0.999725 0.497059 0.999927 0.00889776 0.00820384 0.168483
1548808765016806400 1350 0.00604352 -0.99982 0.0179965 13.0206 0.00986008 -0.0179364 -0.999791 0.500565 0.999933 0.0062197 0.00974991 0.167222
1548808765216832256 1356 0.00644491 -0.999824 0.0175984 13.0864 0.00828047 -0.0175448 -0.999812 0.503455 0.999945 0.00658942 0.00816594 0.167837
1548808765450196224 1363 0.0101572 -0.999811 0.0165742 13.1602 0.00827238 -0.0164904 -0.99983 0.503486 0.999914 0.0102926 0.00810332 0.166954
1548808765650223360 1369 0.00812483 -0.999725 0.0219993 13.2198 0.00811329 -0.0219334 -0.999727 0.506076 0.999934 0.00830109 0.00793286 0.169742
1548808765916924416 1377 0.00631467 -0.999767 0.0206416 13.3038 0.00900105 -0.0205844 -0.999748 0.510162 0.99994 0.00649887 0.00886897 0.171131
1548808766183626240 1385 0.00743006 -0.999766 0.0203288 13.389 0.00992963 -0.0202546 -0.999746 0.511572 0.999923 0.00763002 0.00977681 0.174765
1548808766350315264 1390 0.00663828 -0.999741 0.0217573 13.4421 0.00843897 -0.021701 -0.999729 0.516521 0.999942 0.00682009 0.00829273 0.17663
1548808766450328320 1393 0.00684246 -0.999791 0.019252 13.476 0.00878862 -0.0191916 -0.999777 0.514982 0.999938 0.00701013 0.00865547 0.174414
1548808766683692288 1400 0.00594702 -0.999678 0.0246565 13.5516 0.0106203 -0.0245924 -0.999641 0.51942 0.999926 0.00620674 0.0104706 0.170523
1548808766917056256 1407 0.00818124 -0.999704 0.0229006 13.6259 0.0086691 -0.0228296 -0.999702 0.523559 0.999929 0.00837733 0.00847976 0.170822
1548808767050407424 1411 0.00845789 -0.999605 0.0268153 13.6707 0.00666631 -0.0267593 -0.99962 0.525541 0.999942 0.00863343 0.00643735 0.170383
1548808767217096192 1416 0.00859338 -0.999742 0.0210175 13.7256 0.00864387 -0.0209432 -0.999743 0.529114 0.999926 0.00877285 0.00846167 0.169404
1548808767383784192 1421 0.00731282 -0.999771 0.0201217 13.7797 0.0100523 -0.0200477 -0.999748 0.53054 0.999923 0.00751325 0.00990335 0.168678
1548808767550473216 1426 0.00743674 -0.999784 0.0194214 13.8347 0.0097281 -0.0193487 -0.999765 0.532903 0.999925 0.00762393 0.00958211 0.168488
1548808767617148416 1428 0.006827 -0.999731 0.0221709 13.8558 0.00575695 -0.0221317 -0.999738 0.533841 0.99996 0.00695285 0.00560431 0.170013
1548808767683824384 1430 0.00841975 -0.999766 0.0199342 13.8757 0.0062931 -0.0198816 -0.999783 0.534973 0.999945 0.00854337 0.00612423 0.16921
1548808767817175296 1434 0.00504592 -0.999791 0.0198332 13.9148 0.00337478 -0.0198163 -0.999798 0.536731 0.999982 0.00511183 0.00327408 0.174025
1548808768017201408 1440 0.00440534 -0.999798 0.0195923 13.9783 0.00311019 -0.0195787 -0.999803 0.540105 0.999985 0.00446541 0.00302332 0.17397
1548808768150552320 1444 0.0032248 -0.999793 0.0200959 14.0196 0.00394962 -0.0200831 -0.999791 0.542916 0.999987 0.00330349 0.00388403 0.176743
1548808768350578176 1450 0.00300483 -0.999797 0.0199013 14.0824 0.00348358 -0.0198908 -0.999796 0.545611 0.999989 0.00307355 0.0034231 0.173387
1548808768483929344 1454 0.00129021 -0.999854 0.0170244 14.1246 0.00549158 -0.0170171 -0.99984 0.54869 0.999984 0.00138349 0.00546882 0.175303
1548808768717293312 1461 -0.00273006 -0.999777 0.0209623 14.2 0.00497519 -0.0209757 -0.999768 0.553561 0.999984 -0.00262514 0.00503135 0.17544
1548808768883982336 1466 -0.00485378 -0.999787 0.0200552 14.2501 0.00376645 -0.0200736 -0.999791 0.553205 0.999981 -0.00477724 0.00386308 0.176738
1548808768983995392 1469 -0.0079125 -0.99966 0.0248436 14.2791 0.00313028 -0.0248691 -0.999686 0.557702 0.999964 -0.00783225 0.003326 0.180253
1548808769217359360 1476 -0.0123123 -0.999705 0.0209473 14.3536 0.00341119 -0.0209907 -0.999774 0.56128 0.999918 -0.0122381 0.00366863 0.17875
1548808769417385216 1482 -0.0175272 -0.999625 0.0210453 14.4174 0.00550143 -0.0211447 -0.999761 0.564328 0.999831 -0.0174072 0.00586998 0.181578
1548808769617412352 1488 -0.0226612 -0.999402 0.0261214 14.4838 0.00329891 -0.0262027 -0.999651 0.571463 0.999738 -0.0225671 0.00389072 0.183171
1548808769850776320 1495 -0.0298255 -0.999221 0.0258393 14.5566 0.00215515 -0.025915 -0.999662 0.573807 0.999553 -0.0297598 0.0029264 0.186889
1548808770084140288 1502 -0.0402633 -0.998768 0.0289976 14.6325 -0.000854396 -0.0289867 -0.999579 0.574336 0.999189 -0.0402711 0.000313756 0.190901
1548808770317504256 1509 -0.043411 -0.99871 0.0263483 14.7067 -0.00256322 -0.0262617 -0.999652 0.580757 0.999054 -0.0434634 -0.00141986 0.19637
1548808770484193280 1514 -0.0451773 -0.998646 0.0257831 14.7629 -0.0031468 -0.0256671 -0.999666 0.585625 0.998974 -0.0452434 -0.00198297 0.199399
1548808770750894336 1522 -0.0481601 -0.998529 0.0248998 14.8459 -0.000962654 -0.0248823 -0.99969 0.58894 0.998839 -0.0481691 0.000237095 0.204466
1548808770917583360 1527 -0.0553856 -0.998124 0.0260906 14.8991 -0.0020753 -0.0260156 -0.999659 0.591448 0.998463 -0.0554209 -0.000630525 0.208859
1548808771184285184 1535 -0.0700576 -0.997158 0.0277273 14.9802 -0.00382974 -0.0275265 -0.999614 0.595907 0.997536 -0.0701368 -0.00189041 0.212392
1548808771284298240 1538 -0.0799227 -0.996367 0.0294015 15.0105 -0.00611835 -0.029005 -0.999561 0.59966 0.996782 -0.0800674 -0.00377797 0.217291
1548808771551000320 1546 -0.0880809 -0.99566 0.0300466 15.0966 -0.00789532 -0.0294651 -0.999535 0.605115 0.996082 -0.0882771 -0.00526575 0.225
1548808771651013376 1549 -0.0867702 -0.995695 0.0326083 15.126 -0.00660306 -0.0321562 -0.999461 0.607985 0.996206 -0.0869388 -0.00378443 0.225494
1548808771784364288 1553 -0.0825048 -0.99605 0.0328194 15.1659 -0.00687072 -0.0323624 -0.999453 0.608564 0.996567 -0.0826851 -0.00417352 0.224536
1548808771984390400 1559 -0.0542446 -0.99799 0.032764 15.2325 -0.00227876 -0.0326885 -0.999463 0.611142 0.998525 -0.0542901 -0.000501007 0.232719
1548808772017728256 1560 -0.0436535 -0.998595 0.0300428 15.2441 -0.00147856 -0.0300069 -0.999549 0.611902 0.999046 -0.0436783 -0.000166579 0.2368
