1548808721714256384 51 -0.000777304 -1 2.45957e-05 0.00172039 -0.000275186 -2.43818e-05 -1 -0.00148657 1 -0.000777311 -0.000275166 0.000277749
1548808721880945408 56 0.00103264 -0.999999 -0.000928118 0.0080472 -0.000480436 0.000927622 -0.999999 -0.00102375 0.999999 0.00103309 -0.000479477 -0.000884162
1548808722481024256 74 0.0149688 -0.999888 8.86327e-05 0.0429286 0.00025458 -8.48315e-05 -1 0.001161 0.999888 0.0149688 0.000253282 0.00168949
1548808722647712256 79 0.0246239 -0.999697 0.000135751 0.0558452 -0.000452837 -0.000146946 -1 0.00126675 0.999697 0.0246239 -0.000456318 0.00503402
1548808723047765248 91 0.0612236 -0.998122 -0.00184913 0.10141 0.00234778 0.00199661 -0.999995 0.00212669 0.998121 0.061219 0.00246561 0.00731492
1548808723581169408 107 0.0737793 -0.997274 -0.000488975 0.161299 0.0025244 0.000677067 -0.999997 0.00545121 0.997271 0.0737778 0.00256748 0.00392887
1548808724114572288 123 0.0741976 -0.997243 0.00071083 0.215444 0.00372525 -0.00043562 -0.999993 0.00533108 0.997237 0.0741998 0.00368266 0.000559322
1548808724414612224 132 0.0738778 -0.997267 0.00100124 0.245826 0.00579758 -0.00057448 -0.999983 0.00552816 0.99725 0.0738824 0.0057393 -0.000918992
1548808724848002304 145 0.0755741 -0.997136 0.00274847 0.289875 0.00770319 -0.00217244 -0.999968 0.00640143 0.99711 0.0755929 0.00751696 -0.00544667
1548808725314730240 159 0.0766655 -0.99704 0.00582476 0.345911 0.00911896 -0.00514055 -0.999945 0.00783426 0.997015 0.0767144 0.00869786 -0.00789062
1548808725681445376 170 0.0767935 -0.997015 0.00795365 0.395222 0.00937904 -0.00725449 -0.99993 0.00921794 0.997003 0.0768627 0.00879395 -0.0115111
1548808725981485312 179 0.0770245 -0.997003 0.00722226 0.437655 0.00890238 -0.00655576 -0.999939 0.00869173 0.996989 0.0770841 0.00837074 -0.0149963
1548808726248187392 187 0.0733731 -0.997285 0.00630927 0.483615 0.00956205 -0.00562255 -0.999938 0.0116236 0.997259 0.0734289 0.00912354 -0.0174897
1548808726348200192 190 0.0662803 -0.99779 0.00464133 0.501123 0.00943297 -0.00402476 -0.999947 0.0103266 0.997756 0.0663206 0.00914536 -0.0170656
1548808726681577216 200 0.0295693 -0.999563 3.40953e-05 0.558137 0.00810853 0.00020576 -0.999967 0.0115302 0.99953 0.0295686 0.00811107 -0.0213282
1548808726846913280 205 0.0218015 -0.999762 -0.000623707 0.59159 0.00783455 0.000794682 -0.999969 0.0126347 0.999732 0.0217959 0.00785001 -0.0255326
1548808727180290304 215 0.0170763 -0.999833 -0.00648934 0.666498 0.00962986 0.00665445 -0.999931 0.0131796 0.999808 0.0170126 0.00974189 -0.0252543
1548808727413654272 222 0.015886 -0.999868 -0.00354007 0.716687 0.0102608 0.00370335 -0.99994 0.0171724 0.999821 0.0158487 0.0103183 -0.0279431
1548808727845550336 235 0.0134432 -0.999901 -0.00423668 0.812007 0.0112167 0.0043876 -0.999927 0.0193015 0.999847 0.0133947 0.0112746 -0.0303187
1548808728078914304 242 0.0152192 -0.999847 -0.00860874 0.866266 0.0103587 0.00876694 -0.999908 0.0195538 0.999831 0.0151286 0.0104906 -0.0325572
1548808728412292352 252 0.0129053 -0.999901 -0.00555936 0.941481 0.0122302 0.00571725 -0.999909 0.017838 0.999842 0.0128361 0.0123028 -0.0335436
1548808728645656320 259 0.00981021 -0.999931 -0.00648761 0.99564 0.0114674 0.0066 -0.999912 0.0174708 0.999886 0.00973495 0.0115314 -0.0299522
1548808728979033344 269 0.0106233 -0.999906 -0.00863844 1.07354 0.0127943 0.00877414 -0.99988 0.0172442 0.999862 0.0105115 0.0128863 -0.030955
1548808729179059200 275 0.0087891 -0.999941 -0.00630763 1.12032 0.0154274 0.00644272 -0.99986 0.0173915 0.999842 0.00869056 0.0154831 -0.0324692
1548808729579112192 287 0.00770163 -0.999938 -0.0080366 1.22086 0.0106744 0.00811859 -0.99991 0.0204809 0.999913 0.00761516 0.0107363 -0.0297066
1548808729779138304 293 0.00854311 -0.999938 -0.0071858 1.27188 0.0107246 0.00727727 -0.999916 0.0203852 0.999906 0.00846533 0.0107861 -0.0314583
1548808730079178240 302 0.00707959 -0.999935 -0.00893244 1.35006 0.0106318 0.00900743 -0.999903 0.019927 0.999918 0.00698394 0.0106949 -0.0306441
1548808730412555264 312 0.00608803 -0.999963 -0.00606656 1.44458 0.00976528 0.00612583 -0.999934 0.0219471 0.999934 0.00602838 0.00980221 -0.0311778
1548808730779270400 323 0.0060055 -0.999958 -0.00693396 1.55981 0.00880203 0.00698668 -0.999937 0.0251764 0.999943 0.00594409 0.00884362 -0.0267261
1548808731012634368 330 0.00579293 -0.999974 -0.00426951 1.63308 0.00393701 0.00429236 -0.999983 0.0271687 0.999975 0.00577603 0.00396178 -0.0243752
1548808731245998336 337 0.00630339 -0.99998 -0.00101575 1.70752 0.00210092 0.00102901 -0.999997 0.0262495 0.999978 0.00630124 0.00210736 -0.0235683
1548808731346011392 340 0.00743943 -0.99995 -0.00668259 1.74439 0.00556553 0.00672408 -0.999962 0.0277177 0.999957 0.00740195 0.00561527 -0.0258863
1548808731512700416 345 0.00768455 -0.999959 -0.00483409 1.79751 0.00697654 0.00488773 -0.999964 0.0297317 0.999946 0.00765055 0.00701381 -0.0249307
1548808731646051328 349 0.00814525 -0.999955 -0.0049 1.84298 0.00640477 0.00495223 -0.999967 0.0307254 0.999946 0.0081136 0.00644482 -0.0239249
1548808731846077184 355 0.00710141 -0.999956 -0.00614072 1.91139 0.00775002 0.00619573 -0.999951 0.0330568 0.999945 0.00705347 0.00779368 -0.0241779
1548808732012766208 360 0.0073996 -0.999965 -0.00377619 1.96679 0.0102647 0.00385205 -0.99994 0.0364644 0.99992 0.0073604 0.0102929 -0.0238801
1548808732246130176 367 0.00733062 -0.999973 -0.00105404 2.04227 0.00726432 0.0011073 -0.999973 0.0388897 0.999947 0.00732276 0.00727224 -0.020559
1548808732446156288 373 0.00813931 -0.999963 0.00282825 2.10584 0.00683867 -0.00277262 -0.999973 0.0405774 0.999943 0.00815843 0.00681585 -0.0196202
1548808732712858368 381 0.00444616 -0.99999 0.000895319 2.19535 0.00370864 -0.000878833 -0.999993 0.039727 0.999983 0.00444944 0.00370469 -0.0144225
1548808732912885248 387 0.0046871 -0.999985 0.00266434 2.26148 0.00511014 -0.00264038 -0.999983 0.0410312 0.999976 0.00470064 0.00509769 -0.0182138
1548808733046235392 391 0.00684515 -0.999972 0.00288625 2.30399 0.00397684 -0.00285907 -0.999988 0.0419467 0.999969 0.00685655 0.00395716 -0.0170804
1548808733312937216 399 0.0048764 -0.999987 0.00111366 2.39276 0.00315383 -0.00109829 -0.999994 0.0432951 0.999983 0.00487988 0.00314843 -0.0179001
1548808733479626240 404 0.00292409 -0.999994 -0.00160479 2.44736 0.00174903 0.00160991 -0.999997 0.0440347 0.999994 0.00292127 0.00175373 -0.0174798
1548808733646315264 409 0.00424276 -0.999985 -0.00343884 2.50453 0.00280873 0.00345077 -0.99999 0.045381 0.999987 0.00423306 0.00282333 -0.016431
1548808733813003264 414 0.00591138 -0.999979 -0.00283063 2.55625 0.00348842 0.00285128 -0.99999 0.0475098 0.999976 0.00590145 0.0035052 -0.016072
1548808733979692288 419 0.00421727 -0.99997 -0.00651072 2.60338 0.00597314 0.00653586 -0.999961 0.047356 0.999973 0.00417821 0.00600053 -0.0172205
1548808734346407424 430 0.00447226 -0.999958 -0.00802143 2.68186 0.00500084 0.00804378 -0.999955 0.050719 0.999977 0.00443195 0.0050366 -0.0146569
1548808734613109248 438 0.00376685 -0.999949 -0.00938585 2.69567 0.00418794 0.00940161 -0.999947 0.0488777 0.999984 0.00372734 0.00422314 -0.0141349
1548808735213188352 456 0.00206535 -0.999957 -0.00904048 2.75122 0.0042971 0.00904929 -0.99995 0.0517516 0.999989 0.00202639 0.0043156 -0.012726
1548808735479889408 464 0.00400511 -0.99993 -0.0111209 2.84811 0.00471611 0.0111397 -0.999927 0.0522807 0.999981 0.00395237 0.0047604 -0.0129942
1548808735579903232 467 0.00652711 -0.999959 -0.00625767 2.87929 0.00421751 0.00628528 -0.999971 0.0576785 0.99997 0.00650053 0.00425837 -0.0130971
1548808735646578176 469 0.0065574 -0.999925 -0.0103356 2.91123 0.00375979 0.0103604 -0.999939 0.0565994 0.999971 0.00651814 0.00382744 -0.0127086
1548808735746591232 472 0.00643662 -0.999961 -0.0059693 2.95394 0.00537352 0.00600393 -0.999968 0.0581318 0.999965 0.00640434 0.00541196 -0.0124944
1548808735846604288 475 0.00349842 -0.999978 -0.00557063 2.9964 0.00540589 0.00558949 -0.99997 0.0570037 0.999979 0.0034682 0.00542532 -0.010925
1548808735979955200 479 0.00378937 -0.999982 -0.00456704 3.05748 0.00717886 0.00459416 -0.999964 0.0587603 0.999967 0.00375645 0.00719614 -0.0111709
1548808736079968256 482 0.00351912 -0.999994 0.000279464 3.10111 0.00369986 -0.000266443 -0.999993 0.0607168 0.999987 0.00352013 0.0036989 -0.00901585
1548808736146644224 484 0.00700739 -0.999975 0.00065137 3.13917 0.00206002 -0.000636949 -0.999998 0.0627409 0.999973 0.00700871 0.00205551 -0.0132394
1548808736213011200 486 0.00528132 -0.999986 -1.63611e-06 3.17796 0.00298183 1.73844e-05 -0.999996 0.0629088 0.999982 0.0052813 0.00298188 -0.0115089
1548808736313025280 489 0.00339623 -0.999993 0.00123525 3.2392 0.00529342 -0.00121726 -0.999985 0.0642027 0.99998 0.00340272 0.00528925 -0.0130128
1548808736379700224 491 0.00470675 -0.999985 0.00262308 3.27942 0.00441103 -0.00260232 -0.999987 0.0627508 0.999979 0.00471826 0.00439871 -0.0112824
1548808736546389248 496 0.00291659 -0.999994 0.00189916 3.37615 0.00354157 -0.00188882 -0.999992 0.0685153 0.999989 0.00292329 0.00353604 -0.010867
1548808736613064192 498 0.00356434 -0.999992 0.00176143 3.41722 0.00449183 -0.00174541 -0.999988 0.0695868 0.999984 0.00357221 0.00448558 -0.0113497
1548808736713077248 501 0.00404854 -0.999989 0.00218134 3.48205 0.00257322 -0.00217094 -0.999994 0.0684754 0.999988 0.00405413 0.0025644 -0.00969221
1548808736779753216 503 0.00235715 -0.999986 0.00484033 3.52152 0.00294045 -0.00483339 -0.999984 0.0705504 0.999993 0.00237135 0.00292901 -0.00883132
1548808736946441216 508 -0.00040238 -0.999999 0.00126832 3.62388 0.00650425 -0.00127091 -0.999978 0.0737824 0.999979 -0.000394122 0.00650475 -0.00617214
1548808737013117184 510 0.00146325 -0.999999 -0.000305189 3.66376 0.0036406 0.000310515 -0.999993 0.0759385 0.999992 0.00146213 0.00364105 -0.0068061
1548808737079792384 512 -0.000533228 -0.999991 0.0042625 3.703 0.00463689 -0.00426493 -0.99998 0.076078 0.999989 -0.000513452 0.00463912 -0.00552391
1548808737146468352 514 0.000548129 -0.999999 0.00111082 3.75007 0.00423242 -0.00110849 -0.99999 0.0777333 0.999991 0.000552825 0.00423181 -0.00407558
1548808737246481408 517 0.000870343 -0.999994 -0.00329448 3.81805 0.00510214 0.00329887 -0.999982 0.0815641 0.999987 0.000853518 0.00510498 -0.0019277
1548808737313659392 519 -0.000769676 -0.999999 -0.00154469 3.86587 0.00135755 0.00154365 -0.999998 0.0850047 0.999999 -0.000771772 0.00135636 -0.000280758
1548808737346997248 520 0.00269152 -0.999993 -0.00244888 3.88882 0.00353538 0.00245839 -0.999991 0.0834811 0.99999 0.00268283 0.00354198 -0.000593063
1548808737447010304 523 0.00205642 -0.999993 -0.00327354 3.96668 -0.000494025 0.00327254 -0.999995 0.084525 0.999998 0.00205803 -0.000487292 0.000924593
1548808737547023360 526 0.000338554 -0.999987 -0.00505474 4.04081 -0.00136609 0.00505427 -0.999986 0.0847379 0.999999 0.000345455 -0.00136436 0.00197015
1548808737680374272 530 -0.00116737 -0.999987 -0.00504864 4.1364 -0.000318385 0.00504901 -0.999987 0.0889278 0.999999 -0.00116575 -0.000324274 0.00411566
1548808737747050240 532 -0.0019762 -0.999979 -0.00621798 4.18938 -0.00174538 0.00622144 -0.999979 0.0879752 0.999997 -0.00196531 -0.00175764 0.00597426
1548808737880401408 536 1.17869e-05 -0.999941 -0.0108247 4.2899 -0.00291629 0.0108247 -0.999937 0.08887 0.999996 4.33543e-05 -0.00291599 0.00683498
1548808737947076352 538 0.000949108 -0.999965 -0.00835264 4.34126 -0.00504262 0.00834775 -0.999952 0.0914685 0.999987 0.000991182 -0.00503452 0.00961374
1548808738080427264 542 0.000223674 -0.999971 -0.00759162 4.4419 0.00165535 0.00759198 -0.99997 0.0914471 0.999999 0.0002111 0.001657 0.0089748
1548808738180440320 545 0.000852123 -0.999984 -0.00559979 4.5165 0.000454437 0.00560018 -0.999984 0.0946288 1 0.000849564 0.000459202 0.00997182
1548808738247116288 547 -0.000240013 -1 -0.000861991 4.56365 -0.00167359 0.000862392 -0.999998 0.0946117 0.999999 -0.00023857 -0.00167379 0.0101451
1548808738380466176 551 0.000892376 -0.999997 -0.00229841 4.66018 -0.00541578 0.00229354 -0.999983 0.0967281 0.999985 0.000904808 -0.00541372 0.0110015
1548808738480480256 554 0.00435317 -0.999981 -0.00426731 4.72976 -0.00227861 0.00425742 -0.999988 0.0984406 0.999988 0.00436284 -0.00226004 0.0100532
1548808738580493312 557 0.00292227 -0.999994 -0.00175445 4.79549 -0.00431533 0.00174183 -0.999989 0.100833 0.999986 0.00292981 -0.00431022 0.00923505
1548808738680506368 560 0.0012839 -0.999996 0.00241423 4.86428 -0.00735126 -0.0024236 -0.99997 0.103032 0.999972 0.00126612 -0.00735434 0.00850562
1548808738780519424 563 0.00137413 -0.999999 0.000988804 4.93415 -0.0055258 -0.000996383 -0.999984 0.10532 0.999984 0.00136865 -0.00552716 0.00928454
1548808738880532224 566 -0.00490902 -0.999984 -0.00286319 4.98291 -0.00839754 0.00290435 -0.999961 0.105294 0.999953 -0.00488478 -0.00841166 0.00870766
1548808739147234304 574 -0.00387854 -0.999992 0.001367 4.99111 -0.00817704 -0.00133525 -0.999966 0.104247 0.999959 -0.00388959 -0.00817179 0.00828212
1548808739580625408 587 -0.00531886 -0.99997 0.00564161 5.00215 -0.00833852 -0.00559714 -0.99995 0.1049 0.999951 -0.00536563 -0.00830849 0.00843557
1548808739713975296 591 -0.00467985 -0.999987 0.00212239 5.03278 -0.00866754 -0.00208177 -0.99996 0.105367 0.999951 -0.00469806 -0.00865768 0.0100428
1548808739847326208 595 -0.00524051 -0.999973 0.00513789 5.0575 -0.0100376 -0.0050851 -0.999937 0.106177 0.999936 -0.00529175 -0.0100107 0.0103914
1548808739980677376 599 -0.00401698 -0.999986 0.00344117 5.09057 -0.008767 -0.00340584 -0.999956 0.106833 0.999954 -0.00404697 -0.0087532 0.0121038
1548808740147366400 604 -0.00585659 -0.999976 0.00366214 5.12882 -0.00743879 -0.00361853 -0.999966 0.109459 0.999955 -0.00588363 -0.00741742 0.0126822
1548808740280717312 608 -0.005398 -0.99998 0.00323238 5.16678 -0.00800536 -0.00318911 -0.999963 0.11207 0.999953 -0.00542368 -0.00798798 0.0156813
1548808740480743424 614 -0.00500737 -0.999987 0.00053429 5.22425 -0.00922462 -0.000488083 -0.999957 0.112507 0.999945 -0.00501208 -0.00922206 0.0157305
1548808740614094336 618 -0.00515281 -0.999986 -0.0011781 5.26752 -0.00759932 0.00121724 -0.99997 0.110653 0.999958 -0.0051437 -0.00760548 0.0156942
1548808740714107392 621 -0.00555228 -0.999981 -0.00283169 5.29792 -0.0073937 0.0028727 -0.999969 0.111705 0.999957 -0.00553116 -0.00740951 0.0138844
1548808740847458304 625 -0.00571268 -0.999983 -0.000948886 5.34099 -0.00738161 0.000991045 -0.999972 0.111651 0.999956 -0.00570552 -0.00738715 0.0136746
1548808740980809216 629 -0.0059465 -0.999968 -0.00540004 5.38355 -0.00939971 0.00545579 -0.999941 0.107693 0.999938 -0.00589539 -0.00943185 0.0170409
1548808741147498240 634 -0.00694753 -0.999927 -0.00987194 5.43958 -0.0109182 0.00994744 -0.999891 0.105141 0.999916 -0.00683898 -0.0109865 0.0208896
1548808741247511296 637 -0.00411131 -0.999908 -0.0129567 5.47159 -0.0110586 0.0130014 -0.999854 0.104083 0.99993 -0.00396743 -0.0111111 0.0176482
1548808741380862208 641 -0.0029019 -0.999881 -0.0151793 5.51803 -0.00803238 0.0152022 -0.999852 0.106044 0.999964 -0.00277955 -0.00807553 0.0165018
1548808741514213376 645 -0.00559221 -0.999858 -0.0158862 5.56167 -0.00928275 0.0159377 -0.99983 0.104771 0.999941 -0.00544379 -0.00937056 0.0163895
1548808741680901376 650 -0.00605408 -0.999895 -0.0132036 5.61314 -0.0116175 0.0132733 -0.999844 0.105055 0.999914 -0.00589974 -0.0116966 0.0179999
1548808741847590400 655 -0.00666409 -0.999873 -0.014488 5.66484 -0.0125388 0.0145707 -0.999815 0.106564 0.999899 -0.00648119 -0.0126343 0.0199981
1548808742080954368 662 -0.00620233 -0.999849 -0.0162168 5.73789 -0.0088353 0.0162712 -0.999829 0.106843 0.999942 -0.00605798 -0.00893489 0.0206186
1548808742347153408 670 -0.00645397 -0.99988 -0.0140742 5.82141 -0.00620427 0.0141143 -0.999881 0.108652 0.99996 -0.00636588 -0.00629462 0.0212622
1548808742513841408 675 -0.00708545 -0.999939 -0.0084147 5.87133 -0.00503562 0.00845048 -0.999952 0.108847 0.999962 -0.00704273 -0.00509519 0.0216933
1548808742747205376 682 -0.0086125 -0.99993 -0.00812983 5.94287 -0.00111988 0.00813977 -0.999966 0.110183 0.999962 -0.00860311 -0.0011899 0.0215334
1548808742980570368 689 -0.00917361 -0.999951 -0.00383526 6.01346 -0.0046455 0.003878 -0.999982 0.11159 0.999947 -0.00915563 -0.00468084 0.0229775
1548808743080583168 692 -0.00927616 -0.999945 -0.00493835 6.04608 -0.00212105 0.00495822 -0.999985 0.112931 0.999955 -0.00926555 -0.00216692 0.0231288
1548808743213934336 696 -0.0115184 -0.999933 -0.000849315 6.08589 0.000287668 0.000846057 -1 0.115377 0.999934 -0.0115186 0.000277904 0.0225196
1548808743347284224 700 -0.0132397 -0.999901 0.00471148 6.12553 -0.00105697 -0.0046979 -0.999988 0.119249 0.999912 -0.0132445 -0.00099467 0.0212914
1548808743513973248 705 -0.0133913 -0.999863 0.00969424 6.17451 -0.00381296 -0.00964397 -0.999946 0.119352 0.999903 -0.0134276 -0.00368329 0.0234038
1548808743680662272 710 -0.0147235 -0.999825 0.0115452 6.22691 -0.00391192 -0.0114888 -0.999926 0.122032 0.999884 -0.0147676 -0.00374208 0.0272169
1548808743914026240 717 -0.0163552 -0.999793 0.0120996 6.30313 -0.00117843 -0.0120819 -0.999926 0.124694 0.999866 -0.0163683 -0.000980583 0.0297404
1548808744047377408 721 -0.0178403 -0.999756 0.0130351 6.34749 -0.00490559 -0.0129495 -0.999904 0.125444 0.999829 -0.0179025 -0.00467337 0.0347463
1548808744214065408 726 -0.0162146 -0.999792 0.0123369 6.40075 -0.00952487 -0.0121836 -0.99988 0.128009 0.999823 -0.0163302 -0.00932534 0.0417878
1548808744280741376 728 -0.017266 -0.999809 0.00911906 6.42401 -0.00690818 -0.00900092 -0.999936 0.128375 0.999827 -0.0173279 -0.00675145 0.0416679
1548808744447429376 733 -0.0175782 -0.999791 0.0104535 6.47609 -0.00856893 -0.0103041 -0.99991 0.128854 0.999809 -0.0176662 -0.00838601 0.0452998
1548808744580780288 737 -0.016014 -0.999829 0.00922335 6.52062 -0.0123621 -0.00902585 -0.999883 0.130561 0.999795 -0.0161262 -0.0122155 0.0488393
1548808744814144256 744 -0.0194065 -0.999778 0.00816886 6.59173 -0.00922695 -0.00799096 -0.999926 0.128838 0.999769 -0.0194804 -0.00906983 0.0546474
1548808744947495424 748 -0.0167682 -0.99982 0.00882162 6.63536 -0.0136066 -0.00859386 -0.99987 0.132641 0.999767 -0.0168861 -0.0134601 0.0569924
1548808745214197248 756 -0.0167456 -0.999815 0.00949963 6.71793 -0.0111219 -0.00931412 -0.999895 0.135153 0.999798 -0.0168495 -0.0109639 0.0619711
1548808745314210304 759 -0.0160181 -0.999851 0.00643663 6.75125 -0.0132789 -0.00622416 -0.999892 0.136316 0.999784 -0.0161019 -0.0131772 0.0633726
1548808745580912384 767 -0.0144808 -0.999872 0.00682415 6.837 -0.0152536 -0.00660317 -0.999862 0.137852 0.999779 -0.0145829 -0.015156 0.0665172
1548808745780938240 773 -0.0152507 -0.999873 0.00456774 6.90043 -0.0165085 -0.00431586 -0.999854 0.139639 0.999747 -0.0153239 -0.0164406 0.0718995
1548808745980965376 779 -0.0154741 -0.999861 0.00615593 6.96427 -0.0154206 -0.00591729 -0.999864 0.141803 0.999761 -0.0155669 -0.0153269 0.0714994
1548808746180991232 785 -0.0175161 -0.999829 0.00586577 7.02642 -0.0168918 -0.00556991 -0.999842 0.145079 0.999704 -0.0176124 -0.0167913 0.0789345
1548808746347680256 790 -0.0178432 -0.999836 0.00305925 7.08152 -0.0163452 -0.00276763 -0.999863 0.147028 0.999707 -0.0178908 -0.0162932 0.0791417
1548808746514368256 795 -0.017616 -0.999841 0.002696 7.13899 -0.0168648 -0.0023989 -0.999855 0.151349 0.999703 -0.0176589 -0.0168199 0.0759172
1548808746781070336 803 -0.0180738 -0.999837 -0.000408561 7.22582 -0.0173816 0.000722768 -0.999849 0.153387 0.999686 -0.018064 -0.0173918 0.0756611
1548808746981097216 809 -0.018653 -0.999824 -0.00192596 7.28369 -0.018475 0.00227064 -0.999827 0.156811 0.999655 -0.0186142 -0.0185141 0.0843204
1548808747114447360 813 -0.0198751 -0.999802 0.00062336 7.32623 -0.0184862 -0.00025589 -0.999829 0.156396 0.999632 -0.0198832 -0.0184775 0.0847903
1548808747281136384 818 -0.0200924 -0.999797 -0.00114892 7.37983 -0.0194245 0.00153929 -0.99981 0.159277 0.999609 -0.0200662 -0.0194515 0.0855267
1548808747514500352 825 -0.0228127 -0.999739 0.00148843 7.45708 -0.0205287 -0.00102007 -0.999789 0.165178 0.999529 -0.0228385 -0.0205001 0.0891082
1548808747714526208 831 -0.0230547 -0.999728 0.00352032 7.51859 -0.0203111 -0.00305214 -0.999789 0.169195 0.999528 -0.0231213 -0.0202352 0.0912546
1548808748014566400 840 -0.0259189 -0.999652 0.00497822 7.61163 -0.0186411 -0.00449572 -0.999816 0.169504 0.99949 -0.0260069 -0.0185181 0.0945117
1548808748281268224 848 -0.0259006 -0.999628 0.00850072 7.69313 -0.0166599 -0.00807076 -0.999829 0.171653 0.999526 -0.0260378 -0.0164447 0.0944109
1548808748481294336 854 -0.026896 -0.9996 0.00878617 7.76094 -0.0133062 -0.00843057 -0.999876 0.172801 0.99955 -0.0270096 -0.0130741 0.097074
1548808748647983360 859 -0.0254898 -0.999627 0.0097674 7.81332 -0.0134086 -0.00942782 -0.999866 0.175877 0.999585 -0.0256174 -0.0131633 0.0995002
1548808748814671360 864 -0.0260876 -0.999547 0.0149926 7.86543 -0.0153108 -0.0145964 -0.999776 0.175375 0.999542 -0.0263113 -0.0149231 0.102901
1548808749014698240 870 -0.0258894 -0.999569 0.0138197 7.93005 -0.0154261 -0.0134232 -0.999791 0.176496 0.999546 -0.0260972 -0.0150719 0.107133
1548808749148049408 874 -0.0250321 -0.999617 0.0117977 7.97603 -0.0140356 -0.0114488 -0.999836 0.176594 0.999588 -0.0251936 -0.0137436 0.105544
1548808749381413376 881 -0.0251471 -0.999639 0.00944054 8.05203 -0.0175814 -0.00899982 -0.999805 0.18033 0.999529 -0.0253082 -0.0173487 0.109734
1548808749548101376 886 -0.0242579 -0.999676 0.00769831 8.10855 -0.0181544 -0.0072588 -0.999809 0.181846 0.999541 -0.024393 -0.0179725 0.109586
1548808749781465344 893 -0.0247132 -0.999686 0.00415569 8.18407 -0.0187033 -0.00369387 -0.999818 0.183768 0.99952 -0.0247864 -0.0186062 0.113703
1548808749948154368 898 -0.0252996 -0.999675 0.00305081 8.24024 -0.017311 -0.00261323 -0.999847 0.184701 0.99953 -0.0253485 -0.0172393 0.11617
1548808750114843392 903 -0.0249975 -0.999687 -0.000622601 8.29385 -0.0173743 0.00105715 -0.999848 0.18393 0.999537 -0.0249829 -0.0173953 0.119227
1548808750248194304 907 -0.0235178 -0.999721 0.00232779 8.33422 -0.0180479 -0.0019035 -0.999835 0.185427 0.99956 -0.023556 -0.0179981 0.121198
1548808750414882304 912 -0.0226564 -0.999741 0.0020525 8.38742 -0.0177768 -0.00164984 -0.999841 0.186126 0.999585 -0.0226893 -0.0177348 0.123832
1548808750581571328 917 -0.0219581 -0.999755 0.00269035 8.43841 -0.0163022 -0.00233259 -0.999864 0.187154 0.999626 -0.0219989 -0.016247 0.12366
1548808750681584384 920 -0.0196025 -0.999798 0.00445661 8.47199 -0.0169267 -0.00412496 -0.999848 0.188734 0.999665 -0.019675 -0.0168424 0.123161
1548808750748259328 922 -0.0191891 -0.999797 0.00620756 8.49285 -0.017674 -0.00586853 -0.999827 0.185875 0.99966 -0.0192955 -0.0175578 0.123701
1548808750848273408 925 -0.0165209 -0.999832 0.00788395 8.5254 -0.0169992 -0.00760302 -0.999827 0.188656 0.999719 -0.0166521 -0.0168707 0.123504
1548808750981624320 929 -0.0133011 -0.999902 0.00427911 8.5688 -0.0166048 -0.00405802 -0.999854 0.190138 0.999774 -0.0133702 -0.0165492 0.122496
1548808751081637376 932 -0.0154565 -0.999873 0.00397151 8.60033 -0.0146883 -0.0037445 -0.999885 0.191958 0.999773 -0.0155131 -0.0146286 0.12554
1548808751214988288 936 -0.0126624 -0.999863 0.0106958 8.64326 -0.0160335 -0.0104923 -0.999816 0.191764 0.999791 -0.0128315 -0.0158985 0.125752
1548808751381676288 941 -0.009701 -0.999919 0.00827759 8.69451 -0.0167064 -0.00811476 -0.999828 0.194119 0.999813 -0.00983761 -0.0166263 0.128558
1548808751515027200 945 -0.0109185 -0.999902 0.00880769 8.73704 -0.0193299 -0.00859551 -0.999776 0.195767 0.999754 -0.0110863 -0.0192341 0.131847
1548808751648378368 949 -0.0104827 -0.999935 0.00444067 8.78014 -0.0207619 -0.00422231 -0.999776 0.195447 0.999729 -0.0105726 -0.0207163 0.135029
1548808751948418304 958 -0.00931668 -0.999957 -0.000283089 8.87821 -0.0161792 0.000433807 -0.999869 0.196851 0.999826 -0.00931088 -0.0161825 0.135066
1548808752181782272 965 -0.00736306 -0.999971 -0.00206972 8.95265 -0.0193251 0.00221168 -0.999811 0.197452 0.999786 -0.00732167 -0.0193408 0.136425
1548808752381808384 971 -0.00624989 -0.999973 -0.00374866 9.01635 -0.0183683 0.0038629 -0.999824 0.200663 0.999812 -0.00617993 -0.0183919 0.135383
1548808752481821184 974 -0.00421443 -0.999985 -0.00348928 9.04808 -0.0143749 0.00354954 -0.99989 0.200544 0.999888 -0.00416381 -0.0143897 0.137045
1548808752615172352 978 -0.00439818 -0.999989 -0.00160128 9.09042 -0.0154004 0.00166884 -0.99988 0.202629 0.999872 -0.00437299 -0.0154076 0.137292
1548808752815198208 984 -0.00246128 -0.999996 -0.00104236 9.153 -0.0149846 0.00107913 -0.999887 0.204587 0.999885 -0.00244538 -0.0149872 0.13828
1548808753048562176 991 0.000311777 -1 -0.000746256 9.22526 -0.0157354 0.000741258 -0.999876 0.204553 0.999876 0.00032348 -0.0157352 0.140364
1548808753315264256 999 0.00170272 -0.999999 0.00013483 9.31024 -0.0154947 -0.000161197 -0.99988 0.206025 0.999879 0.00170043 -0.0154949 0.141292
1548808753481953280 1004 0.00333296 -0.999994 -0.000185539 9.3624 -0.0134292 0.000140764 -0.99991 0.209197 0.999904 0.00333516 -0.0134286 0.139362
1548808753648642304 1009 0.00423557 -0.999991 -0.000768805 9.41508 -0.0101688 0.000725701 -0.999948 0.211604 0.999939 0.00424316 -0.0101657 0.137226
1548808753848668416 1015 0.00919184 -0.999956 0.00196176 9.47483 -0.00901096 -0.0020446 -0.999957 0.213336 0.999917 0.00917377 -0.00902935 0.138106
1548808754082032384 1022 0.013847 -0.999899 0.0033109 9.54738 -0.00933226 -0.00344031 -0.999951 0.214725 0.999861 0.0138154 -0.00937895 0.142467
1548808754248721408 1027 0.0264746 -0.999646 0.00277234 9.59893 -0.00952847 -0.00302554 -0.99995 0.215264 0.999604 0.0264468 -0.0096052 0.141248
1548808754382071296 1031 0.0415801 -0.999127 0.00399137 9.64062 -0.0112918 -0.00446449 -0.999926 0.217743 0.999071 0.041532 -0.0114675 0.144084
1548808754482085376 1034 0.0554192 -0.998446 0.00590589 9.67056 -0.00888615 -0.00640796 -0.99994 0.218955 0.998424 0.0553633 -0.00922746 0.141638
1548808754648773376 1039 0.0539861 -0.998523 0.00602803 9.72434 -0.00896681 -0.00652138 -0.999939 0.219232 0.998501 0.0539288 -0.00930563 0.140347
1548808754815462400 1044 0.0555956 -0.998444 0.00430097 9.77458 -0.0103474 -0.00488356 -0.999935 0.224824 0.9984 0.0555475 -0.0106028 0.139353
1548808754915475200 1047 0.0541179 -0.998531 0.002771 9.80177 -0.0119393 -0.00342194 -0.999923 0.226182 0.998463 0.0540806 -0.0121069 0.138151
1548808755048826368 1051 0.0491892 -0.998778 0.00482343 9.84101 -0.0114645 -0.00539356 -0.99992 0.226701 0.998724 0.04913 -0.0117157 0.136772
1548808755215515392 1056 0.042502 -0.999091 0.00334847 9.89712 -0.0118285 -0.00385446 -0.999923 0.229205 0.999026 0.0424591 -0.0119816 0.131747
1548808755315528192 1059 0.0301202 -0.999528 0.00599675 9.92445 -0.0119923 -0.00636041 -0.999908 0.229247 0.999474 0.0300455 -0.0121783 0.13192
1548808755382203392 1061 0.0226666 -0.999739 0.00278528 9.94549 -0.0141274 -0.00310602 -0.999895 0.232597 0.999643 0.0226249 -0.0141941 0.132305
1548808755482216192 1064 0.0135583 -0.999906 0.00221386 9.97981 -0.0144393 -0.00240962 -0.999893 0.23389 0.999804 0.0135249 -0.0144706 0.129018
1548808755582230272 1067 -0.00369956 -0.999988 0.00328665 10.0115 -0.0165418 -0.00322503 -0.999858 0.234943 0.999856 -0.0037534 -0.0165296 0.126621
1548808755682243328 1070 -0.0134937 -0.999909 -0.000877587 10.0464 -0.0151008 0.00108135 -0.999885 0.23506 0.999795 -0.0134789 -0.015114 0.123649
1548808755748918272 1072 -0.0125354 -0.999921 -2.9955e-06 10.0648 -0.0156284 0.000198919 -0.999878 0.23584 0.999799 -0.0125338 -0.0156297 0.129348
1548808755848931328 1075 -0.0146615 -0.999892 0.000593835 10.0962 -0.0150585 -0.000373028 -0.999887 0.235247 0.999779 -0.0146687 -0.0150514 0.127607
1548808756015620352 1080 -0.012956 -0.999914 0.00220467 10.1501 -0.015407 -0.00200496 -0.999879 0.237299 0.999797 -0.0129884 -0.0153797 0.128886
1548808756182309376 1085 -0.00805818 -0.999963 0.00302543 10.2043 -0.014213 -0.00291069 -0.999895 0.239792 0.999867 -0.00810033 -0.014189 0.129673
1548808756282322176 1088 -0.00187005 -0.999997 0.00143933 10.2363 -0.0149599 -0.00141119 -0.999887 0.240967 0.999886 -0.00189138 -0.0149572 0.127389
1548808756482348288 1094 0.0130522 -0.999915 0.000365514 10.2969 -0.0147088 -0.000557505 -0.999892 0.242036 0.999807 0.0130455 -0.0147149 0.125674
1548808756649037312 1099 0.0253098 -0.999675 0.00312108 10.3462 -0.0168835 -0.00354908 -0.999851 0.243281 0.999537 0.0252534 -0.0169678 0.125499
1548808756849063424 1105 0.0412408 -0.999149 -0.000371258 10.4071 -0.015507 -0.000268537 -0.99988 0.246142 0.999029 0.0412416 -0.0155049 0.12512
1548808756949076224 1108 0.0502815 -0.998735 0.000863015 10.4375 -0.0157025 -0.00165455 -0.999875 0.246825 0.998612 0.0502617 -0.0157658 0.124164
1548808757115765248 1113 0.0617149 -0.998093 0.00111618 10.493 -0.0147949 -0.00203299 -0.999888 0.248905 0.997984 0.0616915 -0.0148921 0.120773
1548808757282454272 1118 0.0726073 -0.997359 0.0017198 10.5459 -0.0137693 -0.00272659 -0.999901 0.249904 0.997266 0.0725764 -0.0139309 0.116434
1548808757482480384 1124 0.0759167 -0.99711 -0.0028055 10.6063 -0.0141316 0.00173741 -0.999899 0.249689 0.997014 0.0759486 -0.0139589 0.112868
1548808757649169408 1129 0.0774822 -0.996986 -0.00388525 10.665 -0.0142241 0.00279114 -0.999895 0.250711 0.996892 0.0775294 -0.0139649 0.105572
1548808757782519296 1133 0.0771051 -0.997016 -0.00364993 10.7062 -0.0148666 0.00251072 -0.999886 0.249763 0.996912 0.0771506 -0.0146287 0.100402
1548808757949208320 1138 0.0751733 -0.997166 -0.0031279 10.7574 -0.0148872 0.00201413 -0.999887 0.252271 0.997059 0.0752114 -0.0146936 0.0953234
1548808758082559232 1142 0.0731372 -0.997304 -0.00596019 10.7967 -0.0167112 0.00474989 -0.999849 0.254795 0.997182 0.0732258 -0.0163188 0.0932062
1548808758249248256 1147 0.0683704 -0.99763 -0.00777571 10.8516 -0.014161 0.00682273 -0.999876 0.255141 0.997559 0.0684721 -0.013661 0.0897728
1548808758382598400 1151 0.0638527 -0.997938 -0.00653482 10.8934 -0.0113516 0.00582146 -0.999919 0.256626 0.997895 0.0639217 -0.0109565 0.0875054
1548808758515949312 1155 0.0563668 -0.998398 -0.00492784 10.9353 -0.0118765 0.00426484 -0.99992 0.257387 0.998339 0.0564208 -0.011617 0.0873672
1548808758582625280 1157 0.0546692 -0.99849 -0.00536295 10.9565 -0.00931487 0.00486076 -0.999945 0.257062 0.998461 0.0547162 -0.00903508 0.0858631
1548808758649300224 1159 0.051072 -0.998658 -0.00859615 10.9779 -0.00992966 0.00809919 -0.999918 0.256811 0.998646 0.0511532 -0.00950269 0.0841706
1548808758782651392 1163 0.0462255 -0.998914 -0.00575057 11.0201 -0.00770136 0.00540018 -0.999956 0.256559 0.998901 0.0462677 -0.00744338 0.0793473
1548808758916002304 1167 0.039475 -0.999197 -0.00685172 11.0628 -0.00628625 0.00660859 -0.999958 0.257806 0.999201 0.0395164 -0.00602033 0.0769728
1548808759149366272 1174 0.0311048 -0.999515 -0.00173079 11.1363 -0.00780304 0.00148875 -0.999968 0.259292 0.999486 0.0311174 -0.00775295 0.075433
1548808759249379328 1177 0.0312091 -0.999513 -0.000810572 11.1698 -0.00912023 0.000526161 -0.999958 0.261995 0.999471 0.0312152 -0.00909937 0.0751739
1548808759416068352 1182 0.0298031 -0.999548 0.00388419 11.2223 -0.00990296 -0.00418099 -0.999942 0.263834 0.999507 0.0297629 -0.0100231 0.0754732
1548808759449406208 1183 0.0296788 -0.999558 0.00156254 11.235 -0.0109063 -0.00188696 -0.999939 0.263327 0.9995 0.0296599 -0.0109574 0.0753228
1548808759582757376 1187 0.0285047 -0.999568 0.00716924 11.2777 -0.0108295 -0.00748054 -0.999913 0.264541 0.999535 0.0284246 -0.0110381 0.0740677
1548808759782783232 1193 0.0287353 -0.999573 0.00536863 11.3422 -0.00968359 -0.00564896 -0.999937 0.266724 0.99954 0.0286815 -0.00984178 0.0740363
1548808759882796288 1196 0.028398 -0.999589 0.00401345 11.3761 -0.0087768 -0.00426426 -0.999952 0.264877 0.999558 0.0283614 -0.00889428 0.0699456
1548808759982809344 1199 0.0283112 -0.999595 0.00299807 11.4068 -0.00772046 -0.00321785 -0.999965 0.266964 0.999569 0.0282871 -0.00780843 0.0698101
1548808760149498368 1204 0.0255005 -0.999659 0.00561742 11.4607 -0.0081397 -0.0058267 -0.99995 0.268096 0.999642 0.0254535 -0.0082855 0.0688292
1548808760416200192 1212 0.0244466 -0.999683 0.00594197 11.5458 -0.00977019 -0.00618238 -0.999933 0.266335 0.999653 0.0243869 -0.00991824 0.0649826
1548808760782915328 1223 0.0247064 -0.999683 0.00481366 11.6639 -0.00908407 -0.00503943 -0.999946 0.272515 0.999653 0.0246614 -0.00920569 0.063252
1548808761149630208 1234 0.0218314 -0.999742 0.00628156 11.7776 -0.0060689 -0.00641547 -0.999961 0.2748 0.999743 0.0217925 -0.00620739 0.0620338
1548808761382994176 1241 0.0228377 -0.999734 0.00309543 11.8512 -0.00453214 -0.00319973 -0.999985 0.274382 0.999729 0.0228234 -0.00460401 0.0624128
1548808761616358400 1248 0.0219377 -0.999733 0.00729124 11.9281 -0.00153132 -0.00732659 -0.999972 0.278404 0.999758 0.021926 -0.00169164 0.0574467
1548808761816384256 1254 0.0211656 -0.999763 0.00502421 11.9916 -0.00370447 -0.00510372 -0.99998 0.275942 0.999769 0.0211466 -0.00381162 0.0593741
1548808762016410368 1260 0.020872 -0.999777 0.00335499 12.0575 -0.00388979 -0.0034369 -0.999987 0.278836 0.999775 0.0208587 -0.00396066 0.0610729
1548808762149761280 1264 0.021084 -0.99977 0.00387746 12.102 -0.00332007 -0.00394832 -0.999987 0.280919 0.999772 0.0210708 -0.00340255 0.0619378
1548808762449801216 1273 0.0217643 -0.999763 0.000262386 12.2045 -0.0048076 -0.000367104 -0.999988 0.284896 0.999752 0.0217628 -0.00481445 0.0536046
1548808762616490240 1278 0.021494 -0.999768 -0.00166316 12.2581 -0.00480471 0.00156023 -0.999987 0.288763 0.999757 0.0215017 -0.00477006 0.0544904
1548808762783178240 1283 0.0198914 -0.99979 -0.00488533 12.3121 -0.00518192 0.00478313 -0.999975 0.292426 0.999789 0.0199163 -0.00508569 0.0559105
1548808762883191296 1286 0.0229524 -0.999729 -0.00375948 12.3445 -0.0049996 0.00364564 -0.999981 0.292055 0.999724 0.0229708 -0.00491458 0.0521478
1548808763049880320 1291 0.0209399 -0.999778 -0.00222203 12.3981 -0.00693169 0.00207729 -0.999974 0.295217 0.999757 0.0209547 -0.00688666 0.0509753
1548808763183231232 1295 0.0205355 -0.999789 0.000910044 12.4405 -0.00831587 -0.00108101 -0.999965 0.298061 0.999755 0.0205272 -0.00833631 0.0490376
1548808763449933312 1303 0.0196296 -0.999807 -1.57239e-05 12.5249 -0.00548749 -9.20116e-05 -0.999985 0.298683 0.999792 0.0196294 -0.00548824 0.0483937
1548808763549946368 1306 0.0189937 -0.99982 -0.000196672 12.5571 -0.00365696 0.000127234 -0.999993 0.299182 0.999813 0.0189943 -0.00365389 0.0486951
1548808763816648192 1314 0.019901 -0.999802 0.000662615 12.6425 -0.00268132 -0.000716115 -0.999996 0.29997 0.999798 0.0198991 -0.00269504 0.0457169
1548808764083349248 1322 0.0184018 -0.999826 -0.00309828 12.7295 -0.00194301 0.00306304 -0.999993 0.301678 0.999829 0.0184077 -0.00188631 0.0450078
1548808764316714240 1329 0.0186892 -0.999815 -0.00447797 12.8051 -0.00364038 0.00441068 -0.999984 0.302082 0.999819 0.0187052 -0.00355728 0.0451304
1548808764483402240 1334 0.0192301 -0.999814 -0.00129612 12.857 -0.00510727 0.00119811 -0.999986 0.300587 0.999802 0.0192364 -0.00508328 0.0462107
1548808764716766208 1341 0.0205783 -0.999775 -0.0050504 12.9329 -0.00629019 0.0049219 -0.999968 0.301917 0.999768 0.0206094 -0.00618749 0.0480726
1548808764983468288 1349 0.0182587 -0.999818 -0.00547072 13.0179 -0.00554699 0.00537025 -0.99997 0.305538 0.999818 0.0182885 -0.00544793 0.051131
1548808765183494400 1355 0.0181884 -0.999824 -0.00462115 13.0845 -0.00660961 0.00450158 -0.999968 0.309402 0.999813 0.0182183 -0.00652657 0.0507001
1548808765383521280 1361 0.0184707 -0.999829 -0.00117969 13.1484 -0.00895844 0.00101435 -0.999959 0.312958 0.999789 0.0184805 -0.00893817 0.0501326
1548808765483534336 1364 0.0165524 -0.999861 0.00188465 13.1816 -0.00715361 -0.00200329 -0.999972 0.315377 0.999837 0.0165384 -0.00718578 0.0513986
1548808765750236416 1372 0.0160363 -0.999858 0.00512179 13.2686 -0.00848008 -0.00525827 -0.99995 0.318793 0.999835 0.0159921 -0.0085632 0.0511337
1548808765850249216 1375 0.0163434 -0.999846 0.00633516 13.3032 -0.00973032 -0.00649475 -0.999932 0.321618 0.999819 0.0162806 -0.00983497 0.0522852
1548808766116951296 1383 0.0153275 -0.999871 0.00474973 13.3898 -0.00556587 -0.00483553 -0.999973 0.325132 0.999867 0.0153006 -0.00563927 0.05446
1548808766283639296 1388 0.0157191 -0.999872 0.00312989 13.4437 -0.0073509 -0.00324576 -0.999968 0.328698 0.999849 0.0156956 -0.00740098 0.0567059
1548808766383652352 1391 0.0170781 -0.999847 0.00366334 13.4751 -0.0085799 -0.00381029 -0.999956 0.327667 0.999817 0.0170459 -0.00864367 0.0561846
1548808766583679232 1397 0.0138222 -0.99988 0.00697316 13.5368 -0.00805747 -0.00708498 -0.999942 0.330503 0.999872 0.0137653 -0.00815443 0.054994
1548808766683692288 1400 0.0139748 -0.999872 0.00783318 13.5704 -0.00680057 -0.00792881 -0.999945 0.330795 0.999879 0.0139208 -0.0069105 0.053204
1548808766917056256 1407 0.0158053 -0.99986 0.00545076 13.6447 -0.00863548 -0.00558774 -0.999947 0.332839 0.999838 0.0157573 -0.00872259 0.05426
1548808767050407424 1411 0.0155801 -0.999834 0.00948902 13.6882 -0.0100633 -0.00964649 -0.999903 0.334392 0.999828 0.0154831 -0.010212 0.055068
1548808767250433280 1417 0.0151864 -0.999842 0.00923445 13.7547 -0.00859727 -0.00936574 -0.999919 0.337066 0.999848 0.0151058 -0.00873815 0.0526047
1548808767383784192 1421 0.014755 -0.999886 0.00311122 13.7985 -0.00768615 -0.00322489 -0.999965 0.33679 0.999862 0.0147306 -0.00773286 0.0509699
1548808767617148416 1428 0.0140134 -0.999891 0.0046918 13.8711 -0.0098298 -0.0048298 -0.99994 0.338115 0.999853 0.0139664 -0.00989641 0.0541441
1548808767750499328 1432 0.0135003 -0.999906 0.00250297 13.9144 -0.0100044 -0.00263815 -0.999946 0.339837 0.999859 0.0134746 -0.0100391 0.0556353
1548808767917188352 1437 0.0131284 -0.999913 0.0011996 13.9744 -0.0101246 -0.00133257 -0.999948 0.341458 0.999863 0.0131156 -0.0101412 0.0553811
1548808768150552320 1444 0.0128348 -0.999915 0.00215517 14.0554 -0.01169 -0.00230525 -0.999929 0.343544 0.999849 0.0128087 -0.0117186 0.0521822
1548808768217227264 1446 0.0120219 -0.999926 0.00188662 14.0742 -0.0120017 -0.00203091 -0.999926 0.34336 0.999856 0.0119983 -0.0120252 0.055817
1548808768450591232 1453 0.0101936 -0.999948 -0.000222335 14.1478 -0.0100872 0.000119505 -0.999949 0.345386 0.999897 0.0101953 -0.0100854 0.0529756
1548808768617280256 1458 0.00866222 -0.999961 0.00194283 14.2005 -0.00957042 -0.00202572 -0.999952 0.345387 0.999917 0.00864321 -0.00958759 0.0535592
1548808768717293312 1461 0.00648106 -0.999978 0.00126423 14.2338 -0.00943353 -0.00132534 -0.999955 0.347393 0.999935 0.00646884 -0.00944192 0.0521627
1548808768850644224 1465 0.00533985 -0.999985 -0.000807147 14.276 -0.0094398 0.000756715 -0.999955 0.349576 0.999941 0.00534722 -0.00943562 0.0500785
1548808768950657280 1468 0.00316801 -0.999994 0.00115885 14.3076 -0.0105941 -0.00119235 -0.999943 0.350655 0.999939 0.00315555 -0.0105978 0.0526289
1548808769117346304 1473 -0.00127343 -0.999996 0.0023949 14.3544 -0.0114642 -0.00238015 -0.999931 0.350278 0.999933 -0.0013008 -0.0114611 0.0542723
1548808769317372416 1479 -0.0066124 -0.999975 0.00230446 14.4143 -0.00859322 -0.00224761 -0.999961 0.352328 0.999941 -0.00663194 -0.00857814 0.0564143
1548808769517399296 1485 -0.0123999 -0.999896 0.00732704 14.4767 -0.00984663 -0.00720514 -0.999926 0.357374 0.999875 -0.0124712 -0.00975627 0.0569575
1548808769650750208 1489 -0.0149496 -0.999875 0.00517235 14.5209 -0.0110871 -0.00500685 -0.999926 0.357291 0.999827 -0.0150059 -0.0110109 0.0554967
1548808769850776320 1495 -0.0187978 -0.99981 0.00508143 14.5859 -0.0117375 -0.0048613 -0.999919 0.358551 0.999754 -0.0188559 -0.0116438 0.0563229
1548808770050802176 1501 -0.0281617 -0.999575 0.00751096 14.6527 -0.0140397 -0.00711767 -0.999876 0.358275 0.999505 -0.0282637 -0.0138333 0.0595011
1548808770184153344 1505 -0.0308116 -0.999506 0.00615526 14.6982 -0.0143373 -0.00571559 -0.999881 0.361211 0.999422 -0.0308962 -0.0141542 0.0589005
1548808770284166400 1508 -0.0319345 -0.999477 0.00507796 14.7327 -0.0149339 -0.00460284 -0.999878 0.362848 0.999378 -0.0320064 -0.0147791 0.061355
