1548808721880945408 56 0.000723674 -1 0.000182177 0.00735001 -0.000753317 -0.000182722 -1 0.00177532 0.999999 0.000723537 -0.000753449 -5.12094e-05
1548808722180984320 65 0.00379516 -0.999993 0.000311778 0.0214031 -0.00122929 -0.000316445 -0.999999 0.00216059 0.999992 0.00379477 -0.00123048 -8.52616e-05
1548808722614375424 78 0.0240995 -0.999708 0.00199977 0.0549989 -0.00119694 -0.0020292 -0.999997 0.00486177 0.999709 0.024097 -0.00124549 0.000529399
1548808723014427392 90 0.0588259 -0.998267 -0.001307 0.0977386 0.00246117 0.00145429 -0.999996 0.00208382 0.998265 0.0588224 0.00254245 0.00555862
1548808723281129216 98 0.0732197 -0.997316 -0.000666085 0.127633 0.00251068 0.000852201 -0.999996 0.00426663 0.997313 0.0732177 0.00256634 0.00683922
1548808723714519296 111 0.073521 -0.997294 0.000128009 0.171803 0.00221432 3.48849e-05 -0.999998 0.0037164 0.997291 0.0735211 0.00221089 0.00626541
1548808723981221376 119 0.0734364 -0.9973 0.000456038 0.200468 0.00305054 -0.000232643 -0.999995 0.00535325 0.997295 0.0734375 0.00302522 0.00282578
1548808724347936256 130 0.0742014 -0.997243 9.8257e-05 0.237561 0.00542108 0.000304836 -0.999985 0.00397846 0.997229 0.0742009 0.00542875 -0.000776358
1548808724914678272 147 0.075129 -0.997172 0.00203496 0.295461 0.00763829 -0.00146518 -0.99997 0.00592563 0.997145 0.0751423 0.00750661 -0.00437988
1548808725448081408 163 0.075015 -0.997161 0.00654985 0.36374 0.00897633 -0.00589284 -0.999942 0.00789492 0.997142 0.0750695 0.00850879 -0.00808692
1548808725848134400 175 0.0766181 -0.997039 0.00647946 0.42273 0.00872242 -0.00582807 -0.999945 0.00935115 0.997022 0.0766704 0.00825006 -0.0130183
1548808726048160256 181 0.0759955 -0.997094 0.00540192 0.452023 0.00898698 -0.00473242 -0.999948 0.00933006 0.997068 0.0760401 0.00860121 -0.0148587
1548808726414875392 192 0.0602325 -0.998183 0.0013538 0.515161 0.00978846 -0.000765543 -0.999952 0.00913724 0.998136 0.0602428 0.00972457 -0.0196646
1548808726648239360 199 0.0340469 -0.999419 -0.00144778 0.557321 0.00916441 0.00176076 -0.999956 0.00906853 0.999378 0.0340321 0.00921904 -0.0211596
1548808726913588224 207 0.0182386 -0.999829 -0.00301004 0.615187 0.0103465 0.00319912 -0.999941 0.0120779 0.99978 0.0182064 0.0104031 -0.0203518
1548808727213628416 216 0.014031 -0.999887 -0.00543988 0.681081 0.0105977 0.00558882 -0.999928 0.0139845 0.999845 0.0139723 0.0106749 -0.0215409
1548808727647018240 229 0.0137027 -0.999898 -0.00412836 0.77424 0.0119363 0.00429203 -0.99992 0.0163911 0.999835 0.0136523 0.0119939 -0.0249264
1548808728045577216 241 0.0108796 -0.999918 -0.00670451 0.869763 0.0128738 0.00684441 -0.999894 0.0194848 0.999858 0.0107921 0.0129472 -0.0264431
1548808728278941184 248 0.00964531 -0.999906 -0.00976076 0.923533 0.0144666 0.00989972 -0.999846 0.0182726 0.999849 0.00950262 0.0145607 -0.0280093
1548808728545643264 256 0.00936143 -0.999917 -0.00888177 0.985762 0.0140576 0.00901288 -0.999861 0.0178113 0.999857 0.00923527 0.0141408 -0.0253997
1548808728845682176 265 0.0077517 -0.999929 -0.00908911 1.05801 0.0139033 0.00919627 -0.999861 0.0171944 0.999873 0.00762425 0.0139736 -0.0238333
1548808729145722368 274 0.00655503 -0.999953 -0.00711934 1.12871 0.0159281 0.007223 -0.999847 0.0172109 0.999852 0.00644063 0.0159747 -0.0261315
1548808729479099392 284 0.00542876 -0.999945 -0.00902785 1.21957 0.0144932 0.00910572 -0.999854 0.0189318 0.99988 0.00529712 0.0145418 -0.0258963
1548808729679125248 290 0.00536078 -0.99997 -0.00567921 1.27368 0.011624 0.00574122 -0.999916 0.0195851 0.999918 0.00529431 0.0116544 -0.0269585
1548808730045840384 301 0.00597081 -0.999955 -0.00741908 1.376 0.00983699 0.00747759 -0.999924 0.019001 0.999934 0.00589737 0.0098812 -0.0236467
1548808730345880320 310 0.00521416 -0.999962 -0.00701496 1.465 0.0108103 0.00707101 -0.999917 0.0190946 0.999928 0.00513789 0.0108467 -0.0240636
1548808730579244288 317 0.00620552 -0.999942 -0.00875939 1.53966 0.0107249 0.00882561 -0.999904 0.020594 0.999923 0.00611098 0.010779 -0.0215047
1548808730745932288 322 0.00390009 -0.99997 -0.00668153 1.59427 0.00952363 0.00671842 -0.999932 0.0225968 0.999947 0.0038362 0.00954955 -0.0215324
1548808731012634368 330 0.00386872 -0.99998 -0.00508334 1.67994 0.00436504 0.00510022 -0.999977 0.0252499 0.999983 0.00384644 0.00438469 -0.0162822
1548808731179323392 335 0.00536701 -0.999974 -0.00484327 1.73566 0.00293797 0.00485909 -0.999984 0.0277291 0.999981 0.0053527 0.00296397 -0.0175542
1548808731379349248 341 0.00580973 -0.999968 -0.00553905 1.8035 0.00595756 0.00557366 -0.999967 0.0284615 0.999965 0.00577653 0.00598975 -0.0194566
1548808731746064384 352 0.00556038 -0.999971 -0.00511651 1.92081 0.00869398 0.00516474 -0.999949 0.0306085 0.999947 0.00551562 0.00872245 -0.0185441
1548808732012766208 360 0.00578013 -0.999972 -0.00468002 2.00566 0.0108831 0.00474272 -0.99993 0.0342206 0.999924 0.00572879 0.0109102 -0.0176801
1548808732312806400 369 0.00466688 -0.999989 0.000146529 2.1014 0.0063004 -0.000117124 -0.99998 0.0420011 0.999969 0.00466771 0.00629979 -0.0110193
1548808732412819200 372 0.00824156 -0.999964 0.00213918 2.13117 0.00639277 -0.00208652 -0.999977 0.0406866 0.999946 0.00825505 0.00637534 -0.00952318
1548808732712858368 381 0.00265785 -0.999992 0.00302573 2.2297 0.00577441 -0.00301034 -0.999979 0.0459099 0.99998 0.00267527 0.00576636 -0.00742499
1548808732779534336 383 0.00489492 -0.999988 0.000802574 2.24835 0.00987769 -0.000754194 -0.999951 0.0448301 0.999939 0.00490261 0.00987387 -0.00699517
1548808733079573248 392 0.00208634 -0.999978 0.00628774 2.34354 0.00454924 -0.0062782 -0.99997 0.0490576 0.999987 0.00211488 0.00453604 -0.00477119
1548808733279600384 398 0.000723885 -0.999992 0.00404022 2.40623 0.00476115 -0.00403673 -0.999981 0.0544161 0.999988 0.000743107 0.00475819 -0.00614735
1548808733546301184 406 0.000886837 -0.999999 -0.000487446 2.49233 0.00616213 0.000492902 -0.999981 0.0561906 0.999981 0.000883816 0.00616256 -0.00694923
1548808733679652352 410 0.00105455 -0.999999 -0.00131198 2.53666 0.00443702 0.00131665 -0.999989 0.0549645 0.99999 0.00104872 0.0044384 -0.00523679
1548808733846341376 415 0.000609752 -0.999996 -0.00264676 2.58749 0.00470359 0.0026496 -0.999985 0.056681 0.999989 0.000597294 0.00470519 -0.00355551
1548808733979692288 419 0.000386548 -0.999994 -0.0033799 2.62138 0.00744937 0.00338268 -0.999967 0.0598282 0.999972 0.000361357 0.00745064 -0.00310234
1548808734179718400 425 -0.00023581 -0.999998 -0.00219222 2.66333 0.00670429 0.00219059 -0.999975 0.0604838 0.999977 -0.000250501 0.00670375 -0.00052395
1548808734413082368 432 -0.000578085 -0.999951 -0.0099015 2.71442 0.00692809 0.00989726 -0.999927 0.0637109 0.999976 -0.000646641 0.00692203 -0.000169289
1548808734613109248 438 -0.000205819 -0.999979 -0.00641914 2.71451 0.00576445 0.00641785 -0.999963 0.0618252 0.999983 -0.000242814 0.00576301 0.000343682
1548808735013161216 450 0.000395459 -0.999991 -0.0042889 2.71676 0.00590955 0.00429116 -0.999973 0.0621206 0.999982 0.000370103 0.00591119 0.0015557
1548808735113174272 453 0.000220577 -0.999984 -0.00564409 2.73834 0.00624351 0.00564536 -0.999965 0.0638937 0.99998 0.00018533 0.00624465 0.00137497
1548808735313201408 459 -0.00188398 -0.999964 -0.00830048 2.80677 0.00811229 0.00828494 -0.999933 0.0672221 0.999965 -0.00195119 0.00809639 0.00290949
1548808735479889408 464 -0.000793108 -0.999977 -0.00674733 2.86556 0.00795403 0.00674081 -0.999946 0.0711282 0.999968 -0.000846733 0.0079485 0.00484746
1548808735579903232 467 0.000342488 -0.999992 -0.00389439 2.9001 0.00548466 0.00389621 -0.999977 0.0710363 0.999985 0.000321121 0.00548595 0.0118743
1548808735646578176 469 0.000444918 -0.99997 -0.00772301 2.93051 0.00529802 0.00772526 -0.999956 0.0703558 0.999986 0.000403981 0.0053013 0.0119682
1548808735746591232 472 0.000858879 -0.999994 -0.00347334 2.97051 0.00693084 0.00347921 -0.99997 0.0716041 0.999976 0.00083478 0.00693379 0.0107028
1548808735879942400 476 0.00106226 -0.999998 -0.0014223 3.02537 0.00748966 0.00143022 -0.999971 0.074269 0.999971 0.00105157 0.00749117 0.0139839
1548808735979955200 479 -0.00282715 -0.999995 -0.00132123 3.06563 0.0104327 0.00129167 -0.999945 0.0776623 0.999942 -0.00284078 0.010429 0.0136932
1548808736046631424 481 -0.00353311 -0.999994 -0.000443999 3.09665 0.00658514 0.000420726 -0.999978 0.0782265 0.999972 -0.00353596 0.00658361 0.0171169
1548808736146644224 484 -0.000449595 -0.999992 0.00398206 3.15338 0.00605394 -0.00398471 -0.999974 0.0815703 0.999982 -0.000425476 0.00605569 0.0173052
1548808736213011200 486 -0.00144854 -0.999993 0.00345324 3.19664 0.00730207 -0.00346373 -0.999967 0.0834954 0.999972 -0.00142327 0.00730703 0.0171595
1548808736246349312 487 -0.00220952 -0.999984 0.00523247 3.22061 0.00620514 -0.00524609 -0.999967 0.0834088 0.999978 -0.00217698 0.00621663 0.0171947
1548808736346362368 490 -0.000594071 -0.999998 0.0021188 3.28724 0.00756963 -0.00212324 -0.999969 0.0849775 0.999971 -0.000578014 0.00757087 0.0175274
1548808736413038336 492 -0.00129069 -0.999979 0.00627237 3.32999 0.0081645 -0.00628271 -0.999947 0.0864684 0.999966 -0.00123941 0.00817244 0.0191787
1548808736546389248 496 -0.00445003 -0.999978 0.00484021 3.41369 0.00696899 -0.00487115 -0.999964 0.0883219 0.999966 -0.00441614 0.00699052 0.0208678
1548808736646402304 499 -0.00442174 -0.99998 0.00445655 3.47613 0.00849056 -0.00449398 -0.999954 0.0897634 0.999954 -0.0043837 0.00851027 0.0221987
1548808736746415360 502 -0.00769301 -0.99995 0.00637323 3.53995 0.0054935 -0.00641559 -0.999964 0.0893258 0.999955 -0.00765772 0.00554258 0.0233402
1548808736813090304 504 -0.00533493 -0.999984 0.0020165 3.58507 0.00674549 -0.00205247 -0.999975 0.0892072 0.999963 -0.00532119 0.00675633 0.0230688
1548808736946441216 508 -0.00613092 -0.999972 0.00430339 3.67106 0.0111962 -0.00437185 -0.999928 0.0934899 0.999919 -0.00608229 0.0112227 0.0215239
1548808737013117184 510 -0.00481112 -0.999985 0.00261146 3.71068 0.00944878 -0.00265683 -0.999952 0.094975 0.999944 -0.00478621 0.00946142 0.0238206
1548808737146468352 514 -0.00506601 -0.99998 0.00375004 3.79845 0.00899911 -0.00379553 -0.999952 0.0964105 0.999947 -0.00503203 0.00901816 0.0236853
1548808737246481408 517 -0.0048494 -0.999988 -0.00105604 3.86867 0.00890084 0.00101285 -0.99996 0.0989382 0.999949 -0.00485861 0.00889582 0.026657
1548808737313659392 519 -0.00555484 -0.999985 0.000314938 3.91837 0.00392543 -0.000336746 -0.999992 0.100998 0.999977 -0.00555356 0.00392724 0.0253836
1548808737346997248 520 -0.00233087 -0.999997 0.000131501 3.94239 0.00667218 -0.00014705 -0.999978 0.102065 0.999975 -0.00232994 0.00667251 0.0258775
1548808737480348416 524 -0.00320767 -0.999992 -0.00245513 4.04398 0.000112197 0.00245478 -0.999997 0.104012 0.999995 -0.00320794 0.000104322 0.0256875
1548808737547023360 526 -0.0037363 -0.999991 -0.0019171 4.09365 0.00205626 0.00190943 -0.999996 0.105159 0.999991 -0.00374023 0.00204911 0.025102
1548808737647037184 529 -0.00471045 -0.999987 -0.0021755 4.1676 0.00189126 0.00216661 -0.999996 0.104942 0.999987 -0.00471455 0.00188102 0.025754
1548808737780387328 533 -0.00174757 -0.99999 -0.00413153 4.26791 -0.000486034 0.00413238 -0.999991 0.110038 0.999998 -0.00174554 -0.00049325 0.0288988
1548808737847063296 535 -0.00320862 -0.999987 -0.00407463 4.31942 0.00206288 0.00406802 -0.99999 0.110634 0.999993 -0.00321699 0.0020498 0.0275871
1548808737880401408 536 -0.00427915 -0.99997 -0.00646608 4.3462 0.00236556 0.006456 -0.999976 0.111512 0.999988 -0.00429434 0.00233786 0.0312257
1548808737947076352 538 -0.00282984 -0.999983 -0.00501058 4.39729 -0.00112192 0.00501377 -0.999987 0.112419 0.999995 -0.00282418 -0.00113609 0.0335879
1548808738047089408 541 -0.00494314 -0.999967 -0.00638436 4.46987 0.00352153 0.00636699 -0.999974 0.112333 0.999982 -0.00496549 0.00348994 0.0335644
1548808738147102208 544 -0.00363294 -0.999993 -0.00132627 4.5408 0.00844069 0.00129556 -0.999964 0.116001 0.999958 -0.003644 0.00843592 0.032542
1548808738213778176 546 -0.0024124 -0.999997 0.000536484 4.58741 0.00282543 -0.0005433 -0.999996 0.117706 0.999993 -0.00241087 0.00282673 0.035159
1548808738247116288 547 -0.00439114 -0.999987 0.00259822 4.60994 0.00312729 -0.00261197 -0.999992 0.11618 0.999985 -0.00438298 0.00313872 0.0356382
1548808738347129344 550 0.000783631 -0.999997 0.00234762 4.6795 0.000681803 -0.00234708 -0.999997 0.118887 0.999999 0.000785229 0.000679962 0.036133
1548808738447142400 553 -0.00343083 -0.999988 0.00360519 4.7438 0.000152068 -0.00360573 -0.999993 0.122714 0.999994 -0.00343026 0.000164437 0.036645
1548808738547155200 556 -0.00149375 -0.999991 0.00390194 4.80484 -0.00243592 -0.00389829 -0.999989 0.12782 0.999996 -0.00150324 -0.00243007 0.0386628
1548808738647168256 559 -0.00266072 -0.999978 0.00606146 4.87049 -0.0032859 -0.00605271 -0.999976 0.129285 0.999991 -0.00268057 -0.00326973 0.0391782
1548808738713844224 561 -0.00197175 -0.999975 0.00673861 4.91668 -0.00251505 -0.00673364 -0.999974 0.131162 0.999995 -0.00198865 -0.00250171 0.0375805
1548808738780519424 563 -0.00250711 -0.999974 0.00670944 4.96054 -0.000353096 -0.00670858 -0.999977 0.134712 0.999997 -0.00250942 -0.000336268 0.0371546
1548808738947208192 568 -0.00713915 -0.999971 0.00256454 5.01951 -0.00142066 -0.00255446 -0.999996 0.137405 0.999974 -0.00714276 -0.00140238 0.0366294
1548808739413936384 582 -0.00782109 -0.999936 0.00822255 5.01637 -0.00267447 -0.00820186 -0.999963 0.137102 0.999966 -0.00784279 -0.00261015 0.0374149
1548808739647300352 589 -0.00710423 -0.999948 0.0073007 5.0455 -0.00275157 -0.00728131 -0.99997 0.137709 0.999971 -0.0071241 -0.0026997 0.0383486
1548808739847326208 595 -0.00956829 -0.999874 0.0126319 5.08429 -0.00259331 -0.0126077 -0.999917 0.140903 0.999951 -0.00960025 -0.00247235 0.040764
1548808739980677376 599 -0.00749719 -0.999911 0.0110635 5.1154 -0.00204633 -0.0110484 -0.999937 0.141431 0.99997 -0.00751936 -0.00196332 0.0402865
1548808740214041344 606 -0.00913628 -0.999897 0.0110324 5.17302 -0.000558521 -0.0110277 -0.999939 0.143233 0.999958 -0.00914188 -0.000457712 0.0419572
1548808740414068224 612 -0.0100265 -0.999909 0.0090783 5.22818 -0.000559432 -0.00907315 -0.999959 0.145852 0.99995 -0.0100312 -0.000468409 0.0470596
1548808740580756224 617 -0.00871278 -0.999939 0.00680176 5.28063 0.000189886 -0.00680368 -0.999977 0.146883 0.999962 -0.00871129 0.000249153 0.0420171
1548808740714107392 621 -0.0091224 -0.999948 0.00451689 5.32472 0.000163464 -0.00451857 -0.99999 0.148926 0.999958 -0.00912157 0.000204676 0.0429994
1548808740847458304 625 -0.0101503 -0.99993 0.00614026 5.37276 0.000514686 -0.0061458 -0.999981 0.149274 0.999948 -0.0101469 0.000577031 0.0461069
1548808740980809216 629 -0.00921985 -0.999953 0.00306139 5.41672 2.44243e-05 -0.00306175 -0.999995 0.150145 0.999957 -0.00921974 5.2652e-05 0.0464403
1548808741147498240 634 -0.00849242 -0.999964 -0.000137162 5.47279 0.00022223 0.00013528 -1 0.151388 0.999964 -0.00849245 0.000221074 0.0450848
1548808741314186240 639 -0.0088751 -0.999956 -0.00291246 5.52948 -0.000104172 0.0029135 -0.999996 0.152235 0.999961 -0.00887476 -0.000130025 0.0473541
1548808741580888320 647 -0.00878454 -0.99995 -0.00469991 5.61682 0.0020979 0.00468165 -0.999987 0.154334 0.999959 -0.00879428 0.00205667 0.0493163
1548808741714239232 651 -0.00971035 -0.999926 -0.00726725 5.65838 0.00210196 0.00724717 -0.999972 0.156732 0.999951 -0.00972535 0.00203143 0.0488068
1548808741947603200 658 -0.00832228 -0.999949 -0.00564879 5.73214 0.00232073 0.00562966 -0.999981 0.156596 0.999963 -0.00833524 0.00227376 0.0482447
1548808742180464384 665 -0.00955312 -0.999945 -0.00426807 5.80464 0.00184532 0.00425063 -0.999989 0.158203 0.999953 -0.0095609 0.00180461 0.0487083
1548808742347153408 670 -0.00885852 -0.999952 -0.00408239 5.85937 0.00483858 0.00403964 -0.99998 0.160107 0.999949 -0.00887809 0.00480256 0.048777
1548808742480504320 674 -0.00991143 -0.999947 0.0027203 5.90015 0.00659624 -0.00278575 -0.999974 0.162312 0.999929 -0.00989324 0.0066235 0.0498277
1548808742713868288 681 -0.0101123 -0.999944 0.00313016 5.97314 0.00866273 -0.0032178 -0.999957 0.165579 0.999911 -0.0100848 0.00869479 0.050006
1548808742847219200 685 -0.00979114 -0.999931 0.00643528 6.01547 0.00938231 -0.00652717 -0.999935 0.168077 0.999908 -0.00973013 0.00944557 0.0484534
1548808743013907200 690 -0.0114713 -0.999904 0.00780438 6.06782 0.00861876 -0.00790347 -0.999932 0.172566 0.999897 -0.0114033 0.0087086 0.0516662
1548808743147258368 694 -0.0154488 -0.999816 0.0113785 6.1112 0.00789031 -0.0115014 -0.999903 0.17456 0.99985 -0.0153575 0.00806654 0.0548558
1548808743280609280 698 -0.0159567 -0.999816 0.0106166 6.15307 0.0120667 -0.0108098 -0.999869 0.177441 0.9998 -0.0158265 0.012237 0.0551875
1548808743513973248 705 -0.0171793 -0.999609 0.0220547 6.22337 0.00966908 -0.022223 -0.999706 0.18333 0.999806 -0.016961 0.0100471 0.0579207
1548808743814013184 714 -0.0184701 -0.999555 0.0234134 6.31584 0.009929 -0.0235996 -0.999672 0.1857 0.99978 -0.0182315 0.0103605 0.0594986
1548808744047377408 721 -0.019935 -0.999496 0.024723 6.38919 0.00836362 -0.0248938 -0.999655 0.189784 0.999766 -0.0197214 0.00885566 0.0647656
1548808744214065408 726 -0.0184512 -0.999552 0.023565 6.44199 0.00476513 -0.0236566 -0.999709 0.191479 0.999818 -0.0183336 0.00519949 0.0736831
1548808744347416320 730 -0.0176472 -0.999628 0.0207716 6.48545 0.00463306 -0.0208564 -0.999772 0.194344 0.999834 -0.0175469 0.0049994 0.0783982
1548808744447429376 733 -0.0203657 -0.999551 0.0219763 6.51584 0.00521015 -0.0220867 -0.999742 0.194329 0.999779 -0.020246 0.00565762 0.0797121
1548808744647456256 739 -0.0206274 -0.999593 0.0197251 6.57909 0.00617332 -0.0198562 -0.999784 0.197281 0.999768 -0.0205012 0.00658039 0.0818592
1548808744880820224 746 -0.0201447 -0.99952 0.0235536 6.6522 0.00417043 -0.0236422 -0.999712 0.201809 0.999788 -0.0200407 0.00464469 0.0869701
1548808745147522304 754 -0.0178406 -0.99958 0.0228207 6.73798 -0.000121734 -0.0228221 -0.99974 0.206135 0.999841 -0.0178387 0.000285476 0.0928038
1548808745314210304 759 -0.0191964 -0.999636 0.018954 6.79018 0.00118711 -0.0189802 -0.999819 0.208861 0.999815 -0.0191704 0.00155103 0.0995308
1548808745580912384 767 -0.0190796 -0.999622 0.0198165 6.87405 -0.00117143 -0.0197977 -0.999803 0.213671 0.999817 -0.019099 -0.000793257 0.106333
1548808745847614208 775 -0.0193776 -0.999671 0.0168169 6.96142 -0.00100156 -0.0168006 -0.999858 0.216529 0.999812 -0.0193917 -0.000675674 0.108321
1548808745980965376 779 -0.0196094 -0.999628 0.0189412 7.00087 -0.00161358 -0.0189132 -0.99982 0.217781 0.999806 -0.0196364 -0.00124211 0.110011
1548808746180991232 785 -0.0197052 -0.999646 0.0178634 7.06453 -0.003356 -0.0178007 -0.999836 0.218809 0.9998 -0.0197619 -0.00300405 0.111872
1548808746414355200 792 -0.0182914 -0.999756 0.0124048 7.1413 -0.00226962 -0.0123653 -0.999921 0.215252 0.99983 -0.0183181 -0.00204289 0.110407
1548808746581044224 797 -0.0195361 -0.999757 0.0102445 7.1951 -0.00189727 -0.0102094 -0.999946 0.2171 0.999807 -0.0195544 -0.00169736 0.112539
1548808746847746304 805 -0.0212172 -0.999734 0.00903292 7.28003 -0.00266324 -0.0089784 -0.999956 0.220077 0.999771 -0.0212403 -0.00247203 0.11478
1548808747047772416 811 -0.0203899 -0.99973 0.0111549 7.34415 -0.00502661 -0.0110545 -0.999926 0.228226 0.999779 -0.0204444 -0.00479985 0.114791
1548808747281136384 818 -0.0218989 -0.999726 0.00828552 7.41526 -0.00381508 -0.00820388 -0.999959 0.230059 0.999753 -0.0219296 -0.00363438 0.12157
1548808747547838208 826 -0.0260173 -0.999612 0.00992184 7.49957 -0.00480335 -0.00980008 -0.99994 0.235214 0.99965 -0.0260634 -0.00454651 0.1268
1548808747747864320 832 -0.0266174 -0.999569 0.0123982 7.56381 -0.00475595 -0.0122758 -0.999913 0.239131 0.999634 -0.026674 -0.00442715 0.130697
1548808747981228288 839 -0.0268219 -0.99951 0.0161257 7.63435 -0.00347068 -0.0160383 -0.999865 0.245009 0.999634 -0.0268743 -0.0030388 0.131255
1548808748147917312 844 -0.0297968 -0.999371 0.0192062 7.68179 -0.00185049 -0.0191595 -0.999815 0.246312 0.999554 -0.0298268 -0.00127844 0.133406
1548808748314606336 849 -0.0282988 -0.999393 0.0203391 7.73449 7.73369e-05 -0.0203494 -0.999793 0.248241 0.9996 -0.0282914 0.000653156 0.133365
1548808748514632192 855 -0.0282658 -0.99939 0.0204916 7.79599 0.00388522 -0.0206095 -0.99978 0.248945 0.999593 -0.02818 0.0044654 0.133625
1548808748781334272 863 -0.0251642 -0.99942 0.022945 7.87755 0.00307676 -0.0230296 -0.99973 0.253339 0.999679 -0.0250868 0.0036545 0.134709
1548808748948022272 868 -0.024576 -0.999485 0.0206142 7.93095 0.00358484 -0.0207084 -0.999779 0.257416 0.999692 -0.0244967 0.00409192 0.134369
1548808749081373184 872 -0.0257746 -0.999382 0.0239007 7.97567 -0.000857869 -0.0238865 -0.999714 0.259037 0.999667 -0.0257878 -0.000241673 0.134805
1548808749314737408 879 -0.0244382 -0.999528 0.0186112 8.05227 0.00105354 -0.0186425 -0.999826 0.261946 0.999701 -0.0244143 0.00150863 0.135102
1548808749448088320 883 -0.0255571 -0.99949 0.0191509 8.09502 -0.0039873 -0.0190551 -0.99981 0.266021 0.999665 -0.0256286 -0.00349827 0.137814
1548808749581439232 887 -0.0230082 -0.999621 0.0151119 8.13592 -0.00429038 -0.015017 -0.999878 0.263854 0.999726 -0.0230702 -0.00394324 0.137732
1548808749781465344 893 -0.0227313 -0.999641 0.0141923 8.20215 -0.0050779 -0.0140803 -0.999888 0.26634 0.999729 -0.0228008 -0.00475602 0.135607
1548808749914816256 897 -0.0239146 -0.999632 0.0127954 8.2435 -0.00260288 -0.0127368 -0.999915 0.26422 0.999711 -0.0239459 -0.00229733 0.135695
1548808750081505280 902 -0.0236874 -0.999629 0.0134357 8.29527 -0.00400747 -0.0133445 -0.999903 0.267667 0.999711 -0.023739 -0.00368988 0.137347
1548808750214856192 906 -0.022481 -0.999693 0.0103713 8.33709 -0.00369406 -0.0102907 -0.99994 0.268568 0.99974 -0.022518 -0.00346158 0.138491
1548808750381544192 911 -0.0217654 -0.999694 0.0117428 8.38632 -0.00354201 -0.0116684 -0.999926 0.270394 0.999757 -0.0218053 -0.00328696 0.144441
1548808750514895360 915 -0.0203007 -0.999741 0.0102597 8.4288 -0.00155377 -0.0102302 -0.999946 0.272863 0.999793 -0.0203155 -0.00134568 0.14639
1548808750648246272 919 -0.0183075 -0.999731 0.0142362 8.47232 -0.00070753 -0.0142256 -0.999899 0.272448 0.999832 -0.0183157 -0.000446904 0.148393
1548808750748259328 922 -0.0183451 -0.999693 0.0166465 8.50665 -0.00174504 -0.0166173 -0.99986 0.273885 0.99983 -0.0183716 -0.00143966 0.150004
1548808750814935296 924 -0.016079 -0.999789 0.0128059 8.52832 -0.00109042 -0.01279 -0.999918 0.275288 0.99987 -0.0160916 -0.000884537 0.150737
1548808750981624320 929 -0.013676 -0.999796 0.0148664 8.58079 3.8738e-05 -0.0148684 -0.999889 0.278549 0.999906 -0.0136739 0.000242069 0.152282
1548808751081637376 932 -0.0151772 -0.999781 0.0144416 8.61103 0.00125426 -0.0144623 -0.999895 0.280252 0.999884 -0.0151575 0.00147348 0.153091
1548808751248325376 937 -0.0121562 -0.999774 0.0174297 8.66297 0.00035335 -0.0174353 -0.999848 0.282804 0.999926 -0.0121482 0.000565217 0.155516
1548808751415014400 942 -0.0102192 -0.999697 0.0223722 8.71469 -0.00136976 -0.0223594 -0.999749 0.284585 0.999947 -0.0102473 -0.00114086 0.156107
1548808751615040256 948 -0.00899219 -0.999777 0.0191201 8.77835 -0.0032368 -0.0190917 -0.999812 0.285921 0.999954 -0.0090524 -0.0030644 0.15947
1548808751815067392 954 -0.0100845 -0.999849 0.0141413 8.84272 -0.00335812 -0.0141081 -0.999895 0.285735 0.999944 -0.010131 -0.00321534 0.160611
1548808752048431360 961 -0.00915011 -0.999923 0.00835227 8.91778 -0.00212825 -0.00833313 -0.999963 0.288661 0.999956 -0.00916755 -0.00205183 0.162971
1548808752281795328 968 -0.00488727 -0.999955 0.0081675 8.99416 -0.000630902 -0.00816451 -0.999966 0.293278 0.999988 -0.00489226 -0.000590971 0.162842
1548808752515159296 975 -0.00535683 -0.999953 0.00807488 9.06794 0.00293194 -0.00809067 -0.999963 0.297273 0.999981 -0.00533296 0.00297515 0.16066
1548808752681847296 980 -0.00256738 -0.999963 0.00825545 9.11922 0.0027102 -0.0082624 -0.999962 0.298658 0.999993 -0.00254491 0.00273131 0.161431
1548808752915212288 987 -0.000696217 -0.999962 0.00873628 9.19322 -0.000420465 -0.00873599 -0.999962 0.301087 1 -0.000699863 -0.000414367 0.163083
1548808753148576256 994 0.00206972 -0.999935 0.0111676 9.2639 -0.000609498 -0.0111689 -0.999937 0.301606 0.999998 0.00206279 -0.000632575 0.164144
1548808753381940224 1001 0.00320405 -0.999951 0.00937332 9.3329 0.00138948 -0.0093689 -0.999955 0.304314 0.999994 0.00321693 0.0013594 0.164072
1548808753548628224 1006 0.00492471 -0.999934 0.0103477 9.38253 0.00418879 -0.0103271 -0.999938 0.308027 0.999979 0.00496775 0.00413765 0.160649
1548808753781992192 1013 0.00922173 -0.999857 0.0141458 9.45214 0.00881601 -0.0140645 -0.999862 0.31206 0.999919 0.00934517 0.00868506 0.156819
1548808753915343360 1017 0.0121046 -0.999864 0.0111766 9.49258 0.00783898 -0.0110822 -0.999908 0.313034 0.999896 0.0121911 0.00770377 0.160436
1548808754115370240 1023 0.0197181 -0.999722 0.0129617 9.55286 0.00497624 -0.012866 -0.999905 0.313997 0.999793 0.0197807 0.00472116 0.16011
1548808754282058240 1028 0.0338797 -0.999328 0.0140233 9.60636 0.0067063 -0.0138037 -0.999882 0.315374 0.999403 0.0339697 0.00623412 0.159208
1548808754415409408 1032 0.0495566 -0.998685 0.0131026 9.64774 0.00600945 -0.0128203 -0.9999 0.316032 0.998753 0.0496304 0.00536622 0.157595
1548808754482085376 1034 0.0572126 -0.998246 0.0151918 9.66588 0.00688708 -0.0148217 -0.999866 0.314655 0.998338 0.0573096 0.00602701 0.159145
1548808754648773376 1039 0.0552815 -0.998348 0.0156688 9.71592 0.00673904 -0.0153194 -0.99986 0.316435 0.998448 0.0553794 0.00588103 0.159141
1548808754815462400 1044 0.057308 -0.998272 0.0129675 9.76872 0.00574187 -0.012659 -0.999903 0.319094 0.99834 0.0573769 0.00500649 0.156736
1548808754915475200 1047 0.0554352 -0.998393 0.011782 9.79723 0.00421519 -0.011566 -0.999924 0.322089 0.998453 0.0554807 0.00356725 0.156386
1548808755048826368 1051 0.0510641 -0.998583 0.0149732 9.83588 0.00456956 -0.0147589 -0.999881 0.326084 0.998685 0.0511265 0.00380943 0.152952
1548808755215515392 1056 0.0442042 -0.998939 0.0129162 9.89245 0.00318012 -0.0127881 -0.999913 0.327077 0.999017 0.0442414 0.00261146 0.148506
1548808755315528192 1059 0.0322166 -0.999351 0.0161237 9.9221 0.00267757 -0.0160457 -0.999868 0.329266 0.999477 0.0322555 0.0021589 0.147682
1548808755382203392 1061 0.0249426 -0.999609 0.0126555 9.94401 0.000606643 -0.0126443 -0.99992 0.331068 0.999689 0.0249483 0.000291024 0.147178
1548808755548892416 1066 0.00383538 -0.999918 0.0122139 10.0019 -0.00279665 -0.0122246 -0.999921 0.331641 0.999989 0.00380092 -0.00284331 0.142936
1548808755615567360 1068 -0.00503652 -0.999865 0.0156266 10.0209 -0.00118194 -0.0156208 -0.999877 0.335208 0.999987 -0.00505437 -0.00110311 0.148189
1548808755682243328 1070 -0.0114595 -0.999902 0.0080358 10.0477 -0.000708471 -0.00802821 -0.999968 0.332637 0.999934 -0.0114648 -0.000616403 0.137522
1548808755782256384 1073 -0.0162855 -0.999801 0.0114815 10.0753 -0.00168326 -0.0114556 -0.999933 0.336286 0.999866 -0.0163037 -0.00149637 0.143841
1548808755948945408 1078 -0.0114921 -0.999863 0.0119114 10.1263 -0.0032802 -0.0118744 -0.999924 0.338899 0.999929 -0.0115303 -0.00314329 0.145184
1548808756115633408 1083 -0.0102742 -0.999863 0.012972 10.1768 -0.00280136 -0.0129438 -0.999912 0.338866 0.999943 -0.0103096 -0.00266799 0.146688
1548808756248984320 1087 -0.00293333 -0.999947 0.0098314 10.2227 -0.000752813 -0.00982923 -0.999951 0.340937 0.999995 -0.00294059 -0.000723941 0.144631
1548808756315660288 1089 0.00118849 -0.999975 0.00695714 10.2434 -3.65817e-05 -0.00695719 -0.999976 0.341025 0.999999 0.00118821 -4.48494e-05 0.142162
1548808756449010176 1093 0.0110623 -0.999875 0.0113103 10.2841 1.82594e-05 -0.0113108 -0.999936 0.340116 0.999939 0.0110618 -0.000106866 0.141591
1548808756615699200 1098 0.0241221 -0.999668 0.00908901 10.3352 -0.000588112 -0.00910584 -0.999958 0.341772 0.999709 0.0241157 -0.000807568 0.141566
1548808756749050368 1102 0.0373428 -0.999232 0.0118551 10.3744 -0.00155569 -0.0119215 -0.999928 0.342749 0.999301 0.0373216 -0.00199968 0.143624
1548808756882401280 1106 0.0451177 -0.998927 0.010473 10.4159 -0.0014227 -0.0105479 -0.999943 0.343947 0.998981 0.0451003 -0.00189707 0.144013
1548808757049089280 1111 0.0559628 -0.998391 0.00916992 10.4692 0.000201072 -0.00917304 -0.999958 0.347751 0.998433 0.0559623 -0.000312601 0.143471
1548808757215778304 1116 0.0669264 -0.997722 0.00841326 10.5241 0.00033966 -0.00840939 -0.999965 0.349723 0.997758 0.0669269 -0.000223923 0.140411
1548808757382467328 1121 0.0724575 -0.997332 0.00888388 10.5754 -0.000267091 -0.00892669 -0.99996 0.350751 0.997371 0.0724522 -0.000913184 0.138279
1548808757582493184 1127 0.0747724 -0.99718 0.00641918 10.6395 -0.00161945 -0.00655862 -0.999977 0.35327 0.997199 0.0747603 -0.00210528 0.135041
1548808757682506240 1130 0.0741382 -0.997235 0.00508513 10.6725 5.69835e-05 -0.00509493 -0.999987 0.355736 0.997248 0.0741376 -0.000320903 0.132688
1548808757815857408 1134 0.0743432 -0.997223 0.00449222 10.7157 0.0013791 -0.00440188 -0.999989 0.357566 0.997232 0.0743486 0.00104802 0.129352
1548808757982546176 1139 0.0742529 -0.997229 0.00450243 10.7694 -0.000110413 -0.00452311 -0.99999 0.35729 0.997239 0.0742516 -0.000445961 0.123367
1548808758149234176 1144 0.0694245 -0.997566 0.00643565 10.8208 -0.000575801 -0.00649128 -0.999979 0.357944 0.997587 0.0694193 -0.00102505 0.119329
1548808758282585344 1148 0.0663266 -0.997796 0.00217736 10.867 -0.0005658 -0.00221978 -0.999997 0.359984 0.997798 0.0663252 -0.000711783 0.113954
1548808758415936256 1152 0.0614116 -0.9981 0.00494353 10.9123 0.000455999 -0.00492482 -0.999988 0.360157 0.998112 0.0614131 0.000152691 0.110086
1548808758549287424 1156 0.0570929 -0.998367 0.00201673 10.9569 0.00134211 -0.00194328 -0.999997 0.3594 0.998368 0.0570954 0.00122897 0.106862
1548808758715976192 1161 0.0474167 -0.998873 0.00210278 11.0126 0.00261624 -0.00198094 -0.999995 0.361263 0.998872 0.047422 0.00251936 0.103258
1548808758882664192 1166 0.0400276 -0.99919 0.00405186 11.0662 0.00483966 -0.00386119 -0.999981 0.362466 0.999187 0.0400465 0.00468119 0.099949
1548808759082691328 1172 0.031782 -0.999484 0.00461836 11.1307 0.00660021 -0.00441072 -0.999968 0.362139 0.999473 0.0318115 0.00645663 0.0963033
1548808759249379328 1177 0.0308796 -0.999495 0.00746459 11.1858 0.00439029 -0.00733244 -0.999963 0.3628 0.999513 0.0309112 0.00416165 0.0945177
1548808759416068352 1182 0.0296769 -0.999486 0.0120891 11.2389 0.00362207 -0.0119868 -0.999922 0.366032 0.999553 0.0297184 0.00326448 0.095052
1548808759516081408 1185 0.0284396 -0.99953 0.0114718 11.2722 0.00300954 -0.0113907 -0.999931 0.366962 0.999591 0.0284722 0.00268418 0.0938387
1548808759649432320 1189 0.0283682 -0.999496 0.0142593 11.3156 0.00253102 -0.0141932 -0.999896 0.369807 0.999594 0.0284014 0.00212711 0.0929186
1548808759782783232 1193 0.0298102 -0.999439 0.0152356 11.3592 0.00191709 -0.0151852 -0.999883 0.372823 0.999554 0.0298359 0.00146334 0.0895886
1548808759882796288 1196 0.0287688 -0.999494 0.013576 11.3915 0.00353724 -0.0134797 -0.999903 0.371603 0.99958 0.028814 0.00314766 0.0890721
1548808759982809344 1199 0.0289253 -0.999506 0.0122909 11.424 0.00533902 -0.0121414 -0.999912 0.372918 0.999567 0.0289884 0.00498519 0.0886472
1548808760149498368 1204 0.0264789 -0.999527 0.0156147 11.4785 0.00507283 -0.0154856 -0.999867 0.376438 0.999637 0.0265546 0.0046604 0.0872232
1548808760349524224 1210 0.02557 -0.999564 0.0147795 11.5428 0.00610832 -0.0146278 -0.999874 0.379075 0.999654 0.0256571 0.00573162 0.084369
1548808760516213248 1215 0.0259221 -0.999512 0.0174048 11.5968 0.00575212 -0.0172612 -0.999834 0.383599 0.999647 0.0260179 0.00530187 0.0810175
1548808760816252416 1224 0.0285738 -0.999482 0.0148384 11.6967 0.00306539 -0.0147568 -0.999886 0.386082 0.999587 0.028616 0.00264215 0.0753806
1548808761149630208 1234 0.0256413 -0.999504 0.0182826 11.8041 0.00577519 -0.0181402 -0.999819 0.390598 0.999655 0.0257422 0.00530719 0.0726694
1548808761382994176 1241 0.0255674 -0.999541 0.0162583 11.8788 0.00720276 -0.016079 -0.999845 0.394077 0.999647 0.0256806 0.00678835 0.0744789
1548808761616358400 1248 0.0252802 -0.999464 0.0207966 11.9577 0.00976313 -0.0205554 -0.999741 0.39854 0.999633 0.0254767 0.00923825 0.0669638
1548808761783046400 1253 0.0260638 -0.999429 0.0215248 12.0081 0.00780432 -0.0213281 -0.999742 0.398685 0.99963 0.0262251 0.00724397 0.0685576
1548808761916397312 1257 0.0224827 -0.999574 0.0186157 12.0497 0.00611208 -0.0184826 -0.99981 0.400642 0.999729 0.0225923 0.00569394 0.0732881
1548808762083086336 1262 0.0221041 -0.99961 0.017066 12.1062 0.00769852 -0.0168995 -0.999828 0.403736 0.999726 0.0222316 0.00732197 0.0737487
1548808762316450304 1269 0.0244769 -0.999552 0.0172391 12.1859 0.00954079 -0.0170099 -0.99981 0.413843 0.999655 0.0246367 0.00912016 0.0688873
1548808762549814272 1276 0.0232318 -0.999633 0.0139155 12.2607 0.00933641 -0.0137017 -0.999863 0.417114 0.999687 0.0233585 0.00901467 0.0674638
1548808762783178240 1283 0.0230775 -0.99968 0.0103639 12.3366 0.0065588 -0.010215 -0.999926 0.422625 0.999712 0.0231437 0.00632096 0.0656027
1548808762949867264 1288 0.0224828 -0.999683 0.0113546 12.3894 0.00706383 -0.0111983 -0.999912 0.424462 0.999722 0.0225611 0.00680981 0.0646254
1548808763149893376 1294 0.0215732 -0.999697 0.0118592 12.4545 0.00470562 -0.0117603 -0.99992 0.42598 0.999756 0.0216273 0.00445049 0.0630625
1548808763316582400 1299 0.0223492 -0.999681 0.0117439 12.5084 0.0049855 -0.0116352 -0.99992 0.428869 0.999738 0.0224059 0.00472387 0.0614167
1548808763516608256 1305 0.021568 -0.999706 0.0110755 12.5716 0.00795644 -0.0109061 -0.999909 0.427997 0.999736 0.0216542 0.00771888 0.0596387
1548808763749972224 1312 0.020668 -0.999664 0.0156358 12.645 0.00885351 -0.0154555 -0.999841 0.432809 0.999747 0.0208032 0.0085311 0.0587442
1548808764016674304 1320 0.020622 -0.999696 0.0135126 12.7287 0.0115292 -0.0132768 -0.999845 0.437651 0.999721 0.0207746 0.0112519 0.058039
1548808764216700416 1326 0.0198148 -0.999741 0.0111969 12.7928 0.0125661 -0.0109492 -0.999861 0.439178 0.999725 0.0199528 0.0123458 0.0580693
1548808764383389184 1331 0.0213441 -0.999634 0.016597 12.8447 0.00895034 -0.0164091 -0.999825 0.440994 0.999732 0.0214889 0.00859683 0.0580903
1548808764583415296 1337 0.022218 -0.999622 0.0161775 12.9091 0.00656965 -0.0160352 -0.99985 0.44211 0.999732 0.022321 0.0062109 0.0567911
1548808764750104320 1342 0.0220025 -0.999623 0.0164147 12.9617 0.00519419 -0.0163042 -0.999854 0.445318 0.999744 0.0220845 0.0048335 0.0588938
1548808764916793344 1347 0.0225123 -0.999628 0.0153927 13.0174 0.00528153 -0.0152774 -0.999869 0.448038 0.999733 0.0225906 0.00493563 0.0548776
1548808765183494400 1355 0.0219091 -0.999692 0.011669 13.1061 0.00469599 -0.0115687 -0.999922 0.450774 0.999749 0.0219622 0.00444108 0.0542451
1548808765316845312 1359 0.0211972 -0.999707 0.0116586 13.1488 0.00504649 -0.0115541 -0.999921 0.453027 0.999763 0.0212544 0.0048001 0.0568181
1548808765483534336 1364 0.0191197 -0.999679 0.0166011 13.2002 0.00495603 -0.0165091 -0.999851 0.45559 0.999805 0.0191992 0.00463879 0.0588747
1548808765716898304 1371 0.0190562 -0.999688 0.0161406 13.2748 0.00541502 -0.0160401 -0.999857 0.458814 0.999804 0.0191409 0.00510767 0.0606529
1548808765783573248 1373 0.0179994 -0.999651 0.0193607 13.2942 0.00519967 -0.01927 -0.999801 0.461841 0.999824 0.0180965 0.00485101 0.0632678
1548808765983600384 1379 0.0194782 -0.999634 0.0187728 13.3595 0.00481548 -0.0186823 -0.999814 0.464373 0.999799 0.0195649 0.00444982 0.0627615
1548808766116951296 1383 0.0181381 -0.999674 0.017975 13.4028 0.00760454 -0.0178395 -0.999812 0.464542 0.999807 0.0182714 0.00727849 0.0611032
1548808766316977408 1389 0.0185702 -0.999624 0.0201956 13.4683 0.00491836 -0.0201075 -0.999786 0.467835 0.999815 0.0186656 0.00454311 0.0607016
1548808766450328320 1393 0.0189682 -0.999691 0.0160475 13.5115 0.00569977 -0.015942 -0.999857 0.46916 0.999804 0.0190569 0.00539562 0.0613282
1548808766650354176 1399 0.0171329 -0.999727 0.0158843 13.5726 0.00736238 -0.01576 -0.999849 0.470946 0.999826 0.0172473 0.00709035 0.0611468
1548808766750367232 1402 0.0188755 -0.999682 0.0166921 13.6043 0.00811832 -0.0165412 -0.99983 0.471815 0.999789 0.0190078 0.00780352 0.0602119
1548808767050407424 1411 0.0181 -0.999592 0.0221172 13.6977 0.0053487 -0.0220237 -0.999743 0.47622 0.999822 0.0182137 0.00494789 0.0637757
1548808767150420224 1414 0.0176366 -0.999599 0.0221731 13.7301 0.00604208 -0.0220696 -0.999738 0.480345 0.999826 0.0177659 0.00565042 0.0621957
1548808767317109248 1419 0.0185498 -0.999704 0.0157438 13.7843 0.00794154 -0.0155987 -0.999847 0.479374 0.999796 0.018672 0.00764983 0.0640048
1548808767483797248 1424 0.0170232 -0.999735 0.0154879 13.8364 0.00934299 -0.0153304 -0.999839 0.481199 0.999811 0.0171651 0.00907954 0.0665123
1548808767650486272 1429 0.014495 -0.999808 0.0131622 13.8885 0.00681969 -0.0130644 -0.999891 0.482837 0.999872 0.0145832 0.00662902 0.0708358
1548808767783837184 1433 0.0149262 -0.999756 0.0163107 13.9297 0.00469986 -0.0162422 -0.999857 0.485889 0.999878 0.0150007 0.00445627 0.0733209
1548808767983863296 1439 0.0146544 -0.999742 0.0173464 13.9936 0.0037385 -0.0172933 -0.999843 0.490303 0.999886 0.014717 0.00348411 0.0708416
1548808768117214208 1443 0.0136059 -0.999821 0.0131596 14.0356 0.00620547 -0.0130762 -0.999895 0.492482 0.999888 0.0136862 0.00602645 0.0694594
1548808768350578176 1450 0.0124009 -0.999816 0.0146551 14.1091 0.00540791 -0.014589 -0.999879 0.496086 0.999908 0.0124787 0.005226 0.0690096
1548808768517267200 1455 0.00941697 -0.999887 0.0117541 14.161 0.00652961 -0.0116929 -0.99991 0.498235 0.999934 0.00949288 0.00641876 0.0699557
1548808768717293312 1461 0.007098 -0.999878 0.0138854 14.2239 0.0071664 -0.0138345 -0.999879 0.499049 0.999949 0.00719665 0.00706733 0.0695523
1548808768783969280 1463 0.00819745 -0.999862 0.0144322 14.2457 0.0090073 -0.0143583 -0.999856 0.503619 0.999926 0.00832626 0.00888836 0.0680547
1548808768883982336 1466 0.00422175 -0.999886 0.0144867 14.2804 0.00730553 -0.0144556 -0.999869 0.501986 0.999964 0.00432703 0.00724367 0.0711487
1548808768983995392 1469 0.00254589 -0.999825 0.0185525 14.3104 0.0056295 -0.0185379 -0.999812 0.504934 0.999981 0.00264985 0.00558132 0.0705634
1548808769184021248 1475 -0.00152692 -0.999827 0.0185528 14.3735 0.00512764 -0.0185604 -0.999815 0.508261 0.999986 -0.00143151 0.0051551 0.0683535
1548808769284035328 1478 -0.00243816 -0.999879 0.0153796 14.4072 0.00750537 -0.0153975 -0.999853 0.508221 0.999969 -0.00232237 0.007542 0.064269
1548808769450723328 1483 -0.00858348 -0.999826 0.0165666 14.4589 0.00621912 -0.0166202 -0.999843 0.510335 0.999944 -0.0084791 0.0063607 0.0666368
1548808769684087296 1490 -0.0121929 -0.999722 0.0201914 14.5324 0.00431861 -0.0202453 -0.999786 0.514365 0.999916 -0.0121031 0.00456426 0.0667651
1548808769884114176 1496 -0.0185349 -0.999567 0.0228418 14.5984 0.00294721 -0.0229002 -0.999733 0.518347 0.999824 -0.0184627 0.00337039 0.0673519
1548808770084140288 1502 -0.0267867 -0.999331 0.0248839 14.6638 0.000416025 -0.024904 -0.99969 0.522964 0.999641 -0.026768 0.00108284 0.066862
1548808770250829312 1507 -0.0296989 -0.999248 0.0249315 14.7183 -0.00173562 -0.0248909 -0.999689 0.528011 0.999557 -0.029733 -0.000995085 0.0724701
1548808770350842368 1510 -0.0295151 -0.999297 0.0231313 14.7516 -0.000856143 -0.0231161 -0.999732 0.53064 0.999564 -0.029527 -0.000173266 0.072454
1548808770550868224 1516 -0.0331229 -0.999191 0.0227867 14.8153 0.000745358 -0.0228239 -0.999739 0.536534 0.999451 -0.0330973 0.00150075 0.0784603
1548808770717557248 1521 -0.0348424 -0.999073 0.0252849 14.8669 0.000718482 -0.0253253 -0.999679 0.540601 0.999393 -0.0348131 0.00160021 0.0830113
1548808770917583360 1527 -0.0436589 -0.998744 0.0245742 14.9299 -0.000723769 -0.0245661 -0.999698 0.545961 0.999046 -0.0436635 0.000349666 0.0881629
1548808771084272384 1532 -0.0538512 -0.998193 0.0266529 14.9806 -0.0027516 -0.0265432 -0.999644 0.548739 0.998545 -0.0539054 -0.00131724 0.0938123
