1548808721780931328 53 -2.99096e-05 -1 -0.000327149 0.00408734 -0.00052265 0.000327165 -1 -0.000320541 1 -2.97386e-05 -0.00052266 -0.000507624
1548808722080971264 62 0.00262528 -0.999996 0.000355326 0.0141431 -0.00122216 -0.000358536 -0.999999 -0.000125297 0.999996 0.00262484 -0.0012231 0.000103503
1548808722514361344 75 0.0172278 -0.999852 0.000389546 0.0464701 -0.000377387 -0.000396106 -1 0.00131692 0.999852 0.0172277 -0.000384155 0.000926823
1548808722847739392 85 0.0431494 -0.999067 -0.00166293 0.0809522 0.00171112 0.00173838 -0.999997 0.00274403 0.999067 0.0431465 0.00178453 0.00292416
1548808723247791360 97 0.0731646 -0.997319 -0.00116373 0.124773 0.00151279 0.00127784 -0.999998 0.00302043 0.997319 0.0731627 0.00160223 0.00406274
1548808723581169408 107 0.0746245 -0.997211 -0.00102395 0.162034 0.00220114 0.00119153 -0.999997 0.00460049 0.997209 0.074622 0.00228392 0.00120929
1548808723914546176 117 0.0742208 -0.99724 0.00194848 0.194351 0.00254848 -0.00176419 -0.999995 0.00754275 0.997239 0.0742254 0.00241051 0.000920889
1548808724247923200 127 0.074689 -0.997203 0.00260163 0.229384 0.00398747 -0.00231025 -0.999989 0.00919681 0.997199 0.0746985 0.00380377 -0.00140626
1548808724581300224 137 0.0738565 -0.997268 0.00158192 0.263818 0.00660471 -0.00109709 -0.999978 0.008079 0.997247 0.0738653 0.00650563 -0.00269293
1548808724948015360 148 0.0756825 -0.997125 0.00373726 0.302667 0.00874646 -0.00308401 -0.999957 0.00991835 0.997094 0.0757119 0.00848791 -0.0076972
1548808725181379328 155 0.0757524 -0.997114 0.00500101 0.330833 0.00956759 -0.00428834 -0.999945 0.0101477 0.997081 0.0757961 0.00921513 -0.00947444
1548808725548094208 166 0.0775332 -0.996961 0.00761917 0.379571 0.00844239 -0.00698538 -0.99994 0.0111822 0.996954 0.0775929 0.00787513 -0.0144885
1548808725881472256 176 0.0780697 -0.996901 0.00961951 0.427728 0.00858934 -0.00897601 -0.999923 0.0150467 0.996911 0.0781463 0.00786198 -0.0187251
1548808726248187392 187 0.0745856 -0.997187 0.00737928 0.487366 0.00929351 -0.00670449 -0.999934 0.0154819 0.997171 0.0746493 0.00876731 -0.0214699
1548808726481551360 194 0.0558703 -0.998423 0.00539536 0.527759 0.00973535 -0.00485879 -0.999941 0.0155558 0.998391 0.0559195 0.00944854 -0.028801
1548808726780237312 203 0.0249954 -0.999682 0.00345226 0.582706 0.00736137 -0.00326918 -0.999968 0.0172539 0.99966 0.02502 0.00727731 -0.0340324
1548808726980264192 209 0.0217345 -0.999762 -0.00197824 0.627183 0.00812639 0.00215531 -0.999965 0.0160913 0.999731 0.0217177 0.00817129 -0.0330131
1548808727246965248 217 0.019548 -0.999799 -0.00445017 0.68734 0.00970504 0.00464056 -0.999942 0.0192184 0.999762 0.0195036 0.00979381 -0.0363413
1548808727580343296 227 0.0173479 -0.999844 -0.0033088 0.758031 0.0113007 0.00350516 -0.99993 0.0199665 0.999786 0.0173092 0.0113597 -0.0392627
1548808727912226304 237 0.0167239 -0.99985 -0.00459649 0.833567 0.0117063 0.00479261 -0.99992 0.0237913 0.999792 0.0166687 0.0117847 -0.0408271
1548808728278941184 248 0.0145252 -0.999862 -0.00807535 0.918915 0.0137997 0.00827589 -0.999871 0.025099 0.999799 0.0144118 0.013918 -0.0430636
1548808728545643264 256 0.01415 -0.999881 -0.00606974 0.98226 0.013134 0.00625569 -0.999894 0.0270268 0.999814 0.0140688 0.0132209 -0.0406413
1548808728745669376 262 0.0132387 -0.999898 -0.00528439 1.03033 0.0104828 0.00542335 -0.99993 0.0276017 0.999857 0.0131824 0.0105535 -0.0405075
1548808728912358400 267 0.0120076 -0.999922 -0.00343781 1.06881 0.0121866 0.00358414 -0.999919 0.027753 0.999854 0.0119647 0.0122287 -0.0383865
1548808729079046400 272 0.0110307 -0.999918 -0.00653273 1.10886 0.0143339 0.00669057 -0.999875 0.0283685 0.999836 0.0109357 0.0144066 -0.0405371
1548808729312410368 279 0.00952813 -0.999933 -0.00651187 1.16657 0.0139049 0.00664402 -0.999881 0.0310575 0.999858 0.00943645 0.0139672 -0.0412422
1548808729579112192 287 0.00985749 -0.999942 -0.00443715 1.23648 0.00926019 0.00452846 -0.999947 0.0334342 0.999909 0.00981588 0.00930429 -0.0389133
1548808729879152384 296 0.00849821 -0.999958 -0.00345541 1.3168 0.00823608 0.00352541 -0.99996 0.0353079 0.99993 0.00846941 0.00826569 -0.0382593
1548808730045840384 301 0.00989269 -0.999945 -0.00344857 1.36367 0.00740105 0.00352187 -0.999966 0.0352797 0.999924 0.00986683 0.00743549 -0.0386069
1548808730279204352 308 0.00914012 -0.99995 -0.00415653 1.42923 0.00743957 0.00422459 -0.999963 0.0360457 0.999931 0.00910887 0.00747781 -0.0386742
1548808730645919232 319 0.0105151 -0.999944 -0.00119115 1.53699 0.00601999 0.0012545 -0.999981 0.0374611 0.999927 0.0105077 0.00603284 -0.0380257
1548808730912621312 327 0.00935383 -0.999956 -0.000673547 1.62116 0.00511495 0.000721414 -0.999987 0.0391738 0.999943 0.00935026 0.00512148 -0.0396907
1548808731179323392 335 0.0102096 -0.999946 -0.0021119 1.70735 0.00069731 0.00211913 -0.999998 0.0398231 0.999948 0.0102081 0.000718908 -0.037021
1548808731379349248 341 0.00984941 -0.99995 -0.00185683 1.77613 0.00308002 0.00188725 -0.999993 0.0439711 0.999947 0.00984363 0.00309846 -0.0365302
1548808731646051328 349 0.0107971 -0.99994 -0.00173858 1.86213 0.00452794 0.00178756 -0.999988 0.0456007 0.999931 0.0107891 0.00454697 -0.0350426
1548808731879415296 356 0.00902639 -0.999955 -0.00286898 1.93887 0.00849506 0.00294568 -0.99996 0.0491099 0.999923 0.00900166 0.00852126 -0.0338262
1548808732112779264 363 0.0084123 -0.999964 0.000641957 2.01492 0.00652086 -0.000587109 -0.999979 0.0503876 0.999943 0.00841631 0.00651569 -0.0320613
1548808732379481344 371 0.00937228 -0.999951 0.00327768 2.10225 0.00166737 -0.00326219 -0.999993 0.0524894 0.999955 0.00937768 0.00163671 -0.0310316
1548808732579507200 377 0.0105433 -0.999944 0.000937482 2.17028 0.00265895 -0.000909496 -0.999996 0.0516545 0.999941 0.0105457 0.00264921 -0.0319415
1548808732712858368 381 0.00887757 -0.999952 0.004173 2.21957 0.00159512 -0.004159 -0.99999 0.0558752 0.999959 0.00888414 0.00155812 -0.032713
1548808732879547392 386 0.0101833 -0.999935 0.00514973 2.27124 0.0011807 -0.00513797 -0.999986 0.0550697 0.999947 0.0101892 0.0011283 -0.0326632
1548808733079573248 392 0.00765455 -0.999947 0.00682135 2.33289 0.000216013 -0.0068199 -0.999977 0.0571061 0.999971 0.00765584 0.000163799 -0.0295339
1548808733312937216 399 0.00645709 -0.999969 0.0044718 2.40773 0.00102797 -0.00446525 -0.99999 0.0604018 0.999979 0.00646162 0.000999106 -0.0285676
1548808733479626240 404 0.0045632 -0.999989 0.000707431 2.46068 -0.000416253 -0.000709338 -1 0.057782 0.99999 0.0045629 -0.000419486 -0.028989
1548808733679652352 410 0.00602179 -0.999981 -0.00086377 2.52531 0.000900402 0.000869208 -0.999999 0.0619292 0.999981 0.00602101 0.000905619 -0.029738
1548808733846341376 415 0.00572948 -0.99998 -0.00271586 2.57631 0.00126712 0.00272317 -0.999995 0.0609768 0.999983 0.00572601 0.0012827 -0.0290629
1548808734113043200 423 0.00664648 -0.999969 -0.00417407 2.63673 0.00338863 0.00419666 -0.999985 0.065069 0.999972 0.00663224 0.00341642 -0.0283771
1548808734413082368 432 0.00489599 -0.999935 -0.0103142 2.69709 0.00198469 0.010324 -0.999945 0.0654025 0.999986 0.00487525 0.00203511 -0.0283517
1548808734646446336 439 0.00597912 -0.999957 -0.00714989 2.69649 0.00155786 0.00715933 -0.999973 0.0639518 0.999981 0.00596782 0.0016006 -0.0280661
1548808734979824384 449 0.00530174 -0.99997 -0.00565278 2.69836 0.00182512 0.00566253 -0.999982 0.0662488 0.999984 0.00529133 0.00185509 -0.0257465
1548808735213188352 456 0.00362927 -0.999971 -0.00672508 2.74832 0.00165069 0.0067311 -0.999976 0.066779 0.999992 0.00361808 0.00167507 -0.0273171
1548808735513227264 465 0.00606207 -0.999949 -0.0080742 2.85569 0.00109222 0.00808096 -0.999967 0.0660757 0.999981 0.00605305 0.00114115 -0.0264714
1548808735579903232 467 0.00808602 -0.999957 -0.00453101 2.87706 -0.000454802 0.00452748 -0.99999 0.0704798 0.999967 0.008088 -0.000418173 -0.0264452
1548808735646578176 469 0.00829474 -0.999922 -0.00931008 2.90679 -0.000689695 0.00930468 -0.999956 0.0668867 0.999965 0.0083008 -0.000612461 -0.0266064
1548808735746591232 472 0.00803657 -0.999953 -0.00537134 2.94717 0.00104325 0.00537989 -0.999985 0.0668701 0.999967 0.00803084 0.00108643 -0.0257524
1548808735879942400 476 0.00920591 -0.999953 -0.00289214 3.00152 0.0014425 0.00290554 -0.999995 0.0703294 0.999957 0.00920169 0.00146918 -0.026197
1548808735979955200 479 0.00581639 -0.999977 -0.00346371 3.04675 0.00331028 0.003483 -0.999988 0.0711283 0.999978 0.00580486 0.00333046 -0.027406
1548808736079968256 482 0.00552349 -0.999984 0.000959619 3.09263 -0.000527717 -0.000962548 -0.999999 0.0703506 0.999985 0.00552298 -0.000533026 -0.0245971
1548808736146644224 484 0.00826747 -0.999965 0.00116014 3.12905 -0.00213639 -0.00117784 -0.999997 0.0728338 0.999964 0.00826497 -0.00214606 -0.0258586
1548808736213011200 486 0.00651391 -0.999978 0.000921187 3.16503 -0.000347826 -0.000923473 -1 0.074103 0.999979 0.00651358 -0.000353834 -0.0245405
1548808736279687168 488 0.00753493 -0.999969 0.00232938 3.20851 -0.000448317 -0.00233282 -0.999997 0.0737142 0.999972 0.00753386 -0.00046588 -0.0234526
1548808736413038336 492 0.00655293 -0.999974 0.00313634 3.28565 0.000589027 -0.00313255 -0.999995 0.0739421 0.999978 0.00655474 0.000568484 -0.0244601
1548808736513051392 495 0.00622126 -0.999974 0.00375769 3.34433 0.00167066 -0.00374736 -0.999992 0.0756239 0.999979 0.00622748 0.0016473 -0.0234575
1548808736646402304 499 0.00305863 -0.999994 0.00151028 3.42299 0.00130225 -0.0015063 -0.999998 0.0773039 0.999994 0.00306059 0.00129764 -0.0207021
1548808736746415360 502 -0.000876788 -0.999993 0.00356994 3.48458 -0.00115376 -0.00356893 -0.999993 0.0781035 0.999999 -0.000880901 -0.00115062 -0.0167925
1548808736846428416 505 0.000606346 -0.999998 0.00211498 3.54772 0.00101712 -0.00211436 -0.999997 0.08075 0.999999 0.000608496 0.00101583 -0.0168069
1548808736946441216 508 0.00050449 -0.999999 0.0013415 3.61138 0.00424141 -0.00133935 -0.99999 0.0821959 0.999991 0.000510175 0.00424073 -0.0177291
1548808737013117184 510 0.00209695 -0.999998 -0.000632301 3.65186 0.00227274 0.000637066 -0.999997 0.0828112 0.999995 0.0020955 0.00227408 -0.0173093
1548808737079792384 512 0.000368916 -0.999993 0.00377824 3.68846 0.00262022 -0.00377726 -0.999989 0.0825995 0.999996 0.000378811 0.0026188 -0.0179417
1548808737213143296 516 0.000283863 -0.999999 0.00119943 3.78076 -0.000915881 -0.00119969 -0.999999 0.0858702 1 0.000282764 -0.000916221 -0.0147443
1548808737280322304 518 0.00181907 -0.999998 0.000811486 3.83241 -0.000864803 -0.000813061 -0.999999 0.0853037 0.999998 0.00181836 -0.00086628 -0.0130404
1548808737346997248 520 0.00286221 -0.999989 -0.00366344 3.88298 -0.000432362 0.00366222 -0.999993 0.0869105 0.999996 0.00286377 -0.000421875 -0.0104691
1548808737480348416 524 0.000538011 -0.999977 -0.00671302 3.98017 -0.0066869 0.00670927 -0.999955 0.087424 0.999977 0.000582876 -0.00668314 -0.00590921
1548808737580361216 527 -0.00047598 -0.999968 -0.00802088 4.0518 -0.00291524 0.00802224 -0.999964 0.0877933 0.999996 -0.00045258 -0.00291896 -0.00461787
1548808737680374272 530 -0.0012287 -0.999976 -0.00685588 4.1186 -0.00396076 0.0068607 -0.999969 0.0911307 0.999991 -0.00120151 -0.00396909 -0.0051167
1548808737747050240 532 -0.0019034 -0.999971 -0.00735287 4.16666 -0.00465858 0.00736167 -0.999962 0.0923977 0.999987 -0.00186907 -0.00467246 -0.00428817
1548808737847063296 535 0.000197622 -0.999958 -0.00916059 4.2393 -0.00416602 0.00915968 -0.999949 0.0932345 0.999991 0.000235775 -0.00416404 -0.00386346
1548808737913738240 537 -0.000231661 -0.999981 -0.00619921 4.28782 -0.00362838 0.00620001 -0.999974 0.0930039 0.999993 -0.000209161 -0.00362974 -0.00308251
1548808737947076352 538 0.00193502 -0.99995 -0.00982695 4.31553 -0.00992918 0.00980727 -0.999903 0.0939243 0.999949 0.0020324 -0.00990971 -0.00327079
1548808738047089408 541 -0.000413095 -0.999937 -0.0111828 4.39381 -0.00548952 0.0111849 -0.999922 0.0937188 0.999985 -0.000351674 -0.0054938 -0.00324765
1548808738180440320 545 0.00152584 -0.999972 -0.00739226 4.49274 -0.00453619 0.00738527 -0.999962 0.0950943 0.999989 0.00155931 -0.00452479 -0.00242903
1548808738280453376 548 0.00308301 -0.999987 -0.00405527 4.56426 -0.00792236 0.00403074 -0.99996 0.096596 0.999964 0.00311502 -0.00790983 -0.000518324
1548808738380466176 551 0.00130621 -0.999992 -0.00386943 4.63506 -0.00980988 0.00385643 -0.999944 0.0973712 0.999951 0.0013441 -0.00980476 -0.000902241
1548808738480480256 554 0.00455453 -0.999974 -0.0056725 4.70374 -0.00589012 0.00564564 -0.999967 0.0995875 0.999972 0.00458779 -0.00586425 -0.00123724
1548808738580493312 557 0.00275717 -0.99999 -0.00342666 4.77241 -0.00724867 0.00340659 -0.999968 0.100376 0.99997 0.00278192 -0.0072392 -0.000838897
1548808738680506368 560 0.000173324 -0.999999 0.00105263 4.83577 -0.0081244 -0.001054 -0.999966 0.103863 0.999967 0.000164766 -0.00812458 0.00133416
1548808738747181312 562 0.000557763 -0.999999 -0.000833202 4.87959 -0.00710206 0.00082922 -0.999974 0.10398 0.999975 0.000563666 -0.0071016 -5.99849e-05
1548808738847195392 565 -0.00585082 -0.999946 -0.00860042 4.93745 -0.00889756 0.00865229 -0.999923 0.106614 0.999943 -0.00577385 -0.0089477 -0.00048255
1548808739013883392 570 -0.00555084 -0.999984 -0.00111046 4.95915 -0.00865817 0.0011585 -0.999962 0.109336 0.999947 -0.00554101 -0.00866447 0.00160519
1548808739380598272 581 -0.00486355 -0.999988 0.000755003 4.95381 -0.00921956 -0.00071014 -0.999957 0.106543 0.999946 -0.00487031 -0.009216 0.00110008
1548808739713975296 591 -0.0054813 -0.999984 0.00132213 4.99614 -0.00837388 -0.0012762 -0.999964 0.108688 0.99995 -0.00549217 -0.00836675 0.00211205
1548808740014015232 600 -0.00438999 -0.999987 0.00248415 5.06027 -0.00807199 -0.00244866 -0.999964 0.108942 0.999958 -0.00440989 -0.00806114 0.00193545
1548808740180704256 605 -0.0039238 -0.999989 0.00250951 5.09756 -0.00649315 -0.002484 -0.999976 0.109341 0.999971 -0.00394 -0.00648333 0.000997545
1548808740514081280 615 -0.00468367 -0.999988 -0.00121537 5.18998 -0.0082644 0.00125405 -0.999965 0.1117 0.999955 -0.00467346 -0.00827018 0.00253595
1548808740647432192 619 -0.00434086 -0.99999 -0.00105185 5.23425 -0.00882965 0.00109015 -0.99996 0.10989 0.999952 -0.0043314 -0.00883429 0.00134942
1548808740814120192 624 -0.00312651 -0.999981 -0.00535376 5.28588 -0.00822019 0.00537931 -0.999952 0.110005 0.999961 -0.00308235 -0.00823685 0.00089299
1548808740980809216 629 -0.0036514 -0.999974 -0.00617045 5.33868 -0.00959927 0.00620525 -0.999935 0.111149 0.999947 -0.00359193 -0.00962168 -3.14883e-06
1548808741147498240 634 -0.00273937 -0.999954 -0.00916901 5.39591 -0.0100636 0.00919615 -0.999907 0.112181 0.999946 -0.00264684 -0.0100883 -0.00178106
1548808741314186240 639 -0.00304317 -0.999925 -0.0118396 5.45373 -0.0108441 0.011872 -0.999871 0.111892 0.999937 -0.00291438 -0.0108794 -0.000427694
1548808741480875264 644 -0.00366487 -0.999902 -0.0134971 5.51185 -0.0120439 0.0135404 -0.999836 0.112101 0.999921 -0.0035017 -0.0120924 -0.00113001
1548808741747577344 652 -0.000456033 -0.999886 -0.0150668 5.59875 -0.00809186 0.01507 -0.999854 0.113733 0.999967 -0.000334048 -0.00809781 -9.4105e-05
1548808741914265344 657 -0.00232831 -0.999882 -0.0151897 5.65074 -0.0102563 0.0152129 -0.999832 0.113997 0.999945 -0.00217212 -0.0102905 -0.00101653
1548808742180464384 665 -0.00445926 -0.999902 -0.0133005 5.73205 -0.00898885 0.0133402 -0.999871 0.116079 0.99995 -0.00433913 -0.00904745 0.000527097
1548808742380490240 671 -0.00577793 -0.999943 -0.00900158 5.79396 -0.00656078 0.00903944 -0.999938 0.11728 0.999962 -0.00571852 -0.00661263 0.00216572
1548808742547179264 676 -0.00591658 -0.999942 -0.00905194 5.84474 -0.00329901 0.00907157 -0.999953 0.117449 0.999977 -0.00588644 -0.00335249 0.00610798
1548808742680530176 680 -0.00599314 -0.999963 -0.00611823 5.88645 -0.00329432 0.00613805 -0.999976 0.114884 0.999977 -0.00597284 -0.00333098 0.00373164
1548808742880556288 686 -0.00645071 -0.999966 -0.00508869 5.94695 -0.00273886 0.00510644 -0.999983 0.116297 0.999975 -0.00643666 -0.00277171 0.0028066
1548808743147258368 694 -0.00999143 -0.99995 -0.00105206 6.02829 -0.00409168 0.00109299 -0.999991 0.118199 0.999942 -0.00998704 -0.00410239 0.00353015
1548808743413960192 702 -0.011214 -0.999921 0.00575206 6.10953 -0.000526005 -0.00574652 -0.999983 0.123418 0.999937 -0.0112168 -0.000461522 0.00540482
1548808743613986304 708 -0.0131341 -0.999871 0.00925001 6.16889 -0.00253865 -0.00921744 -0.999954 0.123998 0.999911 -0.013157 -0.00241726 0.0101745
1548808743814013184 714 -0.0138365 -0.999855 0.00992578 6.22926 -0.00133097 -0.00990831 -0.99995 0.125406 0.999903 -0.013849 -0.00119368 0.0103925
1548808744114052352 723 -0.0136521 -0.99987 0.00857074 6.32421 -0.00350486 -0.00852364 -0.999958 0.127445 0.999901 -0.0136816 -0.00338804 0.0133077
1548808744280741376 728 -0.0139613 -0.999878 0.00706355 6.37706 -0.0053486 -0.00698946 -0.999961 0.130347 0.999888 -0.0139985 -0.00525036 0.0186566
1548808744447429376 733 -0.013699 -0.999864 0.00919833 6.42923 -0.00723997 -0.00909977 -0.999932 0.132589 0.99988 -0.0137647 -0.00711433 0.020547
1548808744580780288 737 -0.0117754 -0.999903 0.00744168 6.47188 -0.0110265 -0.0073119 -0.999912 0.133275 0.99987 -0.0118564 -0.0109393 0.0227488
1548808744814144256 744 -0.0133738 -0.999881 0.00765329 6.54637 -0.0088386 -0.00753547 -0.999933 0.133869 0.999872 -0.0134406 -0.00873678 0.0233419
1548808744947495424 748 -0.011232 -0.999915 0.00663792 6.59124 -0.0120995 -0.00650195 -0.999906 0.133015 0.999864 -0.0113113 -0.0120254 0.0278822
1548808745247535360 757 -0.0104356 -0.999898 0.00972868 6.68428 -0.0116559 -0.00960691 -0.999886 0.139536 0.999878 -0.0105478 -0.0115545 0.0318099
1548808745480899328 764 -0.00985354 -0.999925 0.00729775 6.7617 -0.0157947 -0.00714155 -0.99985 0.141011 0.999827 -0.00996732 -0.0157231 0.0331093
1548808745714263296 771 -0.0109891 -0.999922 0.00600251 6.83719 -0.0172084 -0.00581287 -0.999835 0.147174 0.999792 -0.0110906 -0.0171431 0.0415073
1548808745814276352 774 -0.0106339 -0.999932 0.00473906 6.87254 -0.0172224 -0.00455548 -0.999841 0.146566 0.999795 -0.0107138 -0.0171728 0.0419289
1548808746047640320 781 -0.00989717 -0.99994 0.00477656 6.9503 -0.0160251 -0.00461757 -0.999861 0.147891 0.999823 -0.00997233 -0.0159784 0.0409642
1548808746214329344 786 -0.0118009 -0.999925 0.00338204 7.00355 -0.0177877 -0.00317182 -0.999837 0.149387 0.999772 -0.0118592 -0.0177489 0.0442831
1548808746481031168 794 -0.0123607 -0.999923 0.00075483 7.09479 -0.0195625 -0.00051292 -0.999809 0.150661 0.999732 -0.0123731 -0.0195546 0.0419209
1548808746714395392 801 -0.0136196 -0.999906 -0.00130944 7.17339 -0.0171964 0.0015436 -0.999851 0.15527 0.999759 -0.013595 -0.0172158 0.0426993
1548808746947759360 808 -0.0130784 -0.999914 -0.000867047 7.24791 -0.0199967 0.0011285 -0.999799 0.155015 0.999715 -0.0130584 -0.0200097 0.0502322
1548808747147785216 814 -0.0157151 -0.999876 -0.000540692 7.31069 -0.0215027 0.000878594 -0.999768 0.160656 0.999645 -0.0156999 -0.0215139 0.0540475
1548808747314474240 819 -0.0177544 -0.999842 0.000555447 7.3635 -0.022359 -0.000158362 -0.99975 0.162468 0.999592 -0.0177624 -0.0223527 0.0578976
1548808747481162240 824 -0.0173726 -0.999849 -0.000952002 7.41789 -0.0216328 0.0013278 -0.999765 0.163195 0.999615 -0.0173479 -0.0216526 0.0562128
1548808747914553344 837 -0.0187909 -0.999823 0.000865619 7.55703 -0.0207169 -0.00047623 -0.999785 0.165426 0.999609 -0.0188048 -0.0207042 0.0575774
1548808748081241344 842 -0.0193526 -0.999799 0.00526924 7.6078 -0.0201229 -0.00487966 -0.999786 0.168695 0.99961 -0.0194545 -0.0200244 0.0561972
1548808748314606336 849 -0.0202695 -0.999751 0.00931779 7.68225 -0.0183102 -0.00894694 -0.999792 0.170759 0.999627 -0.0204359 -0.0181243 0.0581284
1548808748481294336 854 -0.021042 -0.999754 0.00705983 7.73861 -0.0156879 -0.00673036 -0.999854 0.173599 0.999656 -0.0211497 -0.0155425 0.059969
1548808748781334272 863 -0.0190325 -0.999717 0.0142838 7.83045 -0.0173845 -0.0139534 -0.999752 0.180469 0.999668 -0.0192761 -0.017114 0.0626157
1548808748981360384 869 -0.0188046 -0.999693 0.0161147 7.89567 -0.0161245 -0.0158122 -0.999745 0.182952 0.999693 -0.0190597 -0.0158222 0.0653308
1548808749214724352 876 -0.0196563 -0.999747 0.0108973 7.97345 -0.0199342 -0.0105053 -0.999746 0.18246 0.999608 -0.0198685 -0.0197227 0.0692059
1548808749414750208 882 -0.0197579 -0.99977 0.00834929 8.03998 -0.0207517 -0.00793904 -0.999753 0.183154 0.999589 -0.0199263 -0.0205901 0.0707602
1548808749548101376 886 -0.0197942 -0.999787 0.00590206 8.08322 -0.0201854 -0.00550239 -0.999781 0.183122 0.9996 -0.019909 -0.0200722 0.0738474
1548808749681452288 890 -0.0209815 -0.999777 0.00231468 8.1272 -0.0210931 -0.00187201 -0.999776 0.18431 0.999557 -0.0210257 -0.0210491 0.076907
1548808749848141312 895 -0.0225207 -0.999742 0.00294848 8.18321 -0.021364 -0.0024673 -0.999769 0.186956 0.999518 -0.0225785 -0.021303 0.0762458
1548808749948154368 898 -0.0209682 -0.999776 0.00272605 8.21412 -0.0199599 -0.00230749 -0.999798 0.188633 0.999581 -0.0210184 -0.0199071 0.0789057
1548808750114843392 903 -0.0202962 -0.999794 -0.000836541 8.26547 -0.0197447 0.00123738 -0.999804 0.188688 0.999599 -0.0202758 -0.0197657 0.0800567
1548808750281531392 908 -0.0199952 -0.9998 0.000460853 8.31539 -0.0202153 -5.65602e-05 -0.999796 0.189408 0.999596 -0.0200004 -0.0202102 0.0841539
1548808750481558272 914 -0.017498 -0.999847 0.000355337 8.38302 -0.0179631 -4.09689e-05 -0.999839 0.190049 0.999686 -0.0175015 -0.0179596 0.0846042
1548808750648246272 919 -0.0163079 -0.99986 0.00380292 8.43296 -0.0185369 -0.00350044 -0.999822 0.191364 0.999695 -0.0163755 -0.0184772 0.0892792
1548808750781597184 923 -0.0148431 -0.999884 0.00327212 8.47568 -0.018166 -0.00300227 -0.99983 0.192872 0.999725 -0.0149 -0.0181193 0.09116
1548808750948286208 928 -0.0156069 -0.999843 0.0083908 8.52589 -0.0180436 -0.00810882 -0.999804 0.19563 0.999715 -0.0157552 -0.0179142 0.092666
1548808751081637376 932 -0.0144877 -0.999887 0.00391423 8.56661 -0.0151344 -0.00369491 -0.999879 0.196285 0.999781 -0.0145452 -0.0150792 0.0978204
1548808751248325376 937 -0.0120607 -0.999906 0.00647503 8.61826 -0.0163833 -0.00627703 -0.999846 0.196226 0.999793 -0.012165 -0.016306 0.101253
1548808751415014400 942 -0.00979663 -0.999886 0.0114552 8.66891 -0.0185515 -0.011272 -0.999764 0.197398 0.99978 -0.0100068 -0.018439 0.100448
1548808751648378368 949 -0.00918045 -0.999948 0.00450932 8.74619 -0.0209098 -0.00431656 -0.999772 0.199751 0.999739 -0.00927264 -0.020869 0.105403
1548808751981755392 959 -0.00801061 -0.999966 0.00201506 8.85709 -0.0183056 -0.00186814 -0.999831 0.201524 0.9998 -0.00804614 -0.0182901 0.107765
1548808752148444416 964 -0.00509068 -0.999987 0.000158215 8.90936 -0.0174338 -6.94413e-05 -0.999848 0.203611 0.999835 -0.00509267 -0.0174333 0.104022
1548808752415146240 972 -0.00433894 -0.999988 -0.00206218 8.99048 -0.0184929 0.00214209 -0.999827 0.204698 0.99982 -0.00430005 -0.0185019 0.106766
1548808752548497408 976 -0.00386273 -0.999992 -0.00123664 9.03287 -0.0149468 0.00129425 -0.999887 0.20854 0.999881 -0.00384381 -0.0149516 0.10696
1548808752681847296 980 -0.00308738 -0.999994 -0.00144276 9.0738 -0.0137388 0.00148505 -0.999905 0.209376 0.999901 -0.00306727 -0.0137433 0.10983
1548808752881874176 986 -0.00101606 -0.999999 0.000180808 9.13464 -0.0145329 -0.000166022 -0.999894 0.208903 0.999894 -0.00101858 -0.0145327 0.113393
1548808753181913344 995 -0.000386194 -1 0.000368742 9.22689 -0.0167121 -0.000362237 -0.99986 0.21114 0.99986 -0.000392303 -0.0167119 0.115343
1548808753348602368 1000 0.000377903 -0.999997 0.00233958 9.2787 -0.0162226 -0.0023454 -0.999866 0.211561 0.999868 0.000339898 -0.0162234 0.116147
1548808753648642304 1009 0.00316184 -0.999995 0.000345329 9.37261 -0.0123564 -0.000384374 -0.999924 0.214498 0.999919 0.00315734 -0.0123576 0.111956
1548808753748655360 1012 0.00751631 -0.999972 -0.00015437 9.40366 -0.00938904 8.37951e-05 -0.999956 0.214308 0.999928 0.00751743 -0.00938814 0.110173
1548808753848668416 1015 0.00962193 -0.999949 0.00297463 9.43439 -0.0110559 -0.00308097 -0.999934 0.216126 0.999893 0.00958841 -0.011085 0.108617
1548808753982019328 1019 0.0131457 -0.999893 0.00640909 9.47519 -0.0112577 -0.00655724 -0.999915 0.218457 0.99985 0.0130724 -0.0113427 0.107733
1548808754115370240 1023 0.0190907 -0.999811 0.00370285 9.51457 -0.012975 -0.00395096 -0.999908 0.218085 0.999734 0.0190409 -0.0130479 0.108743
1548808754248721408 1027 0.0279396 -0.999594 0.00557168 9.55694 -0.0133839 -0.00594744 -0.999893 0.22204 0.99952 0.027862 -0.0135446 0.106562
1548808754415409408 1032 0.0486652 -0.998797 0.00598173 9.60987 -0.0135106 -0.00664654 -0.999887 0.225408 0.998724 0.0485789 -0.0138178 0.106121
1548808754515422208 1035 0.0533668 -0.998556 0.0061233 9.63834 -0.0129836 -0.00682539 -0.999892 0.224895 0.998491 0.0532816 -0.0133291 0.106508
1548808754715449344 1041 0.0569389 -0.998359 0.00611346 9.70015 -0.0144282 -0.0069456 -0.999872 0.226234 0.998273 0.0568433 -0.0148 0.102852
1548808754915475200 1047 0.0565399 -0.998393 0.00378119 9.76177 -0.015151 -0.00464481 -0.999874 0.22839 0.998285 0.0564755 -0.0153893 0.0999443
1548808755015488256 1050 0.0553615 -0.998445 0.00653606 9.78976 -0.0146688 -0.00735871 -0.999865 0.229801 0.998359 0.0552582 -0.0150534 0.0986136
1548808755148839424 1054 0.0491692 -0.998769 0.00660356 9.83375 -0.0145189 -0.00732559 -0.999868 0.231399 0.998685 0.0490669 -0.0148612 0.0926657
1548808755248852224 1057 0.0401177 -0.999195 -1.60794e-05 9.86836 -0.0153293 -0.000599381 -0.999882 0.232187 0.999077 0.0401132 -0.015341 0.0937926
1548808755348865280 1060 0.0320986 -0.999482 0.00240515 9.90362 -0.0145064 -0.00287201 -0.999891 0.229389 0.999379 0.0320602 -0.014591 0.0866553
1548808755415541248 1062 0.0267236 -0.999639 0.00291691 9.93019 -0.0184737 -0.00341131 -0.999824 0.232143 0.999472 0.026665 -0.0185582 0.0805487
1548808755482216192 1064 0.0168213 -0.999853 0.00320302 9.9498 -0.0174898 -0.00349722 -0.999841 0.236144 0.999706 0.0167626 -0.0175461 0.0876417
1548808755548892416 1066 0.00557478 -0.999977 0.0039881 9.97103 -0.0208462 -0.00410351 -0.999774 0.237033 0.999767 0.00549039 -0.0208686 0.0855417
1548808755648905216 1069 -0.00914252 -0.999946 0.00485591 10.0016 -0.0204921 -0.00466774 -0.999779 0.236423 0.999748 -0.00924001 -0.0204483 0.0873901
1548808755715580416 1071 -0.0141044 -0.9999 0.00122258 10.0227 -0.0216197 -0.000917446 -0.999766 0.236623 0.999667 -0.0141276 -0.0216046 0.086282
1548808755782256384 1073 -0.015373 -0.999879 0.00216773 10.0426 -0.0196517 -0.00186542 -0.999805 0.237062 0.999689 -0.0154126 -0.0196207 0.0890319
1548808755848931328 1075 -0.0118582 -0.999926 0.00285395 10.0662 -0.020027 -0.00261608 -0.999796 0.239734 0.999729 -0.0119129 -0.0199945 0.0849245
1548808756015620352 1080 -0.00957141 -0.999948 0.00352442 10.1198 -0.0200308 -0.00333215 -0.999794 0.239452 0.999754 -0.00964003 -0.0199979 0.0856142
1548808756182309376 1085 -0.00474658 -0.999981 0.00400952 10.1715 -0.0189745 -0.00391878 -0.999812 0.240378 0.999809 -0.00482177 -0.0189555 0.0867891
1548808756315660288 1089 0.00163289 -0.999998 -0.00151128 10.2119 -0.0171006 0.00148314 -0.999853 0.242498 0.999852 0.0016585 -0.0170981 0.0876918
1548808756449010176 1093 0.010195 -0.999938 0.00458181 10.2547 -0.0166099 -0.00475076 -0.999851 0.246098 0.99981 0.0101174 -0.0166573 0.0905127
1548808756582361344 1097 0.0205629 -0.999777 0.00477865 10.2944 -0.0181167 -0.00515148 -0.999823 0.249249 0.999624 0.0204727 -0.0182186 0.0924235
1548808756749050368 1102 0.0361483 -0.999329 0.0058208 10.344 -0.0190279 -0.00651181 -0.999798 0.250931 0.999165 0.0360302 -0.0192505 0.0932803
1548808756915739392 1107 0.048114 -0.99883 0.00480529 10.3965 -0.0190219 -0.00572625 -0.999803 0.254222 0.998661 0.0480131 -0.0192751 0.0925972
1548808757082427392 1112 0.0582913 -0.998282 0.00590291 10.4486 -0.017187 -0.00691563 -0.999828 0.256575 0.998152 0.0581798 -0.0175606 0.0911462
1548808757315791360 1119 0.0717235 -0.997422 0.00205076 10.5211 -0.018388 -0.00337796 -0.999825 0.258607 0.997255 0.0716732 -0.0185828 0.0897171
1548808757482480384 1124 0.0738516 -0.997268 0.00150983 10.5768 -0.0176061 -0.00281753 -0.999841 0.260515 0.997114 0.0738133 -0.0177661 0.0870899
1548808757615831296 1128 0.0748109 -0.997198 1.80741e-05 10.6193 -0.0182537 -0.00138754 -0.999832 0.264261 0.997031 0.074798 -0.0183064 0.0840065
1548808757782519296 1133 0.0733662 -0.997305 0.000897314 10.6695 -0.0182112 -0.00223929 -0.999832 0.263579 0.997139 0.0733375 -0.0183264 0.0806432
1548808757915870208 1137 0.0725775 -0.997363 0.000316876 10.7082 -0.0184575 -0.0016608 -0.999828 0.266208 0.997192 0.0725592 -0.0185294 0.0783795
1548808758049221376 1141 0.0697241 -0.997566 0.000647808 10.7486 -0.0175034 -0.00187268 -0.999845 0.266519 0.997413 0.0697019 -0.0175914 0.0772703
1548808758182572288 1145 0.0671512 -0.997741 -0.00191828 10.7914 -0.0165437 0.000808913 -0.999863 0.269016 0.997606 0.0671737 -0.016452 0.072486
1548808758315923200 1149 0.0618703 -0.99808 0.00288649 10.8393 -0.0176888 -0.00398808 -0.999836 0.271673 0.997927 0.0618091 -0.0179015 0.0686287
1548808758415936256 1152 0.0582037 -0.998304 0.00139752 10.8712 -0.0164898 -0.0023611 -0.999861 0.273013 0.998169 0.0581726 -0.0165992 0.0694613
1548808758549287424 1156 0.05419 -0.998531 -0.000412489 10.9128 -0.0151311 -0.000408111 -0.999885 0.276168 0.998416 0.0541901 -0.0151309 0.0659459
1548808758682638336 1160 0.0457594 -0.998948 0.00297587 10.9565 -0.0152439 -0.00367692 -0.999877 0.277927 0.998836 0.0457084 -0.0153961 0.0650742
1548808758849327360 1165 0.0368975 -0.999316 0.00245586 11.0083 -0.0130036 -0.00293745 -0.999911 0.281414 0.999234 0.0368623 -0.0131031 0.0621415
1548808758982678272 1169 0.0335306 -0.999432 0.00345236 11.0507 -0.0107738 -0.00381556 -0.999935 0.282524 0.99938 0.0334912 -0.0108956 0.0553594
1548808759116028416 1173 0.0292929 -0.999546 0.00712163 11.0924 -0.0135093 -0.00751992 -0.99988 0.285924 0.99948 0.0291931 -0.0137235 0.0526428
1548808759282717184 1178 0.0259227 -0.999616 0.00981137 11.1451 -0.014262 -0.0101835 -0.999846 0.28546 0.999562 0.0257788 -0.0145205 0.0535675
1548808759382730240 1181 0.0268686 -0.999528 0.0148795 11.1788 -0.0128946 -0.0152302 -0.999801 0.289349 0.999556 0.0266714 -0.0132977 0.0509465
1548808759516081408 1185 0.0268057 -0.999574 0.0115463 11.2238 -0.0138417 -0.0119205 -0.999833 0.290695 0.999545 0.0266414 -0.0141554 0.050041
1548808759716107264 1191 0.0281533 -0.999514 0.0133629 11.2868 -0.0120056 -0.0137053 -0.999834 0.295226 0.999532 0.0279882 -0.0123856 0.0490964
1548808759849458176 1195 0.0246557 -0.999566 0.0161194 11.3321 -0.0125052 -0.0164314 -0.999787 0.295766 0.999618 0.0244488 -0.0129049 0.0488727
1548808760016147200 1200 0.0238808 -0.999625 0.0134326 11.3858 -0.0120743 -0.0137239 -0.999833 0.297727 0.999642 0.0237146 -0.0123975 0.0473769
1548808760216173312 1206 0.0229498 -0.999625 0.0149327 11.4511 -0.0130068 -0.0152339 -0.999799 0.296249 0.999652 0.022751 -0.0133515 0.0456296
1548808760349524224 1210 0.0216784 -0.999683 0.0127791 11.4921 -0.00955453 -0.0129887 -0.99987 0.299128 0.999719 0.0215535 -0.00983308 0.0464163
1548808760482875392 1214 0.0226337 -0.999664 0.0126472 11.5327 -0.0109432 -0.0128974 -0.999857 0.300784 0.999684 0.0224921 -0.0112314 0.0426692
1548808760716239360 1221 0.0241768 -0.999641 0.011523 11.6092 -0.0126859 -0.0118322 -0.99985 0.302459 0.999627 0.024027 -0.0129674 0.0387508
1548808760982941184 1229 0.0244573 -0.999602 0.0140562 11.696 -0.0101388 -0.0143077 -0.999846 0.308219 0.999649 0.024311 -0.0104847 0.0349297
1548808761216305408 1236 0.0216445 -0.999618 0.0171998 11.7663 -0.0105244 -0.0174307 -0.999793 0.314374 0.99971 0.021459 -0.0108976 0.0364411
1548808761349656320 1240 0.0217511 -0.999594 0.0183775 11.8101 -0.00907163 -0.0185784 -0.999786 0.315476 0.999722 0.0215798 -0.00947205 0.0319216
1548808761516345344 1245 0.0223839 -0.9996 0.017273 11.8659 -0.00658167 -0.0174243 -0.999827 0.313788 0.999728 0.0222663 -0.00696906 0.0294308
1548808761616358400 1248 0.0236439 -0.999557 0.0180738 11.9008 -0.0054654 -0.0182078 -0.999819 0.314338 0.999706 0.0235409 -0.00589348 0.0260027
1548808761849722368 1255 0.0257981 -0.999559 0.0146952 11.9761 -0.00808913 -0.0149083 -0.999856 0.317657 0.999634 0.0256755 -0.00847017 0.0259058
1548808762116424192 1263 0.0244323 -0.999607 0.0137311 12.063 -0.00831109 -0.0139378 -0.999868 0.321524 0.999667 0.024315 -0.00864836 0.0250874
1548808762316450304 1269 0.0260382 -0.999577 0.0129292 12.1298 -0.00623801 -0.0130958 -0.999895 0.324526 0.999641 0.0259548 -0.00657637 0.0200301
1548808762516476416 1275 0.0274125 -0.999568 0.0106206 12.1982 -0.00621721 -0.0107949 -0.999922 0.325242 0.999605 0.0273444 -0.00651044 0.0148747
1548808762616490240 1278 0.0274316 -0.999585 0.00882465 12.2315 -0.00863769 -0.00906467 -0.999922 0.327282 0.999586 0.0273532 -0.00888276 0.0124604
1548808762716503296 1281 0.0263889 -0.999622 0.00773975 12.2641 -0.00714853 -0.00793095 -0.999943 0.328793 0.999626 0.026332 -0.00735512 0.0136953
1548808762849854208 1285 0.0259729 -0.999613 0.00995816 12.3085 -0.010441 -0.0102322 -0.999893 0.336623 0.999608 0.0258662 -0.0107028 0.0136723
1548808762949867264 1288 0.0261329 -0.999635 0.00684535 12.3394 -0.00885305 -0.00707885 -0.999936 0.333795 0.999619 0.0260706 -0.00903481 0.00926803
1548808763083218176 1292 0.024355 -0.999653 0.0100808 12.3798 -0.0101697 -0.010331 -0.999895 0.335527 0.999652 0.0242499 -0.0104178 0.0118409
1548808763249906176 1297 0.0281778 -0.999554 0.00986053 12.4334 -0.0114682 -0.0101871 -0.999882 0.336492 0.999537 0.0280614 -0.0117501 0.00338672
1548808763383257344 1301 0.0265391 -0.999591 0.0106495 12.4767 -0.011281 -0.010952 -0.999876 0.337288 0.999584 0.0264157 -0.011567 0.00213168
1548808763516608256 1305 0.0267185 -0.999618 0.00710086 12.5212 -0.00901923 -0.00734417 -0.999932 0.338082 0.999602 0.0266526 -0.00921201 -0.00142613
1548808763783310336 1313 0.0280003 -0.999548 0.010932 12.606 -0.00798558 -0.0111596 -0.999906 0.346371 0.999576 0.0279104 -0.00829444 -0.00787242
1548808763949999360 1318 0.0282534 -0.999548 0.0102305 12.6587 -0.00681021 -0.0104268 -0.999922 0.346616 0.999578 0.0281816 -0.00710173 -0.0134991
1548808764216700416 1326 0.0299696 -0.999529 0.00666974 12.7443 -0.00499378 -0.00682238 -0.999964 0.347191 0.999538 0.0299352 -0.00519589 -0.0180842
1548808764416727296 1332 0.0320116 -0.999463 0.00701891 12.8047 -0.00904167 -0.0073118 -0.999932 0.345687 0.999447 0.031946 -0.00927088 -0.0180486
1548808764550078208 1336 0.0327626 -0.999424 0.00879496 12.8486 -0.0109632 -0.00915851 -0.999898 0.34536 0.999403 0.0326628 -0.0112569 -0.0174636
1548808764650091264 1339 0.0304837 -0.999501 0.00823182 12.8807 -0.0113773 -0.00858209 -0.999898 0.34726 0.999471 0.0303869 -0.0116332 -0.0179509
1548808764750104320 1342 0.0319472 -0.999438 0.010172 12.912 -0.0123646 -0.0105717 -0.999868 0.34859 0.999413 0.0318172 -0.0126954 -0.0171727
1548808765016806400 1350 0.0289798 -0.999554 0.00715994 12.9992 -0.0108022 -0.0074757 -0.999914 0.353649 0.999522 0.0288999 -0.011014 -0.0200984
1548808765216832256 1356 0.0290132 -0.99956 0.00612464 13.0626 -0.0117926 -0.00646907 -0.99991 0.354598 0.999509 0.0289383 -0.0119751 -0.0204371
1548808765450196224 1363 0.031662 -0.999476 0.00675244 13.1371 -0.0116903 -0.00712568 -0.999906 0.358025 0.99943 0.0315801 -0.0119098 -0.0198568
1548808765783573248 1373 0.0284084 -0.999512 0.0130278 13.241 -0.011608 -0.0133621 -0.999843 0.362289 0.999529 0.0282527 -0.0119819 -0.0178558
1548808765916924416 1377 0.0282971 -0.999536 0.0112656 13.2845 -0.0114825 -0.0115944 -0.999867 0.365316 0.999534 0.028164 -0.0118053 -0.0197221
1548808766083613184 1382 0.0299085 -0.999497 0.0105557 13.3384 -0.01065 -0.0108785 -0.999884 0.366022 0.999496 0.0297926 -0.01097 -0.0223058
1548808766216964352 1386 0.0304826 -0.999456 0.0126292 13.3833 -0.0122179 -0.0130068 -0.999841 0.367671 0.999461 0.0303234 -0.0126078 -0.0236702
1548808766450328320 1393 0.0306819 -0.999486 0.00925884 13.4617 -0.0115213 -0.00961624 -0.999887 0.367143 0.999463 0.0305718 -0.0118105 -0.0265475
1548808766717030400 1401 0.0284621 -0.999517 0.0124458 13.5468 -0.00894053 -0.0127049 -0.999879 0.370767 0.999555 0.0283474 -0.00929783 -0.0290976
1548808766917056256 1407 0.0309577 -0.999464 0.0106786 13.609 -0.0101922 -0.0109989 -0.999888 0.369073 0.999469 0.0308454 -0.0105273 -0.029286
1548808767050407424 1411 0.0309371 -0.999406 0.0151665 13.651 -0.0118702 -0.01554 -0.999809 0.372615 0.999451 0.0307512 -0.0123439 -0.0297254
1548808767183758336 1415 0.0306592 -0.999454 0.0123182 13.6935 -0.00968837 -0.0126205 -0.999873 0.37605 0.999483 0.030536 -0.01007 -0.0293415
1548808767317109248 1419 0.0310281 -0.999474 0.00938014 13.7368 -0.00889212 -0.00966031 -0.999914 0.377104 0.999479 0.030942 -0.00918718 -0.0289984
1548808767417122304 1422 0.0290062 -0.999526 0.0103191 13.7721 -0.00813906 -0.0105592 -0.999911 0.376687 0.999546 0.0289197 -0.00844149 -0.03016
1548808767617148416 1428 0.0284008 -0.999543 0.0103532 13.836 -0.0107159 -0.0106612 -0.999886 0.379376 0.999539 0.0282866 -0.0110138 -0.0282551
1548808767750499328 1432 0.0279618 -0.999577 0.00794106 13.8779 -0.0114443 -0.00826377 -0.9999 0.380882 0.999543 0.0278682 -0.0116705 -0.0280502
1548808767950526208 1438 0.0263885 -0.999624 0.00739122 13.9435 -0.0138701 -0.00775921 -0.999874 0.38413 0.999556 0.0262827 -0.0140696 -0.0279337
1548808768117214208 1443 0.0263816 -0.99963 0.00668816 13.9957 -0.0121098 -0.00700958 -0.999902 0.385795 0.999579 0.026298 -0.0122903 -0.0298933
1548808768350578176 1450 0.0251505 -0.999649 0.00829527 14.0711 -0.0124071 -0.00860939 -0.999886 0.389262 0.999607 0.0250447 -0.0126193 -0.0312939
1548808768450591232 1453 0.0245521 -0.999677 0.00650864 14.1023 -0.0115869 -0.00679473 -0.99991 0.390657 0.999631 0.0244745 -0.01175 -0.0340697
1548808768617280256 1458 0.0230233 -0.999702 0.00811456 14.1502 -0.0107896 -0.00836471 -0.999907 0.389611 0.999677 0.0229336 -0.010979 -0.0342424
1548808768717293312 1461 0.0201847 -0.999765 0.00785899 14.1824 -0.0103097 -0.00806831 -0.999914 0.392617 0.999743 0.020102 -0.0104702 -0.0334783
1548808768783969280 1463 0.0206953 -0.999756 0.00768234 14.2035 -0.00930125 -0.00787618 -0.999926 0.39451 0.999743 0.0206223 -0.00946199 -0.0333268
1548808768883982336 1466 0.0185878 -0.999799 0.00747702 14.232 -0.0115796 -0.00769308 -0.999903 0.393468 0.99976 0.0184994 -0.0117203 -0.0363264
1548808768983995392 1469 0.0158123 -0.999814 0.0110623 14.2653 -0.0125015 -0.0112606 -0.999858 0.393732 0.999797 0.0156717 -0.0126772 -0.0349207
1548808769150684416 1474 0.0133351 -0.999869 0.00912549 14.3208 -0.0115761 -0.00928006 -0.99989 0.396017 0.999844 0.013228 -0.0116984 -0.0379793
1548808769350710272 1480 0.00807493 -0.999905 0.011172 14.3845 -0.00929618 -0.011247 -0.999894 0.400425 0.999924 0.00797021 -0.00938611 -0.037595
1548808769584074240 1487 0.00270291 -0.999935 0.0110495 14.4587 -0.011037 -0.0110787 -0.999878 0.405255 0.999935 0.00258063 -0.0110663 -0.0431841
1548808769750763264 1492 -3.83642e-05 -0.999904 0.0138332 14.5115 -0.0113698 -0.0138319 -0.99984 0.403892 0.999935 -0.000195639 -0.0113682 -0.0426705
1548808769884114176 1496 -0.00424477 -0.999889 0.0142714 14.554 -0.0130289 -0.014215 -0.999814 0.404056 0.999906 -0.00442992 -0.0129671 -0.044855
1548808770084140288 1502 -0.0140569 -0.999777 0.0157686 14.6175 -0.0151165 -0.0155559 -0.999765 0.408016 0.999787 -0.0142919 -0.0148944 -0.0413426
1548808770184153344 1505 -0.016051 -0.999795 0.0123278 14.6506 -0.0151529 -0.0120848 -0.999812 0.409211 0.999756 -0.0162348 -0.0149559 -0.041163
1548808770350842368 1510 -0.0167484 -0.999777 0.0128776 14.7053 -0.0155043 -0.0126182 -0.9998 0.411821 0.99974 -0.0169448 -0.0152895 -0.0364928
1548808770650881280 1519 -0.0198148 -0.99973 0.0121479 14.8045 -0.015318 -0.0118453 -0.999813 0.415378 0.999686 -0.0199972 -0.0150792 -0.0335924
1548808770884245248 1526 -0.0246274 -0.999577 0.0154638 14.8823 -0.0152216 -0.0150917 -0.99977 0.418716 0.999581 -0.0248571 -0.0148435 -0.0334209
1548808771150947328 1534 -0.0421502 -0.999009 0.0143156 14.967 -0.0173308 -0.0135951 -0.999757 0.423449 0.998961 -0.0423881 -0.0167405 -0.0288568
