1317379225874230784 1 0 -1 0 0 0 0 -1 0 1 0 0 -0
1317379225874230784 2 0 -1 0 0 0 0 -1 0 1 0 0 -0
1317379225874230784 3 0 -1 0 0 0 0 -1 0 1 0 0 -0
1317379225874230784 4 0 -1 0 0 0 0 -1 0 1 0 0 -0
1317379225874230784 5 0 -1 0 0 0 0 -1 0 1 0 0 -0
1317379225874230784 6 0 -1 0 0 0 0 -1 0 1 0 0 -0
1317379225874230784 7 0 -1 0 0 0 0 -1 0 1 0 0 -0
1317379225874230784 8 0 -1 0 0 0 0 -1 0 1 0 0 -0
1317379225874230784 9 0 -1 0 0 0 0 -1 0 1 0 0 -0
1317379225978103040 10 -0.00910877 -0.999958 -0.000529938 -0.0119865 -0.00136281 0.000542374 -0.999999 -0.00171706 0.999958 -0.00910804 -0.00136769 0.110569
1317379226081979904 11 -0.020434 -0.999791 -0.000676256 -0.0273177 -0.00295347 0.000736758 -0.999995 -0.00164533 0.999787 -0.0204319 -0.00296791 0.233794
1317379226185857792 12 -0.0337507 -0.99943 -0.000598371 -0.0490804 -0.00383543 0.00072823 -0.999992 -0.00258747 0.999423 -0.0337481 -0.00385782 0.368496
1317379226289602816 13 -0.0497744 -0.99876 -0.000601671 -0.0745877 -0.00382954 0.000793263 -0.999992 -0.00390679 0.998753 -0.0497717 -0.00386427 0.515578
1317379226393355008 14 -0.0682268 -0.997669 0.00100435 -0.103108 -0.00386755 -0.000742202 -0.999992 -0.00543736 0.997662 -0.0682302 -0.0038079 0.676844
1317379226497102848 15 -0.0876109 -0.996152 0.00215388 -0.146252 -0.00411484 -0.00180028 -0.99999 -0.0056565 0.996146 -0.0876189 -0.00394128 0.853048
1317379226600884480 16 -0.109522 -0.993982 0.00229461 -0.190477 -0.00452679 -0.00180969 -0.999988 -0.00771521 0.993974 -0.109531 -0.00430135 1.04439
1317379226704608000 17 -0.133229 -0.991084 -0.00139388 -0.249889 -0.00618601 0.00223796 -0.999978 -0.0108051 0.991066 -0.133218 -0.00642902 1.23243
1317379226808354304 18 -0.158244 -0.987383 -0.00571867 -0.319756 -0.00773428 0.00703097 -0.999945 -0.0184743 0.98737 -0.158191 -0.00874931 1.42682
1317379226912108288 19 -0.184713 -0.982753 -0.00884246 -0.396935 -0.00868699 0.0106296 -0.999906 -0.0254857 0.982754 -0.184619 -0.0105006 1.62994
1317379227015733760 20 -0.21346 -0.976901 -0.00993028 -0.479967 -0.00898725 0.0121277 -0.999886 -0.0271466 0.97691 -0.213347 -0.0113684 1.85245
1317379227119477760 21 -0.24379 -0.969755 -0.0118848 -0.57095 -0.0086044 0.0144168 -0.999859 -0.0299017 0.96979 -0.243654 -0.0118588 2.06972
1317379227223253248 22 -0.275616 -0.961169 -0.0137663 -0.644686 -0.00737314 0.0164344 -0.999838 -0.0391146 0.96124 -0.27547 -0.0116164 2.24251
1317379227326855680 23 -0.308922 -0.950951 -0.0160838 -0.749005 -0.00646563 0.0190103 -0.999798 -0.0417535 0.951065 -0.308756 -0.0120212 2.44963
1317379227430483200 24 -0.342366 -0.939379 -0.0187544 -0.851543 -0.0058409 0.0220883 -0.999739 -0.0508404 0.939548 -0.342167 -0.0130491 2.64532
1317379227534230528 25 -0.375291 -0.926652 -0.0217333 -0.96936 -0.00502393 0.0254804 -0.999663 -0.0573786 0.926893 -0.375055 -0.014218 2.8306
1317379227637979392 26 -0.410202 -0.911721 -0.0223397 -1.09473 -0.00438814 0.0264683 -0.99964 -0.057071 0.911984 -0.409956 -0.0148581 3.03219
1317379227741606912 27 -0.446636 -0.894533 -0.0180711 -1.21612 -0.00473427 0.0225601 -0.999734 -0.0614733 0.894703 -0.446431 -0.0143111 3.22013
1317379227845356032 28 -0.485539 -0.874119 -0.0129224 -1.35542 -0.00525112 0.0176976 -0.99983 -0.0596698 0.874199 -0.485389 -0.013183 3.4323
1317379227948985600 29 -0.526022 -0.850349 -0.0144113 -1.50533 -0.00185037 0.0180893 -0.999835 -0.0665713 0.850469 -0.525909 -0.0110889 3.62044
1317379228052624896 30 -0.568105 -0.822705 -0.0203081 -1.67981 0.00241122 0.0230129 -0.999732 -0.079551 0.822952 -0.568002 -0.01109 3.79946
1317379228156101120 31 -0.610793 -0.79145 -0.0232022 -1.86607 0.00463503 0.025729 -0.999658 -0.0880045 0.791776 -0.610692 -0.0120467 3.98461
1317379228259810304 32 -0.653182 -0.756873 -0.022283 -2.08254 0.00532082 0.0248395 -0.999677 -0.0877642 0.757182 -0.65309 -0.0121975 4.17619
1317379228363371520 33 -0.69537 -0.718434 -0.0177141 -2.30043 0.00639767 0.0184596 -0.999809 -0.0837975 0.718624 -0.69535 -0.00823995 4.36431
1317379228467122432 34 -0.735589 -0.677283 -0.0139889 -2.56124 0.00682438 0.0132403 -0.999889 -0.0792602 0.677393 -0.735603 -0.00511737 4.55945
1317379228570729216 35 -0.771792 -0.635717 -0.0141621 -2.81242 0.00901714 0.0113278 -0.999895 -0.0844304 0.635811 -0.771839 -0.00301034 4.69299
1317379228674481920 36 -0.807618 -0.589521 -0.0147648 -3.07821 0.0118957 0.00874607 -0.999891 -0.0852842 0.589586 -0.807706 -5.07416e-05 4.84212
1317379228778232064 37 -0.841282 -0.540372 -0.0155972 -3.38636 0.0137221 0.00749693 -0.999878 -0.0821997 0.540423 -0.841393 0.00110803 4.98717
1317379228881855488 38 -0.871332 -0.490406 -0.0168291 -3.71997 0.0154968 0.00677768 -0.999857 -0.0744683 0.49045 -0.871468 0.00169411 5.10291
1317379228985606912 39 -0.898975 -0.437592 -0.0189043 -4.0706 0.0181936 0.00581654 -0.999818 -0.0687769 0.437622 -0.899155 0.00273243 5.22403
1317379229089373696 40 -0.923134 -0.38392 -0.0207108 -4.41204 0.0203075 0.0051046 -0.999781 -0.0617712 0.383942 -0.923352 0.00308422 5.31955
1317379229193129216 41 -0.943694 -0.329975 -0.0236194 -4.7736 0.0238601 0.00332126 -0.99971 -0.056755 0.329958 -0.943984 0.00473898 5.41202
1317379229296876032 42 -0.960291 -0.277839 -0.0254329 -5.16877 0.0266654 -0.000657551 -0.999644 -0.0537255 0.277723 -0.960627 0.00804013 5.48687
1317379229400731648 43 -0.97326 -0.228255 -0.0257716 -5.58049 0.027078 -0.00259312 -0.99963 -0.0497595 0.228104 -0.973598 0.00870448 5.54615
1317379229504602624 44 -0.982879 -0.182292 -0.0268073 -6.05388 0.0270338 0.00124249 -0.999634 -0.0362813 0.182259 -0.983244 0.00370683 5.59378
1317379229608764928 45 -0.989711 -0.140435 -0.0273715 -6.50546 0.0271833 0.00325829 -0.999625 -0.0287067 0.140472 -0.990084 0.000592726 5.62051
1317379229712747264 46 -0.994286 -0.103565 -0.0258626 -6.97462 0.0255139 0.00469017 -0.999663 -0.0152638 0.103652 -0.994612 -0.00202101 5.62585
1317379229816860928 47 -0.997309 -0.0695437 -0.0231865 -7.4572 0.0229935 0.00357424 -0.999729 -0.00878978 0.0696078 -0.997572 -0.00196557 5.6298
1317379229920993280 48 -0.999029 -0.0389186 -0.020666 -7.95416 0.0205409 0.00361228 -0.999782 -0.00706181 0.0389848 -0.999236 -0.00280935 5.6171
1317379230025127424 49 -0.99974 -0.0130092 -0.0187048 -8.46908 0.018659 0.00363684 -0.999819 0.00149636 0.0130749 -0.999909 -0.00339316 5.59096
1317379230129365504 50 -0.99984 0.00735964 -0.0163026 -8.98934 0.0163359 0.00448112 -0.999857 0.0101089 -0.00728553 -0.999963 -0.00460063 5.56232
1317379230233731328 51 -0.99961 0.0233522 -0.015324 -9.52808 0.0154215 0.0040007 -0.999873 0.0234162 -0.0232879 -0.999719 -0.00435926 5.53036
1317379230337980928 52 -0.999215 0.0363287 -0.0158024 -10.0818 0.0159146 0.00279989 -0.999869 0.0267295 -0.0362797 -0.999336 -0.00337585 5.496
1317379230442440448 53 -0.998809 0.0457155 -0.0170746 -10.6514 0.0172732 0.00395121 -0.999843 0.0226495 -0.0456409 -0.998947 -0.00473615 5.45324
1317379230546731008 54 -0.99845 0.0524601 -0.0186001 -11.2293 0.0189223 0.00565133 -0.999805 0.0190803 -0.0523447 -0.998607 -0.00663524 5.40881
1317379230650983424 55 -0.99819 0.0568845 -0.0195008 -11.8289 0.0198322 0.00526705 -0.999789 0.0252209 -0.0567698 -0.998367 -0.00638567 5.36456
1317379230755358720 56 -0.998097 0.0582715 -0.0201654 -12.4476 0.0203544 0.00265153 -0.999789 0.0358815 -0.0582057 -0.998297 -0.00383257 5.32364
1317379230859635200 57 -0.998109 0.0573261 -0.0222034 -13.0828 0.0222756 0.000620686 -0.999752 0.0437548 -0.0572981 -0.998355 -0.00189649 5.28133
1317379230963981824 58 -0.998134 0.0557952 -0.0248194 -13.732 0.0249503 0.00165077 -0.999687 0.0440466 -0.0557368 -0.998441 -0.0030398 5.23618
1317379231068230144 59 -0.998225 0.054084 -0.0249538 -14.3935 0.0252109 0.00407779 -0.999674 0.0449963 -0.0539646 -0.998528 -0.00543406 5.18913
1317379231172489472 60 -0.998368 0.0525954 -0.0222432 -15.0645 0.0225646 0.0055254 -0.99973 0.0552451 -0.0524583 -0.998601 -0.00670317 5.14559
1317379231276733952 61 -0.998439 0.0513433 -0.0219668 -15.7581 0.0222832 0.0055979 -0.999736 0.0691651 -0.0512067 -0.998665 -0.00673325 5.10243
1317379231380858624 62 -0.998458 0.0497598 -0.0246133 -16.4687 0.0248922 0.00499233 -0.999678 0.0820832 -0.0496209 -0.998749 -0.00622326 5.06373
1317379231485004032 63 -0.998459 0.0477076 -0.0283587 -17.2019 0.0287001 0.00648748 -0.999567 0.0828122 -0.047503 -0.99884 -0.00784669 5.0136
1317379231589253632 64 -0.998483 0.0459579 -0.0303342 -17.9519 0.0306641 0.00649072 -0.999509 0.0937868 -0.0457385 -0.998922 -0.00789013 4.96784
1317379231693357312 65 -0.998585 0.0440445 -0.029812 -18.7184 0.0301951 0.00805755 -0.999512 0.102114 -0.0437828 -0.998997 -0.00937607 4.91534
1317379231797504512 66 -0.998744 0.0423517 -0.0267651 -19.4933 0.0272265 0.0103542 -0.999576 0.11559 -0.0420566 -0.999049 -0.0114942 4.86751
1317379231901506560 67 -0.998822 0.0409612 -0.0260003 -20.2862 0.026482 0.0112615 -0.999586 0.13117 -0.0406514 -0.999097 -0.012333 4.82533
1317379232005624064 68 -0.998817 0.039514 -0.0283301 -21.0981 0.0287076 0.00901821 -0.999547 0.142727 -0.0392406 -0.999178 -0.0101419 4.78581
1317379232109752576 69 -0.998803 0.0382908 -0.0304478 -21.9106 0.0307255 0.00668414 -0.999506 0.152498 -0.0380684 -0.999244 -0.00785264 4.74483
1317379232213761024 70 -0.998798 0.0370316 -0.0321056 -22.7375 0.0323486 0.00598147 -0.999459 0.161909 -0.0368195 -0.999296 -0.0071722 4.70353
1317379232317861120 71 -0.99896 0.0363444 -0.0275435 -23.5621 0.0277747 0.00587282 -0.999597 0.170545 -0.036168 -0.999322 -0.00687617 4.65976
1317379232421857792 72 -0.999139 0.0359797 -0.0206752 -24.3881 0.020849 0.00446156 -0.999773 0.176675 -0.0358793 -0.999343 -0.00520785 4.62095
1317379232525859584 73 -0.999218 0.0361137 -0.0160787 -25.2242 0.0161575 0.00189107 -0.999868 0.183574 -0.0360785 -0.999346 -0.0024731 4.58476
1317379232629858048 74 -0.999187 0.0366427 -0.0168072 -26.0721 0.0168473 0.000785057 -0.999858 0.190655 -0.0366242 -0.999328 -0.00140175 4.54698
1317379232733736960 75 -0.999031 0.0367615 -0.0242206 -26.9347 0.0242904 0.00145438 -0.999704 0.192251 -0.0367154 -0.999323 -0.00234592 4.50512
1317379232837752832 76 -0.99883 0.0369606 -0.0311901 -27.7997 0.0313278 0.0031512 -0.999504 0.202426 -0.0368439 -0.999312 -0.0043054 4.45961
1317379232941753600 77 -0.998639 0.0373756 -0.0363743 -28.6649 0.0365886 0.00506607 -0.999318 0.214739 -0.0371659 -0.999288 -0.0064267 4.41412
1317379233045731840 78 -0.998609 0.0377482 -0.0367999 -29.5218 0.0370839 0.00684976 -0.999289 0.223723 -0.0374692 -0.999264 -0.00824008 4.36669
1317379233149752064 79 -0.998718 0.0380504 -0.0333923 -30.3781 0.033683 0.0070262 -0.999408 0.234773 -0.0377932 -0.999251 -0.00829884 4.3218
1317379233253610496 80 -0.998787 0.0386384 -0.0305114 -31.2277 0.0307904 0.0066443 -0.999504 0.252974 -0.0384165 -0.999231 -0.00782593 4.28161
1317379233357611776 81 -0.998746 0.0387755 -0.0316683 -32.0871 0.0320006 0.00797865 -0.999456 0.266941 -0.0385017 -0.999216 -0.00920949 4.23405
1317379233461484288 82 -0.998678 0.0385294 -0.0340154 -32.9499 0.0343771 0.00876395 -0.999371 0.275017 -0.038207 -0.999219 -0.0100769 4.18588
1317379233565485056 83 -0.998734 0.0384319 -0.0324497 -33.8046 0.032839 0.00954166 -0.999415 0.280797 -0.0380998 -0.999216 -0.0107916 4.13737
1317379233669486336 84 -0.998913 0.0378255 -0.0272557 -34.656 0.0276587 0.0101709 -0.999566 0.295461 -0.0375318 -0.999233 -0.011206 4.08182
1317379233773484800 85 -0.999029 0.0373926 -0.0233118 -35.5055 0.0237414 0.0110866 -0.999657 0.299396 -0.0371213 -0.999239 -0.0119636 4.02289
1317379233877487104 86 -0.999045 0.0365937 -0.0238559 -36.3356 0.0242461 0.0102547 -0.999653 0.318683 -0.0363364 -0.999278 -0.0111322 3.95872
1317379233981361152 87 -0.999003 0.0359967 -0.0264095 -37.1832 0.0267439 0.00884064 -0.999603 0.321725 -0.035749 -0.999313 -0.00979452 3.91298
1317379234085357568 88 -0.998886 0.0353535 -0.0312436 -38.0385 0.031566 0.00859866 -0.999465 0.327268 -0.0350659 -0.999338 -0.00970506 3.86772
1317379234189380096 89 -0.998723 0.0346381 -0.0367808 -38.8898 0.0370782 0.00798136 -0.99928 0.334557 -0.0343197 -0.999368 -0.00925549 3.82468
1317379234293231616 90 -0.998598 0.0347377 -0.0399474 -39.741 0.0402551 0.00820269 -0.999156 0.345776 -0.0343807 -0.999363 -0.00958956 3.78081
1317379234397236736 91 -0.998619 0.0343614 -0.0397429 -40.588 0.0400319 0.00776508 -0.999168 0.362483 -0.0340242 -0.999379 -0.00912991 3.73994
1317379234501236992 92 -0.998784 0.0343019 -0.035408 -41.4304 0.0356872 0.00756128 -0.999334 0.376943 -0.0340113 -0.999383 -0.00877622 3.69955
1317379234605238784 93 -0.998942 0.0337552 -0.0312225 -42.2747 0.0315307 0.00863597 -0.999465 0.385547 -0.0334675 -0.999393 -0.00969117 3.65205
1317379234709112576 94 -0.999029 0.0335479 -0.0285586 -43.1218 0.028992 0.0125044 -0.999501 0.39525 -0.033174 -0.999359 -0.0134649 3.60243
1317379234813133056 95 -0.99906 0.033989 -0.0268975 -43.9598 0.0274359 0.0154762 -0.999504 0.403118 -0.0335558 -0.999302 -0.0163942 3.55601
1317379234916985856 96 -0.999085 0.0345893 -0.025145 -44.7941 0.0256104 0.0130784 -0.999586 0.405445 -0.0342461 -0.999316 -0.0139523 3.51833
1317379235021009664 97 -0.999131 0.0356946 -0.0215221 -45.6232 0.0218854 0.00981819 -0.999712 0.407999 -0.0354731 -0.999315 -0.0105908 3.48215
1317379235124983808 98 -0.999145 0.0362681 -0.0198635 -46.4651 0.0200794 0.00559828 -0.999783 0.414541 -0.036149 -0.999326 -0.00632173 3.44036
1317379235228865792 99 -0.998999 0.0381847 -0.0233029 -47.306 0.0235192 0.00522716 -0.99971 0.415872 -0.0380518 -0.999257 -0.00612001 3.39698
1317379235332861696 100 -0.998783 0.039733 -0.0292034 -48.1485 0.0293395 0.00284459 -0.999565 0.41825 -0.0396327 -0.999206 -0.00400687 3.35364
1317379235436729856 101 -0.9986 0.0416334 -0.0326301 -48.9836 0.0326985 0.000962183 -0.999465 0.428532 -0.0415797 -0.999132 -0.00232219 3.31566
1317379235540613888 102 -0.998566 0.0430777 -0.0317809 -49.8078 0.0318595 0.00113902 -0.999492 0.437391 -0.0430196 -0.999071 -0.00250982 3.27155
1317379235644614144 103 -0.998634 0.0440382 -0.0281064 -50.627 0.0283339 0.00455082 -0.999588 0.439445 -0.0438922 -0.999019 -0.00579239 3.21697
1317379235748489728 104 -0.998678 0.04505 -0.0247385 -51.4444 0.0251869 0.0094145 -0.999638 0.442512 -0.0448008 -0.99894 -0.0105367 3.15741
1317379235852489984 105 -0.998659 0.046362 -0.0230465 -52.2634 0.0236704 0.0129542 -0.999636 0.451527 -0.0460466 -0.998841 -0.0140342 3.09726
1317379235956363520 106 -0.998601 0.0471067 -0.0240114 -53.0703 0.0247382 0.0149068 -0.999583 0.452241 -0.0467291 -0.998779 -0.0160513 3.04109
1317379236060239104 107 -0.998513 0.0481467 -0.025557 -53.8776 0.0262881 0.0146122 -0.999548 0.45341 -0.0477515 -0.998733 -0.0158562 2.99105
1317379236164235776 108 -0.998475 0.0491493 -0.0251551 -54.6767 0.0259733 0.0160793 -0.999533 0.457644 -0.0487219 -0.998662 -0.0173314 2.93775
1317379236268114688 109 -0.998452 0.0496488 -0.0250561 -55.4691 0.0259285 0.0170056 -0.999519 0.4574 -0.0491989 -0.998622 -0.0182666 2.88319
1317379236372130048 110 -0.998404 0.0499181 -0.0264197 -56.2765 0.0271933 0.014883 -0.999519 0.471806 -0.0495009 -0.998642 -0.0162166 2.82425
1317379236475989504 111 -0.998312 0.0501596 -0.0292822 -57.0643 0.0299998 0.0136126 -0.999457 0.477715 -0.0497337 -0.998648 -0.0150944 2.77378
1317379236579987456 112 -0.998179 0.0502271 -0.033408 -57.846 0.0341595 0.0141777 -0.999316 0.480566 -0.0497191 -0.998637 -0.0158676 2.72098
1317379236683863040 113 -0.998089 0.0506118 -0.0354463 -58.6228 0.0362111 0.0142745 -0.999242 0.486458 -0.0500675 -0.998616 -0.0160799 2.66796
1317379236787862272 114 -0.998062 0.0512633 -0.0352821 -59.386 0.0360264 0.0136693 -0.999257 0.499381 -0.0507429 -0.998592 -0.0154896 2.61898
1317379236891758848 115 -0.998118 0.0514249 -0.0333955 -60.134 0.034115 0.0131773 -0.999331 0.505338 -0.0509504 -0.99859 -0.0149069 2.56944
1317379236995739904 116 -0.998234 0.051537 -0.0295302 -60.8759 0.0302182 0.0126221 -0.999464 0.518824 -0.0511366 -0.998591 -0.0141572 2.52094
1317379237099633920 117 -0.998334 0.0511646 -0.0266883 -61.6115 0.0273921 0.013103 -0.999539 0.524178 -0.0507913 -0.998604 -0.0144827 2.46967
1317379237203613696 118 -0.998461 0.0498052 -0.024401 -62.3302 0.0250954 0.0133656 -0.999596 0.529888 -0.049459 -0.99867 -0.0145949 2.42189
1317379237307612928 119 -0.998608 0.0472428 -0.0234374 -63.0405 0.0241965 0.0155614 -0.999586 0.537481 -0.0468586 -0.998762 -0.0166829 2.37186
1317379237411616768 120 -0.998776 0.0431551 -0.024166 -63.7332 0.0248711 0.0158776 -0.999565 0.54108 -0.0427526 -0.998942 -0.0169314 2.33251
1317379237515739648 121 -0.998976 0.0373105 -0.0255826 -64.4102 0.026159 0.0150438 -0.999545 0.544348 -0.0369086 -0.99919 -0.0160044 2.30112
1317379237619741952 122 -0.999181 0.0301536 -0.0269918 -65.0715 0.0274263 0.0140886 -0.999525 0.546037 -0.029759 -0.999446 -0.0149041 2.27632
1317379237723864576 123 -0.999369 0.0214249 -0.0283161 -65.7196 0.0286409 0.0150078 -0.999477 0.546172 -0.0209888 -0.999658 -0.015612 2.25687
1317379237827987712 124 -0.999505 0.00974246 -0.0299232 -66.3425 0.0300857 0.016983 -0.999403 0.548639 -0.00922846 -0.999808 -0.0172677 2.24182
1317379237932111872 125 -0.999492 -0.00492696 -0.0315019 -66.9521 0.0313981 0.019889 -0.999309 0.550356 0.0055501 -0.99979 -0.0197242 2.2404
1317379238036387328 126 -0.999195 -0.0230909 -0.0327986 -67.5429 0.0323039 0.0214768 -0.999247 0.55336 0.023778 -0.999503 -0.0207135 2.25519
1317379238140615424 127 -0.998416 -0.0451516 -0.0335693 -68.1096 0.0325765 0.0225469 -0.999215 0.558307 0.045873 -0.998726 -0.0210403 2.28243
1317379238244867328 128 -0.996979 -0.0699263 -0.0338142 -68.6492 0.0323531 0.0219237 -0.999236 0.560023 0.0706143 -0.997311 -0.0195952 2.34032
1317379238349258240 129 -0.994561 -0.0986755 -0.0333309 -69.1493 0.0314771 0.0202847 -0.999299 0.56153 0.0992824 -0.994913 -0.0170684 2.40805
1317379238453614080 130 -0.990688 -0.132038 -0.0332085 -69.6123 0.0310159 0.0186288 -0.999345 0.561327 0.13257 -0.99107 -0.01436 2.48424
1317379238557990400 131 -0.985074 -0.168871 -0.0333357 -70.0787 0.0307636 0.0178259 -0.999368 0.564433 0.169358 -0.985477 -0.0123647 2.58842
1317379238662364416 132 -0.977384 -0.208868 -0.0330833 -70.499 0.0301452 0.0172356 -0.999397 0.561565 0.209312 -0.977792 -0.0105494 2.69359
1317379238766862848 133 -0.966913 -0.25285 -0.0338667 -70.9088 0.0308521 0.0158793 -0.999398 0.562516 0.253236 -0.967375 -0.00755292 2.82044
1317379238871236608 134 -0.953509 -0.299618 -0.0323845 -71.2975 0.030144 0.0120982 -0.999472 0.558483 0.299852 -0.953983 -0.00250407 2.97271
1317379238975739648 135 -0.936847 -0.348657 -0.0274849 -71.6735 0.0278612 0.00393595 -0.999604 0.552947 0.348627 -0.937242 0.00602663 3.14736
1317379239080113920 136 -0.916752 -0.398848 -0.0220374 -72.047 0.0247653 -0.0016875 -0.999692 0.552309 0.398688 -0.917015 0.0114246 3.34309
1317379239184612864 137 -0.892804 -0.450122 -0.0170868 -72.4168 0.022575 -0.00682697 -0.999722 0.557148 0.44988 -0.892941 0.0162566 3.56217
1317379239288992512 138 -0.865921 -0.499919 -0.016184 -72.7675 0.0227848 -0.00710205 -0.999715 0.562821 0.499662 -0.866043 0.0175404 3.79304
1317379239393241344 139 -0.836957 -0.547086 -0.0141444 -73.1232 0.0227198 -0.00891157 -0.999702 0.57697 0.546797 -0.837029 0.0198883 4.03954
1317379239497612800 140 -0.80744 -0.589869 -0.00975292 -73.4276 0.0242674 -0.0166915 -0.999566 0.578379 0.589451 -0.807326 0.027792 4.31881
1317379239601864704 141 -0.774785 -0.632219 -0.00285841 -73.7317 0.0260022 -0.0273477 -0.999288 0.57877 0.63169 -0.774307 0.0376277 4.62023
1317379239706135552 142 -0.739614 -0.673028 0.00218958 -74.0038 0.0234405 -0.0290106 -0.999304 0.578191 0.672623 -0.739048 0.0372327 4.91086
1317379239810364160 143 -0.701817 -0.712332 0.00599834 -74.2452 0.0174456 -0.0256047 -0.99952 0.574636 0.712144 -0.701376 0.0303968 5.18534
1317379239914635520 144 -0.660212 -0.75097 0.0128277 -74.4977 0.00624522 -0.0225673 -0.999726 0.584766 0.751053 -0.659951 0.0195891 5.50791
1317379240018864128 145 -0.615096 -0.788305 0.015226 -74.7376 -0.00170489 -0.0179814 -0.999837 0.588211 0.788451 -0.615021 0.00971632 5.83526
1317379240123115008 146 -0.567158 -0.823447 0.0163362 -74.9642 -0.00416639 -0.0169661 -0.999847 0.584588 0.823598 -0.56714 0.00619167 6.20037
1317379240227363840 147 -0.5179 -0.855256 0.0178137 -75.1783 -0.00561391 -0.0174255 -0.999832 0.582141 0.855423 -0.517913 0.00422333 6.60516
1317379240331488256 148 -0.467344 -0.883911 0.0170506 -75.4318 -0.00788569 -0.0151178 -0.999855 0.580949 0.88404 -0.467411 9.49686e-05 7.07669
1317379240435642880 149 -0.418994 -0.907856 0.0155573 -75.6301 -0.00593837 -0.0143936 -0.999879 0.568143 0.90797 -0.419036 0.000639639 7.5409
1317379240539634688 150 -0.374365 -0.927237 0.00912277 -75.8071 -0.00457664 -0.00799046 -0.999958 0.554746 0.92727 -0.374391 -0.00125228 8.00415
1317379240643638016 151 -0.332932 -0.942937 0.0050156 -75.9708 -0.00595244 -0.00321731 -0.999977 0.547769 0.942932 -0.332955 -0.00454163 8.51119
1317379240747490048 152 -0.296654 -0.954985 -2.51931e-05 -76.1283 -0.0043267 0.00137041 -0.99999 0.539618 0.954975 -0.296651 -0.00453847 9.03593
1317379240851242240 153 -0.266728 -0.963772 -0.000353976 -76.27 -0.0020845 0.000944174 -0.999997 0.526904 0.96377 -0.266726 -0.00226082 9.59745
1317379240954965504 154 -0.242571 -0.970133 0.000623665 -76.4059 -0.000424768 -0.000536657 -1 0.519202 0.970133 -0.242572 -0.000281904 10.1845
1317379241058666496 155 -0.221699 -0.975115 0.000980495 -76.5386 0.00174093 -0.00140133 -0.999998 0.510717 0.975114 -0.221696 0.00200828 10.7941
1317379241162388736 156 -0.203625 -0.979048 -0.00127765 -76.6643 0.00450466 0.000368087 -0.99999 0.501823 0.979039 -0.203629 0.00433533 11.4039
1317379241266095104 157 -0.188298 -0.982092 -0.0063118 -76.8006 0.00617167 0.00524338 -0.999967 0.493806 0.982093 -0.18833 0.00507383 12.0492
1317379241369796352 158 -0.175304 -0.984458 -0.0105113 -76.9184 0.00761692 0.00932008 -0.999928 0.483673 0.984485 -0.175371 0.0058647 12.698
1317379241473489664 159 -0.162534 -0.986664 -0.00873564 -77.0239 0.00738552 0.00763659 -0.999944 0.480843 0.986675 -0.162589 0.00604582 13.3646
1317379241577242112 160 -0.14894 -0.988808 -0.00870944 -77.1277 0.00715288 0.00773013 -0.999945 0.477041 0.98882 -0.148994 0.00592149 14.0464
1317379241681027072 161 -0.134599 -0.990862 -0.00868607 -77.2235 0.00784626 0.0076998 -0.99994 0.474812 0.990869 -0.134659 0.00673818 14.7459
1317379241784844800 162 -0.120849 -0.992619 -0.0101468 -77.3111 0.00836038 0.00920361 -0.999923 0.471374 0.992636 -0.120925 0.00718642 15.4643
1317379241888617728 163 -0.108295 -0.994067 -0.0101483 -77.3955 0.00580332 0.00957598 -0.999937 0.460884 0.994102 -0.108347 0.00473186 16.1881
1317379241992371712 164 -0.0973739 -0.995185 -0.0112216 -77.4749 0.000811689 0.0111957 -0.999937 0.447574 0.995248 -0.0973769 -0.000282391 16.9245
1317379242096241664 165 -0.0880446 -0.996074 -0.0092019 -77.5442 -0.00518005 0.00969548 -0.99994 0.440579 0.996103 -0.0879917 -0.00601335 17.6715
1317379242199996416 166 -0.0800764 -0.996749 -0.00887248 -77.6105 -0.00524581 0.00932234 -0.999943 0.431844 0.996775 -0.0800253 -0.00597525 18.4418
1317379242303745024 167 -0.0735053 -0.997238 -0.0106385 -77.6778 0.00089185 0.0106016 -0.999943 0.419939 0.997294 -0.0735106 0.000110112 19.222
1317379242407617792 168 -0.0688284 -0.997529 -0.0141001 -77.7432 0.00888161 0.0135203 -0.999869 0.407279 0.997589 -0.0689447 0.00792908 20.0096
1317379242511367680 169 -0.0645676 -0.997809 -0.0144079 -77.8054 0.0127082 0.0136147 -0.999827 0.395345 0.997832 -0.0647395 0.0118013 20.7947
1317379242615116032 170 -0.0611867 -0.998037 -0.0133608 -77.8602 0.0116143 0.0126731 -0.999852 0.38928 0.998059 -0.0613329 0.010816 21.5675
1317379242718903808 171 -0.057809 -0.998235 -0.0135809 -77.9185 0.0108329 0.0129756 -0.999857 0.378712 0.998269 -0.0579479 0.0100637 22.346
1317379242822764032 172 -0.0550781 -0.998412 -0.0118516 -77.9686 0.0129089 0.0111566 -0.999854 0.375024 0.998399 -0.0552231 0.0122739 23.1257
1317379242926486016 173 -0.0526881 -0.998565 -0.00954352 -78.0117 0.0153929 0.00874354 -0.999843 0.371459 0.998492 -0.0528268 0.0149102 23.9019
1317379243030371840 174 -0.0499119 -0.998729 -0.00707268 -78.0545 0.0171905 0.00622139 -0.999833 0.364038 0.998606 -0.0500251 0.0168581 24.6787
1317379243134140416 175 -0.0475285 -0.998851 -0.00609509 -78.0881 0.0137045 0.00544933 -0.999891 0.355701 0.998776 -0.0476069 0.0134297 25.4391
1317379243237991936 176 -0.045895 -0.998908 -0.00875457 -78.1315 0.00647556 0.00846612 -0.999943 0.35263 0.998925 -0.0459491 0.00607994 26.2023
1317379243341869824 177 -0.0443606 -0.998969 -0.00969517 -78.1689 -0.000996082 0.00974895 -0.999952 0.341822 0.999015 -0.0443488 -0.00142752 26.9682
1317379243445617920 178 -0.0430256 -0.999015 -0.0108474 -78.2102 -0.00511718 0.0110777 -0.999926 0.331607 0.999061 -0.0429669 -0.00558877 27.7396
1317379243549495040 179 -0.0409337 -0.999088 -0.0121438 -78.2507 -0.00335878 0.0122915 -0.999919 0.315771 0.999156 -0.0408896 -0.00385885 28.5114
1317379243653365248 180 -0.038526 -0.999141 -0.0152329 -78.2929 0.000501146 0.0152249 -0.999884 0.298714 0.999257 -0.0385292 -8.58405e-05 29.2886
1317379243757241088 181 -0.0365122 -0.999162 -0.0185242 -78.3289 0.00567037 0.0183292 -0.999816 0.277954 0.999317 -0.0366106 0.00499638 30.0453
1317379243860993792 182 -0.0340792 -0.999295 -0.0157325 -78.3606 0.00746635 0.0154866 -0.999852 0.269648 0.999391 -0.0341916 0.00693332 30.8095
1317379243964868864 183 -0.0329253 -0.999378 -0.0125957 -78.3928 0.00734289 0.0123604 -0.999897 0.259514 0.999431 -0.0330144 0.00693136 31.5765
1317379244068742912 184 -0.0318934 -0.999427 -0.0112964 -78.4215 0.00780399 0.0110528 -0.999908 0.244833 0.999461 -0.0319786 0.00744702 32.3378
1317379244172615424 185 -0.0308292 -0.999463 -0.0110739 -78.4514 0.00571686 0.0109027 -0.999924 0.242016 0.999508 -0.0308902 0.00537767 33.1073
1317379244276389632 186 -0.0299976 -0.999511 -0.0087779 -78.4865 0.00454823 0.00864527 -0.999952 0.231558 0.99954 -0.0300361 0.00428667 33.8743
1317379244380245760 187 -0.0292255 -0.99954 -0.00814451 -78.5208 0.00458604 0.00801383 -0.999957 0.220006 0.999562 -0.0292616 0.00434972 34.6477
1317379244484118016 188 -0.0282338 -0.999541 -0.0109739 -78.5629 0.00570875 0.0108168 -0.999925 0.204355 0.999585 -0.0282944 0.00540073 35.4316
1317379244587993600 189 -0.0282289 -0.999547 -0.0104689 -78.5979 0.00479779 0.0103375 -0.999935 0.194403 0.99959 -0.0282773 0.0045038 36.2119
1317379244691868672 190 -0.029819 -0.999508 -0.00971959 -78.6352 0.00464771 0.00958516 -0.999943 0.182211 0.999545 -0.0298625 0.00435961 37.0065
1317379244795742208 191 -0.031506 -0.99948 -0.0068913 -78.6757 0.00522661 0.00672988 -0.999964 0.171991 0.99949 -0.0315409 0.00501186 37.7962
1317379244899491072 192 -0.0343402 -0.999372 -0.00878849 -78.7203 0.00494103 0.00862379 -0.999951 0.16174 0.999398 -0.0343819 0.00464178 38.5898
1317379245003371264 193 -0.0370498 -0.999243 -0.0118299 -78.7694 0.00484372 0.0116583 -0.99992 0.143419 0.999302 -0.0371042 0.00440811 39.4013
1317379245107241216 194 -0.0395252 -0.999141 -0.0124865 -78.8186 4.48986e-06 0.0124961 -0.999922 0.13051 0.999219 -0.0395222 -0.000489425 40.21
1317379245210995456 195 -0.0419417 -0.99903 -0.0134289 -78.8673 -0.00347464 0.0135865 -0.999902 0.116878 0.999114 -0.0418909 -0.00404111 41.0337
1317379245314867712 196 -0.043916 -0.998961 -0.0121932 -78.9178 -0.00534895 0.0124399 -0.999908 0.106983 0.999021 -0.0438468 -0.0058897 41.8643
1317379245418741760 197 -0.045914 -0.998864 -0.0127213 -78.9703 -0.00373567 0.0129064 -0.99991 0.0853541 0.998938 -0.0458623 -0.00432401 42.7088
1317379245522622464 198 -0.0478696 -0.99879 -0.0112987 -79.026 -0.00296618 0.0114538 -0.99993 0.0720799 0.998849 -0.0478328 -0.00351088 43.535
1317379245626494208 199 -0.0497848 -0.998712 -0.00982259 -79.0743 -0.00115008 0.00989211 -0.99995 0.0560081 0.998759 -0.0497711 -0.00164108 44.3739
1317379245730412032 200 -0.0510232 -0.998659 -0.00881382 -79.1289 0.00257302 0.00869384 -0.999959 0.0393082 0.998694 -0.0510438 0.00212598 45.2273
1317379245834371584 201 -0.0518427 -0.99862 -0.00840046 -79.1847 0.00714072 0.00804088 -0.999942 0.0295061 0.99863 -0.0518996 0.006714 46.1017
1317379245938241536 202 -0.0512357 -0.998658 -0.00754622 -79.242 0.00939242 0.00707396 -0.999931 0.0138415 0.998642 -0.0513031 0.00901737 46.9691
1317379246042233344 203 -0.049179 -0.998732 -0.0108042 -79.299 0.00968539 0.0103399 -0.9999 0.00303793 0.998743 -0.0492787 0.0091646 47.8473
1317379246146120448 204 -0.0471874 -0.99883 -0.0106088 -79.3549 0.00862129 0.010213 -0.999911 -0.00967072 0.998849 -0.0472747 0.00812927 48.724
1317379246249995520 205 -0.0456838 -0.998924 -0.00803511 -79.4035 0.00654549 0.00774401 -0.999949 -0.0196158 0.998935 -0.045734 0.00618467 49.6003
1317379246354013952 206 -0.0438984 -0.999027 -0.00420133 -79.4464 0.00499228 0.00398596 -0.99998 -0.0285526 0.999024 -0.0439185 0.00481245 50.4867
1317379246457873408 207 -0.0418238 -0.99912 -0.00318208 -79.495 0.00476415 0.0029854 -0.999984 -0.0390945 0.999114 -0.0418383 0.00463509 51.3683
1317379246561744384 208 -0.0409762 -0.99916 -0.00083587 -79.5407 0.00743761 0.000531529 -0.999972 -0.0541056 0.999132 -0.0409812 0.00740958 52.2572
1317379246665746944 209 -0.0400861 -0.999194 0.00205685 -79.5821 0.00991097 -0.00245601 -0.999948 -0.0647261 0.999147 -0.0400636 0.0100014 53.1526
1317379246769620992 210 -0.0389789 -0.999237 0.00247046 -79.6349 0.0102523 -0.00287213 -0.999943 -0.0789932 0.999187 -0.0389513 0.0103564 54.0254
1317379246873600512 211 -0.0377966 -0.999285 0.00110011 -79.6829 0.00729303 -0.00137672 -0.999972 -0.0941381 0.999259 -0.0377875 0.00733985 54.9065
1317379246977517056 212 -0.0369253 -0.999317 -0.00128748 -79.7335 0.00171364 0.00122504 -0.999998 -0.113434 0.999317 -0.0369274 0.00166724 55.7748
1317379247081494528 213 -0.0358111 -0.999354 -0.00295942 -79.7786 -0.00341351 0.00308362 -0.999989 -0.134342 0.999353 -0.0358006 -0.00352174 56.6513
1317379247185381632 214 -0.0351116 -0.999354 -0.00766296 -79.8222 -0.00886529 0.00797885 -0.999929 -0.1618 0.999344 -0.0350411 -0.00913971 57.5305
1317379247289372672 215 -0.0338781 -0.999395 -0.00788213 -79.8631 -0.00955688 0.00821024 -0.999921 -0.186152 0.99938 -0.0338001 -0.00982925 58.4105
1317379247393245184 216 -0.0336416 -0.999424 -0.00445763 -79.9008 -0.00424255 0.00460292 -0.99998 -0.19446 0.999425 -0.033622 -0.00439496 59.2915
1317379247497123840 217 -0.0345903 -0.999399 -0.00219535 -79.9363 0.0047199 0.00203328 -0.999987 -0.20773 0.99939 -0.0346002 0.00464673 60.1671
1317379247601138176 218 -0.036046 -0.99935 -0.000488332 -79.9748 0.0124855 3.82645e-05 -0.999922 -0.228638 0.999272 -0.0360493 0.012476 61.0395
1317379247705101056 219 -0.0386028 -0.999253 0.00170535 -80.0113 0.0101338 -0.00209802 -0.999946 -0.236048 0.999203 -0.0385834 0.0102073 61.9005
1317379247809019392 220 -0.0402639 -0.999169 0.00639081 -80.0522 0.00661003 -0.00666222 -0.999956 -0.242487 0.999167 -0.0402198 0.00687278 62.7514
1317379247912868352 221 -0.0427207 -0.999058 0.00768026 -80.0978 0.00509717 -0.00790512 -0.999956 -0.255567 0.999074 -0.0426797 0.00543007 63.6028
1317379248016867840 222 -0.0451393 -0.998965 0.00555434 -80.1563 0.00267442 -0.00568083 -0.99998 -0.270757 0.998977 -0.0451236 0.00292808 64.4438
1317379248120849152 223 -0.0483744 -0.998822 0.0037849 -80.2116 -0.000675982 -0.0037566 -0.999993 -0.288631 0.998829 -0.0483766 -0.000493463 65.2835
1317379248224748288 224 -0.0523825 -0.998621 0.00354106 -80.2672 -0.00413704 -0.00332889 -0.999986 -0.304721 0.998619 -0.0523964 -0.00395696 66.1089
1317379248328621056 225 -0.0554206 -0.998462 0.00163059 -80.3266 -0.00785047 -0.00119731 -0.999968 -0.328911 0.998432 -0.0554317 -0.00777203 66.9341
1317379248432642560 226 -0.0585703 -0.99828 -0.00251937 -80.3934 -0.00779627 0.00298104 -0.999965 -0.355617 0.998253 -0.0585487 -0.00795746 67.7569
1317379248536497920 227 -0.0620607 -0.998056 -0.0056381 -80.4601 -0.00616308 0.0060321 -0.999963 -0.376934 0.998053 -0.0620237 -0.00652546 68.5796
1317379248640494848 228 -0.0660541 -0.997782 -0.00824616 -80.5274 -0.00050984 0.00829796 -0.999965 -0.396787 0.997816 -0.0660476 -0.00105682 69.4065
1317379248744469760 229 -0.0703626 -0.997486 -0.00838457 -80.5962 0.00509778 0.00804572 -0.999955 -0.416274 0.997508 -0.0704021 0.00451885 70.229
1317379248848394496 230 -0.0755231 -0.997119 -0.00706046 -80.6642 0.00843331 0.00644171 -0.999944 -0.42754 0.997108 -0.0755784 0.00792252 71.0496
1317379248952248320 231 -0.0819365 -0.99662 -0.00586773 -80.7421 0.00927016 0.00512516 -0.999944 -0.437107 0.996594 -0.0819863 0.00881889 71.8592
1317379249056246016 232 -0.0877953 -0.996133 -0.00330348 -80.8236 0.0128013 0.00218777 -0.999916 -0.449231 0.996056 -0.0878302 0.0125597 72.6659
1317379249160123904 233 -0.0943694 -0.995531 -0.00351143 -80.9044 0.0120874 0.00238112 -0.999924 -0.453259 0.995464 -0.0944047 0.0118087 73.459
1317379249263995392 234 -0.100147 -0.99494 -0.00807976 -81.0063 0.011087 0.00700417 -0.999914 -0.462451 0.994911 -0.100228 0.0103295 74.2434
1317379249368021504 235 -0.106156 -0.9943 -0.00994471 -81.1039 0.00714172 0.00923856 -0.999932 -0.470912 0.994324 -0.10622 0.00612028 75.0188
1317379249471872512 236 -0.112047 -0.993666 -0.00857852 -81.2012 0.00420525 0.00815865 -0.999958 -0.477956 0.993694 -0.112079 0.00326446 75.7974
1317379249575869696 237 -0.117235 -0.993061 -0.00929792 -81.3123 0.00285009 0.00902601 -0.999955 -0.489782 0.9931 -0.117256 0.00177215 76.5756
1317379249679746816 238 -0.121691 -0.992499 -0.0116639 -81.4277 0.00750922 0.0108303 -0.999913 -0.49649 0.99254 -0.121768 0.00613494 77.3617
1317379249783748864 239 -0.127888 -0.991713 -0.0122498 -81.5389 0.0112383 0.0109014 -0.999877 -0.50172 0.991725 -0.12801 0.00975097 78.1404
1317379249887625216 240 -0.134115 -0.990905 -0.0109972 -81.657 0.013292 0.00929765 -0.999868 -0.51532 0.990877 -0.134243 0.0119242 78.9126
1317379249991620096 241 -0.141102 -0.98995 -0.0094146 -81.7741 0.00898492 0.0082288 -0.999926 -0.520065 0.989954 -0.141176 0.00773353 79.6804
1317379250095498240 242 -0.149279 -0.988765 -0.00771571 -81.9009 0.00179145 0.00753269 -0.99997 -0.524777 0.988793 -0.149288 0.000646847 80.4426
1317379250199369984 243 -0.158168 -0.9874 -0.00488533 -82.0374 -0.000112878 0.00496569 -0.999988 -0.538481 0.987412 -0.158165 -0.000896868 81.1996
1317379250303245568 244 -0.168915 -0.985614 -0.00578618 -82.1759 0.00208912 0.0055125 -0.999983 -0.539035 0.985628 -0.168924 0.00112793 81.9853
1317379250407124736 245 -0.179665 -0.983714 -0.00515704 -82.3347 0.00814339 0.0037549 -0.99996 -0.547683 0.983694 -0.1797 0.00733614 82.7414
1317379250510995200 246 -0.191526 -0.981469 -0.00611272 -82.5026 0.0154454 0.00321331 -0.999876 -0.555031 0.981366 -0.191596 0.0145437 83.4966
1317379250614872576 247 -0.2025 -0.97926 -0.00662699 -82.6762 0.0186464 0.00291027 -0.999822 -0.56235 0.979105 -0.202587 0.0176704 84.2428
1317379250718748928 248 -0.21359 -0.976879 -0.00930489 -82.8606 0.0137609 0.00651525 -0.999884 -0.563514 0.976826 -0.213693 0.0120512 84.9737
1317379250822621696 249 -0.225206 -0.974269 -0.00903207 -83.0494 0.00442147 0.00824816 -0.999956 -0.56704 0.974301 -0.225236 0.00245017 85.6954
1317379250926494208 250 -0.237889 -0.971269 -0.0067072 -83.2379 -0.000368835 0.00699578 -0.999975 -0.572989 0.971292 -0.23788 -0.00202245 86.4246
1317379251030372864 251 -0.24998 -0.968238 -0.00499115 -83.4414 0.00403014 0.00411429 -0.999983 -0.578359 0.968243 -0.249996 0.00287364 87.1587
1317379251134266368 252 -0.261267 -0.96525 -0.00571184 -83.6565 0.0110687 0.00292108 -0.999934 -0.586998 0.965203 -0.261313 0.00992092 87.8972
1317379251238123008 253 -0.273136 -0.961961 -0.0053204 -83.882 0.0158955 0.00101678 -0.999873 -0.591158 0.961844 -0.273186 0.0150131 88.6327
1317379251341997568 254 -0.285345 -0.958419 -0.00346253 -84.1147 0.0135538 -0.000422875 -0.999908 -0.596022 0.958329 -0.285366 0.0131109 89.3587
1317379251445871360 255 -0.296289 -0.955097 -0.00151858 -84.3578 0.00905237 -0.00121831 -0.999958 -0.603166 0.955055 -0.29629 0.00900686 90.0852
1317379251549874688 256 -0.305501 -0.952189 0.00211851 -84.5939 0.00220227 -0.00293144 -0.999993 -0.616298 0.952189 -0.305494 0.00299254 90.8078
1317379251653747200 257 -0.312998 -0.949735 0.00602272 -84.8444 -0.00365827 -0.00513572 -0.99998 -0.626829 0.949747 -0.313014 -0.00186692 91.5304
1317379251757748736 258 -0.32011 -0.94736 0.00619065 -85.1012 -0.00567767 -0.004616 -0.999973 -0.642653 0.947364 -0.320136 -0.00390117 92.2501
1317379251861769216 259 -0.327585 -0.944821 0.000978882 -85.3761 -0.00599629 0.00104298 -0.999981 -0.660794 0.944803 -0.327585 -0.00600709 92.9666
1317379251965621504 260 -0.335353 -0.942092 0.0012258 -85.6522 -0.00392321 9.53936e-05 -0.999992 -0.676683 0.942084 -0.335355 -0.00372801 93.685
1317379252069498624 261 -0.343415 -0.939183 0.000930173 -85.9301 0.00220464 -0.00179653 -0.999996 -0.685305 0.939181 -0.343412 0.00268752 94.4195
1317379252173496832 262 -0.350136 -0.936699 -0.00056824 -86.2157 0.0100476 -0.00314917 -0.999945 -0.695239 0.936645 -0.350122 0.0105142 95.1509
1317379252277370624 263 -0.355968 -0.934447 -0.00980165 -86.5188 0.0166 0.00416412 -0.999854 -0.709525 0.934351 -0.356079 0.0140295 95.8783
1317379252381375744 264 -0.361482 -0.932236 -0.0163546 -86.8255 0.013352 0.0123632 -0.999834 -0.718377 0.932284 -0.36164 0.00797809 96.5931
1317379252485375744 265 -0.367047 -0.930111 -0.0130337 -87.1205 0.00552535 0.0118314 -0.999915 -0.721768 0.930186 -0.367088 0.00079652 97.3038
1317379252589375744 266 -0.37199 -0.928219 -0.00568255 -87.4052 -0.00176259 0.00682821 -0.999975 -0.732797 0.928235 -0.371971 -0.00417609 98.0173
1317379252693373184 267 -0.375823 -0.926672 -0.00598886 -87.7092 -0.00280985 0.00760212 -0.999967 -0.742312 0.926687 -0.375794 -0.00546086 98.7343
1317379252797250816 268 -0.380546 -0.924687 -0.0117397 -88.0273 0.00224266 0.011772 -0.999928 -0.761375 0.924759 -0.380545 -0.00240601 99.4498
1317379252901118208 269 -0.385451 -0.922627 -0.0136685 -88.3578 0.00651855 0.01209 -0.999906 -0.779867 0.922705 -0.385503 0.00135408 100.177
1317379253005143296 270 -0.390381 -0.920598 -0.0100528 -88.6761 0.00448198 0.00901866 -0.999949 -0.797303 0.920642 -0.390407 0.000605387 100.9
1317379253109001216 271 -0.39533 -0.918504 -0.00796703 -88.9965 -0.00192665 0.00950275 -0.999953 -0.811539 0.918537 -0.395296 -0.00552636 101.613
1317379253212997120 272 -0.399835 -0.91657 -0.00559844 -89.3278 -0.00850837 0.00981912 -0.999916 -0.82634 0.916548 -0.399753 -0.0117245 102.328
1317379253316870656 273 -0.404416 -0.914551 -0.00671982 -89.6631 -0.0099018 0.0117254 -0.999882 -0.844282 0.914522 -0.404302 -0.0137976 103.046
1317379253420891648 274 -0.408369 -0.912767 -0.00956572 -90.0016 -0.0057084 0.0130328 -0.999899 -0.868507 0.912799 -0.408273 -0.0105326 103.763
1317379253524778752 275 -0.412526 -0.910882 -0.0108166 -90.3415 -0.00391617 0.0136473 -0.999899 -0.887736 0.910938 -0.412442 -0.00919702 104.48
1317379253628627712 276 -0.417247 -0.908717 -0.011766 -90.6783 -0.00335651 0.0144877 -0.999889 -0.907506 0.908787 -0.417162 -0.00909506 105.189
1317379253732500224 277 -0.421636 -0.906719 -0.00916207 -91.0228 -0.00432276 0.0121139 -0.999917 -0.926164 0.906755 -0.421561 -0.0090272 105.893
1317379253836516864 278 -0.425949 -0.904719 -0.00716678 -91.361 -0.00521423 0.0103759 -0.999933 -0.946112 0.904732 -0.425883 -0.00913702 106.597
1317379253940375296 279 -0.430233 -0.902695 -0.00638017 -91.7042 -0.00494089 0.00942238 -0.999943 -0.962596 0.902704 -0.430177 -0.00851394 107.294
1317379254044373760 280 -0.434617 -0.900583 -0.00757032 -92.0499 -0.00451827 0.010586 -0.999934 -0.985511 0.900604 -0.434554 -0.00866992 107.981
1317379254148250112 281 -0.43879 -0.898554 -0.00798218 -92.4009 -0.00458391 0.0111212 -0.999928 -1.00756 0.898578 -0.438722 -0.00899875 108.663
1317379254252143104 282 -0.443094 -0.896459 -0.00535933 -92.7407 -0.00863085 0.0102438 -0.99991 -1.03004 0.896433 -0.443008 -0.0122762 109.328
1317379254356150528 283 -0.447502 -0.89428 -0.00238983 -93.0836 -0.013009 0.00918177 -0.999873 -1.0535 0.894188 -0.447414 -0.0157425 109.997
1317379254459999488 284 -0.451189 -0.892428 -0.000977048 -93.4353 -0.015806 0.00908577 -0.999834 -1.07458 0.892288 -0.451099 -0.0182051 110.668
