1317381365742974464 1 0.0155593 -0.999878 -0.0014234 0.0175248 -0.00092818 0.00140912 -0.999999 0.00111229 0.999879 0.0155606 -0.000906142 0.128183
1317381365846847232 2 0.0379567 -0.999267 -0.00488089 0.033144 -0.000582762 0.00486227 -0.999988 -0.0112625 0.999279 0.0379591 -0.00039778 0.437266
1317381365950976000 3 0.0647301 -0.997879 -0.00687795 0.0773477 0.000484209 0.00692381 -0.999976 -0.0100973 0.997903 0.0647252 0.000931362 0.552863
1317381366054973952 4 0.0982432 -0.99514 -0.00669071 0.114627 0.00282256 0.00700185 -0.999972 -0.0197154 0.995158 0.0982215 0.00349673 0.906181
1317381366159101440 5 0.135825 -0.990727 -0.00352428 0.197881 0.00411603 0.0041215 -0.999983 0.00445062 0.990724 0.135808 0.00463767 1.05232
1317381366263221504 6 0.175821 -0.984422 -0.000406734 0.257565 0.00457244 0.00122982 -0.999989 0.00458722 0.984412 0.175817 0.00471744 1.23788
1317381366367347456 7 0.219144 -0.975692 -0.000355292 0.336752 0.0051631 0.00152379 -0.999986 0.0117744 0.975679 0.219139 0.00537153 1.42468
1317381366471597568 8 0.267493 -0.96356 -0.000595788 0.418052 0.00779228 0.0027815 -0.999966 0.0151135 0.963528 0.267479 0.00825236 1.62784
1317381366575723520 9 0.313123 -0.949703 0.00436043 0.543762 0.0154004 0.000486772 -0.999881 -0.00924409 0.949588 0.313153 0.0147782 1.77102
1317381366679871744 10 0.359176 -0.933157 0.0145299 0.654584 0.0234185 -0.00655225 -0.999704 -0.0226458 0.932976 0.35941 0.0194998 1.92678
1317381366783975168 11 0.409422 -0.912133 0.0196936 0.782273 0.0274433 -0.0092634 -0.99958 -0.0200672 0.911932 0.409791 0.0212393 2.11464
1317381366888100096 12 0.460995 -0.887165 0.0205336 0.904053 0.0318126 -0.00660231 -0.999472 -0.0244944 0.886832 0.461405 0.0251794 2.29582
1317381366992248832 13 0.51051 -0.859578 0.0224684 1.0741 0.0363485 -0.00453365 -0.999329 -0.0220247 0.859103 0.510984 0.0289299 2.49496
1317381367096225792 14 0.559922 -0.828062 0.0283022 1.24876 0.0414281 -0.00613588 -0.999123 -0.0358639 0.827509 0.560603 0.0308694 2.67012
1317381367200225792 15 0.609421 -0.792109 0.0341881 1.42615 0.0450161 -0.00848171 -0.99895 -0.03976 0.791568 0.610321 0.0304887 2.85578
1317381367304230400 16 0.655474 -0.754202 0.0391574 1.61341 0.0479022 -0.0102251 -0.9988 -0.0447806 0.753697 0.656563 0.0294256 3.04134
1317381367408099328 17 0.698676 -0.714257 0.0411002 1.8097 0.0484996 -0.0100303 -0.998773 -0.0101618 0.713792 0.699812 0.0276332 3.21148
1317381367511976704 18 0.739051 -0.672322 0.0422829 2.06802 0.0492105 -0.00871757 -0.99875 0.016337 0.67185 0.740208 0.0266426 3.43877
1317381367615867904 19 0.775133 -0.630311 0.0433132 2.33267 0.052727 -0.00377937 -0.998602 -0.00252751 0.629594 0.776333 0.0303049 3.62455
1317381367719601152 20 0.806507 -0.589531 0.0447116 2.65826 0.0541356 -0.00167111 -0.998532 0.000552667 0.588741 0.807744 0.0305669 3.81401
1317381367823224576 21 0.834454 -0.549166 0.0458658 3.00666 0.0557 0.00124654 -0.998447 0.0118202 0.548256 0.835713 0.0316287 4.03053
1317381367926995968 22 0.857831 -0.511655 0.0483233 3.40637 0.0577561 0.00254552 -0.998327 0.0254885 0.510676 0.859187 0.0317348 4.20487
1317381368030601216 23 0.878854 -0.474742 0.0472893 3.79307 0.0564425 0.00503719 -0.998393 0.0649454 0.473741 0.880111 0.0312226 4.41134
1317381368134228736 24 0.898016 -0.437583 0.0457007 4.25885 0.0539718 0.00647739 -0.998521 0.109002 0.43664 0.899155 0.0294339 4.64852
1317381368237852416 25 0.913987 -0.403322 0.0442581 4.77273 0.050708 0.00532077 -0.998699 0.134664 0.402562 0.915043 0.0253148 4.90667
1317381368341375232 26 0.926687 -0.373471 0.0420751 5.30235 0.0463456 0.00245846 -0.998922 0.182572 0.372965 0.927639 0.019587 5.11854
1317381368444975872 27 0.936596 -0.348032 0.0407568 5.81483 0.0442983 0.00222083 -0.999016 0.185337 0.347599 0.93748 0.0174972 5.30383
1317381368548477184 28 0.943842 -0.327901 0.0405389 6.37851 0.0432462 0.000965456 -0.999064 0.206437 0.327555 0.944712 0.0150917 5.49069
1317381368651977728 29 0.948856 -0.31314 0.0402037 6.98131 0.0423025 -9.16651e-05 -0.999105 0.246134 0.312863 0.949707 0.0131596 5.69044
1317381368755601408 30 0.952483 -0.301673 0.0420744 7.6203 0.0437918 -0.00107082 -0.99904 0.265966 0.301428 0.953411 0.0121909 5.89417
1317381368859225088 31 0.955774 -0.290955 0.0429162 8.27409 0.0447839 -0.000239996 -0.998997 0.292852 0.290674 0.956737 0.0128007 6.09322
1317381368962852096 32 0.958732 -0.280704 0.0451457 8.95541 0.0475438 0.00173573 -0.998868 0.317905 0.280307 0.959793 0.0150098 6.29775
1317381369066473216 33 0.96144 -0.270955 0.0470731 9.65931 0.0494937 0.00210327 -0.998772 0.34451 0.270524 0.96259 0.0154327 6.49105
1317381369170103040 34 0.964047 -0.261173 0.0490177 10.378 0.0515193 0.00273609 -0.998668 0.361655 0.260691 0.965288 0.0160932 6.6791
1317381369273860096 35 0.966825 -0.25068 0.0490853 11.1412 0.051332 0.00242748 -0.998679 0.428407 0.25023 0.968067 0.0152148 6.89272
1317381369377497344 36 0.969344 -0.240315 0.0511923 11.905 0.0535804 0.00340994 -0.998558 0.438281 0.239794 0.970689 0.0161816 7.08886
1317381369481239040 37 0.971639 -0.230608 0.0523281 12.6954 0.0546889 0.00385287 -0.998496 0.500032 0.230059 0.973039 0.0163553 7.27208
1317381369584875776 38 0.974138 -0.218675 0.0568963 13.4929 0.0596389 0.0059564 -0.998202 0.519701 0.217943 0.975779 0.0188439 7.47157
1317381369688602880 39 0.976507 -0.206703 0.0608876 14.2975 0.0634485 0.00577642 -0.997968 0.562199 0.205931 0.978387 0.0187557 7.65282
1317381369792351488 40 0.979111 -0.193488 0.0624797 15.0991 0.0649697 0.00654382 -0.997866 0.595403 0.192666 0.981081 0.018978 7.81565
1317381369896103680 41 0.981793 -0.17931 0.0626956 15.9253 0.064888 0.00638186 -0.997872 0.643983 0.178529 0.983772 0.0179007 7.97524
1317381369999853056 42 0.984276 -0.165206 0.0625045 16.7247 0.064655 0.00766633 -0.997878 0.673212 0.164376 0.986229 0.0182272 8.11626
1317381370103643392 43 0.987056 -0.148334 0.060972 17.5283 0.0628156 0.00777167 -0.997995 0.715027 0.147563 0.988907 0.0169888 8.25983
1317381370207500032 44 0.990055 -0.127134 0.0602338 18.3892 0.0616815 0.0074773 -0.998068 0.742402 0.126438 0.991857 0.0152448 8.39978
1317381370311375616 45 0.992955 -0.102498 0.0594456 19.2216 0.0610571 0.0126541 -0.998054 0.771717 0.101546 0.994653 0.0188232 8.47774
1317381370415229952 46 0.99561 -0.0727903 0.0588349 20.0402 0.0602245 0.0170433 -0.998039 0.800339 0.0716448 0.997202 0.0213523 8.54868
1317381370519226880 47 0.997451 -0.0408449 0.0585102 20.8975 0.0593883 0.0206266 -0.998022 0.832039 0.0395573 0.998953 0.0229998 8.55513
1317381370623249920 48 0.998271 -0.00649675 0.0584131 21.7284 0.0585407 0.0215882 -0.998052 0.861441 0.00522306 0.999746 0.0219312 8.5739
1317381370727227648 49 0.998044 0.0266326 0.0565625 22.5807 0.0560054 0.0212196 -0.998205 0.899469 -0.027785 0.99942 0.0196866 8.54833
1317381370831124992 50 0.996723 0.0602333 0.0539909 23.4365 0.0525832 0.0247169 -0.998311 0.937808 -0.061466 0.997878 0.0214686 8.51515
1317381370934979072 51 0.994504 0.0914835 0.0509159 24.2892 0.0487159 0.026123 -0.998471 0.966137 -0.0926737 0.995464 0.0215227 8.42807
1317381371038854144 52 0.991229 0.12382 0.0461876 25.1999 0.0435622 0.0238291 -0.998766 0.996923 -0.124768 0.992019 0.0182262 8.33901
1317381371142729728 53 0.987354 0.153336 0.0402428 25.7755 0.0380112 0.0174587 -0.999125 1.00557 -0.153905 0.98802 0.0114094 8.18096
1317381371246501888 54 0.982387 0.182434 0.0404073 26.2192 0.037622 0.0187043 -0.999117 0.743926 -0.183029 0.98304 0.0115114 7.9835
1317381371350352384 55 0.977278 0.209489 0.0322951 27.1476 0.0321045 0.00431114 -0.999475 0.609937 -0.209518 0.977802 -0.00251234 7.69364
1317381371454105088 56 0.970854 0.23803 0.0279951 28.135 0.0281799 0.00262709 -0.999599 0.811955 -0.238008 0.971254 -0.00415714 7.44153
1317381371557853952 57 0.9639 0.265665 0.0178397 29.2008 0.0193566 -0.00309232 -0.999808 0.781178 -0.265559 0.96406 -0.00812306 7.26525
1317381371661476864 58 0.957393 0.288786 0.000838517 29.8772 0.00391203 -0.0100659 -0.999942 0.835569 -0.28876 0.957341 -0.0107668 6.92802
1317381371765232384 59 0.949178 0.31435 -0.0156727 30.6846 -0.0131124 -0.0102578 -0.999861 0.779626 -0.314467 0.949252 -0.00561462 6.7312
1317381371868875008 60 0.940258 0.339178 -0.029553 31.4509 -0.0284078 -0.008342 -0.999562 0.739107 -0.339276 0.940685 0.00179165 6.44996
1317381371972604416 61 0.930709 0.363409 -0.0414173 32.242 -0.0385608 -0.0151149 -0.999142 0.708798 -0.363723 0.931507 -5.41935e-05 6.12265
1317381372076230400 62 0.921354 0.386226 -0.0439974 33.0481 -0.0411551 -0.015629 -0.999031 0.633259 -0.38654 0.922272 0.00149532 5.78376
1317381372179981568 63 0.911611 0.408726 -0.0436779 33.7893 -0.0395383 -0.0185762 -0.999045 0.585765 -0.409148 0.912468 -0.000773924 5.46663
1317381372283606528 64 0.90273 0.428411 -0.0392661 34.5731 -0.0336252 -0.02073 -0.99922 0.553019 -0.428891 0.903346 -0.0043082 5.07284
1317381372387356160 65 0.893852 0.446809 -0.0372984 35.2767 -0.0282025 -0.026994 -0.999238 0.501697 -0.447475 0.894222 -0.0115275 4.73621
1317381372490980096 66 0.88715 0.45986 -0.038643 36.0294 -0.0271393 -0.0316025 -0.999132 0.458 -0.460682 0.887429 -0.0155559 4.30855
1317381372594605824 67 0.881633 0.469993 -0.0427743 36.7246 -0.0297682 -0.0350738 -0.998941 0.432694 -0.470996 0.881973 -0.0169313 3.86744
1317381372698106624 68 0.875686 0.480718 -0.045655 37.5008 -0.0325215 -0.0356202 -0.998836 0.42055 -0.481785 0.876151 -0.0155584 3.53929
1317381372801856256 69 0.869784 0.491403 -0.0447112 38.1771 -0.034092 -0.0305486 -0.998952 0.339183 -0.492253 0.870397 -0.00981778 3.1581
1317381372905479424 70 0.863002 0.503355 -0.0431532 38.8899 -0.0338213 -0.0276627 -0.999045 0.345342 -0.504068 0.863637 -0.00684887 2.80898
1317381373009231616 71 0.858982 0.510166 -0.0433694 39.7984 -0.0331129 -0.0291744 -0.999026 0.219578 -0.510935 0.859581 -0.00816717 2.14462
1317381373112854016 72 0.853693 0.518673 -0.0467643 40.4322 -0.0350169 -0.0324238 -0.998861 0.220357 -0.519598 0.854358 -0.00951763 1.87568
1317381373216502784 73 0.851586 0.521869 -0.0495486 41.1871 -0.0376542 -0.0333801 -0.998733 0.167604 -0.522861 0.852373 -0.00877542 1.42235
1317381373320104704 74 0.851659 0.521552 -0.0515838 41.909 -0.0404327 -0.0327467 -0.998646 0.122886 -0.522534 0.852591 -0.00680126 0.984745
1317381373423757056 75 0.853604 0.518267 -0.0525334 42.619 -0.0398705 -0.0355508 -0.998572 0.112461 -0.519395 0.854479 -0.00968276 0.535899
1317381373527376640 76 0.857574 0.51183 -0.0509584 43.475 -0.0402227 -0.032036 -0.998677 0.0510453 -0.512785 0.858489 -0.00688607 -0.02591
1317381373630982656 77 0.861774 0.504833 -0.0498864 44.2714 -0.0397989 -0.030754 -0.998734 0.00667525 -0.505728 0.862669 -0.00641125 -0.466368
1317381373734735104 78 0.865695 0.498071 -0.0499826 45.0221 -0.0402779 -0.0302183 -0.998731 -0.0209997 -0.498949 0.86661 -0.00609855 -0.855079
1317381373838491136 79 0.86935 0.491789 -0.0487218 45.781 -0.0401592 -0.0279612 -0.998802 -0.0642353 -0.492562 0.870265 -0.00455822 -1.26817
1317381373942232320 80 0.871034 0.489071 -0.0459352 46.4772 -0.0399947 -0.0225937 -0.998944 -0.109972 -0.489593 0.871951 -0.000119582 -1.53428
1317381374046108160 81 0.870975 0.489396 -0.0435189 47.2958 -0.0392715 -0.0189479 -0.999049 -0.155956 -0.489755 0.871856 0.00271617 -1.84791
1317381374149857280 82 0.870551 0.490327 -0.0414796 48.187 -0.0394788 -0.0144283 -0.999116 -0.166331 -0.490492 0.871419 0.00679694 -2.3052
1317381374253730304 83 0.870758 0.490074 -0.0401013 49.1224 -0.0371375 -0.0157749 -0.999186 -0.264214 -0.490308 0.871538 0.00446401 -2.9041
1317381374357484288 84 0.870464 0.490703 -0.0387768 50.0303 -0.0369766 -0.0133685 -0.999227 -0.32587 -0.490842 0.871225 0.00650776 -3.38676
1317381374461234432 85 0.870821 0.490126 -0.038041 51.0249 -0.0360163 -0.0135659 -0.999259 -0.390305 -0.490279 0.871546 0.00583901 -3.97524
1317381374564984832 86 0.870031 0.491574 -0.0374326 51.8847 -0.0360963 -0.0122068 -0.999274 -0.403028 -0.491674 0.87075 0.00712365 -4.38367
1317381374668731392 87 0.870285 0.491112 -0.0375818 52.8994 -0.0361236 -0.0124545 -0.99927 -0.451974 -0.491222 0.871007 0.00690174 -4.96457
1317381374772606720 88 0.86966 0.492461 -0.0342652 53.7891 -0.0339754 -0.00953745 -0.999377 -0.587718 -0.492481 0.870282 0.00843724 -5.36516
1317381374876380672 89 0.869926 0.491994 -0.0342284 54.7639 -0.0336483 -0.0100323 -0.999383 -0.641955 -0.492034 0.870541 0.00782738 -5.92492
1317381374980109056 90 0.870142 0.491666 -0.0334305 55.6312 -0.0334062 -0.00883198 -0.999403 -0.694344 -0.491667 0.870739 0.00873961 -6.38933
1317381375083857152 91 0.871164 0.490068 -0.0301173 56.4652 -0.0305625 -0.00709599 -0.999508 -0.80018 -0.49004 0.871655 0.00879592 -6.86793
1317381375187609600 92 0.872404 0.487955 -0.0284946 57.5047 -0.028655 -0.00713895 -0.999564 -0.834403 -0.487945 0.87284 0.00775428 -7.41954
1317381375291257344 93 0.873334 0.486371 -0.0270386 58.3688 -0.0264741 -0.00803391 -0.999617 -0.87257 -0.486402 0.873716 0.00585996 -7.8929
1317381375394984704 94 0.874444 0.484389 -0.0267377 59.2826 -0.0261852 -0.0079073 -0.999626 -0.916008 -0.484419 0.874817 0.00576932 -8.34834
1317381375498732032 95 0.875639 0.48223 -0.0266545 60.1399 -0.0261449 -0.00777854 -0.999628 -0.974316 -0.482258 0.87601 0.00579666 -8.83135
1317381375602610688 96 0.876084 0.481326 -0.0283188 61.1422 -0.0280366 -0.00777925 -0.999577 -0.978818 -0.481343 0.876507 0.00667949 -9.34872
1317381375706368768 97 0.874796 0.483627 -0.0289295 62.0005 -0.0300209 -0.00548752 -0.999534 -1.03453 -0.483561 0.875257 0.00971846 -9.7622
1317381375810234112 98 0.873839 0.485167 -0.0319179 62.9546 -0.0321688 -0.00781183 -0.999452 -1.09931 -0.48515 0.874387 0.00878097 -10.3133
1317381375914107904 99 0.87109 0.490066 -0.0322161 63.8569 -0.0333664 -0.00639179 -0.999423 -1.16641 -0.489989 0.871662 0.0107839 -10.7766
1317381376017982208 100 0.867971 0.49566 -0.0307859 64.7799 -0.0311724 -0.00749173 -0.999486 -1.21531 -0.495636 0.868484 0.00894831 -11.302
1317381376121863168 101 0.864983 0.501012 -0.0281353 65.7633 -0.0306323 -0.0032445 -0.999525 -1.20806 -0.500866 0.865434 0.0125407 -11.9196
1317381376225607936 102 0.861515 0.507092 -0.0255015 66.5307 -0.0291064 -0.000818539 -0.999576 -1.25087 -0.506897 0.861892 0.0140544 -12.2861
1317381376329488384 103 0.856157 0.516043 -0.026354 67.5206 -0.0345219 0.00623678 -0.999384 -1.20959 -0.515561 0.85654 0.0231545 -12.781
1317381376433234432 104 0.854786 0.51821 -0.0282753 68.3958 -0.0351782 0.00349695 -0.999375 -1.34948 -0.517788 0.855246 0.0212188 -13.4146
1317381376537108224 105 0.85095 0.524318 -0.0312186 69.1912 -0.0405855 0.00637785 -0.999156 -1.25435 -0.523676 0.851499 0.0267069 -13.8339
1317381376640856576 106 0.84914 0.527244 -0.0312201 70.0409 -0.0409889 0.00685115 -0.999136 -1.33036 -0.526575 0.849686 0.0274288 -14.366
1317381376744492288 107 0.846294 0.531875 -0.0299206 70.8381 -0.0393535 0.00640733 -0.999205 -1.41439 -0.53126 0.846799 0.0263536 -14.8114
1317381376848231936 108 0.845613 0.53324 -0.0243754 71.7266 -0.0322944 0.00552518 -0.999463 -1.42814 -0.532819 0.845946 0.0218928 -15.3853
1317381376951988480 109 0.843932 0.536239 -0.0150627 72.4113 -0.020546 0.00425192 -0.99978 -1.51792 -0.536056 0.844056 0.0146059 -15.7697
1317381377055733248 110 0.843462 0.537025 -0.0132363 73.2825 -0.0183951 0.00424855 -0.999822 -1.5519 -0.536873 0.843556 0.0134621 -16.3347
1317381377159491072 111 0.842557 0.538311 -0.0178452 74.1603 -0.0243357 0.00494975 -0.999692 -1.58317 -0.538057 0.842731 0.0172706 -16.8959
1317381377263108352 112 0.842171 0.538672 -0.0240999 74.962 -0.0311109 0.00392191 -0.999508 -1.62379 -0.538313 0.842506 0.0200615 -17.4321
1317381377366902784 113 0.841393 0.539702 -0.0279291 75.8052 -0.0320731 -0.00172064 -0.999484 -1.66776 -0.539471 0.841854 0.0158622 -17.945
1317381377470610432 114 0.840333 0.54123 -0.0301765 76.5803 -0.0316341 -0.00661001 -0.999478 -1.70136 -0.541147 0.840849 0.0115667 -18.3773
1317381377574358528 115 0.841209 0.540113 -0.025403 77.4249 -0.0278701 -0.00360739 -0.999605 -1.77735 -0.539991 0.841585 0.0120184 -18.9416
1317381377678034432 116 0.839408 0.543139 -0.0198617 78.2213 -0.0238273 0.000266555 -0.999716 -1.80314 -0.54298 0.839643 0.0131653 -19.2791
1317381377781738752 117 0.840745 0.541243 -0.0143007 78.9926 -0.0178786 0.00135413 -0.999839 -1.83458 -0.541136 0.840865 0.0108151 -19.7934
1317381377885485056 118 0.841185 0.540693 -0.00767454 79.8399 -0.0162054 0.0110204 -0.999808 -1.89722 -0.540504 0.841148 0.0180324 -20.3041
1317381377989254656 119 0.841481 0.540279 -0.0030603 80.6529 -0.0158263 0.0189868 -0.999694 -1.90935 -0.540055 0.841272 0.0245277 -20.7774
1317381378092984320 120 0.843124 0.537699 -0.0046375 81.4471 -0.0143946 0.0139481 -0.999799 -1.95322 -0.537527 0.843021 0.0194999 -21.2811
1317381378196736256 121 0.844518 0.535463 -0.00829741 82.2588 -0.0166187 0.0107178 -0.999804 -1.97462 -0.535269 0.844491 0.0179501 -21.7584
1317381378300489472 122 0.848005 0.529873 -0.0110578 83.0883 -0.0187651 0.00916747 -0.999782 -2.01455 -0.529656 0.848028 0.0177172 -22.2966
1317381378404155392 123 0.851772 0.523771 -0.0121316 83.9152 -0.0175081 0.00531403 -0.999833 -2.0602 -0.523619 0.851842 0.0136966 -22.7617
1317381378507862272 124 0.856508 0.515893 -0.0157472 84.7078 -0.016005 -0.00394773 -0.999864 -2.10337 -0.515885 0.856644 0.00487559 -23.2295
1317381378611506688 125 0.862053 0.506562 -0.0160861 85.493 -0.0170913 -0.00266509 -0.99985 -2.11445 -0.506529 0.862199 0.00636039 -23.6912
1317381378715274496 126 0.868229 0.495981 -0.0134584 86.3584 -0.015995 0.00086817 -0.999872 -2.14288 -0.495906 0.868333 0.00868697 -24.156
1317381378819028992 127 0.874533 0.484864 -0.00997484 87.1881 -0.0114697 0.000116327 -0.999934 -2.18093 -0.484831 0.87459 0.00566295 -24.6037
1317381378922779392 128 0.880369 0.474192 -0.00965858 88.0363 -0.0114323 0.000857733 -0.999934 -2.20558 -0.474152 0.880421 0.00617624 -25.0374
1317381379026532864 129 0.886154 0.463323 -0.00790904 88.8326 -0.0102016 0.00244226 -0.999945 -2.22959 -0.463279 0.886186 0.00689085 -25.4386
1317381379130236672 130 0.89266 0.450625 -0.00973599 89.6379 -0.00972772 -0.00233444 -0.99995 -2.26349 -0.450626 0.89271 0.0022997 -25.8567
1317381379233991168 131 0.898179 0.439443 -0.0127986 90.565 -0.0141189 -0.000263956 -0.9999 -2.30307 -0.439403 0.89827 0.00596736 -26.2643
1317381379337865984 132 0.903434 0.428128 -0.0226422 91.4535 -0.0234333 -0.0034229 -0.99972 -2.32213 -0.428086 0.903711 0.0069401 -26.6657
1317381379441595392 133 0.908418 0.41733 -0.0247556 92.3317 -0.0286201 0.003004 -0.999586 -2.38424 -0.417083 0.90875 0.0146729 -27.0207
1317381379545363712 134 0.913982 0.405114 -0.022807 93.1792 -0.0252976 0.000794425 -0.99968 -2.40294 -0.404966 0.914266 0.0109745 -27.4096
1317381379649133824 135 0.919345 0.39302 -0.0184569 93.9569 -0.0215991 0.00357355 -0.99976 -2.44934 -0.39286 0.919523 0.0117742 -27.7734
1317381379752905216 136 0.922876 0.384669 -0.0181815 94.848 -0.0243202 0.0110992 -0.999643 -2.48696 -0.38433 0.922988 0.0195984 -28.0953
1317381379856739072 137 0.926049 0.376678 -0.023404 95.6189 -0.0302257 0.0122089 -0.999469 -2.51572 -0.376192 0.926264 0.0226914 -28.4459
1317381379960635392 138 0.927309 0.373345 -0.026661 96.4661 -0.0379903 0.023019 -0.999013 -2.58779 -0.372363 0.927407 0.0355292 -28.7211
1317381380064491776 139 0.928102 0.37122 -0.0286799 97.495 -0.0420436 0.0279549 -0.998725 -2.60851 -0.369945 0.928124 0.0415524 -29.0452
1317381380168361472 140 0.929713 0.367105 -0.0294642 98.3935 -0.0426349 0.0278183 -0.998703 -2.65591 -0.365809 0.929764 0.0415145 -29.3821
1317381380272221440 141 0.931338 0.363012 -0.0288416 99.2153 -0.042889 0.0306951 -0.998608 -2.7173 -0.361622 0.931279 0.0441567 -29.6772
1317381380376012032 142 0.93354 0.357593 -0.0250935 100.094 -0.0390513 0.031864 -0.998729 -2.76441 -0.356339 0.933334 0.0437108 -29.9868
1317381380479864576 143 0.935723 0.352119 -0.0208365 100.906 -0.0346245 0.0329043 -0.998859 -2.83344 -0.351032 0.935377 0.0429813 -30.2955
1317381380583611136 144 0.937996 0.346149 -0.0185398 101.811 -0.0321448 0.0336041 -0.998918 -2.86836 -0.345152 0.937577 0.0426475 -30.6149
1317381380687363840 145 0.940075 0.340603 -0.0157459 102.68 -0.032694 0.0440768 -0.998493 -2.93152 -0.339396 0.939173 0.0525713 -30.8986
1317381380791114496 146 0.942395 0.334087 -0.0166638 103.475 -0.0354184 0.0501237 -0.998115 -2.94991 -0.332622 0.941209 0.0590692 -31.1789
1317381380894865152 147 0.944472 0.327967 -0.0202369 104.356 -0.0385246 0.0493594 -0.998038 -3.01953 -0.326325 0.943399 0.0592534 -31.4508
1317381380998635008 148 0.947103 0.320009 -0.0242893 105.131 -0.0399801 0.0425532 -0.998294 -3.07787 -0.318429 0.946458 0.0530963 -31.7175
1317381381102385664 149 0.949144 0.314042 -0.022434 106.037 -0.0384437 0.0448788 -0.998252 -3.11492 -0.312486 0.948348 0.0546694 -32.0025
1317381381206239232 150 0.951625 0.306772 -0.0173507 106.895 -0.03317 0.0464284 -0.998371 -3.18228 -0.305466 0.95065 0.054358 -32.2795
1317381381309992192 151 0.953737 0.300293 -0.0145087 107.78 -0.0305573 0.0488156 -0.99834 -3.21734 -0.299086 0.952597 0.0557333 -32.5296
1317381381413738752 152 0.955418 0.294827 -0.0159237 108.6 -0.0337114 0.0553488 -0.997898 -3.28882 -0.293326 0.953946 0.0628203 -32.7649
1317381381517489664 153 0.957388 0.288136 -0.0196621 109.482 -0.0365364 0.0533031 -0.99791 -3.31037 -0.286485 0.956105 0.0615591 -33.0216
1317381381621261824 154 0.959184 0.282139 -0.0190625 110.408 -0.0367247 0.0574456 -0.997673 -3.39003 -0.280387 0.957652 0.0654623 -33.2588
1317381381725146880 155 0.960735 0.27692 -0.0173948 111.332 -0.0360964 0.0625802 -0.997387 -3.43695 -0.275108 0.958853 0.0701188 -33.4641
1317381381828863744 156 0.963301 0.267835 -0.0177746 112.03 -0.0339623 0.055928 -0.997857 -3.49636 -0.266267 0.96184 0.0629718 -33.7121
1317381381932615936 157 0.965285 0.260465 -0.0195539 113.03 -0.0354618 0.0565157 -0.997772 -3.45219 -0.25878 0.963828 0.0637903 -33.9726
1317381382036364288 158 0.966998 0.253964 -0.0204413 113.965 -0.0355473 0.0550348 -0.997851 -3.50999 -0.252293 0.965647 0.0622463 -34.1957
1317381382140136448 159 0.968584 0.24801 -0.0183519 114.828 -0.0352346 0.063806 -0.99734 -3.57338 -0.24618 0.966654 0.07054 -34.3913
1317381382243865600 160 0.970031 0.242382 -0.0170812 115.723 -0.0340651 0.066054 -0.997234 -3.6252 -0.240583 0.96793 0.0723312 -34.5857
1317381382347741696 161 0.970908 0.238786 -0.0178676 116.575 -0.0343338 0.0649769 -0.997296 -3.63721 -0.23698 0.968896 0.071285 -34.7756
1317381382451487488 162 0.97217 0.233564 -0.0182786 117.416 -0.0333002 0.0605341 -0.997611 -3.69075 -0.231899 0.970455 0.0666272 -34.9659
1317381382555264256 163 0.973187 0.229177 -0.0196394 118.347 -0.034887 0.0626708 -0.997424 -3.71145 -0.227356 0.971365 0.0689857 -35.1695
1317381382659115520 164 0.974614 0.223116 -0.018639 119.236 -0.0313656 0.0536328 -0.998068 -3.78312 -0.221686 0.973315 0.0592694 -35.3549
1317381382762866432 165 0.975753 0.218156 -0.0177326 120.146 -0.0288439 0.047854 -0.998438 -3.80988 -0.216967 0.97474 0.0529861 -35.5548
1317381382866617088 166 0.977143 0.211863 -0.0174952 121.084 -0.027551 0.0446051 -0.998625 -3.85283 -0.210791 0.976281 0.0494226 -35.7917
1317381382970509824 167 0.977896 0.208212 -0.0191628 121.984 -0.0293007 0.0457157 -0.998525 -3.88932 -0.207028 0.977015 0.050806 -35.9414
1317381383074242560 168 0.978586 0.204852 -0.0201538 122.9 -0.0307873 0.048854 -0.998331 -3.95753 -0.203525 0.977573 0.0541146 -36.1353
1317381383178142976 169 0.979187 0.202081 -0.0188748 123.671 -0.0302896 0.0535434 -0.998106 -4.01957 -0.200688 0.977904 0.0585499 -36.357
1317381383281993216 170 0.979238 0.201958 -0.0175095 124.511 -0.0288029 0.0531166 -0.998173 -4.04864 -0.200659 0.977953 0.0578308 -36.4664
1317381383385738752 171 0.979692 0.200067 -0.0133149 125.428 -0.0241017 0.0515772 -0.998378 -4.09589 -0.199056 0.978424 0.0553517 -36.6773
1317381383489637376 172 0.97984 0.199626 -0.00791911 126.324 -0.0188186 0.0527613 -0.99843 -4.14097 -0.198895 0.978451 0.0554543 -36.8167
1317381383593367296 173 0.980043 0.198685 -0.00625197 127.218 -0.0172879 0.0538585 -0.998399 -4.1651 -0.198031 0.978582 0.0562185 -36.994
1317381383697238016 174 0.980208 0.197737 -0.00962039 127.966 -0.0207632 0.0543559 -0.998306 -4.25063 -0.196879 0.978747 0.0573857 -37.125
1317381383800988928 175 0.979935 0.198859 -0.0135193 128.927 -0.0255762 0.0581874 -0.997978 -4.24674 -0.19767 0.978299 0.062106 -37.2709
1317381383904867072 176 0.979796 0.199628 -0.0121854 129.839 -0.0249026 0.0613179 -0.997808 -4.28482 -0.198443 0.977951 0.0650503 -37.422
1317381384008684032 177 0.980583 0.1957 -0.0126007 130.52 -0.0234466 0.0532037 -0.998308 -4.32262 -0.194698 0.97922 0.0567591 -37.631
1317381384112483328 178 0.980838 0.194297 -0.0143478 131.322 -0.0237746 0.0462726 -0.998646 -4.34576 -0.19337 0.979851 0.0500052 -37.7821
1317381384216261376 179 0.981414 0.190958 -0.0189968 132.135 -0.0281977 0.0455814 -0.998563 -4.31652 -0.189818 0.980539 0.0501188 -38.0449
1317381384320096256 180 0.981425 0.190794 -0.0200555 132.759 -0.0295662 0.0471326 -0.998451 -4.40349 -0.189553 0.980498 0.0518982 -38.1468
1317381384423966464 181 0.981896 0.188377 -0.0198735 133.58 -0.029708 0.0495273 -0.998331 -4.4972 -0.187079 0.980847 0.054227 -38.341
1317381384527621376 182 0.98178 0.188754 -0.0218999 134.114 -0.031661 0.0488537 -0.998304 -4.54842 -0.187364 0.980808 0.0539397 -38.4291
1317381384631468288 183 0.981862 0.188058 -0.0241025 135.235 -0.033509 0.0470015 -0.998333 -4.57183 -0.186611 0.981033 0.0524506 -38.6202
1317381384735139840 184 0.982329 0.185631 -0.0238781 135.763 -0.0330576 0.0465129 -0.998371 -4.63999 -0.184218 0.981518 0.0518275 -38.7432
1317381384838992128 185 0.982706 0.1829 -0.0289138 137.168 -0.0357159 0.0340058 -0.998783 -4.5743 -0.181694 0.982543 0.0399502 -39.005
1317381384942624768 186 0.982876 0.182657 -0.0243229 137.886 -0.0305328 0.031262 -0.999045 -4.63993 -0.181722 0.98268 0.0363037 -39.0553
1317381385046493184 187 0.983158 0.181841 -0.018257 138.5 -0.0233069 0.0256726 -0.999399 -4.74 -0.181263 0.982993 0.0294784 -39.0927
1317381385150246912 188 0.983215 0.181875 -0.0144699 139.148 -0.0217558 0.0381288 -0.999036 -4.80761 -0.181148 0.982582 0.0414457 -39.1537
1317381385253871872 189 0.984458 0.174603 -0.0188685 140.016 -0.0240468 0.0275893 -0.99933 -4.91318 -0.173965 0.984252 0.0313592 -39.3278
1317381385357492480 190 0.985352 0.169348 -0.0200847 140.446 -0.025498 0.0298512 -0.999229 -4.97098 -0.168618 0.985104 0.033732 -39.4028
1317381385461243904 191 0.98637 0.163106 -0.0216858 141.359 -0.026944 0.0300948 -0.999184 -4.9897 -0.16232 0.986149 0.0340793 -39.4733
1317381385564773120 192 0.988442 0.150773 -0.0158314 141.961 -0.0207912 0.0313763 -0.999291 -5.03982 -0.15017 0.98807 0.0341484 -39.6874
1317381385668515328 193 0.989762 0.141229 -0.02063 143.076 -0.0243915 0.0249545 -0.999391 -4.92212 -0.140628 0.989662 0.0281438 -39.7237
1317381385771989248 194 0.991545 0.128016 -0.021198 143.718 -0.0240695 0.0209249 -0.999491 -5.00029 -0.127508 0.991551 0.0238293 -39.8198
1317381385875745536 195 0.993054 0.115067 -0.0245817 144.609 -0.0272725 0.0218684 -0.999389 -4.99271 -0.114459 0.993117 0.0248547 -39.8628
1317381385979491584 196 0.99442 0.10333 -0.021254 145.446 -0.0239045 0.0244805 -0.999414 -5.10366 -0.102749 0.994346 0.0268139 -39.8988
1317381386083124992 197 0.995434 0.0927847 -0.0223979 146.231 -0.0250493 0.0275103 -0.999308 -5.15031 -0.0921043 0.995306 0.0297089 -39.9105
1317381386186870784 198 0.996474 0.0791136 -0.0279367 147.023 -0.0304299 0.0304852 -0.999072 -5.20032 -0.0781886 0.996399 0.0327851 -39.9627
1317381386290620160 199 0.997141 0.0665939 -0.0357102 147.824 -0.0387732 0.0452841 -0.998221 -5.26348 -0.0648584 0.996752 0.0477367 -39.9773
1317381386394367488 200 0.997732 0.0535907 -0.040728 148.422 -0.0437621 0.0567176 -0.997431 -5.37213 -0.0511431 0.996951 0.0589342 -40.0093
1317381386498244864 201 0.998207 0.0396673 -0.0448313 149.413 -0.0466603 0.0464506 -0.99783 -5.32434 -0.0374988 0.998133 0.0482182 -40.0146
1317381386601996032 202 0.998521 0.0255928 -0.0479638 150.362 -0.0487577 0.031355 -0.998318 -5.2258 -0.0240458 0.999181 0.0325565 -40.0518
1317381386705869056 203 0.998953 0.0189716 -0.0416255 151.105 -0.0425013 0.0483711 -0.997925 -5.36933 -0.0169188 0.998649 0.0491267 -39.9764
1317381386809743104 204 0.998824 0.00827398 -0.0477719 151.922 -0.0480976 0.045099 -0.997824 -5.40242 -0.00610152 0.998948 0.0454439 -40.0004
1317381386913625600 205 0.998441 0.00251112 -0.0557674 152.603 -0.0558148 0.0629078 -0.996457 -5.48063 0.00100598 0.998016 0.0629498 -39.9746
1317381387017629184 206 0.997929 0.00105902 -0.0643229 153.717 -0.0642684 0.0607253 -0.996083 -5.41566 0.00285115 0.998154 0.0606675 -39.8896
1317381387121622528 207 0.99829 -0.000327635 -0.0584474 154.316 -0.0583056 0.0642508 -0.996229 -5.50167 0.00408169 0.997934 0.0641219 -39.8953
1317381387225502208 208 0.998528 0.00361254 -0.0541103 155.141 -0.0542306 0.0692123 -0.996127 -5.56527 0.00014655 0.997595 0.0693064 -39.8422
1317381387329519616 209 0.998694 0.00454016 -0.0508817 155.904 -0.0510713 0.0667067 -0.996465 -5.6377 -0.00112996 0.997762 0.0668514 -39.8654
1317381387433377536 210 0.99861 0.00881792 -0.0519675 156.667 -0.0524352 0.0656021 -0.996467 -5.66798 -0.0053776 0.997807 0.0659733 -39.8453
1317381387537372416 211 0.99859 0.0120391 -0.0517097 157.426 -0.0523825 0.0646419 -0.996533 -5.72501 -0.00865472 0.997836 0.0651813 -39.8422
1317381387641252608 212 0.998578 0.0166699 -0.0506441 158.19 -0.0516606 0.0675794 -0.996376 -5.7779 -0.013187 0.997575 0.0683445 -39.8641
1317381387745247232 213 0.998408 0.0211503 -0.0522898 158.933 -0.0535707 0.0653778 -0.996422 -5.80304 -0.0176561 0.997636 0.0664068 -39.8712
1317381387849170176 214 0.998293 0.029041 -0.0506783 159.683 -0.0525833 0.0690959 -0.996223 -5.85534 -0.0254297 0.997187 0.070505 -39.8614
1317381387952999424 215 0.998347 0.0335499 -0.0466711 160.395 -0.0488232 0.066481 -0.996592 -5.93395 -0.0303328 0.997223 0.0680091 -39.8857
1317381388056869120 216 0.998082 0.0382146 -0.0487006 161.159 -0.0512205 0.0679974 -0.99637 -5.96731 -0.0347644 0.996953 0.0698244 -39.9317
1317381388160621568 217 0.997944 0.0426832 -0.04782 161.895 -0.050613 0.0669493 -0.996472 -6.02865 -0.0393311 0.996843 0.068972 -39.9529
1317381388264497664 218 0.997639 0.047055 -0.050016 162.65 -0.0531984 0.069005 -0.996197 -6.0947 -0.0434246 0.996506 0.0713453 -39.9639
1317381388368267008 219 0.997398 0.0499625 -0.0519644 163.357 -0.0553012 0.0679023 -0.996158 -6.13835 -0.046242 0.99644 0.0704887 -39.9817
1317381388471999232 220 0.997185 0.0519948 -0.0540289 164.075 -0.0573577 0.0648143 -0.996248 -6.18686 -0.0482979 0.996542 0.0676141 -40.0027
1317381388575624448 221 0.997251 0.0516713 -0.0531041 164.812 -0.0562856 0.0621995 -0.996475 -6.22375 -0.0481861 0.996725 0.0649369 -40.0327
1317381388679246080 222 0.997754 0.0459402 -0.0487452 165.538 -0.0514184 0.0589248 -0.996937 -6.28896 -0.0429272 0.997205 0.0611547 -40.0821
1317381388782873344 223 0.997986 0.0397727 -0.0494092 166.276 -0.0516777 0.0581886 -0.996967 -6.33442 -0.036777 0.997513 0.0601268 -40.0941
1317381388886518528 224 0.998357 0.0276483 -0.0501866 167.004 -0.0516685 0.0557838 -0.997105 -6.38121 -0.0247687 0.99806 0.0571207 -40.108
1317381388990126592 225 0.9987 0.0136953 -0.0490939 167.72 -0.0497589 0.0533889 -0.997333 -6.44578 -0.0110377 0.99848 0.054001 -40.0966
1317381389093746944 226 0.998891 -0.000457486 -0.047084 168.403 -0.046992 0.0535501 -0.997459 -6.48514 0.00297768 0.998565 0.0534692 -40.072
1317381389197370112 227 0.998963 -0.0169506 -0.0422455 169.113 -0.0412616 0.05471 -0.997649 -6.5063 0.019222 0.998358 0.0539539 -40.0355
1317381389301123072 228 0.998802 -0.032902 -0.0362356 169.812 -0.0342235 0.0597837 -0.997625 -6.56694 0.0349902 0.997669 0.058586 -39.9997
1317381389404751104 229 0.998334 -0.0498987 -0.0289629 170.498 -0.0259765 0.0594919 -0.997891 -6.60314 0.0515166 0.996981 0.0580966 -39.9512
1317381389508499712 230 0.997488 -0.0678374 -0.0203687 171.136 -0.0165786 0.0559716 -0.998295 -6.62625 0.0688618 0.996125 0.0547063 -39.9219
1317381389612121344 231 0.996349 -0.084194 -0.0141523 171.878 -0.00936074 0.0570363 -0.998328 -6.65024 0.0848605 0.994816 0.0560399 -39.8037
1317381389715878912 232 0.994702 -0.102149 -0.0115971 172.465 -0.00537473 0.0609802 -0.998125 -6.69616 0.102665 0.992898 0.0601081 -39.7502
1317381389819645696 233 0.992771 -0.11944 -0.0117959 173.151 -0.00453794 0.0608572 -0.998136 -6.69125 0.119935 0.990975 0.0598753 -39.6455
1317381389923262720 234 0.990597 -0.136295 -0.0118858 173.771 -0.00329596 0.0630773 -0.998003 -6.70836 0.136772 0.988658 0.0620349 -39.5433
1317381390027000576 235 0.988296 -0.152184 -0.0105547 174.332 -0.000322668 0.0671029 -0.997746 -6.71942 0.152549 0.986072 0.0662685 -39.4433
1317381390130746880 236 0.986093 -0.166085 -0.00603544 174.934 0.00526071 0.0674906 -0.997706 -6.73911 0.166111 0.983799 0.0674257 -39.2974
1317381390234497024 237 0.983979 -0.178255 -0.00311398 175.617 0.00859855 0.0648963 -0.997855 -6.72877 0.178075 0.981842 0.0653893 -39.1682
1317381390338374912 238 0.98168 -0.190537 -0.000894396 176.288 0.0111315 0.0620359 -0.998012 -6.78134 0.190214 0.979718 0.0630204 -39.0756
1317381390442214912 239 0.979881 -0.199479 -0.00648031 176.906 0.00707973 0.0671889 -0.997715 -6.75421 0.199459 0.977596 0.0672493 -38.8978
1317381390545884416 240 0.978174 -0.207413 -0.0124496 177.402 0.00243742 0.0713649 -0.997447 -6.79264 0.207772 0.975647 0.0703129 -38.7376
1317381390649646592 241 0.976018 -0.216545 -0.0222876 178.001 -0.00698483 0.0711782 -0.997439 -6.80187 0.217576 0.973675 0.0679587 -38.5952
1317381390753374464 242 0.974193 -0.223935 -0.02831 178.555 -0.0140307 0.0651012 -0.99778 -6.78494 0.225281 0.972427 0.0602792 -38.461
1317381390857146624 243 0.972651 -0.23077 -0.0263574 179.195 -0.011502 0.0654838 -0.997787 -6.80666 0.231986 0.970802 0.0610386 -38.2912
1317381390960874752 244 0.971383 -0.236784 -0.0186813 179.784 -0.00291621 0.0667563 -0.997765 -6.80727 0.237502 0.969266 0.0641554 -38.146
1317381391064621824 245 0.970513 -0.240928 -0.00766242 180.409 0.00963735 0.0705446 -0.997462 -6.83288 0.240857 0.967976 0.0707863 -37.9736
1317381391168496128 246 0.969912 -0.243455 0.000675781 181.033 0.0183103 0.0701789 -0.997366 -6.84038 0.242766 0.96737 0.0725251 -37.8117
1317381391272315136 247 0.969663 -0.244447 -6.08231e-05 181.623 0.0171871 0.0684255 -0.997508 -6.82079 0.243842 0.967245 0.070551 -37.6787
1317381391376124160 248 0.969194 -0.246283 -0.00263557 182.324 0.0141922 0.0665272 -0.997684 -6.80748 0.245888 0.966912 0.0679731 -37.52
1317381391479898368 249 0.968583 -0.248683 -0.00214526 183.016 0.0142273 0.0640213 -0.997847 -6.8324 0.248285 0.966467 0.065548 -37.36
1317381391583624192 250 0.968212 -0.25013 -0.000146764 183.434 0.0170197 0.0664658 -0.997644 -6.82297 0.24955 0.965928 0.0686101 -37.2151
1317381391687249408 251 0.967471 -0.252966 0.00296373 184.12 0.0205556 0.0669281 -0.997546 -6.80718 0.252146 0.965158 0.0699509 -37.0228
1317381391790997504 252 0.966823 -0.255355 0.00687481 184.699 0.0250409 0.0679577 -0.997374 -6.80074 0.254218 0.964456 0.0720974 -36.877
1317381391894643456 253 0.965467 -0.26033 0.0101368 185.322 0.0282058 0.0657664 -0.997436 -6.79405 0.258996 0.963277 0.070838 -36.705
1317381391998255104 254 0.963743 -0.26658 0.0116264 186.011 0.0296937 0.0638441 -0.997518 -6.77275 0.265177 0.961696 0.0694451 -36.507
1317381392101896960 255 0.961319 -0.275064 0.0143585 186.642 0.0328997 0.0629121 -0.997477 -6.7622 0.273467 0.959365 0.0695281 -36.3259
1317381392205716480 256 0.958495 -0.284671 0.0157946 187.293 0.0343018 0.0601444 -0.9976 -6.74504 0.283038 0.956737 0.0674129 -36.1188
1317381392309396224 257 0.955255 -0.295445 0.0141677 187.882 0.0337342 0.0612353 -0.997553 -6.74292 0.293855 0.953395 0.0684619 -35.9139
1317381392412999168 258 0.9517 -0.306868 0.00994019 188.534 0.0304554 0.0621376 -0.997603 -6.72323 0.305515 0.949722 0.0684822 -35.6881
1317381392516774400 259 0.947654 -0.319191 0.00832547 189.177 0.02939 0.0612338 -0.997691 -6.71444 0.317944 0.94571 0.0674095 -35.4751
1317381392620377088 260 0.943357 -0.331694 0.0074635 189.795 0.0301234 0.0632267 -0.997544 -6.73166 0.330408 0.941266 0.0696371 -35.2714
1317381392724124928 261 0.939452 -0.342498 0.0111821 190.441 0.0336741 0.0597945 -0.997643 -6.70404 0.341022 0.937614 0.0677074 -35.0158
1317381392827887360 262 0.934706 -0.355214 0.0121448 191.097 0.0360961 0.0608785 -0.997492 -6.69796 0.353584 0.932801 0.0697254 -34.7772
1317381392931627776 263 0.930111 -0.367096 0.0115731 191.761 0.037482 0.0635279 -0.997276 -6.65654 0.365361 0.928011 0.0728475 -34.5441
1317381393035376640 264 0.926396 -0.376363 0.0118636 192.426 0.0404607 0.0681695 -0.996853 -6.64207 0.374369 0.923961 0.0783799 -34.2522
1317381393139124992 265 0.923589 -0.383227 0.0109948 193.056 0.041077 0.0704022 -0.996673 -6.61094 0.381178 0.920967 0.0807645 -33.9701
1317381393243000832 266 0.921424 -0.388308 0.0139669 193.684 0.0449168 0.0707419 -0.996483 -6.60311 0.385954 0.91881 0.0826248 -33.7049
1317381393346878464 267 0.920707 -0.389806 0.0186874 194.313 0.0483889 0.066515 -0.996611 -6.59326 0.387243 0.918492 0.0801032 -33.4037
1317381393450753024 268 0.92038 -0.390562 0.0190153 195.012 0.0463931 0.0607834 -0.997072 -6.58268 0.388263 0.918568 0.0740633 -33.1334
1317381393554626560 269 0.920916 -0.38931 0.0187524 195.688 0.0445684 0.0573857 -0.997357 -6.51696 0.387205 0.919317 0.0701983 -32.816
1317381393658502912 270 0.921247 -0.388632 0.016434 196.339 0.0415771 0.056375 -0.997544 -6.50279 0.386751 0.919667 0.0680935 -32.5436
1317381393762379008 271 0.921374 -0.388281 0.0175548 197.047 0.042015 0.0545956 -0.997624 -6.46873 0.3864 0.919923 0.0666165 -32.257
1317381393866248960 272 0.921799 -0.38694 0.0237498 197.737 0.0469303 0.0505688 -0.997617 -6.44349 0.384817 0.920717 0.0647734 -31.9436
1317381393970006016 273 0.922105 -0.386047 0.0262716 198.411 0.0498966 0.0513038 -0.997436 -6.43052 0.383709 0.921051 0.0665699 -31.6561
1317381394073875200 274 0.92186 -0.386479 0.0284239 199.059 0.0514849 0.0494476 -0.997449 -6.35632 0.384087 0.920972 0.0654816 -31.504
1317381394177750784 275 0.92363 -0.382214 0.0286489 199.833 0.0511576 0.0488563 -0.997495 -6.32683 0.379857 0.922781 0.0646783 -31.0056
1317381394281525504 276 0.923772 -0.381821 0.0292935 200.489 0.0533994 0.0526894 -0.997182 -6.34769 0.379202 0.922733 0.069062 -30.795
1317381394385256192 277 0.924128 -0.381153 0.0266385 201.147 0.0531758 0.0592606 -0.996825 -6.36088 0.378365 0.922611 0.0750325 -30.541
1317381394489004288 278 0.924503 -0.380369 0.0247676 201.805 0.0482305 0.0522765 -0.997467 -6.30808 0.378111 0.923356 0.0666751 -30.3025
1317381394592897792 279 0.924698 -0.380284 0.0178069 202.579 0.0423404 0.0562456 -0.997519 -6.31116 0.378339 0.923158 0.0681116 -29.9942
1317381394696625920 280 0.925159 -0.379279 0.0150725 203.214 0.0402153 0.0584558 -0.99748 -6.28471 0.377442 0.923434 0.0693338 -29.731
1317381394800376320 281 0.926384 -0.376221 0.0164467 203.81 0.0427736 0.0617309 -0.997176 -6.26446 0.374144 0.924471 0.0732789 -29.4373
1317381394904003840 282 0.925787 -0.377443 0.0213227 204.624 0.0476073 0.0604455 -0.997036 -6.26688 0.375035 0.924058 0.0739287 -29.1581
1317381395007753728 283 0.927023 -0.374521 0.0190258 205.171 0.0477407 0.0675425 -0.996574 -6.27199 0.371953 0.924755 0.0804934 -28.9468
1317381395111627520 284 0.930522 -0.365706 0.0197109 205.807 0.0471938 0.0663631 -0.996679 -6.16205 0.363184 0.928361 0.0790114 -28.4446
1317381395215401984 285 0.933089 -0.359092 0.0199564 206.533 0.0472313 0.0673427 -0.996611 -6.12528 0.356531 0.930869 0.0797971 -28.1598
1317381395319273472 286 0.936556 -0.35003 0.0184648 207.096 0.0457694 0.0698951 -0.996504 -6.08318 0.347516 0.934127 0.0814814 -27.9312
1317381395423006464 287 0.940238 -0.340013 0.0185478 207.684 0.0436887 0.0664348 -0.996834 -6.09217 0.337704 0.938071 0.0773192 -27.6842
1317381395526879232 288 0.943881 -0.32992 0.0155614 208.371 0.0398815 0.0670751 -0.996951 -6.09236 0.32787 0.941623 0.0764686 -27.4499
1317381395630757376 289 0.947657 -0.318903 0.0157384 209.164 0.0400851 0.0699266 -0.996746 -6.05379 0.316765 0.945204 0.0790496 -27.1959
