1 0.000456554 -0.000535347 0.0 -0.000456333 1 0.000413315 -0.00149536 0.000535535 -0.000413071 1 0.00683741
1 0.000456554 -0.000535347 0.618512 -0.000456333 1 0.000413315 -0.00149536 0.000535535 -0.000413071 1 0.00683741
0.999999 0.0010096 0.000332804 1.23494 -0.00100967 0.999999 0.000205961 -0.0043847 -0.000332596 -0.000206297 1 0.0186234
0.999994 0.00187852 0.00304784 1.84921 -0.00187822 0.999998 -0.000101994 -0.00198064 -0.00304803 9.62692e-05 0.999995 0.0325181
0.999982 0.00260262 0.00546833 2.46183 -0.0026042 0.999997 0.000282569 -0.00371018 -0.00546757 -0.000296805 0.999985 0.0457344
0.999963 0.003999 0.00755278 3.06957 -0.00399226 0.999992 -0.000906356 -0.00680662 -0.00755634 0.00087617 0.999971 0.0556598
0.999948 0.00559755 0.00853059 3.67978 -0.00560484 0.999984 0.000830814 -0.00788948 -0.0085258 -0.000878583 0.999963 0.0627751
0.999948 0.0072333 0.00724443 4.27363 -0.00725823 0.999968 0.00341996 -0.005653 -0.00721946 -0.00347237 0.999968 0.0698151
0.999928 0.00919192 0.00769461 4.86641 -0.00924087 0.999937 0.0063512 -0.00311001 -0.00763574 -0.00642185 0.99995 0.0779787
0.999897 0.0116542 0.00843284 5.45515 -0.0117287 0.999892 0.00883405 -0.00296922 -0.00832898 -0.00893204 0.999925 0.0799799
0.999876 0.0136026 0.0079681 6.03819 -0.013677 0.999863 0.00935704 -0.0165582 -0.00783973 -0.00946485 0.999924 0.0868457
0.999796 0.0175226 0.0100334 6.5809 -0.0176296 0.999788 0.0106793 -0.0307695 -0.00984413 -0.0108541 0.999893 0.0958313
0.999693 0.0228994 0.00950863 7.14667 -0.0230144 0.999661 0.0121702 -0.0340606 -0.00922672 -0.0123853 0.999881 0.102322
0.999565 0.028993 0.005479 7.68137 -0.0290705 0.99947 0.0146343 -0.0384706 -0.0050518 -0.0147872 0.999878 0.11961
0.999351 0.0360196 0.00040559 8.18299 -0.0360218 0.999252 0.0140752 -0.0830634 0.000101697 -0.0140807 0.999901 0.123222
0.999003 0.044566 -0.00274425 8.66214 -0.0445314 0.998941 0.0115869 -0.117431 0.00325773 -0.0114532 0.999929 0.132781
0.998479 0.0549615 -0.00440999 9.14631 -0.0549177 0.998446 0.00950325 -0.138437 0.00492544 -0.00924661 0.999945 0.140972
0.99785 0.0654725 -0.00291911 9.62858 -0.0654528 0.997835 0.00639364 -0.192731 0.0033314 -0.00618883 0.999975 0.153806
0.996987 0.0775696 -0.000245593 9.94668 -0.0775692 0.996986 0.00147881 -0.289257 0.000359563 -0.0014553 0.999999 0.148491
0.995697 0.0926441 0.00208025 10.3792 -0.0926506 0.995693 0.00325925 -0.335488 -0.00176934 -0.00343796 0.999993 0.162422
0.994052 0.108855 0.00345633 10.7943 -0.108869 0.994046 0.00440054 -0.388015 -0.00295674 -0.00475065 0.999984 0.167686
0.992133 0.125078 0.0051674 11.2305 -0.125096 0.992139 0.00338089 -0.440392 -0.0047039 -0.00400072 0.999981 0.177146
0.989863 0.141898 0.00606577 11.5701 -0.141905 0.98988 0.000671733 -0.512718 -0.00590907 -0.00152569 0.999981 0.192589
0.987322 0.158634 0.00555603 11.9472 -0.158629 0.987337 -0.00129153 -0.58723 -0.00569056 0.000393804 0.999984 0.202064
0.984467 0.175518 0.00417118 12.3321 -0.17552 0.984476 -0.000101051 -0.650944 -0.00412416 -0.000632642 0.999991 0.211269
0.981196 0.193002 0.00226259 12.7588 -0.192999 0.981198 -0.00137336 -0.698475 -0.00248511 0.000910856 0.999996 0.1888
0.977745 0.209795 0.00124228 13.1176 -0.209793 0.977745 -0.00157261 -0.770965 -0.00154455 0.00127699 0.999998 0.20744
0.974258 0.225436 -0.000679953 13.4455 -0.225431 0.974251 0.00383926 -0.862048 0.00152795 -0.00358714 0.999992 0.185228
0.970062 0.24284 -0.00285153 13.7777 -0.242799 0.970021 0.0103577 -0.943391 0.00528131 -0.00935528 0.999942 0.200771
0.966 0.25849 -0.00518021 14.0978 -0.258405 0.965947 0.0131719 -1.06298 0.00840862 -0.0113855 0.9999 0.205618
0.961494 0.274757 -0.00609729 14.4145 -0.274671 0.961463 0.0120407 -1.14978 0.00917058 -0.00990231 0.999909 0.21102
0.957057 0.289841 -0.00582128 14.7395 -0.289764 0.95703 0.011394 -1.27169 0.00887361 -0.00921794 0.999918 0.213693
0.952733 0.303752 -0.00594317 15.0263 -0.303673 0.952708 0.0114123 -1.38564 0.00912862 -0.00906811 0.999917 0.223205
0.947945 0.318397 -0.00493841 15.3674 -0.318304 0.947886 0.0139266 -1.50742 0.00911524 -0.0116298 0.999891 0.233805
0.944093 0.329678 -0.000130641 15.7198 -0.329607 0.943899 0.0203468 -1.64391 0.00683122 -0.0191663 0.999793 0.244384
0.941091 0.338129 0.0041515 16.0415 -0.338131 0.940809 0.0233548 -1.74845 0.00399116 -0.0233827 0.999719 0.263298
0.938685 0.344759 0.00346377 16.3444 -0.344742 0.938403 0.0235262 -1.8779 0.00486046 -0.0232778 0.999717 0.274981
0.937423 0.34819 0.00118288 16.6472 -0.348133 0.937195 0.0216633 -2.00798 0.00643436 -0.0207195 0.999765 0.289214
0.937311 0.348491 -0.0011659 16.868 -0.348401 0.937136 0.019832 -2.0402 0.00800389 -0.0181826 0.999803 0.3022
0.938521 0.345161 -0.00655105 17.1587 -0.345013 0.938442 0.0171037 -2.14798 0.0120513 -0.013792 0.999832 0.30636
0.939954 0.341131 -0.0107548 17.4135 -0.340966 0.939962 0.0146362 -2.23781 0.015102 -0.0100904 0.999835 0.316706
0.942772 0.333229 -0.0117782 17.689 -0.332999 0.942756 0.0179738 -2.33178 0.0170934 -0.0130231 0.999769 0.317008
0.946083 0.323704 -0.0119427 17.9943 -0.323363 0.945971 0.0240053 -2.41515 0.019068 -0.0188492 0.99964 0.330776
0.949347 0.313958 -0.0130774 18.2606 -0.31347 0.949122 0.0300651 -2.47672 0.0218512 -0.0244429 0.999462 0.330642
0.953144 0.302263 -0.0123741 18.5471 -0.301735 0.952825 0.0328714 -2.54173 0.0217262 -0.0275974 0.999383 0.346448
0.957198 0.289192 -0.0118613 18.835 -0.288607 0.956755 0.0364023 -2.61946 0.0218757 -0.031421 0.999267 0.35521
0.96151 0.27452 -0.0117408 19.0604 -0.274159 0.961343 0.0256105 -2.673 0.0183175 -0.0214059 0.999603 0.366952
0.965555 0.259896 -0.0125115 19.3399 -0.259541 0.965419 0.0245838 -2.73044 0.0184681 -0.0204897 0.999619 0.371771
0.969869 0.243306 -0.0125056 19.6112 -0.242953 0.969726 0.0246008 -2.79378 0.0181125 -0.0208213 0.999619 0.379268
0.973531 0.228257 -0.0117039 19.8618 -0.227911 0.973353 0.0253042 -2.83525 0.0171679 -0.0219669 0.999611 0.382839
0.976942 0.213322 -0.00887255 20.1484 -0.213057 0.976737 0.0243134 -2.88975 0.0138527 -0.0218624 0.999665 0.402478
0.980029 0.198825 -0.00333097 20.3718 -0.198676 0.979726 0.0257694 -2.91307 0.00838703 -0.024593 0.999662 0.403678
0.982715 0.185125 5.73998e-06 20.586 -0.185057 0.982351 0.0272014 -2.94273 0.00503004 -0.0267323 0.99963 0.415856
0.985137 0.171771 0.000254482 20.8423 -0.171712 0.984759 0.0276508 -2.97336 0.00449901 -0.0272836 0.999618 0.414458
0.987166 0.159697 -0.000991975 21.0821 -0.159599 0.986743 0.0294506 -3.00202 0.005682 -0.0289143 0.999566 0.418691
0.988849 0.148907 -0.00228365 21.3051 -0.148778 0.98844 0.0291821 -3.01986 0.00660267 -0.0285169 0.999572 0.421434
0.990343 0.138594 -0.00343871 21.5367 -0.138454 0.990009 0.026708 -3.04665 0.00710592 -0.025974 0.999637 0.423423
0.99159 0.129387 -0.0027189 21.7586 -0.129288 0.991324 0.0236898 -3.06291 0.00576047 -0.023139 0.999716 0.426298
0.992746 0.12021 -0.0022308 21.9818 -0.120135 0.992524 0.021531 -3.08677 0.00480237 -0.0211068 0.999766 0.431635
0.993756 0.111567 -0.00127643 22.197 -0.111514 0.993528 0.021589 -3.10464 0.00367679 -0.0213119 0.999766 0.438296
0.994593 0.103841 -0.0011752 22.4054 -0.103785 0.994325 0.0233661 -3.11824 0.00359489 -0.0231178 0.999726 0.444406
0.995282 0.0970216 -0.000751739 22.5999 -0.0969663 0.994923 0.0269364 -3.1194 0.00336133 -0.0267364 0.999637 0.448224
0.995855 0.090951 -0.000679944 22.787 -0.0908894 0.995406 0.0301165 -3.1254 0.00341595 -0.0299299 0.999546 0.447053
0.996328 0.0855824 -0.00237795 22.9654 -0.0854561 0.995784 0.0333255 -3.13008 0.00522 -0.0329999 0.999442 0.449249
0.996665 0.081529 -0.0035076 23.1425 -0.0813567 0.996068 0.0350779 -3.14122 0.00635367 -0.0346755 0.999378 0.455407
0.996874 0.078943 -0.00315348 23.3117 -0.0787813 0.996255 0.0356255 -3.14707 0.00595406 -0.0352657 0.99936 0.457461
0.997061 0.076592 -0.00170431 23.4754 -0.0764854 0.996454 0.0350672 -3.15755 0.00438413 -0.0348338 0.999384 0.459541
0.997237 0.0742859 -0.000184856 23.639 -0.0742358 0.99665 0.0343291 -3.17339 0.00273441 -0.0342206 0.999411 0.464319
0.997395 0.0721377 8.52052e-05 23.7914 -0.0720993 0.996824 0.0338263 -3.18599 0.00235522 -0.0337443 0.999428 0.465895
0.997518 0.0704056 0.000562558 23.936 -0.0703867 0.99699 0.0325151 -3.19593 0.00172838 -0.032474 0.999471 0.47191
0.997577 0.069569 -0.000294237 24.0762 -0.0695217 0.997038 0.0329005 -3.20392 0.00258222 -0.0328003 0.999459 0.472561
0.997627 0.0688398 -0.00156494 24.2098 -0.0687438 0.997027 0.034816 -3.20897 0.00395702 -0.0346258 0.999393 0.476268
0.997664 0.0682621 -0.00272479 24.3351 -0.068114 0.996984 0.0372038 -3.21009 0.00525618 -0.0369313 0.999304 0.481065
0.997634 0.0686578 -0.00346978 24.4823 -0.0684696 0.996882 0.0392267 -3.19052 0.00615218 -0.0388963 0.999224 0.501778
0.997694 0.0677488 -0.00402584 24.5789 -0.0675395 0.996944 0.0392476 -3.21865 0.00667252 -0.0388852 0.999221 0.514407
0.997684 0.0678239 -0.00522177 24.7007 -0.0675804 0.997002 0.0376812 -3.21139 0.0077618 -0.037241 0.999276 0.507059
0.997676 0.0679189 -0.00540405 24.8082 -0.0676764 0.997033 0.0366758 -3.2198 0.00787899 -0.0362248 0.999313 0.507634
0.997696 0.0676212 -0.00551541 24.9114 -0.0673803 0.997078 0.0359939 -3.22766 0.00793325 -0.0355393 0.999337 0.510339
0.997716 0.0673281 -0.00537764 25.011 -0.0670957 0.997112 0.0355666 -3.23228 0.00775674 -0.0351245 0.999353 0.512444
0.997738 0.0670672 -0.00459081 25.0995 -0.0668656 0.997143 0.0351296 -3.24157 0.00693374 -0.0347432 0.999372 0.516489
0.997741 0.0670412 -0.00430064 25.177 -0.0668517 0.997155 0.0348272 -3.24431 0.00662326 -0.034461 0.999384 0.517631
0.997746 0.0669283 -0.00484202 25.2407 -0.0667197 0.997161 0.0349067 -3.24556 0.00716452 -0.034505 0.999379 0.52035
0.997737 0.0669333 -0.00641777 25.2959 -0.0666627 0.997134 0.0357771 -3.24904 0.00879405 -0.0352683 0.999339 0.520246
0.997727 0.0668813 -0.00819322 25.3449 -0.0665364 0.997102 0.0368899 -3.25088 0.0106367 -0.0362609 0.999286 0.522005
0.997783 0.0659123 -0.00920257 25.3778 -0.0655136 0.997112 0.0384183 -3.26978 0.0117082 -0.0377302 0.999219 0.522315
0.997765 0.0662246 -0.00893831 25.4199 -0.0658235 0.99705 0.0394776 -3.27069 0.0115263 -0.038801 0.99918 0.527234
0.997777 0.0660925 -0.00850877 25.4559 -0.0656989 0.997025 0.040317 -3.27513 0.0111481 -0.0396684 0.999151 0.530122
0.997794 0.0658704 -0.00829793 25.4816 -0.0654772 0.997009 0.041054 -3.27482 0.0109774 -0.0404201 0.999122 0.532124
0.997792 0.0658605 -0.00852632 25.5014 -0.0654498 0.99698 0.0417883 -3.27553 0.0112528 -0.041138 0.99909 0.533409
0.997775 0.0660381 -0.00913424 25.5172 -0.0655929 0.996938 0.042575 -3.27108 0.0119178 -0.0418811 0.999052 0.534172
0.997794 0.0657096 -0.00945562 25.5307 -0.0652471 0.996946 0.0429138 -3.27331 0.0122466 -0.0422022 0.999034 0.531018
0.997763 0.0661894 -0.00938981 25.5339 -0.0657265 0.996905 0.0431382 -3.26865 0.012216 -0.0424245 0.999025 0.532149
0.997772 0.0660345 -0.00953907 25.5392 -0.0655636 0.996909 0.0432887 -3.27144 0.0123681 -0.0425668 0.999017 0.531551
0.997748 0.066458 -0.00909775 25.5564 -0.065999 0.996857 0.0438274 -3.25322 0.0119818 -0.0431282 0.998998 0.539833
0.997775 0.0660019 -0.00940504 25.5407 -0.065535 0.996905 0.0434318 -3.27099 0.0122425 -0.0427188 0.999012 0.534114
0.997798 0.0655738 -0.00996024 25.5362 -0.0650821 0.996929 0.0435422 -3.27946 0.0127849 -0.0427981 0.999002 0.531933
0.99778 0.0658469 -0.00995163 25.5424 -0.0653492 0.996891 0.0440193 -3.27056 0.0128192 -0.0432712 0.998981 0.541885
0.997787 0.0657518 -0.00988 25.5364 -0.0652649 0.996923 0.0434169 -3.27657 0.0127043 -0.042676 0.999008 0.533962
0.997793 0.0656092 -0.0102369 25.5369 -0.0651066 0.996931 0.043467 -3.27849 0.0130573 -0.0427046 0.999002 0.5328
0.997793 0.0656092 -0.0102369 25.5369 -0.0651066 0.996931 0.043467 -3.27849 0.0130573 -0.0427046 0.999002 0.5328
