413648000000 8 0 -1 0 0 0 0 -1 0 1 0 0 -0
413648000000 12 0 -1 0 0 0 0 -1 0 1 0 0 -0
413648000000 17 0 -1 0 0 0 0 -1 0 1 0 0 -0
413648000000 21 0 -1 0 0 0 0 -1 0 1 0 0 -0
413648000000 37 0 -1 0 0 0 0 -1 0 1 0 0 -0
413648000000 43 0 -1 0 0 0 0 -1 0 1 0 0 -0
413648000000 49 0 -1 0 0 0 0 -1 0 1 0 0 -0
413648000000 52 0 -1 0 0 0 0 -1 0 1 0 0 -0
413648000000 57 0 -1 0 0 0 0 -1 0 1 0 0 -0
414222000000 60 -1.87614e-05 -1 4.16279e-05 3.45591e-05 -0.000163207 -4.16248e-05 -1 -0.000668763 1 -1.87682e-05 -0.000163206 0.00121309
414500000000 66 8.66261e-05 -1 0.000209695 -2.94034e-05 -0.001861 -0.000209856 -0.999998 -0.0120035 0.999998 8.62357e-05 -0.00186102 0.023997
414860000000 74 -0.00222922 -0.999997 -0.000851136 -0.000607035 -0.00433329 0.00086079 -0.99999 -0.052823 0.999988 -0.00222551 -0.0043352 0.1073
415146000000 84 -0.00765597 -0.999965 -0.00337261 -0.00364773 -0.00378103 0.00340163 -0.999987 -0.074002 0.999964 -0.00764312 -0.00380694 0.152314
416297000000 93 -0.00770063 -0.999965 -0.003301 -0.00535371 -0.00391485 0.00333122 -0.999987 -0.13966 0.999963 -0.00768761 -0.00394037 0.287336
416734000000 102 -0.00830196 -0.99996 -0.00329565 -0.00709547 -0.00242732 0.00331591 -0.999992 -0.207149 0.999963 -0.00829389 -0.00245475 0.426346
417170000000 111 -0.00917075 -0.999952 -0.00341595 -0.00915534 -0.00144002 0.00342929 -0.999993 -0.274872 0.999957 -0.00916577 -0.0014714 0.5663
417382000000 120 -0.0789195 -0.996204 -0.0367277 -0.0222181 0.000128759 0.0368324 -0.999321 -0.295679 0.996881 -0.0788707 -0.00277852 0.607998
417719000000 128 -0.106607 -0.993068 -0.0494996 -0.0392767 0.00105608 0.0496701 -0.998765 -0.337252 0.994301 -0.106528 -0.00424644 0.692271
417920000000 134 -0.106876 -0.993037 -0.0495507 -0.0480536 0.00088314 0.0497413 -0.998762 -0.369299 0.994272 -0.106788 -0.00443917 0.758328
418296000000 142 -0.107261 -0.993016 -0.049134 -0.0646792 0.000847509 0.0493277 -0.998782 -0.429803 0.994231 -0.107172 -0.00444935 0.882154
418772000000 150 -0.105155 -0.993035 -0.0531382 -0.0851008 -0.00556181 0.0540208 -0.998524 -0.509035 0.99444 -0.104704 -0.0112036 1.03958
419401000000 156 -0.0979628 -0.992856 -0.0681179 -0.11702 -0.0306973 0.0714292 -0.996973 -0.616403 0.994717 -0.0955753 -0.0374754 1.23788
420005000000 162 -0.0876469 -0.991864 -0.0923297 -0.151101 -0.043775 0.0964319 -0.994377 -0.72227 0.995189 -0.0831123 -0.0518708 1.42776
420601000000 170 -0.0816361 -0.990666 -0.109161 -0.182545 -0.0606712 0.114264 -0.991596 -0.83127 0.994814 -0.074327 -0.0694329 1.61285
421188000000 177 -0.0809993 -0.990521 -0.110935 -0.206946 -0.0413587 0.114545 -0.992557 -0.934823 0.995856 -0.0758083 -0.0502448 1.81106
421771000000 180 -0.0835417 -0.990808 -0.106397 -0.2317 -0.0445308 0.110376 -0.992892 -1.03817 0.995509 -0.07821 -0.0533425 2.00039
422317000000 182 -0.0855088 -0.990999 -0.103002 -0.255358 -0.0485066 0.107398 -0.993032 -1.13498 0.995156 -0.0799167 -0.0572535 2.17865
422730000000 183 -0.0867356 -0.991173 -0.10026 -0.271788 -0.0513661 0.104955 -0.99315 -1.20926 0.994906 -0.0809915 -0.0600161 2.31378
423316000000 189 -0.088693 -0.991543 -0.0947447 -0.300016 -0.0542485 0.099787 -0.993529 -1.3125 0.994581 -0.0829793 -0.0626401 2.50198
423941000000 195 -0.0887531 -0.99169 -0.093135 -0.328903 -0.055685 0.0982978 -0.993598 -1.42175 0.994496 -0.0829986 -0.0639465 2.70752
424418000000 201 -0.0884498 -0.991697 -0.0933505 -0.350784 -0.0571653 0.0986172 -0.993482 -1.50384 0.994439 -0.0825369 -0.0654133 2.86549
424902000000 204 -0.0882532 -0.991715 -0.0933382 -0.372849 -0.057905 0.0986531 -0.993436 -1.58879 0.994414 -0.0822691 -0.0661318 3.02415
425562000000 208 -0.0877835 -0.991749 -0.0934202 -0.403466 -0.0588366 0.0987806 -0.993368 -1.70457 0.9944 -0.0817048 -0.0670225 3.23999
426144000000 216 -0.0878259 -0.991643 -0.0945006 -0.427733 -0.0605965 0.10001 -0.99314 -1.80655 0.994291 -0.081497 -0.0688735 3.4311
426394000000 221 -0.0881661 -0.9916 -0.0946412 -0.438104 -0.0608424 0.100195 -0.993106 -1.85144 0.994246 -0.0818 -0.069165 3.51274
426560000000 223 -0.0878148 -0.991622 -0.0947368 -0.446094 -0.0612309 0.100298 -0.993072 -1.88068 0.994253 -0.0814055 -0.0695256 3.56654
426641000000 228 -0.0876107 -0.991678 -0.0943332 -0.450318 -0.0602145 0.0997962 -0.993184 -1.89703 0.994333 -0.0813333 -0.0684566 3.59027
427106000000 231 -0.0879573 -0.991769 -0.0930503 -0.472267 -0.0712644 0.099438 -0.992489 -1.9818 0.993572 -0.0806654 -0.0794241 3.73475
427523000000 236 -0.0893161 -0.991877 -0.090571 -0.491923 -0.0851255 0.0982036 -0.991519 -2.05976 0.992359 -0.0808487 -0.0932051 3.86397
427928000000 241 -0.0892979 -0.99193 -0.0899999 -0.511996 -0.0912464 0.0981283 -0.990982 -2.13642 0.991817 -0.0802805 -0.0992727 3.98891
428140000000 245 -0.0904572 -0.991992 -0.0881488 -0.520579 -0.0948096 0.0966874 -0.990789 -2.17714 0.991377 -0.0812666 -0.102796 4.05553
428426000000 247 -0.0904038 -0.991988 -0.0882455 -0.533387 -0.0949248 0.0967879 -0.990768 -2.23235 0.991371 -0.0811926 -0.102914 4.14636
429022000000 251 -0.0899717 -0.991998 -0.0885719 -0.560774 -0.0954403 0.097111 -0.990687 -2.34593 0.991361 -0.0806804 -0.103414 4.33495
429390000000 254 -0.101173 -0.990389 -0.0943083 -0.579145 -0.0942142 0.103907 -0.990115 -2.39593 0.990398 -0.0912879 -0.103821 4.41816
429542000000 255 -0.151417 -0.981365 -0.118303 -0.608307 -0.0881613 0.132614 -0.987239 -2.40642 0.984531 -0.139055 -0.106598 4.4369
429912000000 257 -0.160352 -0.979406 -0.122686 -0.634531 -0.0867147 0.137792 -0.986658 -2.46089 0.983244 -0.147574 -0.107024 4.52802
430138000000 259 -0.160111 -0.979459 -0.122577 -0.651987 -0.0865683 0.137634 -0.986693 -2.50229 0.983296 -0.147369 -0.106827 4.59722
430515000000 263 -0.159392 -0.979584 -0.122513 -0.680525 -0.0864662 0.137476 -0.986724 -2.57147 0.983421 -0.146683 -0.106613 4.71277
430894000000 265 -0.159772 -0.979529 -0.122457 -0.707727 -0.086572 0.137476 -0.986715 -2.64259 0.98335 -0.147048 -0.106765 4.83164
431200000000 271 -0.159299 -0.979617 -0.122374 -0.730609 -0.0867013 0.13736 -0.986719 -2.69992 0.983416 -0.146573 -0.106815 4.92624
431353000000 274 -0.15937 -0.97959 -0.122496 -0.741891 -0.0866124 0.137477 -0.986711 -2.72849 0.983412 -0.146642 -0.106754 4.97351
431658000000 280 -0.158603 -0.979719 -0.122457 -0.764102 -0.0868478 0.137389 -0.986702 -2.78573 0.983515 -0.145859 -0.106877 5.0664
431889000000 285 -0.158596 -0.979705 -0.122578 -0.781825 -0.0866379 0.13748 -0.986708 -2.82928 0.983535 -0.145868 -0.106683 5.13758
431966000000 291 -0.157547 -0.979591 -0.124821 -0.787837 -0.0903404 0.140166 -0.985998 -2.84395 0.983371 -0.144065 -0.110579 5.15933
432110000000 300 -0.157544 -0.979698 -0.123986 -0.797823 -0.0904182 0.139337 -0.986108 -2.86917 0.983364 -0.144145 -0.110534 5.20073
432260000000 319 -0.15893 -0.979623 -0.122799 -0.808677 -0.0880979 0.137955 -0.986513 -2.89728 0.983351 -0.145969 -0.108228 5.24832
432564000000 328 -0.163892 -0.980069 -0.112265 -0.826764 -0.0904721 0.128257 -0.987606 -2.9543 0.982321 -0.151704 -0.109689 5.33897
432710000000 333 -0.165532 -0.980356 -0.107242 -0.837127 -0.092124 0.123637 -0.988042 -2.98316 0.981892 -0.153674 -0.11078 5.38415
433120000000 335 -0.17456 -0.980444 -0.0908728 -0.861992 -0.0999853 0.109463 -0.988949 -3.06103 0.979557 -0.163545 -0.117138 5.50598
433315000000 340 -0.184451 -0.979993 -0.0747753 -0.87187 -0.111888 0.0965235 -0.989022 -3.10094 0.976452 -0.17406 -0.127454 5.56064
433669000000 343 -0.207584 -0.977481 -0.0379401 -0.888198 -0.114677 0.0628344 -0.991414 -3.1697 0.971472 -0.20145 -0.125138 5.66904
433945000000 349 -0.228251 -0.973562 -0.00886208 -0.908486 -0.128937 0.0392489 -0.990876 -3.22542 0.965027 -0.225026 -0.134487 5.75343
434289000000 354 -0.245777 -0.969209 0.0150829 -0.927522 -0.141812 0.0205599 -0.98968 -3.29197 0.958897 -0.24538 -0.142498 5.84288
434821000000 357 -0.258416 -0.963572 0.0689226 -0.947012 -0.168505 -0.0252915 -0.985376 -3.39688 0.951224 -0.266251 -0.155831 5.98748
436005000000 360 -0.229828 -0.969438 0.0858488 -1.00344 -0.173309 -0.0460329 -0.983791 -3.58785 0.957676 -0.240981 -0.157433 6.24866
436599000000 366 -0.227982 -0.969793 0.0867467 -1.03429 -0.173679 -0.0471592 -0.983673 -3.69272 0.95805 -0.239325 -0.157681 6.39087
436933000000 369 -0.207913 -0.9734 0.0962541 -1.04401 -0.172548 -0.0603629 -0.98315 -3.75534 0.962808 -0.221018 -0.155408 6.47888
437068000000 370 -0.168721 -0.978921 0.115092 -1.02619 -0.170128 -0.0860912 -0.981654 -3.76308 0.970871 -0.185206 -0.152016 6.49523
437396000000 371 -0.156464 -0.980269 0.120796 -1.02349 -0.169007 -0.0939259 -0.981129 -3.78601 0.973117 -0.173926 -0.150976 6.52864
437598000000 372 -0.148345 -0.981066 0.12451 -1.02557 -0.168238 -0.0990325 -0.980759 -3.82612 0.97452 -0.166438 -0.150361 6.58638
438005000000 373 -0.148491 -0.98101 0.12478 -1.03769 -0.167934 -0.0993313 -0.980781 -3.90964 0.974551 -0.166591 -0.149995 6.70681
438344000000 374 -0.128736 -0.982634 0.133631 -1.03167 -0.165606 -0.111558 -0.979862 -3.95073 0.977753 -0.148274 -0.148369 6.77016
438549000000 375 -0.128235 -0.982661 0.133913 -1.03563 -0.165688 -0.111902 -0.979809 -3.97355 0.977805 -0.147833 -0.148466 6.80247
438753000000 376 -0.127715 -0.982664 0.134386 -1.04013 -0.16571 -0.112449 -0.979743 -4.01333 0.97787 -0.147397 -0.148476 6.85957
439163000000 379 -0.126551 -0.982769 0.134724 -1.04707 -0.164967 -0.113074 -0.979796 -4.09843 0.978146 -0.146219 -0.147815 6.98138
439367000000 381 -0.0838176 -0.984413 0.154611 -1.02906 -0.159458 -0.139908 -0.97724 -4.1284 0.98364 -0.106564 -0.145246 7.03143
439433000000 389 -0.0541443 -0.9841 0.169164 -1.01761 -0.154794 -0.159092 -0.975053 -4.14126 0.986462 -0.078979 -0.143718 7.04512
439501000000 391 -0.0360945 -0.983435 0.177631 -0.998078 -0.15155 -0.170305 -0.973668 -4.14984 0.98779 -0.062064 -0.142892 7.06052
439569000000 392 -0.0207154 -0.982504 0.185085 -0.994925 -0.148775 -0.180035 -0.972344 -4.1561 0.988654 -0.0476785 -0.142442 7.07146
439635000000 396 -0.0136544 -0.98199 0.188441 -0.979487 -0.147228 -0.18443 -0.971756 -4.16738 0.989008 -0.0410125 -0.142058 7.08436
439705000000 400 -0.0119384 -0.981869 0.189183 -0.979057 -0.146782 -0.185427 -0.971634 -4.17909 0.989097 -0.0393685 -0.141907 7.10073
439771000000 404 -0.0115273 -0.981799 0.189574 -0.982775 -0.146808 -0.185871 -0.971545 -4.19289 0.989098 -0.0390302 -0.141993 7.11687
439840000000 405 -0.0119907 -0.981869 0.189179 -0.971207 -0.146937 -0.185408 -0.971614 -4.20552 0.989073 -0.0394477 -0.14205 7.14061
440041000000 406 -0.011983 -0.981844 0.189313 -0.967354 -0.14693 -0.185542 -0.971589 -4.24817 0.989074 -0.0394582 -0.142039 7.20295
440177000000 407 -0.0108083 -0.98175 0.189871 -0.964307 -0.146675 -0.186272 -0.971488 -4.276 0.989126 -0.0383494 -0.141985 7.24387
440724000000 408 -0.00390438 -0.97942 0.201793 -0.940613 -0.155637 -0.19874 -0.967615 -4.35773 0.987807 -0.0351843 -0.151658 7.36373
440863000000 409 -0.00434802 -0.977975 0.208675 -0.937957 -0.164223 -0.205145 -0.964856 -4.38731 0.986414 -0.0384644 -0.159714 7.40191
440935000000 415 -0.00106892 -0.977832 0.20939 -0.936139 -0.173119 -0.206047 -0.963107 -4.40297 0.9849 -0.0372788 -0.169061 7.41905
441234000000 426 0.00649748 -0.977502 0.210825 -0.91823 -0.213418 -0.207328 -0.954708 -4.47181 0.976939 -0.0387908 -0.209964 7.49121
441581000000 439 0.0480775 -0.971708 0.23124 -0.867262 -0.236568 -0.235998 -0.942518 -4.53121 0.970425 -0.00939006 -0.241222 7.56422
441950000000 450 0.150739 -0.948216 0.279579 -0.846986 -0.203674 -0.306532 -0.929815 -4.52214 0.967365 0.0832167 -0.239333 7.55007
442040000000 455 0.24975 -0.910619 0.329238 -0.796088 -0.160076 -0.374162 -0.913443 -4.50346 0.954987 0.175429 -0.239215 7.54338
442132000000 459 0.350308 -0.855207 0.381976 -0.732257 -0.106751 -0.441614 -0.890832 -4.47952 0.930531 0.271289 -0.245995 7.54143
442221000000 460 0.41629 -0.80771 0.417501 -0.69309 -0.0655033 -0.484628 -0.872264 -4.46336 0.906869 0.335767 -0.254654 7.5357
442310000000 461 0.462594 -0.767909 0.443083 -0.660463 -0.0336606 -0.514624 -0.856755 -4.45315 0.885931 0.381415 -0.26391 7.53154
442398000000 462 0.496166 -0.735656 0.461118 -0.63614 -0.0099956 -0.535907 -0.844218 -4.44755 0.86817 0.414263 -0.273252 7.53588
442956000000 465 0.521059 -0.710138 0.473499 -0.490901 -0.0134155 -0.561505 -0.827364 -4.50024 0.853415 0.424753 -0.302104 7.63844
444114000000 467 0.496798 -0.735762 0.460267 -0.220941 -0.0484231 -0.553017 -0.831762 -4.66076 0.866514 0.39093 -0.310365 7.9037
445472000000 470 0.447127 -0.780741 0.436486 0.0748837 -0.0835748 -0.522314 -0.848648 -4.868 0.890557 0.342974 -0.298791 8.23025
446493000000 472 0.390436 -0.810411 0.4368 0.285525 -0.102511 -0.509777 -0.854177 -5.03418 0.914905 0.288725 -0.282111 8.48553
446975000000 475 0.412052 -0.782449 0.466891 0.394236 -0.0561958 -0.533261 -0.844082 -5.08526 0.909426 0.321568 -0.263701 8.59939
447374000000 480 0.483301 -0.717663 0.501378 0.422262 -3.80807e-05 -0.572723 -0.819749 -5.05211 0.875454 0.396167 -0.276825 8.57555
447478000000 485 0.551484 -0.63682 0.538819 0.468552 0.0667253 -0.610177 -0.78945 -5.02458 0.831513 0.471322 -0.294011 8.55855
447596000000 489 0.606552 -0.55327 0.570953 0.513969 0.129839 -0.639566 -0.757692 -4.99703 0.78437 0.533711 -0.316094 8.54571
447718000000 490 0.638227 -0.482719 0.599707 0.56498 0.183741 -0.660967 -0.727572 -4.97589 0.7476 0.574547 -0.333152 8.5454
448094000000 492 0.647626 -0.471061 0.5989 0.681535 0.190683 -0.660795 -0.725941 -4.99267 0.737713 0.584338 -0.338125 8.61164
448348000000 494 0.665029 -0.434572 0.607358 0.778273 0.216293 -0.66633 -0.713597 -4.99324 0.71481 0.60593 -0.349134 8.65159
448739000000 497 0.670251 -0.422784 0.609932 0.912417 0.224445 -0.667898 -0.709604 -5.00543 0.707381 0.612509 -0.352767 8.71991
449016000000 500 0.676344 -0.408202 0.613131 1.00822 0.234655 -0.669622 -0.704659 -5.01144 0.698209 0.620466 -0.357108 8.76627
449427000000 501 0.685907 -0.384531 0.617792 1.15131 0.250784 -0.672057 -0.696741 -5.01871 0.68311 0.632832 -0.364535 8.83339
450117000000 502 0.692769 -0.36678 0.620921 1.38694 0.262869 -0.673335 -0.691028 -5.03088 0.671543 0.641944 -0.370051 8.9489
450810000000 508 0.700298 -0.346356 0.624195 1.63224 0.276686 -0.674355 -0.684609 -5.03665 0.658048 0.652137 -0.376418 9.05799
451368000000 512 0.708127 -0.323786 0.62747 1.82998 0.291724 -0.675106 -0.67759 -5.03597 0.643003 0.662868 -0.383605 9.14157
451506000000 515 0.716668 -0.318843 0.620263 1.87679 0.29284 -0.669596 -0.682558 -5.0396 0.632954 0.670806 -0.386508 9.15893
451780000000 518 0.736108 -0.321961 0.595387 1.96385 0.281941 -0.653835 -0.702146 -5.05492 0.615349 0.684719 -0.390519 9.19432
452054000000 522 0.75554 -0.322726 0.570094 2.05319 0.271419 -0.63782 -0.720775 -5.0702 0.596231 0.699309 -0.394304 9.2274
452468000000 525 0.774552 -0.328518 0.540505 2.19176 0.271102 -0.599638 -0.752953 -5.09089 0.571466 0.729733 -0.375389 9.2873
452880000000 529 0.739217 -0.433262 0.515599 2.24187 0.227385 -0.560066 -0.796632 -5.11389 0.633919 0.706124 -0.315493 9.32972
453017000000 532 0.684672 -0.549007 0.479391 2.23546 0.165777 -0.523193 -0.835935 -5.12959 0.709748 0.651813 -0.267203 9.34943
453154000000 537 0.648359 -0.609257 0.456548 2.23809 0.135591 -0.497676 -0.856699 -5.1402 0.749164 0.617352 -0.240063 9.36572
453981000000 541 0.644967 -0.634639 0.425736 2.3569 0.123311 -0.463368 -0.877545 -5.19132 0.754196 0.618485 -0.2206 9.46697
454541000000 545 0.650435 -0.642053 0.405835 2.50225 0.127561 -0.434379 -0.891652 -5.2498 0.748774 0.631731 -0.200634 9.59126
454964000000 550 0.655498 -0.645771 0.391539 2.61236 0.131243 -0.413159 -0.901152 -5.29531 0.743706 0.64209 -0.186072 9.68688
455374000000 556 0.662136 -0.647526 0.377208 2.72048 0.131663 -0.395006 -0.909195 -5.33966 0.737727 0.651675 -0.176292 9.77861
455821000000 560 0.671013 -0.648086 0.360175 2.83766 0.123144 -0.381613 -0.916082 -5.38882 0.731148 0.659056 -0.176259 9.87639
456146000000 562 0.673109 -0.648533 0.355428 2.92824 0.119966 -0.378488 -0.917799 -5.42526 0.729748 0.660418 -0.176962 9.94624
456538000000 563 0.655162 -0.647852 0.388651 3.04698 0.140496 -0.400983 -0.905248 -5.45637 0.742309 0.647688 -0.171689 10.0365
456794000000 564 0.637935 -0.64838 0.415503 3.12447 0.182737 -0.396687 -0.899581 -5.47073 0.748095 0.649802 -0.134578 10.1098
457206000000 565 0.615401 -0.644861 0.453252 3.24761 0.204489 -0.424729 -0.881924 -5.49441 0.761227 0.635421 -0.129512 10.2109
457524000000 567 0.6107 -0.644749 0.459723 3.32496 0.216777 -0.422257 -0.880174 -5.51082 0.761612 0.637179 -0.118105 10.2797
457839000000 570 0.608056 -0.645991 0.46148 3.41151 0.229161 -0.413724 -0.881089 -5.52998 0.760101 0.641505 -0.103531 10.3588
458221000000 572 0.601731 -0.6539 0.458624 3.50602 0.237796 -0.4015 -0.88445 -5.55237 0.762478 0.641259 -0.0861 10.4495
458708000000 575 0.59526 -0.67283 0.439278 3.58222 0.231782 -0.379671 -0.895616 -5.57635 0.769378 0.634941 -0.0700524 10.5296
459078000000 577 0.600539 -0.679551 0.421384 3.6628 0.231519 -0.356644 -0.905099 -5.60174 0.765345 0.641105 -0.0568499 10.6146
459291000000 579 0.552637 -0.73086 0.400545 3.67828 0.209814 -0.343119 -0.915559 -5.6106 0.80658 0.590011 -0.0362759 10.6436
459397000000 580 0.486457 -0.790124 0.372913 3.67048 0.180268 -0.326868 -0.927718 -5.61525 0.854906 0.518519 -0.016573 10.6526
459508000000 582 0.387613 -0.859568 0.333015 3.65806 0.144642 -0.30007 -0.942887 -5.62013 0.910404 0.413643 0.00801906 10.6643
459614000000 583 0.309039 -0.902234 0.300782 3.65084 0.123392 -0.275552 -0.953334 -5.62605 0.943011 0.331731 0.0261719 10.6793
459823000000 585 0.227204 -0.93702 0.265277 3.64704 0.106717 -0.246805 -0.963171 -5.63623 0.967982 0.247146 0.0439211 10.7073
460144000000 586 0.195698 -0.9503 0.242141 3.66482 0.114264 -0.223138 -0.968067 -5.66389 0.973985 0.217117 0.0649175 10.7946
460364000000 588 0.197149 -0.952782 0.230953 3.6846 0.129101 -0.208294 -0.969508 -5.68898 0.971836 0.220954 0.0819405 10.8749
460716000000 590 0.196146 -0.952763 0.231883 3.72145 0.131623 -0.208755 -0.96907 -5.72861 0.971701 0.2206 0.084459 10.9962
460950000000 592 0.19598 -0.952778 0.231959 3.74732 0.131169 -0.20895 -0.96909 -5.75569 0.971796 0.220348 0.0840247 11.077
461184000000 593 0.196153 -0.952804 0.231708 3.7714 0.130477 -0.208836 -0.969208 -5.78261 0.971854 0.220345 0.0833548 11.1569
461300000000 594 0.19616 -0.952788 0.231769 3.78344 0.130524 -0.208886 -0.96919 -5.79589 0.971846 0.220368 0.083387 11.1966
461532000000 595 0.196184 -0.952783 0.231766 3.8079 0.130561 -0.208873 -0.969188 -5.82228 0.971836 0.220399 0.0834187 11.2766
461647000000 596 0.196004 -0.952815 0.231789 3.81996 0.130476 -0.208932 -0.969187 -5.83518 0.971884 0.220207 0.0833679 11.3156
461878000000 597 0.195732 -0.952856 0.231851 3.84415 0.130315 -0.209055 -0.969182 -5.861 0.97196 0.219913 0.083253 11.3942
461993000000 598 0.196451 -0.952886 0.231116 3.85614 0.130432 -0.208218 -0.969347 -5.87444 0.9718 0.220574 0.083382 11.4339
462219000000 599 0.197785 -0.953101 0.229084 3.87905 0.127518 -0.206698 -0.970059 -5.90123 0.971916 0.221075 0.0806555 11.5099
462445000000 600 0.198341 -0.95288 0.22952 3.90225 0.122186 -0.208308 -0.970401 -5.92895 0.972487 0.220515 0.0751128 11.5852
462675000000 602 0.201261 -0.952761 0.227465 3.91771 0.119331 -0.206638 -0.971113 -5.95679 0.972242 0.22259 0.072106 11.6618
462787000000 604 0.201884 -0.952853 0.226527 3.92742 0.118033 -0.205933 -0.971421 -5.9695 0.972271 0.222852 0.0708938 11.6984
462902000000 606 0.203128 -0.953292 0.223549 3.93886 0.12013 -0.202321 -0.971923 -5.98389 0.971755 0.224279 0.073422 11.7377
463016000000 610 0.203815 -0.953261 0.223053 3.95115 0.117735 -0.202316 -0.972217 -5.99799 0.971904 0.224414 0.070997 11.7768
463129000000 614 0.204438 -0.953264 0.22247 3.96289 0.11548 -0.202197 -0.972513 -6.01183 0.972044 0.224509 0.0687466 11.8149
463241000000 617 0.203252 -0.953065 0.2244 3.9751 0.116404 -0.204038 -0.972018 -6.02525 0.972183 0.223685 0.0694693 11.8531
463354000000 620 0.203606 -0.953237 0.223347 3.98649 0.115692 -0.203102 -0.972299 -6.03876 0.972193 0.223805 0.0689293 11.8909
463467000000 625 0.204491 -0.953314 0.222205 3.99808 0.114426 -0.202165 -0.972644 -6.05242 0.972158 0.224323 0.067743 11.9288
463580000000 629 0.20528 -0.95342 0.22102 4.00977 0.113874 -0.201028 -0.972944 -6.06613 0.972056 0.224894 0.0673033 11.9676
463804000000 635 0.20546 -0.953474 0.220622 4.03273 0.113674 -0.200656 -0.973045 -6.09281 0.972041 0.225 0.0671583 12.0432
464012000000 641 0.205693 -0.953379 0.220815 4.05421 0.113807 -0.200805 -0.972998 -6.11758 0.971976 0.22527 0.0671973 12.113
464239000000 645 0.206164 -0.953268 0.220853 4.07564 0.113399 -0.200905 -0.973025 -6.14347 0.971924 0.225647 0.0666807 12.1936
464699000000 648 0.206819 -0.953129 0.22084 4.12256 0.113332 -0.200862 -0.973042 -6.19843 0.971793 0.226272 0.0664782 12.3543
465162000000 652 0.206735 -0.953149 0.220832 4.17201 0.113536 -0.200812 -0.973028 -6.25417 0.971787 0.226231 0.0667016 12.5114
465512000000 653 0.206369 -0.953222 0.220863 4.20936 0.11341 -0.200899 -0.973025 -6.29666 0.97188 0.22585 0.0666459 12.6295
465849000000 656 0.204303 -0.953366 0.222156 4.24597 0.109416 -0.20328 -0.972988 -6.33893 0.972774 0.223092 0.0627832 12.7421
466305000000 665 0.208504 -0.954863 0.211572 4.29047 0.127101 -0.188037 -0.973903 -6.39095 0.969728 0.229953 0.0821573 12.9059
466596000000 671 0.203074 -0.954596 0.217963 4.3241 0.143509 -0.191181 -0.971007 -6.42005 0.96859 0.228466 0.0981694 13.0112
467020000000 674 0.202516 -0.956507 0.209957 4.3656 0.157878 -0.179705 -0.970969 -6.46546 0.966469 0.229784 0.114618 13.166
467436000000 679 0.203515 -0.956795 0.207665 4.40711 0.162509 -0.17615 -0.970856 -6.51004 0.965491 0.231331 0.119639 13.3136
467713000000 683 0.206653 -0.956904 0.204034 4.43394 0.156769 -0.173458 -0.972284 -6.54091 0.965773 0.232912 0.114167 13.4072
467923000000 686 0.215934 -0.957819 0.189621 4.45225 0.142155 -0.161294 -0.976615 -6.56865 0.966004 0.23784 0.10133 13.4741
468202000000 689 0.226206 -0.958251 0.174891 4.47759 0.103626 -0.154852 -0.982488 -6.61219 0.968552 0.240368 0.0642713 13.5573
468273000000 690 0.228438 -0.95826 0.171911 4.48433 0.0918954 -0.154568 -0.983699 -6.62348 0.969212 0.240512 0.0527506 13.5775
468482000000 691 0.234362 -0.9584 0.162925 4.50422 0.0573372 -0.153674 -0.986457 -6.65683 0.970457 0.24053 0.0189367 13.6348
469112000000 693 0.249694 -0.959191 0.132684 4.56228 0.0210791 -0.131607 -0.991078 -6.75674 0.968095 0.250263 -0.0126426 13.8318
469586000000 698 0.250442 -0.959245 0.130874 4.6114 0.0205211 -0.129892 -0.991316 -6.82855 0.967914 0.250953 -0.0128457 13.9837
469832000000 701 0.250526 -0.959209 0.130979 4.63672 0.0204271 -0.130026 -0.9913 -6.86596 0.967894 0.251022 -0.0129811 14.0632
470252000000 704 0.250847 -0.959123 0.130992 4.67837 0.020762 -0.129957 -0.991302 -6.92893 0.967804 0.251385 -0.012686 14.1963
470610000000 705 0.25115 -0.959078 0.130738 4.71492 0.0205793 -0.129746 -0.991334 -6.98224 0.967729 0.251664 -0.0128485 14.3121
470913000000 706 0.256827 -0.958806 0.121371 4.74175 0.0112692 -0.122604 -0.992392 -7.03035 0.966392 0.256241 -0.020683 14.404
471234000000 707 0.228012 -0.969031 0.0948154 4.75333 -0.00290041 -0.0980561 -0.995177 -7.06698 0.973654 0.226637 -0.0251685 14.4689
471344000000 710 0.174843 -0.981864 0.0733029 4.74136 -0.00780752 -0.0758299 -0.99709 -7.07757 0.984565 0.173762 -0.0209242 14.4709
471454000000 712 0.124175 -0.99127 0.0443309 4.74003 -0.0140857 -0.0464332 -0.998822 -7.0736 0.99216 0.123404 -0.0197286 14.4713
471670000000 714 0.0836728 -0.996151 0.0261284 4.73051 -0.0158489 -0.0275473 -0.999495 -7.06582 0.996367 0.0832165 -0.0180928 14.4549
472223000000 716 0.074634 -0.997158 0.0102614 4.73144 -0.0143522 -0.0113631 -0.999832 -7.1091 0.997108 0.0744742 -0.0151595 14.5422
472586000000 720 0.0799807 -0.996795 -0.00157171 4.73542 -0.0140788 0.000446955 -0.999901 -7.16495 0.996697 0.0799949 -0.013998 14.6563
472956000000 724 0.0853078 -0.996269 -0.0130623 4.74011 -0.0131878 0.0119799 -0.999841 -7.22571 0.996267 0.0854665 -0.0121166 14.7738
473075000000 733 0.0871838 -0.99606 -0.0162497 4.73883 -0.0126529 0.0152033 -0.999804 -7.24339 0.996112 0.0873723 -0.0112775 14.8096
473193000000 741 0.0897819 -0.995744 -0.020806 4.73703 -0.0132469 0.0196946 -0.999718 -7.26156 0.995873 0.0900322 -0.0114223 14.844
473304000000 747 0.0922985 -0.995395 -0.0258642 4.73527 -0.016015 0.0244877 -0.999572 -7.27896 0.995603 0.0926732 -0.0136811 14.8751
473640000000 750 0.0857016 -0.995849 -0.0306758 4.73772 -0.0538163 0.0261171 -0.998209 -7.34466 0.994866 0.087199 -0.0513546 14.9669
473863000000 759 0.0896355 -0.994957 -0.0450199 4.73887 -0.111891 0.0348561 -0.993109 -7.39613 0.98967 0.0940552 -0.108202 15.0153
474080000000 760 0.0938655 -0.993295 -0.0674797 4.73465 -0.173359 0.0504365 -0.983566 -7.4439 0.980375 0.104021 -0.167462 15.0566
474306000000 761 0.0959898 -0.991319 -0.0898477 4.72998 -0.230355 0.0656905 -0.970887 -7.4937 0.968361 0.113892 -0.222049 15.0995
474775000000 762 0.0786971 -0.989908 -0.117851 4.71989 -0.285957 0.0908342 -0.953928 -7.60098 0.955006 0.108772 -0.275922 15.2051
475249000000 770 0.0665429 -0.985361 -0.156958 4.70231 -0.3149 0.128528 -0.940382 -7.71102 0.946789 0.112002 -0.301738 15.313
476281000000 782 0.0437155 -0.981068 -0.188667 4.67036 -0.338053 0.163182 -0.926872 -7.94599 0.940111 0.104298 -0.324519 15.5498
477170000000 786 0.033328 -0.980806 -0.192117 4.65031 -0.33633 0.170006 -0.926272 -8.14994 0.941154 0.0954854 -0.324209 15.7588
477826000000 799 0.0334113 -0.980838 -0.191938 4.63657 -0.335798 0.169864 -0.926491 -8.30521 0.941341 0.0954077 -0.323689 15.917
478155000000 811 0.0329338 -0.980823 -0.192098 4.62959 -0.336236 0.170126 -0.926284 -8.38436 0.941202 0.0950965 -0.324186 15.9985
479137000000 818 -0.0365039 -0.9736 -0.225321 4.58583 -0.321021 0.224946 -0.91997 -8.50304 0.946368 0.0387503 -0.320757 16.1237
479247000000 819 -0.133093 -0.953253 -0.271282 4.53975 -0.294809 0.299405 -0.907438 -8.49224 0.946242 -0.0407975 -0.320877 16.1255
479359000000 820 -0.212514 -0.927007 -0.309025 4.4979 -0.266909 0.359291 -0.894242 -8.48288 0.939999 -0.107557 -0.323781 16.1272
479470000000 821 -0.268837 -0.902775 -0.335744 4.46552 -0.243607 0.400973 -0.883106 -8.47826 0.93187 -0.155622 -0.327719 16.1318
480389000000 824 -0.279486 -0.897596 -0.340895 4.34357 -0.240296 0.409134 -0.880265 -8.64646 0.929594 -0.164106 -0.330036 16.3407
481610000000 826 -0.255117 -0.903568 -0.344209 4.17741 -0.197272 0.397141 -0.896305 -8.89133 0.946572 -0.160759 -0.279566 16.6627
481965000000 833 -0.225964 -0.908793 -0.350764 4.13565 -0.154852 0.389009 -0.908126 -8.95572 0.961749 -0.150887 -0.228631 16.776
483223000000 856 -0.214873 -0.913094 -0.346539 3.98042 -0.138206 0.379685 -0.914734 -9.19308 0.966814 -0.148658 -0.207779 17.1393
484698000000 860 -0.212898 -0.913754 -0.346017 3.79584 -0.138381 0.378765 -0.915089 -9.47563 0.967225 -0.146938 -0.207085 17.562
485558000000 863 -0.270927 -0.88706 -0.373796 3.75594 -0.112802 0.414901 -0.902847 -9.48458 0.955968 -0.202441 -0.21247 17.5837
485681000000 877 -0.365468 -0.831551 -0.418277 3.71251 -0.0661388 0.471425 -0.879423 -9.45789 0.928471 -0.293737 -0.227289 17.5618
485803000000 892 -0.473437 -0.74646 -0.467607 3.65464 -0.00105742 0.531353 -0.84715 -9.43101 0.880827 -0.400577 -0.252351 17.5339
485925000000 905 -0.564826 -0.652938 -0.504621 3.60733 0.0660008 0.573803 -0.816329 -9.39819 0.822566 -0.49439 -0.281005 17.5085
486304000000 906 -0.609192 -0.601657 -0.516618 3.56813 0.0998431 0.58808 -0.802617 -9.38714 0.786712 -0.540529 -0.298182 17.5074
486557000000 907 -0.653108 -0.54794 -0.522697 3.48094 0.135004 0.594936 -0.792354 -9.39418 0.745134 -0.588059 -0.314583 17.5366
487414000000 908 -0.692366 -0.542227 -0.476045 3.2301 0.105586 0.576519 -0.810233 -9.47398 0.713779 -0.611242 -0.341911 17.6793
490052000000 909 -0.70273 -0.526407 -0.478609 2.40507 0.129129 0.567172 -0.813413 -9.70842 0.69964 -0.633412 -0.330594 18.1535
490466000000 911 -0.701337 -0.52338 -0.483942 2.27319 0.152365 0.553145 -0.819033 -9.74142 0.696356 -0.648154 -0.308196 18.2323
490720000000 916 -0.701788 -0.522667 -0.484058 2.19153 0.163522 0.543157 -0.823554 -9.75578 0.693364 -0.657115 -0.295714 18.2857
491831000000 926 -0.691584 -0.529128 -0.491666 1.83281 0.192005 0.521533 -0.831347 -9.83924 0.696309 -0.669348 -0.259089 18.4955
492982000000 933 -0.699227 -0.527352 -0.482682 1.47381 0.18247 0.521161 -0.833724 -9.92581 0.691221 -0.671037 -0.268184 18.7087
493945000000 943 -0.734769 -0.461261 -0.497345 1.18958 0.217653 0.534111 -0.816916 -9.97303 0.642449 -0.708494 -0.292054 18.8421
494013000000 950 -0.758155 -0.408163 -0.508531 1.16981 0.24662 0.542455 -0.80307 -9.95998 0.603639 -0.734266 -0.310603 18.826
494081000000 959 -0.778969 -0.352729 -0.518449 1.15168 0.276322 0.549099 -0.788756 -9.9456 0.562897 -0.757675 -0.330265 18.8092
494149000000 970 -0.796392 -0.296962 -0.526853 1.13575 0.306002 0.553549 -0.774562 -9.93128 0.521655 -0.778073 -0.349971 18.7898
494217000000 983 -0.80839 -0.250587 -0.532647 1.12377 0.330409 0.555715 -0.762896 -9.91952 0.487171 -0.792709 -0.366438 18.7741
494350000000 990 -0.821206 -0.188037 -0.538761 1.09902 0.3628 0.556706 -0.747298 -9.90342 0.440451 -0.809148 -0.38895 18.7553
494680000000 997 -0.825185 -0.164147 -0.540486 1.00258 0.375052 0.556273 -0.74155 -9.89646 0.422381 -0.814626 -0.397464 18.766
495317000000 1008 -0.84274 -0.156925 -0.514941 0.777669 0.365225 0.536066 -0.761081 -9.90621 0.395475 -0.829462 -0.394451 18.8068
495733000000 1013 -0.860474 -0.154098 -0.485632 0.631742 0.343546 0.528398 -0.776384 -9.92277 0.376246 -0.834895 -0.401733 18.8353
496358000000 1020 -0.875278 -0.155135 -0.458063 0.408957 0.326192 0.509904 -0.795988 -9.94114 0.357053 -0.846127 -0.395704 18.8717
496843000000 1025 -0.876388 -0.155433 -0.455834 0.232395 0.324922 0.507802 -0.797849 -9.95092 0.355485 -0.847336 -0.394528 18.8947
497490000000 1029 -0.876793 -0.15463 -0.455329 -0.00993964 0.324662 0.508137 -0.797741 -9.96639 0.354724 -0.847282 -0.395329 18.9361
498224000000 1032 -0.87665 -0.154414 -0.455677 -0.281562 0.325069 0.50814 -0.797573 -9.98257 0.354704 -0.847319 -0.395266 18.9768
499083000000 1035 -0.880124 -0.155567 -0.448532 -0.597758 0.317501 0.509528 -0.799734 -10.0064 0.352952 -0.846274 -0.399055 19.0228
499553000000 1038 -0.880716 -0.155265 -0.447472 -0.770975 0.3151 0.513283 -0.798281 -10.0177 0.353625 -0.844058 -0.403133 19.0464
500043000000 1041 -0.881614 -0.155648 -0.445568 -0.952024 0.312415 0.515176 -0.798117 -10.0257 0.353771 -0.842833 -0.405559 19.071
500819000000 1045 -0.881376 -0.155872 -0.44596 -1.23807 0.31259 0.515371 -0.797922 -10.0428 0.354209 -0.842672 -0.405512 19.1101
501170000000 1050 -0.881204 -0.15559 -0.446397 -1.36954 0.313149 0.515276 -0.797764 -10.0538 0.354142 -0.842782 -0.405341 19.1305
501677000000 1055 -0.88101 -0.155905 -0.446671 -1.55557 0.31334 0.515085 -0.797813 -10.0651 0.354456 -0.842841 -0.404944 19.1542
502031000000 1057 -0.880951 -0.155657 -0.446874 -1.68775 0.313611 0.515133 -0.797675 -10.0744 0.354363 -0.842858 -0.404991 19.1744
502313000000 1061 -0.88107 -0.155695 -0.446626 -1.79183 0.31332 0.515253 -0.797712 -10.0809 0.354325 -0.842777 -0.405192 19.1896
502522000000 1063 -0.881264 -0.155768 -0.446217 -1.86953 0.312892 0.515316 -0.79784 -10.0861 0.35422 -0.842725 -0.405391 19.201
502732000000 1069 -0.881044 -0.155719 -0.44667 -1.94686 0.313308 0.515351 -0.797654 -10.091 0.354401 -0.842713 -0.405259 19.2123
502940000000 1072 -0.88108 -0.155603 -0.446638 -2.02371 0.313485 0.51498 -0.797824 -10.096 0.354154 -0.842961 -0.404959 19.2234
503149000000 1073 -0.871096 -0.159788 -0.464392 -2.10704 0.333597 0.501443 -0.79829 -10.0964 0.360424 -0.850307 -0.3835 19.2443
503422000000 1076 -0.877845 -0.166468 -0.449085 -2.20099 0.313167 0.509931 -0.801184 -10.1081 0.362374 -0.843954 -0.395508 19.2546
503762000000 1080 -0.8739 -0.166433 -0.456726 -2.32836 0.323591 0.501959 -0.802076 -10.115 0.362749 -0.848727 -0.384806 19.2793
504114000000 1083 -0.869638 -0.169944 -0.463517 -2.46132 0.334488 0.487723 -0.806377 -10.1221 0.363107 -0.856297 -0.367299 19.3115
504259000000 1089 -0.869442 -0.170247 -0.463775 -2.5147 0.337167 0.48166 -0.808901 -10.1242 0.361095 -0.859662 -0.361374 19.3225
504582000000 1093 -0.870712 -0.172595 -0.460513 -2.63506 0.341014 0.462825 -0.818231 -10.1346 0.354359 -0.869485 -0.34413 19.3528
504768000000 1097 -0.871627 -0.172625 -0.458767 -2.70435 0.343661 0.45216 -0.823073 -10.142 0.349519 -0.875072 -0.334791 19.3715
505339000000 1099 -0.867343 -0.175322 -0.46581 -2.91533 0.358975 0.427915 -0.829473 -10.1467 0.344752 -0.886652 -0.308213 19.4101
505631000000 1104 -0.87469 -0.158858 -0.457911 -3.02047 0.36173 0.414859 -0.834891 -10.1518 0.322597 -0.895911 -0.305409 19.4242
505730000000 1108 -0.87867 -0.155442 -0.451417 -3.05393 0.358021 0.410988 -0.838397 -10.1554 0.315849 -0.898291 -0.305472 19.4269
506021000000 1109 -0.885626 -0.155976 -0.437422 -3.15496 0.344444 0.411148 -0.843988 -10.1643 0.311487 -0.898125 -0.310399 19.4389
506417000000 1110 -0.895766 -0.157074 -0.415849 -3.28926 0.321585 0.416874 -0.850176 -10.1779 0.306897 -0.89529 -0.322909 19.4556
506738000000 1111 -0.897597 -0.159532 -0.410936 -3.40603 0.315616 0.418219 -0.851751 -10.1885 0.307743 -0.894227 -0.325041 19.4694
507407000000 1115 -0.89745 -0.159825 -0.411144 -3.64997 0.31225 0.428185 -0.848031 -10.2074 0.311583 -0.889445 -0.33437 19.4979
507879000000 1118 -0.893908 -0.160094 -0.418686 -3.82568 0.318143 0.431403 -0.844201 -10.2202 0.315775 -0.887841 -0.334702 19.5224
508335000000 1121 -0.89502 -0.159817 -0.416411 -3.99303 0.316482 0.430306 -0.845385 -10.2348 0.314291 -0.888423 -0.334553 19.5472
508552000000 1123 -0.894959 -0.160001 -0.41647 -4.0718 0.316488 0.430262 -0.845405 -10.2409 0.314457 -0.888411 -0.334429 19.5569
509091000000 1126 -0.894691 -0.160494 -0.416856 -4.26921 0.31675 0.430056 -0.845412 -10.2573 0.314955 -0.888422 -0.333931 19.5827
509539000000 1129 -0.893618 -0.160691 -0.419076 -4.43297 0.318912 0.429679 -0.84479 -10.2827 0.315818 -0.888569 -0.332723 19.6
509660000000 1132 -0.893762 -0.160693 -0.418768 -4.47732 0.318692 0.429478 -0.844976 -10.284 0.315634 -0.888665 -0.33264 19.6063
509780000000 1136 -0.893704 -0.160865 -0.418827 -4.52123 0.318652 0.429576 -0.844941 -10.2883 0.31584 -0.888587 -0.332654 19.6132
509906000000 1138 -0.893586 -0.161149 -0.41897 -4.5679 0.318726 0.429464 -0.84497 -10.2915 0.316098 -0.88859 -0.3324 19.6188
510455000000 1139 -0.893568 -0.161929 -0.418707 -4.7713 0.318226 0.429397 -0.845192 -10.3057 0.316653 -0.88848 -0.332165 19.6455
510901000000 1140 -0.893894 -0.162136 -0.41793 -4.937 0.317477 0.42923 -0.845559 -10.3159 0.316484 -0.888523 -0.332211 19.6691
511348000000 1151 -0.894081 -0.162217 -0.417497 -5.10008 0.31709 0.429089 -0.845776 -10.3258 0.316343 -0.888577 -0.332203 19.6928
511650000000 1155 -0.894395 -0.162401 -0.416753 -5.21124 0.316395 0.428878 -0.846143 -10.3305 0.316151 -0.888645 -0.332203 19.7088
512100000000 1160 -0.894499 -0.162888 -0.41634 -5.37702 0.315873 0.428763 -0.846396 -10.343 0.316379 -0.888611 -0.332076 19.7327
512511000000 1162 -0.895652 -0.163619 -0.413566 -5.52686 0.312063 0.431363 -0.846488 -10.3558 0.316899 -0.887217 -0.335292 19.7526
512862000000 1164 -0.894674 -0.16353 -0.415712 -5.6536 0.315096 0.428639 -0.846749 -10.3648 0.316659 -0.888553 -0.331965 19.7721
513294000000 1171 -0.895419 -0.164824 -0.41359 -5.81053 0.313312 0.426724 -0.848376 -10.367 0.316322 -0.889236 -0.330455 19.7945
513502000000 1175 -0.891972 -0.174922 -0.41688 -5.86296 0.312142 0.428764 -0.847779 -10.374 0.327038 -0.88632 -0.327845 19.8056
513603000000 1179 -0.884793 -0.218421 -0.411624 -5.87163 0.293947 0.423804 -0.856729 -10.3834 0.361576 -0.879024 -0.310774 19.8251
513707000000 1182 -0.875089 -0.260797 -0.407681 -5.86626 0.27791 0.418855 -0.86448 -10.395 0.396213 -0.869796 -0.294057 19.8433
514853000000 1186 -0.870099 -0.2769 -0.407743 -6.00539 0.27544 0.41286 -0.868147 -10.4146 0.40873 -0.867683 -0.28296 19.8858
515246000000 1187 -0.8709 -0.276739 -0.406138 -6.14248 0.272836 0.415101 -0.867901 -10.433 0.40877 -0.866664 -0.286007 19.9212
515733000000 1189 -0.860121 -0.315571 -0.400757 -6.2117 0.257428 0.409721 -0.875134 -10.4516 0.440366 -0.855887 -0.271173 19.9547
515929000000 1199 -0.840367 -0.375403 -0.390968 -6.18847 0.233894 0.399538 -0.886376 -10.4611 0.488954 -0.836327 -0.247954 19.9746
516123000000 1203 -0.814066 -0.441047 -0.377855 -6.16045 0.207926 0.386152 -0.898695 -10.4709 0.542277 -0.810163 -0.222648 19.9954
516799000000 1207 -0.804442 -0.461985 -0.37342 -6.23876 0.199773 0.381609 -0.902477 -10.4924 0.559432 -0.80059 -0.21469 20.0366
517196000000 1210 -0.803663 -0.462561 -0.374384 -6.36455 0.20066 0.38164 -0.902268 -10.5219 0.560234 -0.800243 -0.213892 20.0954
517592000000 1214 -0.803795 -0.462589 -0.374065 -6.48862 0.200171 0.381815 -0.902302 -10.552 0.560219 -0.800143 -0.214304 20.1533
517887000000 1219 -0.803748 -0.462642 -0.374101 -6.58449 0.200331 0.38162 -0.902349 -10.5744 0.560229 -0.800205 -0.214045 20.1987
518276000000 1222 -0.782409 -0.505461 -0.363794 -6.66236 0.183507 0.371101 -0.91028 -10.6042 0.595115 -0.77897 -0.197597 20.2588
518375000000 1225 -0.759759 -0.54616 -0.35281 -6.66083 0.167468 0.359935 -0.917824 -10.6148 0.628268 -0.75641 -0.181999 20.2811
518571000000 1227 -0.735189 -0.585732 -0.341196 -6.61854 0.152443 0.347585 -0.925173 -10.6117 0.660498 -0.73219 -0.16625 20.2748
519559000000 1229 -0.731394 -0.591765 -0.338935 -6.73965 0.149644 0.345625 -0.926364 -10.6537 0.665334 -0.728257 -0.164234 20.3587
519921000000 1232 -0.731418 -0.591643 -0.339094 -6.84468 0.149743 0.345776 -0.926292 -10.6888 0.665285 -0.728284 -0.164312 20.4289
520273000000 1234 -0.730501 -0.592571 -0.339451 -6.94984 0.1511 0.344498 -0.926548 -10.7226 0.665986 -0.728135 -0.162118 20.4995
520533000000 1236 -0.728774 -0.592469 -0.343321 -7.02737 0.166113 0.333437 -0.928023 -10.7452 0.664301 -0.733349 -0.144584 20.557
520852000000 1239 -0.726583 -0.59247 -0.347932 -7.12393 0.184315 0.319759 -0.929399 -10.7722 0.661895 -0.739414 -0.12313 20.6292
521202000000 1244 -0.725636 -0.591695 -0.351212 -7.23033 0.20254 0.304135 -0.930849 -10.7997 0.657594 -0.746592 -0.100849 20.7094
521412000000 1248 -0.723526 -0.591804 -0.355357 -7.29148 0.214254 0.296838 -0.930582 -10.8152 0.656205 -0.749437 -0.0879736 20.7566
521623000000 1251 -0.727117 -0.591546 -0.348388 -7.35175 0.218672 0.281475 -0.93432 -10.8343 0.650756 -0.755543 -0.0753108 20.8039
521765000000 1253 -0.729022 -0.5908 -0.345661 -7.39223 0.225133 0.269934 -0.936189 -10.8465 0.646407 -0.760323 -0.0637799 20.837
521910000000 1254 -0.732265 -0.590756 -0.338815 -7.43446 0.218484 0.267426 -0.938482 -10.8595 0.645022 -0.761243 -0.0667564 20.8661
522132000000 1255 -0.739355 -0.590876 -0.32283 -7.4965 0.197372 0.268208 -0.942926 -10.8828 0.643738 -0.760875 -0.0816786 20.9058
522282000000 1256 -0.743455 -0.590659 -0.313682 -7.53946 0.188314 0.265169 -0.945634 -10.8982 0.641726 -0.762107 -0.0859121 20.9345
522437000000 1260 -0.746619 -0.59062 -0.306151 -7.583 0.181752 0.261597 -0.94791 -10.9142 0.639942 -0.763371 -0.0879673 20.9638
522680000000 1264 -0.752459 -0.590267 -0.292216 -7.65294 0.170104 0.254453 -0.952008 -10.9399 0.636293 -0.766054 -0.0910586 21.0117
523119000000 1268 -0.756547 -0.590235 -0.281529 -7.78124 0.162064 0.247853 -0.955146 -10.9854 0.633539 -0.768239 -0.0918565 21.0993
523485000000 1272 -0.755142 -0.591504 -0.282637 -7.88459 0.162841 0.248376 -0.954878 -11.0192 0.635014 -0.767094 -0.0912376 21.168
523765000000 1276 -0.709957 -0.653627 -0.262168 -7.88991 0.14748 0.226024 -0.962893 -11.0344 0.688629 -0.722277 -0.0640699 21.2091
523955000000 1279 -0.637254 -0.736214 -0.227805 -7.87235 0.125496 0.192519 -0.973235 -11.0511 0.760367 -0.648787 -0.030291 21.2573
524050000000 1282 -0.555727 -0.809578 -0.189077 -7.83607 0.107207 0.155746 -0.981962 -11.0622 0.824423 -0.565974 0.000240132 21.2933
524143000000 1285 -0.498779 -0.851454 -0.162002 -7.80981 0.0974901 0.130611 -0.986629 -11.0682 0.861229 -0.507903 0.0178621 21.3145
524233000000 1291 -0.467427 -0.871666 -0.147344 -7.79794 0.0928394 0.117349 -0.988742 -11.0726 0.879143 -0.475844 0.0260728 21.3282
