408933000000 5 0 -1 0 0 0 0 -1 0 1 0 0 -0
408933000000 6 0 -1 0 0 0 0 -1 0 1 0 0 -0
408933000000 7 0 -1 0 0 0 0 -1 0 1 0 0 -0
408933000000 8 0 -1 0 0 0 0 -1 0 1 0 0 -0
408933000000 9 0 -1 0 0 0 0 -1 0 1 0 0 -0
408933000000 10 0 -1 0 0 0 0 -1 0 1 0 0 -0
408933000000 11 0 -1 0 0 0 0 -1 0 1 0 0 -0
408933000000 12 0 -1 0 0 0 0 -1 0 1 0 0 -0
408933000000 13 0 -1 0 0 0 0 -1 0 1 0 0 -0
410604000000 14 -0.00753303 -0.999871 0.0141756 0.00583556 -0.0419979 -0.0138471 -0.999022 -0.0855011 0.999089 -0.008121 -0.0418882 0.115433
410945000000 15 0.00781615 -0.999314 0.0362018 0.0149561 -0.112002 -0.03685 -0.993025 -0.203569 0.993677 0.00370697 -0.112213 0.277664
411307000000 16 0.00557653 -0.998978 0.0448627 0.0232288 -0.103266 -0.0451988 -0.993626 -0.32149 0.994638 0.000908184 -0.103413 0.488918
411588000000 17 0.00381146 -0.998664 0.0515419 0.0293066 -0.0748474 -0.0516826 -0.995855 -0.394152 0.997188 -6.21126e-05 -0.0749443 0.633794
411973000000 18 0.0352981 -0.998794 0.0341289 0.0419542 -0.04086 -0.0355639 -0.998532 -0.493931 0.998541 0.0338518 -0.0420661 0.839504
412292000000 19 0.0498829 -0.998371 0.0277065 0.0461419 -0.024198 -0.028941 -0.999288 -0.580768 0.998462 0.0491769 -0.0256022 1.01674
412638000000 20 0.0580203 -0.997797 0.0321583 0.0618402 -0.0523241 -0.0352077 -0.998009 -0.684314 0.996943 0.0562221 -0.0542516 1.17052
412994000000 21 0.0679433 -0.997689 0.000576037 0.0778639 -0.0973655 -0.00720527 -0.995223 -0.790465 0.992927 0.0675626 -0.09763 1.31987
413360000000 22 0.0556193 -0.998402 -0.010011 0.0705157 -0.0960937 0.00462733 -0.995362 -0.897374 0.993817 0.0563233 -0.0956828 1.51421
413701000000 23 0.052805 -0.998366 0.0218248 0.099374 -0.0363635 -0.0237632 -0.999056 -0.994464 0.997943 0.0519615 -0.037559 1.7352
414016000000 24 0.0696965 -0.996709 0.0413866 0.118182 0.0202639 -0.0400644 -0.998992 -1.0882 0.997362 0.0704649 0.0174049 1.9721
414290000000 25 0.0588143 -0.996584 0.0579702 0.138164 0.069145 -0.0538643 -0.996151 -1.163 0.995871 0.0625963 0.0657408 2.18938
414554000000 26 0.0436118 -0.995775 0.0808102 0.157522 0.0704501 -0.0776205 -0.994491 -1.24151 0.996561 0.0490646 0.0667673 2.38066
414851000000 27 0.0589534 -0.994753 0.0836148 0.174273 0.0180326 -0.0826856 -0.996413 -1.34316 0.998098 0.0602497 0.0130634 2.55237
415193000000 28 0.0824461 -0.992799 0.0869021 0.199416 -0.0524628 -0.0914016 -0.994431 -1.46138 0.995214 0.0774278 -0.0596207 2.72574
415541000000 29 0.0834557 -0.992453 0.0898505 0.21825 -0.0882711 -0.097173 -0.991345 -1.57732 0.992594 0.0748022 -0.0957145 2.90126
415854000000 30 0.0906882 -0.991446 0.0938625 0.246969 -0.125358 -0.104866 -0.986554 -1.66483 0.987958 0.0777023 -0.133796 3.01054
416148000000 31 0.0827672 -0.991024 0.104981 0.285644 -0.143578 -0.116101 -0.982805 -1.7418 0.986172 0.0662711 -0.151899 3.12224
416454000000 32 0.0740373 -0.987812 0.136916 0.337739 -0.141429 -0.146305 -0.979077 -1.82144 0.987176 0.0531244 -0.150537 3.2617
416737000000 33 0.0519249 -0.984298 0.168703 0.381343 -0.108704 -0.173498 -0.978817 -1.88877 0.992717 0.0324863 -0.116006 3.41284
417038000000 34 0.0188117 -0.980303 0.196603 0.433275 -0.079467 -0.197482 -0.97708 -1.96861 0.99666 0.0027571 -0.0816167 3.5731
417320000000 36 -0.0129084 -0.97582 0.218194 0.463909 -0.0901336 -0.216188 -0.972182 -2.04263 0.995846 -0.0322159 -0.0851635 3.69211
417608000000 37 -0.115219 -0.978024 0.173761 0.433908 -0.124563 -0.159319 -0.979337 -2.07219 0.985499 -0.134483 -0.103469 3.72193
417876000000 38 -0.295268 -0.952648 0.0726569 0.376816 -0.15111 -0.0285256 -0.988105 -2.08735 0.943389 -0.302735 -0.135532 3.72249
418111000000 39 -0.40848 -0.911991 0.0376253 0.320499 -0.169517 0.0352936 -0.984895 -2.10528 0.896888 -0.408688 -0.169015 3.72547
418354000000 40 -0.536344 -0.84399 0.00398538 0.235898 -0.176053 0.107258 -0.97852 -2.11417 0.825433 -0.525525 -0.206114 3.70432
418588000000 41 -0.561966 -0.826961 0.0181532 0.204456 -0.199909 0.114488 -0.973103 -2.15327 0.80264 -0.550479 -0.229655 3.72709
418788000000 42 -0.569099 -0.821319 0.0395273 0.181647 -0.222155 0.107294 -0.96909 -2.20158 0.791691 -0.560289 -0.24352 3.7666
418974000000 43 -0.578599 -0.813827 0.0539322 0.154104 -0.237628 0.104949 -0.96567 -2.24851 0.780228 -0.571552 -0.254112 3.80511
419153000000 44 -0.574641 -0.816441 0.0566695 0.114366 -0.23973 0.101715 -0.965497 -2.29679 0.782507 -0.5684 -0.254175 3.85667
419509000000 46 -0.580292 -0.813232 0.0437726 0.0318916 -0.208116 0.0961113 -0.973371 -2.38593 0.787369 -0.573949 -0.225019 3.98172
419698000000 47 -0.581437 -0.813078 0.02889 -0.0187196 -0.17348 0.0892073 -0.980789 -2.43566 0.794881 -0.575279 -0.192921 4.05641
419906000000 50 -0.589131 -0.808018 0.00558942 -0.075365 -0.128451 0.086821 -0.987908 -2.48385 0.797762 -0.582726 -0.15494 4.13658
420178000000 51 -0.591297 -0.805482 -0.039575 -0.166076 -0.0777904 0.105812 -0.991339 -2.54633 0.802693 -0.583097 -0.125225 4.23192
420487000000 52 -0.580035 -0.812577 -0.0572599 -0.262299 -0.0683923 0.118623 -0.990581 -2.62778 0.811715 -0.570655 -0.12438 4.34494
420828000000 53 -0.566782 -0.822025 -0.0550714 -0.358371 -0.0779088 0.120023 -0.989709 -2.72264 0.820176 -0.556659 -0.13207 4.47164
421146000000 54 -0.567205 -0.820817 -0.0673605 -0.459264 -0.087846 0.141621 -0.986015 -2.8082 0.818878 -0.553356 -0.152434 4.57948
421473000000 55 -0.561377 -0.822548 -0.0909437 -0.573458 -0.0634505 0.152351 -0.986288 -2.89228 0.825124 -0.547909 -0.137718 4.71776
421824000000 56 -0.538903 -0.830448 -0.141209 -0.717492 -0.00511787 0.170858 -0.985282 -2.97182 0.842352 -0.530249 -0.0963261 4.8899
422414000000 57 -0.432566 -0.898695 -0.0723477 -0.74262 -0.019539 0.0895687 -0.995789 -3.08421 0.90139 -0.429331 -0.056304 5.08027
422744000000 58 -0.388203 -0.920093 -0.0522237 -0.71645 -0.0200484 0.0650861 -0.997678 -3.09244 0.921356 -0.386254 -0.043713 5.10523
423679000000 59 -0.382442 -0.922916 -0.0443131 -0.780035 -0.0291743 0.0599966 -0.997772 -3.17656 0.923519 -0.380297 -0.0498707 5.25292
424011000000 60 -0.387453 -0.920905 -0.0425942 -0.860546 -0.0241009 0.0563057 -0.998123 -3.27222 0.921575 -0.385699 -0.0440105 5.43755
424270000000 61 -0.388151 -0.920633 -0.042121 -0.91883 -0.00981307 0.0498305 -0.998709 -3.3445 0.921543 -0.387237 -0.028376 5.57721
424547000000 62 -0.395176 -0.918162 -0.0285391 -0.971156 -0.0353424 0.0462414 -0.998305 -3.43074 0.917926 -0.393497 -0.0507235 5.69598
424858000000 63 -0.386714 -0.922044 -0.0169421 -1.02382 -0.0593291 0.0432081 -0.997303 -3.51014 0.920289 -0.384665 -0.0714132 5.81547
425238000000 64 -0.227822 -0.973181 0.0318738 -1.02351 -0.0642289 -0.0176435 -0.997779 -3.55263 0.971582 -0.229363 -0.0584868 5.91177
425583000000 65 -0.104086 -0.991674 0.075815 -0.947479 -0.052459 -0.0706488 -0.996121 -3.56504 0.993184 -0.107659 -0.0446687 5.96334
425918000000 66 -0.0886639 -0.992751 0.0811453 -0.938028 -0.049719 -0.0769536 -0.995794 -3.56898 0.99482 -0.0923254 -0.0425356 5.97497
426269000000 67 -0.0756248 -0.993704 0.0826676 -0.936695 -0.0395277 -0.0798523 -0.996023 -3.61646 0.996353 -0.0785916 -0.03324 6.06842
426613000000 68 -0.0674578 -0.995022 0.0733537 -0.942513 -0.038437 -0.0708748 -0.996744 -3.7019 0.996981 -0.0700577 -0.0334646 6.21667
426986000000 69 -0.0442558 -0.99716 0.0609336 -0.944154 -0.0810279 -0.0572096 -0.995069 -3.80326 0.995729 -0.0489749 -0.0782659 6.35723
427342000000 70 -0.0494637 -0.996932 0.0606609 -0.948078 -0.110294 -0.0549116 -0.992381 -3.90775 0.992667 -0.0557773 -0.107239 6.51637
427708000000 71 -0.0232337 -0.999253 0.0308716 -0.964156 -0.120403 -0.0278583 -0.992334 -4.00574 0.992453 -0.0267727 -0.119666 6.66352
428040000000 72 -0.00757462 -0.999819 0.0174394 -0.969807 -0.110631 -0.016495 -0.993725 -4.09464 0.993833 -0.00945643 -0.110487 6.81205
428444000000 73 -0.0139851 -0.999721 0.0190376 -0.971853 -0.0791832 -0.0178724 -0.9967 -4.20044 0.996762 -0.0154464 -0.0789112 7.02143
428841000000 74 -0.00722199 -0.999949 -0.00702659 -0.989177 -0.042086 0.00732449 -0.999087 -4.3085 0.999088 -0.00691968 -0.0421368 7.22927
429183000000 75 -0.00718518 -0.999931 -0.00933106 -0.993425 -0.0840502 0.00990219 -0.996412 -4.40915 0.996436 -0.00637513 -0.0841155 7.36041
429502000000 76 -0.00197381 -0.999959 -0.00887417 -0.995592 -0.112084 0.00903949 -0.993658 -4.51093 0.993697 -0.000966639 -0.112098 7.52329
429859000000 77 0.0246823 -0.998946 -0.0386937 -1.01 -0.115128 0.0356076 -0.992712 -4.64263 0.993044 0.0289571 -0.114128 7.72712
430170000000 79 0.0286083 -0.998861 -0.0381884 -1.00814 -0.113785 0.0347016 -0.992899 -4.72561 0.993093 0.0327505 -0.112662 7.86116
430517000000 80 0.0487604 -0.996777 -0.0637006 -1.02042 -0.0714471 0.0601323 -0.99563 -4.82072 0.996252 0.0530985 -0.0682847 8.06732
430846000000 81 0.0529738 -0.994148 -0.0941471 -1.04074 -0.0480553 0.0916323 -0.994633 -4.90384 0.997439 0.0572137 -0.04292 8.22295
431136000000 82 0.0152309 -0.993819 -0.109963 -1.05619 -0.0803213 0.108404 -0.990857 -4.98246 0.996653 0.023924 -0.0781738 8.3202
431473000000 83 -0.0102403 -0.993992 -0.108971 -1.07368 -0.145173 0.1093 -0.983351 -5.0879 0.989353 0.00574979 -0.14542 8.44344
431774000000 84 0.000943589 -0.991612 -0.129246 -1.09423 -0.18989 0.126717 -0.973594 -5.17454 0.981805 0.0254612 -0.188178 8.55187
431999000000 85 0.00267374 -0.992707 -0.120525 -1.09557 -0.207108 0.117362 -0.971253 -5.24229 0.978314 0.0275586 -0.205284 8.6257
432238000000 87 -0.0115583 -0.994806 -0.101128 -1.09285 -0.23488 0.101006 -0.966762 -5.31484 0.971956 0.0125786 -0.234827 8.6914
432440000000 88 -0.0248652 -0.995879 -0.0872213 -1.0938 -0.262302 0.0906908 -0.960715 -5.37453 0.964666 -0.00101005 -0.263476 8.74184
432866000000 89 -0.0205993 -0.995343 -0.0941656 -1.11104 -0.28645 0.0961128 -0.953262 -5.49714 0.957874 0.00733724 -0.287096 8.88272
433066000000 90 -0.0206375 -0.996207 -0.0845345 -1.1111 -0.279238 0.086931 -0.956279 -5.5589 0.96 0.00387003 -0.279973 8.96236
433262000000 95 -0.0254419 -0.996845 -0.0751857 -1.11184 -0.252763 0.0791809 -0.964283 -5.62072 0.967194 -0.00552905 -0.25398 9.05215
433497000000 96 -0.034435 -0.99699 -0.0694565 -1.11939 -0.207649 0.0751184 -0.975315 -5.69484 0.977597 -0.0191623 -0.209611 9.17129
433799000000 97 -0.0315257 -0.997295 -0.0664 -1.13035 -0.189616 0.0711941 -0.979274 -5.7899 0.981352 -0.0182818 -0.191347 9.30081
434062000000 98 -0.0502923 -0.997226 -0.0548756 -1.13861 -0.206889 0.0641557 -0.976259 -5.86595 0.977071 -0.0377451 -0.209542 9.37962
434363000000 99 -0.0529558 -0.997741 -0.0413309 -1.14415 -0.209975 0.0515891 -0.976345 -5.95441 0.976272 -0.0430246 -0.212232 9.49534
434881000000 100 -0.196472 -0.9747 -0.10658 -1.25943 -0.205806 0.147272 -0.967448 -5.99965 0.958667 -0.168141 -0.229533 9.55736
435196000000 103 -0.377061 -0.908071 -0.182297 -1.35394 -0.162244 0.258541 -0.952278 -5.97059 0.911867 -0.32949 -0.244814 9.52518
