97306000000 7 0.000579986 -1 -7.37779e-05 0.00016752 0.000395625 7.40074e-05 -1 -0.000571717 1 0.000579957 0.000395668 6.75358e-05
98248000000 14 0.00136051 -0.999999 0.000167163 0.000432722 0.000295013 -0.000166762 -1 -0.000393502 0.999999 0.00136056 0.000294786 0.000257651
98379000000 15 0.00452421 -0.99999 -8.30897e-05 -0.000105779 0.000558335 8.56166e-05 -1 -0.000503367 0.99999 0.00452416 0.000558717 0.00128669
98516000000 16 0.0108226 -0.999941 0.000126726 -0.000233631 0.000567545 -0.000120591 -1 4.68924e-05 0.999941 0.0108227 0.000566207 0.0078364
98649000000 17 0.0166757 -0.999859 0.00191295 0.000292342 -5.377e-05 -0.00191412 -0.999998 -0.000221748 0.999861 0.0166756 -8.56817e-05 0.0313394
98779000000 18 0.0199735 -0.999797 0.00281001 0.000580272 -0.00395051 -0.00288947 -0.999988 -0.00053281 0.999793 0.0199622 -0.00400742 0.067281
98916000000 19 0.0212143 -0.999762 0.00506098 0.00236743 -0.00875007 -0.00524759 -0.999948 -0.00183793 0.999737 0.0211689 -0.00885931 0.10817
99056000000 20 0.0195829 -0.999794 0.00538824 0.00401357 -0.0181145 -0.00574319 -0.999819 -0.00416447 0.999644 0.0194818 -0.0182232 0.147912
99197000000 21 0.0246962 -0.999673 0.00669804 0.00551133 -0.0345661 -0.00754997 -0.999374 -0.00544381 0.999097 0.0244492 -0.0347412 0.187084
99339000000 22 0.0307052 -0.99951 0.00614451 0.00733981 -0.041846 -0.00742749 -0.999096 -0.00653088 0.998652 0.0304203 -0.0420535 0.224327
99467000000 23 0.0316297 -0.999497 0.00238496 0.00745392 -0.0450497 -0.00380935 -0.998977 -0.00719554 0.998484 0.0314899 -0.0451475 0.266491
99600000000 24 0.0314205 -0.999479 -0.00739726 0.00784101 -0.042658 0.00605321 -0.999071 -0.00595036 0.998596 0.0317068 -0.0424456 0.310117
99735000000 25 0.0383771 -0.999165 -0.0140207 0.00601722 -0.0391625 0.0125164 -0.999154 -0.00551785 0.998496 0.0388937 -0.0386494 0.354241
99867000000 26 0.0433638 -0.998837 -0.0210686 0.00766228 -0.0309803 0.0197339 -0.999325 -0.00717654 0.998579 0.0439872 -0.0300885 0.393934
99999000000 27 0.0484054 -0.998667 -0.0178959 0.0123776 -0.0190085 0.0169926 -0.999675 -0.00662323 0.998647 0.0487298 -0.0181607 0.441019
100133000000 28 0.0458075 -0.998858 -0.0135758 0.0155632 0.00133168 0.0136511 -0.999906 -0.00816244 0.998949 0.0457851 0.00195548 0.482758
100263000000 29 0.0441469 -0.998973 -0.0101972 0.0186012 0.02162 0.0111601 -0.999704 -0.00978021 0.998791 0.0439133 0.0220905 0.526071
100573000000 31 0.0490121 -0.998399 -0.0282336 0.0195219 0.0213052 0.0293062 -0.999343 -0.00937344 0.998571 0.0483784 0.0227075 0.632623
100715000000 32 0.0543082 -0.998 -0.0323609 0.0214693 0.0226327 0.0336307 -0.999178 -0.00802915 0.998268 0.0535311 0.0244138 0.684338
100856000000 33 0.0542248 -0.998268 -0.0228381 0.0263124 0.0298852 0.0244839 -0.999253 -0.00633662 0.998081 0.0535018 0.031161 0.732133
101126000000 35 0.0532476 -0.99855 0.00796693 0.0376481 0.0542477 -0.0050739 -0.998515 0.000825623 0.997107 0.0536007 0.0538989 0.837315
101256000000 36 0.0504487 -0.998441 0.0238746 0.0425388 0.0813034 -0.01972 -0.996494 0.00470526 0.995412 0.0522129 0.0801818 0.896968
101386000000 37 0.0472066 -0.997918 0.04394 0.0487383 0.106609 -0.0387044 -0.993547 0.0114124 0.99318 0.0515864 0.10456 0.954787
101513000000 38 0.0392444 -0.997476 0.0591817 0.0527592 0.135156 -0.0533841 -0.989385 0.01667 0.990047 0.0468266 0.13272 1.01742
101632000000 39 0.0387509 -0.996744 0.0707034 0.059163 0.148208 -0.0642409 -0.986867 0.0227794 0.988197 0.0487209 0.145237 1.07541
101753000000 40 0.0460044 -0.996481 0.0700617 0.0599866 0.15088 -0.0623999 -0.986581 0.0288984 0.987481 0.055958 0.147478 1.12849
101871000000 41 0.0521217 -0.996154 0.0704307 0.0618103 0.138898 -0.0626097 -0.988326 0.0370633 0.988934 0.0612959 0.1351 1.17944
101990000000 42 0.049572 -0.995459 0.0812691 0.0671427 0.140466 -0.0736118 -0.987345 0.0462425 0.988844 0.0603602 0.136179 1.23394
102226000000 44 0.0552159 -0.994384 0.0902903 0.0774833 0.145498 -0.0814499 -0.986 0.0651501 0.987816 0.0675799 0.140184 1.34586
102340000000 45 0.0482302 -0.995587 0.0804996 0.0796316 0.165548 -0.071511 -0.983606 0.0758141 0.985022 0.0607661 0.161369 1.40289
102453000000 46 0.0458921 -0.996744 0.06629 0.0787029 0.193787 -0.0562162 -0.979432 0.0854065 0.97997 0.0577944 0.190577 1.45968
102563000000 47 0.0554342 -0.997094 0.052259 0.0799152 0.192283 -0.040699 -0.980495 0.0915158 0.979773 0.0644015 0.189468 1.51099
102798000000 49 0.0627385 -0.997307 0.0379698 0.0851531 0.174943 -0.0264663 -0.984223 0.107312 0.982578 0.0683912 0.172811 1.61583
102921000000 50 0.0634627 -0.997488 0.0314593 0.0875637 0.174933 -0.0199162 -0.984379 0.116712 0.982533 0.0679746 0.173229 1.67099
103044000000 51 0.0604803 -0.997891 0.0235755 0.0887827 0.161728 -0.0135101 -0.986743 0.1294 0.98498 0.0634913 0.160569 1.72333
103159000000 52 0.0598952 -0.998083 0.0156039 0.0902615 0.15809 -0.00594997 -0.987407 0.138688 0.985606 0.0616078 0.15743 1.77294
103278000000 53 0.0295469 -0.999538 0.00715292 0.0953113 0.167475 -0.00210447 -0.985874 0.145385 0.985433 0.0303275 0.167336 1.8203
103396000000 54 -0.0400265 -0.999199 -0.000370006 0.103303 0.164814 -0.00623697 -0.986305 0.149042 0.985512 -0.0395393 0.164931 1.8507
103518000000 55 -0.101358 -0.994842 -0.00394718 0.109671 0.16121 -0.0125092 -0.986841 0.151538 0.981702 -0.100661 0.161646 1.86311
103638000000 56 -0.167485 -0.985839 -0.0083355 0.111136 0.157935 -0.0184839 -0.987277 0.15253 0.973142 -0.16667 0.158794 1.87116
103745000000 57 -0.207002 -0.978287 -0.0101975 0.106521 0.152132 -0.0218906 -0.988118 0.153333 0.96644 -0.206094 0.15336 1.87847
103837000000 58 -0.230012 -0.973158 -0.00764272 0.100927 0.147347 -0.0270615 -0.988715 0.153872 0.961968 -0.228543 0.149616 1.8906
103948000000 59 -0.241319 -0.970446 0.000412238 0.0987966 0.136102 -0.0342647 -0.990102 0.157201 0.960855 -0.238874 0.140348 1.91383
104061000000 60 -0.248095 -0.968678 0.0105803 0.0930443 0.120804 -0.0417728 -0.991797 0.159958 0.961174 -0.244782 0.127384 1.9461
104176000000 61 -0.24822 -0.968453 0.0220191 0.0876146 0.0878816 -0.0451497 -0.995107 0.160955 0.964709 -0.245071 0.0963163 1.97616
104296000000 62 -0.247968 -0.968323 0.0293613 0.0780611 0.0572297 -0.0448968 -0.997351 0.161386 0.967076 -0.245631 0.0665499 2.00766
104421000000 63 -0.250864 -0.96723 0.0391591 0.0723245 0.0232279 -0.0464556 -0.99865 0.162921 0.967744 -0.249616 0.0341208 2.04156
104547000000 64 -0.246625 -0.967793 0.0505303 0.0625894 -0.0122121 -0.0490331 -0.998722 0.163504 0.969034 -0.246927 0.000273986 2.07452
104678000000 65 -0.237254 -0.969388 0.0632248 0.0581583 -0.0520721 -0.0522991 -0.997273 0.163826 0.970051 -0.239899 -0.0380699 2.1096
104805000000 66 -0.236645 -0.968693 0.0750562 0.0500703 -0.0784093 -0.0579579 -0.995235 0.164023 0.968427 -0.241402 -0.0622391 2.14023
104928000000 67 -0.244478 -0.96552 0.0894501 0.0474291 -0.101613 -0.0662313 -0.992617 0.16257 0.964316 -0.251762 -0.081917 2.17057
105036000000 68 -0.246972 -0.963714 0.10129 0.0419158 -0.117671 -0.073928 -0.990297 0.161742 0.961851 -0.256495 -0.0951432 2.197
105130000000 69 -0.247315 -0.963481 0.102667 0.036429 -0.123976 -0.0736221 -0.98955 0.159492 0.960971 -0.257459 -0.101241 2.22289
105228000000 70 -0.242932 -0.964705 0.101629 0.0279272 -0.123126 -0.0732547 -0.989684 0.155606 0.962198 -0.252939 -0.100985 2.25071
105324000000 71 -0.233712 -0.967007 0.101366 0.0238691 -0.122745 -0.0740763 -0.98967 0.153192 0.964527 -0.24374 -0.101382 2.27647
105424000000 72 -0.239477 -0.965797 0.0994283 0.0185607 -0.11777 -0.0727564 -0.990372 0.150125 0.963733 -0.248881 -0.0963182 2.30159
105525000000 73 -0.251631 -0.963043 0.0960719 0.0130287 -0.110106 -0.0701357 -0.991442 0.148392 0.96154 -0.260055 -0.0883888 2.33082
105629000000 74 -0.2537 -0.962472 0.096353 0.00457435 -0.0987526 -0.0733194 -0.992407 0.145666 0.962229 -0.261289 -0.0764455 2.36126
105735000000 75 -0.244887 -0.964974 0.0941041 -0.00115 -0.0835607 -0.0756923 -0.993624 0.143272 0.965944 -0.251189 -0.0620979 2.3957
105844000000 76 -0.240693 -0.965859 0.0958327 -0.00938052 -0.0690225 -0.0814526 -0.994284 0.140417 0.968144 -0.245932 -0.0470608 2.42982
105955000000 77 -0.249013 -0.963536 0.0979332 -0.0140258 -0.0566117 -0.0864646 -0.994645 0.138023 0.966844 -0.253224 -0.0330166 2.46417
106075000000 78 -0.259176 -0.960986 0.0966138 -0.0223366 -0.0478953 -0.0871208 -0.995046 0.134318 0.964642 -0.262519 -0.0234471 2.49721
106192000000 79 -0.252833 -0.962856 0.0947831 -0.0290625 -0.0442097 -0.0863662 -0.995282 0.132732 0.966499 -0.255831 -0.0207313 2.53294
106318000000 80 -0.2384 -0.966889 0.0910575 -0.0378251 -0.0372976 -0.0845764 -0.995719 0.128206 0.970451 -0.240776 -0.0158996 2.57124
106440000000 81 -0.235349 -0.96819 0.0849657 -0.0462849 -0.0388288 -0.0779851 -0.996198 0.125507 0.971135 -0.237754 -0.0192399 2.60765
106566000000 82 -0.239993 -0.967375 0.0811699 -0.0567886 -0.0457395 -0.0722526 -0.996337 0.123441 0.969696 -0.242827 -0.0269071 2.64289
106689000000 83 -0.240521 -0.967361 0.0797675 -0.063197 -0.0482904 -0.0701526 -0.996367 0.121851 0.969442 -0.243499 -0.029841 2.68124
106812000000 84 -0.241828 -0.9667 0.0837326 -0.0727808 -0.0451675 -0.0749855 -0.996161 0.122009 0.969267 -0.244682 -0.0255298 2.72143
106936000000 85 -0.242807 -0.966633 0.0816407 -0.0804739 -0.0395858 -0.074216 -0.996456 0.12148 0.969267 -0.245178 -0.0202447 2.76227
107102000000 86 -0.259784 -0.962779 0.074627 -0.0952695 -0.0165393 -0.0728329 -0.997207 0.12216 0.965525 -0.260293 0.00299712 2.81913
107224000000 87 -0.263801 -0.962275 0.0665963 -0.105554 0.0025607 -0.0697403 -0.997562 0.121598 0.964574 -0.262987 0.0208617 2.86252
107350000000 88 -0.270234 -0.960745 0.062789 -0.120017 0.0267189 -0.0726737 -0.996998 0.122265 0.962424 -0.267745 0.045309 2.90845
107479000000 89 -0.276345 -0.95938 0.0567721 -0.130667 0.0418782 -0.071037 -0.996594 0.123288 0.960146 -0.273026 0.0598078 2.95483
107601000000 90 -0.291481 -0.954584 0.0617182 -0.140542 0.0670844 -0.0847599 -0.994141 0.126259 0.954221 -0.285633 0.0887436 2.99962
107716000000 91 -0.295173 -0.95325 0.0647039 -0.149175 0.0852093 -0.0937154 -0.991946 0.127363 0.951637 -0.287282 0.108888 3.04126
107824000000 92 -0.292673 -0.953528 0.0716027 -0.160022 0.096153 -0.103849 -0.989934 0.131089 0.951366 -0.282842 0.122079 3.08465
107921000000 93 -0.288052 -0.954839 0.0728639 -0.17156 0.102142 -0.10629 -0.989075 0.134587 0.952152 -0.277463 0.128146 3.12973
108024000000 94 -0.282248 -0.956158 0.0780894 -0.186071 0.110896 -0.113372 -0.987344 0.140769 0.95291 -0.270016 0.138033 3.17474
108120000000 95 -0.279574 -0.956995 0.0774488 -0.200003 0.124301 -0.116063 -0.985433 0.144489 0.952044 -0.265874 0.151404 3.21535
108207000000 96 -0.278921 -0.957241 0.0767604 -0.210758 0.139684 -0.119524 -0.982956 0.150523 0.950101 -0.263445 0.167049 3.25548
108281000000 97 -0.276473 -0.957889 0.0775381 -0.217938 0.148617 -0.122328 -0.9813 0.15698 0.949461 -0.259779 0.176179 3.28938
108364000000 98 -0.270627 -0.959595 0.0770562 -0.227832 0.166155 -0.125401 -0.978094 0.164599 0.948237 -0.251895 0.193379 3.32926
108441000000 99 -0.262878 -0.961873 0.0754753 -0.233868 0.16979 -0.123125 -0.977758 0.169764 0.949772 -0.244216 0.195683 3.36565
108526000000 100 -0.259102 -0.962817 0.0764824 -0.243439 0.169459 -0.123275 -0.977797 0.174062 0.950868 -0.240388 0.195099 3.39936
108610000000 101 -0.259105 -0.962977 0.0744259 -0.250835 0.171498 -0.121703 -0.977638 0.178388 0.950501 -0.240547 0.196683 3.43604
108700000000 102 -0.25874 -0.963054 0.0747044 -0.261631 0.160945 -0.119239 -0.979734 0.184752 0.952445 -0.241473 0.185851 3.47192
108786000000 103 -0.256901 -0.963733 0.0722562 -0.27213 0.147299 -0.112938 -0.982623 0.19095 0.955146 -0.241794 0.170971 3.50685
108883000000 104 -0.254361 -0.964805 0.0667268 -0.285725 0.133786 -0.103436 -0.985597 0.197073 0.957811 -0.241771 0.155388 3.54448
108991000000 105 -0.245658 -0.967818 0.0545869 -0.297079 0.113691 -0.0846902 -0.9899 0.203488 0.962666 -0.236971 0.130837 3.5868
109101000000 106 -0.24056 -0.969064 0.0551863 -0.309454 0.0848095 -0.0776235 -0.993369 0.207794 0.966922 -0.234285 0.100859 3.62504
109214000000 107 -0.237071 -0.969776 0.0577177 -0.319819 0.0670149 -0.0755944 -0.994884 0.208863 0.969178 -0.23199 0.0829107 3.67064
109339000000 108 -0.233394 -0.970168 0.0655773 -0.331357 0.0565778 -0.0808747 -0.995117 0.212094 0.970735 -0.228544 0.0737657 3.71564
109457000000 109 -0.230692 -0.970794 0.0658838 -0.341089 0.0512353 -0.0797355 -0.995498 0.215006 0.971677 -0.226278 0.0681333 3.76541
109705000000 111 -0.236507 -0.968297 0.0804067 -0.356194 0.0315827 -0.090372 -0.995407 0.220273 0.971116 -0.232881 0.051955 3.85132
109818000000 112 -0.232986 -0.968463 0.0883007 -0.362386 0.0464047 -0.101768 -0.993725 0.22425 0.971372 -0.227427 0.0686517 3.90202
109921000000 113 -0.230135 -0.96773 0.102644 -0.366986 0.0748601 -0.122767 -0.989608 0.235543 0.970275 -0.220059 0.100697 3.95306
110022000000 114 -0.23709 -0.96454 0.11598 -0.372044 0.0972494 -0.142348 -0.985028 0.235861 0.966608 -0.222261 0.12755 3.99546
110113000000 115 -0.239379 -0.961807 0.132756 -0.37781 0.106125 -0.161832 -0.981095 0.241601 0.965109 -0.220764 0.140811 4.03117
110295000000 117 -0.253817 -0.956072 0.146641 -0.393646 0.151418 -0.189011 -0.970231 0.250092 0.955327 -0.224057 0.19274 4.11414
110374000000 118 -0.256817 -0.953611 0.157073 -0.399596 0.176828 -0.206144 -0.962412 0.25465 0.950146 -0.219389 0.221566 4.14873
110515000000 120 -0.247396 -0.953811 0.170414 -0.407451 0.206406 -0.223725 -0.952546 0.2656 0.946674 -0.200481 0.252221 4.21552
110581000000 121 -0.240054 -0.953298 0.183292 -0.413919 0.214626 -0.236259 -0.94769 0.274956 0.946736 -0.188158 0.261318 4.24467
110712000000 123 -0.233371 -0.95308 0.192813 -0.42338 0.239085 -0.248441 -0.938677 0.289715 0.942537 -0.172962 0.285846 4.30191
110777000000 124 -0.236327 -0.951686 0.196068 -0.428592 0.261078 -0.256556 -0.9306 0.301238 0.935942 -0.168737 0.309095 4.33331
110962000000 127 -0.231656 -0.954056 0.190033 -0.443479 0.309125 -0.257417 -0.915521 0.325414 0.922376 -0.153342 0.354555 4.4169
111022000000 128 -0.229411 -0.955143 0.187276 -0.447573 0.319736 -0.255683 -0.912357 0.336203 0.919314 -0.149426 0.36405 4.44613
111202000000 131 -0.232365 -0.957463 0.171086 -0.463587 0.348017 -0.246101 -0.90461 0.361757 0.908235 -0.150658 0.390399 4.5299
111258000000 132 -0.235022 -0.957441 0.167547 -0.469795 0.356088 -0.245202 -0.901708 0.371461 0.904415 -0.15226 0.398561 4.55686
111370000000 134 -0.224938 -0.960936 0.161263 -0.480418 0.352018 -0.23447 -0.90615 0.388065 0.908563 -0.14706 0.391007 4.60431
111508000000 136 -0.188914 -0.970666 0.148722 -0.488778 0.354086 -0.208593 -0.911653 0.415884 0.915934 -0.119563 0.383106 4.66705
111640000000 138 -0.172442 -0.975696 0.135205 -0.498744 0.348701 -0.18884 -0.918013 0.435632 0.921234 -0.111157 0.37279 4.72494
111700000000 139 -0.171909 -0.976795 0.127747 -0.505693 0.34702 -0.181411 -0.920145 0.446979 0.921968 -0.113851 0.370154 4.75205
111914000000 142 -0.174651 -0.978879 0.106268 -0.520911 0.339407 -0.161164 -0.92673 0.482453 0.924283 -0.125786 0.360386 4.84431
111987000000 143 -0.16446 -0.982404 0.0885199 -0.526441 0.344732 -0.141328 -0.928001 0.497971 0.924182 -0.122104 0.361909 4.87733
112136000000 145 -0.162613 -0.984545 0.0650282 -0.534798 0.346887 -0.118743 -0.93036 0.519215 0.923702 -0.128732 0.360835 4.9355
112213000000 146 -0.16065 -0.985491 0.0547625 -0.542298 0.345584 -0.108133 -0.932137 0.531115 0.924534 -0.130823 0.357942 4.96736
112370000000 148 -0.161281 -0.986208 0.0371732 -0.552325 0.335647 -0.0902336 -0.937656 0.54848 0.928078 -0.138749 0.345571 5.028
112452000000 149 -0.162242 -0.986263 0.0310241 -0.559449 0.330883 -0.0839973 -0.939926 0.56374 0.92962 -0.14223 0.339966 5.06376
112614000000 151 -0.151872 -0.988357 0.00921455 -0.569495 0.315192 -0.0572644 -0.947299 0.584802 0.936797 -0.140964 0.320219 5.13063
112698000000 152 -0.150705 -0.98857 -0.00420924 -0.579227 0.301118 -0.0418483 -0.952668 0.599665 0.941603 -0.144839 0.303983 5.16378
112885000000 154 -0.176228 -0.983901 -0.029705 -0.590036 0.27812 -0.0208214 -0.960321 0.620409 0.944242 -0.177497 0.277312 5.23164
113068000000 156 -0.196374 -0.979825 -0.0371615 -0.603924 0.264501 -0.0164401 -0.964245 0.642824 0.94418 -0.199182 0.262393 5.30704
113159000000 157 -0.201297 -0.978964 -0.0333001 -0.608366 0.250395 -0.0185611 -0.967966 0.650049 0.946985 -0.203187 0.248864 5.34039
113347000000 159 -0.20874 -0.977521 -0.0296553 -0.6203 0.223934 -0.0182573 -0.974433 0.66832 0.951988 -0.210044 0.222712 5.40965
113444000000 160 -0.233297 -0.971876 -0.0320985 -0.623505 0.204773 -0.0168326 -0.978665 0.67322 0.9506 -0.234892 0.202941 5.44088
113621000000 162 -0.256139 -0.966509 -0.0159261 -0.639997 0.17959 -0.0313921 -0.983241 0.691072 0.949811 -0.254707 0.181616 5.50843
113802000000 164 -0.25965 -0.96567 -0.00791256 -0.656274 0.164643 -0.0361926 -0.985689 0.704666 0.951564 -0.257237 0.168388 5.58349
113886000000 165 -0.260045 -0.965593 -0.00251557 -0.66646 0.158787 -0.040193 -0.986494 0.713052 0.952451 -0.256932 0.163775 5.61935
114054000000 167 -0.261942 -0.965048 0.00830238 -0.680854 0.152032 -0.049758 -0.987122 0.721817 0.953034 -0.257306 0.159751 5.68941
114142000000 168 -0.274515 -0.961384 0.0195426 -0.688087 0.15688 -0.0648283 -0.985488 0.729176 0.948699 -0.267465 0.168618 5.72378
114308000000 170 -0.273096 -0.960737 0.0490189 -0.698966 0.13976 -0.0900399 -0.986083 0.735937 0.95178 -0.262445 0.158862 5.78737
114397000000 171 -0.273703 -0.960599 0.0483409 -0.709462 0.116655 -0.0830435 -0.989695 0.741508 0.954714 -0.265243 0.134788 5.81902
114493000000 172 -0.270412 -0.961923 0.0397736 -0.719015 0.0990419 -0.0688883 -0.992696 0.742186 0.957637 -0.264497 0.113899 5.85046
114604000000 173 -0.247368 -0.968414 0.0313502 -0.729379 0.0842876 -0.0537407 -0.994991 0.746998 0.965249 -0.243486 0.0949191 5.88547
114832000000 175 -0.241783 -0.970078 0.0221145 -0.748029 0.0487999 -0.0349184 -0.998198 0.750699 0.969103 -0.240268 0.0557824 5.96083
114939000000 176 -0.248786 -0.968114 0.0293263 -0.757668 0.0372364 -0.0398161 -0.998513 0.757914 0.967842 -0.247324 0.0459548 5.99965
115163000000 178 -0.257978 -0.965397 0.0381618 -0.775653 0.0382486 -0.0496729 -0.998033 0.762721 0.965393 -0.256011 0.0497396 6.07938
115269000000 179 -0.259657 -0.965032 0.0359507 -0.786198 0.0402525 -0.0480107 -0.998035 0.765145 0.964862 -0.2577 0.0513113 6.11315
115507000000 181 -0.283554 -0.958667 0.0235579 -0.800711 0.0499551 -0.0392996 -0.997978 0.764857 0.957654 -0.281804 0.0590339 6.18677
115629000000 182 -0.275833 -0.961052 0.0171937 -0.814407 0.0622958 -0.035724 -0.997418 0.770068 0.959185 -0.27405 0.0697233 6.22555
115742000000 183 -0.263656 -0.964592 0.00683909 -0.822102 0.0675532 -0.0255362 -0.997389 0.7705 0.962248 -0.262506 0.0718941 6.26193
115952000000 185 -0.27038 -0.962748 -0.00323651 -0.844099 0.0855453 -0.020676 -0.99612 0.779606 0.958946 -0.269608 0.0879489 6.33499
116053000000 186 -0.268921 -0.963152 0.00434845 -0.847709 0.080876 -0.0270797 -0.996356 0.779321 0.959761 -0.267589 0.0851782 6.36849
116258000000 188 -0.261723 -0.964466 0.036137 -0.860933 0.0722064 -0.056904 -0.995765 0.783334 0.962438 -0.258005 0.0845337 6.4365
116355000000 189 -0.266296 -0.962752 0.0468552 -0.863964 0.0671514 -0.0670225 -0.995489 0.784104 0.961549 -0.261949 0.082498 6.46682
116458000000 190 -0.279365 -0.95836 0.0591754 -0.871787 0.056147 -0.0778285 -0.995384 0.788307 0.958542 -0.274753 0.0755515 6.49919
116566000000 191 -0.301263 -0.951229 0.0663603 -0.876608 0.0323585 -0.0797521 -0.996289 0.787119 0.952992 -0.297998 0.0548068 6.53377
116685000000 192 -0.305146 -0.949577 0.0720379 -0.889986 0.00759368 -0.0780697 -0.996919 0.788259 0.952275 -0.303658 0.0310334 6.57002
116915000000 194 -0.295812 -0.951511 0.0843936 -0.906089 -0.0459049 -0.0740855 -0.996195 0.786376 0.954143 -0.29856 -0.0217637 6.62985
117122000000 196 -0.299116 -0.948998 0.099665 -0.917772 -0.0765558 -0.0802437 -0.993831 0.785124 0.951141 -0.3049 -0.0486492 6.68094
117218000000 197 -0.28469 -0.952413 0.10891 -0.918038 -0.0963727 -0.0846 -0.991743 0.780627 0.953763 -0.292835 -0.0677019 6.70348
117399000000 199 -0.274291 -0.952773 0.13034 -0.932461 -0.146873 -0.0924417 -0.984826 0.778351 0.950365 -0.289272 -0.114581 6.74754
117545000000 201 -0.282145 -0.949497 0.137293 -0.940973 -0.176135 -0.0894074 -0.980297 0.771716 0.943065 -0.300768 -0.142014 6.78286
117604000000 202 -0.289577 -0.947179 0.13783 -0.944074 -0.18463 -0.0860191 -0.979036 0.772433 0.939179 -0.308954 -0.149969 6.79557
117809000000 205 -0.284423 -0.949006 0.135983 -0.954148 -0.207267 -0.0776174 -0.9752 0.761635 0.936026 -0.305554 -0.174622 6.8365
117877000000 206 -0.282431 -0.949795 0.134618 -0.962 -0.212045 -0.0750478 -0.974374 0.761327 0.935559 -0.303738 -0.180203 6.85336
118011000000 208 -0.283099 -0.950029 0.13153 -0.971876 -0.218499 -0.0696482 -0.973349 0.753489 0.93387 -0.304293 -0.187863 6.88887
118135000000 210 -0.293011 -0.946892 0.132436 -0.982692 -0.219158 -0.0683111 -0.973295 0.750393 0.930653 -0.314211 -0.187503 6.9206
118263000000 212 -0.295028 -0.947113 0.126234 -0.987938 -0.211386 -0.0641437 -0.975296 0.740883 0.931813 -0.314423 -0.181282 6.94673
118395000000 214 -0.286319 -0.95049 0.120793 -1.00035 -0.202132 -0.0633124 -0.97731 0.739295 0.93657 -0.304238 -0.173997 6.98217
118461000000 215 -0.282439 -0.95212 0.11703 -1.00334 -0.195322 -0.0623628 -0.978754 0.730487 0.93919 -0.299297 -0.168357 6.99755
118525000000 216 -0.28329 -0.951991 0.116019 -1.01096 -0.190112 -0.0628295 -0.97975 0.732023 0.940002 -0.29961 -0.163186 7.0143
118592000000 217 -0.286373 -0.951408 0.113198 -1.01279 -0.186574 -0.0605098 -0.980576 0.724632 0.939777 -0.30193 -0.16018 7.028
118727000000 219 -0.297244 -0.948038 0.113447 -1.02175 -0.182274 -0.0602889 -0.981398 0.723517 0.937242 -0.312393 -0.154882 7.05776
118792000000 220 -0.300338 -0.947513 0.109621 -1.02366 -0.176886 -0.0576051 -0.982544 0.716238 0.937288 -0.314486 -0.1503 7.07261
118858000000 221 -0.3028 -0.946804 0.10897 -1.03219 -0.172482 -0.0580086 -0.983303 0.716978 0.937316 -0.31654 -0.145741 7.09197
118927000000 222 -0.295725 -0.949585 0.104093 -1.03332 -0.16818 -0.0555113 -0.984192 0.708353 0.940352 -0.308557 -0.143286 7.10805
119078000000 224 -0.275503 -0.955811 0.102585 -1.04536 -0.148721 -0.0630506 -0.986867 0.705568 0.949726 -0.287142 -0.124778 7.15413
119166000000 225 -0.275653 -0.955499 0.105055 -1.04983 -0.146052 -0.066389 -0.987047 0.698922 0.950097 -0.287426 -0.121252 7.1762
119337000000 227 -0.285888 -0.951944 0.109866 -1.06285 -0.139035 -0.0722318 -0.98765 0.696669 0.948123 -0.297632 -0.111704 7.22127
119426000000 228 -0.287646 -0.951611 0.108147 -1.06597 -0.135357 -0.0713929 -0.988221 0.689467 0.948123 -0.298897 -0.108272 7.24093
119515000000 229 -0.28151 -0.953584 0.106912 -1.07279 -0.132865 -0.0716077 -0.988544 0.692174 0.950315 -0.29249 -0.10654 7.2624
119685000000 231 -0.273781 -0.956631 0.0995061 -1.08581 -0.124406 -0.0673668 -0.989942 0.684098 0.953712 -0.283406 -0.100567 7.30892
119769000000 232 -0.278616 -0.955467 0.0972378 -1.09353 -0.114395 -0.0675104 -0.991139 0.685716 0.953565 -0.287271 -0.090491 7.33507
119956000000 234 -0.299575 -0.950527 0.082173 -1.10613 -0.0891376 -0.0578671 -0.994337 0.676891 0.9499 -0.305203 -0.0673922 7.38798
120052000000 235 -0.295357 -0.952615 0.07273 -1.11763 -0.073915 -0.0531136 -0.995849 0.678723 0.952523 -0.299507 -0.054725 7.41714
120154000000 236 -0.279271 -0.957823 0.0676954 -1.12226 -0.0594352 -0.053122 -0.996818 0.672289 0.958371 -0.282406 -0.042093 7.44814
120356000000 238 -0.27679 -0.958351 0.0703669 -1.13956 -0.0319324 -0.0640142 -0.997438 0.674637 0.9604 -0.278328 -0.0128839 7.51465
120455000000 239 -0.278537 -0.95841 0.0621909 -1.14595 -0.0238359 -0.0578353 -0.998042 0.666795 0.96013 -0.279474 -0.00673533 7.54176
120675000000 241 -0.272041 -0.960594 0.0570387 -1.16525 -0.0262137 -0.0518545 -0.998311 0.667394 0.961929 -0.273077 -0.0110741 7.6039
120785000000 242 -0.270921 -0.960674 0.0608864 -1.17182 -0.036234 -0.0530296 -0.997935 0.661565 0.961919 -0.272568 -0.0204422 7.63747
120993000000 244 -0.271661 -0.959253 0.0776815 -1.18879 -0.0672404 -0.0616013 -0.995833 0.662159 0.960041 -0.275753 -0.0477659 7.69421
121093000000 245 -0.274079 -0.958148 0.0826606 -1.19217 -0.0827883 -0.0621262 -0.994629 0.657804 0.958137 -0.27945 -0.062296 7.72164
121300000000 247 -0.277159 -0.957103 0.0844815 -1.20442 -0.100221 -0.0586487 -0.993235 0.659841 0.955583 -0.283751 -0.0796665 7.76644
121403000000 248 -0.273343 -0.958287 0.0834832 -1.20772 -0.105776 -0.0563178 -0.992794 0.656193 0.956083 -0.280203 -0.0859694 7.77773
121802000000 252 -0.248728 -0.965255 0.0801133 -1.21573 -0.10795 -0.054571 -0.992657 0.660377 0.962539 -0.25555 -0.0906257 7.78064
121891000000 253 -0.24084 -0.967487 0.0772373 -1.21464 -0.106709 -0.052702 -0.992893 0.65348 0.964681 -0.247371 -0.090547 7.78182
121988000000 254 -0.228993 -0.970393 0.0768112 -1.21587 -0.10537 -0.0537339 -0.99298 0.657749 0.967708 -0.235479 -0.0899458 7.78361
122091000000 255 -0.199924 -0.977031 0.0737639 -1.21158 -0.102449 -0.0540262 -0.99327 0.653524 0.974441 -0.206136 -0.0892951 7.79057
122193000000 256 -0.150504 -0.986101 0.0703754 -1.20748 -0.0996157 -0.0556971 -0.993466 0.657082 0.983578 -0.156531 -0.0898486 7.79735
122295000000 257 -0.0794746 -0.994543 0.0675908 -1.19629 -0.0946296 -0.0599719 -0.993704 0.652356 0.992335 -0.0853703 -0.0893469 7.80484
122397000000 258 0.00442164 -0.997646 0.068425 -1.18629 -0.0848338 -0.0685532 -0.994034 0.658686 0.996385 -0.0014095 -0.0849373 7.80823
122500000000 259 0.0722312 -0.995145 0.0668571 -1.17761 -0.0770415 -0.0723987 -0.994396 0.652964 0.994408 0.0666756 -0.0818969 7.80917
122606000000 260 0.124688 -0.989867 0.0679425 -1.17505 -0.0671175 -0.0767348 -0.99479 0.65781 0.989923 0.119478 -0.0760053 7.80244
122711000000 261 0.203025 -0.976792 0.0682533 -1.16278 -0.0591075 -0.0818036 -0.994894 0.653986 0.977388 0.197955 -0.0743439 7.80041
122816000000 262 0.321667 -0.944341 0.0689224 -1.14713 -0.0472276 -0.0887022 -0.994938 0.658794 0.945674 0.316784 -0.0731316 7.79604
122922000000 263 0.427736 -0.901121 0.0708669 -1.12688 -0.0317765 -0.0933431 -0.995127 0.654909 0.903345 0.4234 -0.0685607 7.79918
123023000000 264 0.508458 -0.857943 0.0735109 -1.1158 -0.0164497 -0.0950321 -0.995338 0.657858 0.86093 0.504878 -0.0624327 7.79941
123115000000 265 0.567068 -0.820138 0.0762088 -1.11165 -0.00281379 -0.0944517 -0.995525 0.655335 0.823666 0.564317 -0.0558683 7.79808
123208000000 266 0.627471 -0.774552 0.0796826 -1.11231 0.0110483 -0.0934687 -0.995561 0.657247 0.778562 0.625566 -0.0500914 7.79421
123301000000 267 0.684787 -0.723648 0.0860285 -1.10758 0.030099 -0.089864 -0.995499 0.65378 0.728122 0.684294 -0.0397566 7.79337
123384000000 268 0.749022 -0.655838 0.0940377 -1.1004 0.0498919 -0.0856982 -0.995071 0.65784 0.660664 0.750022 -0.0314688 7.78326
123461000000 269 0.80879 -0.578806 0.104126 -1.0881 0.0687559 -0.0827784 -0.994193 0.657315 0.584065 0.811253 -0.027154 7.77399
123539000000 270 0.854854 -0.507478 0.108124 -1.08087 0.0790805 -0.078522 -0.993771 0.658382 0.512807 0.858079 -0.0269932 7.76489
123626000000 271 0.889017 -0.443657 0.113216 -1.07072 0.0888389 -0.0754304 -0.993186 0.656905 0.449174 0.893017 -0.0276449 7.75921
123701000000 272 0.910317 -0.397776 0.114439 -1.06837 0.0932156 -0.0723624 -0.993013 0.658766 0.403278 0.914624 -0.0287937 7.75569
123777000000 273 0.928907 -0.351053 0.117873 -1.0659 0.0997327 -0.0693841 -0.992592 0.655615 0.356631 0.933781 -0.0294398 7.75483
123857000000 274 0.944959 -0.30341 0.122453 -1.07158 0.107068 -0.0668994 -0.991998 0.658546 0.309174 0.950509 -0.0307317 7.75554
123934000000 275 0.96138 -0.243654 0.127988 -1.07556 0.115553 -0.0647228 -0.99119 0.656476 0.249791 0.9677 -0.0340683 7.76172
124019000000 276 0.978206 -0.166811 0.123643 -1.07925 0.114661 -0.0624811 -0.991438 0.657751 0.173109 0.984007 -0.0419926 7.76687
124114000000 277 0.990856 -0.0718616 0.114193 -1.0766 0.110233 -0.0568575 -0.992278 0.655359 0.0777994 0.995793 -0.0484161 7.76111
124212000000 278 0.993699 0.0377537 0.105528 -1.07506 0.107193 -0.0451811 -0.993211 0.658509 -0.0327295 0.998265 -0.0489434 7.74585
124306000000 279 0.988435 0.11105 0.103271 -1.06688 0.10804 -0.0378033 -0.993428 0.657493 -0.106416 0.993096 -0.0493639 7.73568
124392000000 280 0.980094 0.16905 0.10411 -1.06301 0.111373 -0.03404 -0.993196 0.660172 -0.164355 0.98502 -0.0521899 7.73035
124479000000 281 0.966132 0.236675 0.102826 -1.06077 0.113225 -0.0307367 -0.993094 0.658599 -0.23188 0.971103 -0.0564934 7.73388
124560000000 282 0.94835 0.302376 0.095921 -1.06132 0.10907 -0.0268637 -0.993671 0.660428 -0.297885 0.95281 -0.0584564 7.74297
124640000000 283 0.931926 0.351141 0.090628 -1.05843 0.105413 -0.0231776 -0.994158 0.657042 -0.346989 0.936036 -0.0586147 7.75118
124722000000 284 0.917246 0.388605 0.0874368 -1.05746 0.102866 -0.0190328 -0.994513 0.661336 -0.384809 0.921208 -0.057432 7.75436
124802000000 285 0.897563 0.433015 0.0829351 -1.05384 0.0987636 -0.0141456 -0.99501 0.660862 -0.429681 0.901276 -0.0554627 7.75475
124883000000 286 0.860891 0.502497 0.0797726 -1.05863 0.0938371 -0.00271283 -0.995584 0.663569 -0.500061 0.864575 -0.0494883 7.746
124960000000 287 0.812554 0.577523 0.0788872 -1.05893 0.0897466 0.00976774 -0.995917 0.662688 -0.575936 0.816316 -0.043894 7.73393
125036000000 288 0.767864 0.635725 0.0789843 -1.05846 0.0871079 0.0185354 -0.996026 0.66665 -0.634663 0.771693 -0.0411439 7.71892
125106000000 289 0.735419 0.672707 0.0813845 -1.05178 0.0864672 0.0259584 -0.995916 0.665616 -0.672073 0.739453 -0.0390768 7.70835
125177000000 290 0.695502 0.713836 0.0819534 -1.04957 0.0828706 0.033605 -0.995994 0.67042 -0.71373 0.699507 -0.0357836 7.70438
125254000000 291 0.631458 0.770854 0.0839343 -1.0398 0.076097 0.0461168 -0.996033 0.668086 -0.771667 0.63534 -0.0295389 7.7134
125340000000 292 0.546975 0.832233 0.0905877 -1.02908 0.0738935 0.0597905 -0.995472 0.670154 -0.833882 0.551192 -0.0287928 7.72241
125437000000 293 0.463681 0.881045 0.093593 -1.01617 0.0708959 0.0684013 -0.995136 0.665911 -0.883161 0.468061 -0.0307461 7.72983
125540000000 294 0.387454 0.917073 0.0941132 -1.01165 0.0649428 0.0746821 -0.99509 0.667116 -0.919599 0.391663 -0.0306214 7.73332
125648000000 295 0.317119 0.943441 0.096716 -1.01601 0.0582181 0.0824219 -0.994896 0.664942 -0.946597 0.321131 -0.0287878 7.72859
125757000000 296 0.25712 0.961399 0.0979849 -1.02251 0.0495746 0.0881382 -0.994874 0.665525 -0.965107 0.260659 -0.0249989 7.72553
125990000000 298 0.21363 0.972509 0.0926691 -1.0135 0.0489911 0.0840746 -0.995254 0.663884 -0.975685 0.217157 -0.0296834 7.71365
126106000000 299 0.175754 0.980248 0.0906919 -1.00531 0.0336476 0.0860904 -0.995719 0.666865 -0.983859 0.178053 -0.0178523 7.69859
126579000000 303 0.169716 0.980196 0.102038 -0.971909 0.0393993 0.0967091 -0.994533 0.671422 -0.984705 0.172809 -0.0222059 7.55281
126815000000 305 0.172377 0.981353 0.0850418 -0.960883 0.067585 0.0743477 -0.99494 0.679778 -0.98271 0.177252 -0.0535089 7.46861
127028000000 307 0.180739 0.981116 0.0688803 -0.946782 0.107635 0.049882 -0.992938 0.685521 -0.977624 0.186877 -0.0965868 7.37479
127134000000 308 0.1703 0.983446 0.0618946 -0.940238 0.113373 0.04284 -0.992628 0.692404 -0.978848 0.176062 -0.104201 7.33093
127433000000 311 0.15482 0.985265 0.0726837 -0.909546 0.135736 0.0516597 -0.989397 0.703155 -0.978574 0.163044 -0.125738 7.19923
127535000000 312 0.155696 0.986047 0.0589041 -0.906438 0.138344 0.0372769 -0.989682 0.71297 -0.978069 0.162239 -0.13061 7.1516
127704000000 314 0.146442 0.987883 0.0514082 -0.892051 0.154334 0.0285158 -0.987607 0.726766 -0.977106 0.152561 -0.148288 7.0738
127786000000 315 0.140975 0.98831 0.0580463 -0.887617 0.175619 0.0327373 -0.983914 0.736448 -0.974312 0.148901 -0.168951 7.03087
127862000000 316 0.138259 0.987905 0.0702079 -0.87892 0.192378 0.0427503 -0.980389 0.741283 -0.971532 0.149054 -0.18414 6.99331
128018000000 318 0.147258 0.985682 0.0821345 -0.863057 0.204178 0.0509581 -0.977607 0.75229 -0.967795 0.16073 -0.193751 6.91892
128112000000 319 0.150659 0.98496 0.0845905 -0.855127 0.194219 0.0544094 -0.979448 0.754648 -0.96932 0.163992 -0.183101 6.88193
128206000000 320 0.155344 0.984285 0.0839769 -0.84936 0.180647 0.055271 -0.981994 0.761125 -0.971203 0.167717 -0.169222 6.84554
128399000000 322 0.165572 0.984146 0.0635875 -0.836224 0.123542 0.0432713 -0.991395 0.769366 -0.978429 0.172003 -0.114419 6.77484
128509000000 323 0.178496 0.982413 0.054817 -0.828769 0.0867031 0.0397907 -0.995439 0.776915 -0.980113 0.182434 -0.0780757 6.73239
128625000000 324 0.185681 0.981444 0.0478509 -0.820779 0.0495618 0.0392814 -0.997998 0.782062 -0.981359 0.187681 -0.0413483 6.68856
128875000000 326 0.185524 0.982219 0.0287576 -0.805575 0.00510969 0.028301 -0.999586 0.785175 -0.982627 0.185594 0.000231664 6.59498
128997000000 327 0.183406 0.982718 0.0250399 -0.798092 -0.0165305 0.0285515 -0.999456 0.781856 -0.982898 0.182892 0.0214813 6.5589
129123000000 328 0.180279 0.983499 0.0151346 -0.792899 -0.0402749 0.0227546 -0.99893 0.78084 -0.982791 0.179476 0.0437125 6.52518
129364000000 330 0.188774 0.982008 -0.00496103 -0.785015 -0.0721529 0.00883155 -0.997354 0.775233 -0.979366 0.188632 0.0725219 6.45604
129490000000 331 0.191791 0.981271 -0.0179948 -0.779482 -0.0852658 -0.00160608 -0.996357 0.776567 -0.977725 0.192627 0.0833608 6.42071
129605000000 332 0.191126 0.980976 -0.0340079 -0.775399 -0.0971789 -0.0155655 -0.995145 0.772678 -0.976743 0.193503 0.0923552 6.38505
129831000000 334 0.194002 0.980332 -0.0362268 -0.762706 -0.0896393 -0.0190591 -0.995792 0.771225 -0.976897 0.196433 0.0841788 6.31417
129950000000 335 0.194368 0.980569 -0.0265623 -0.753859 -0.078108 -0.0115215 -0.996878 0.767633 -0.977814 0.195836 0.0743508 6.27788
130076000000 336 0.183778 0.982863 -0.0143408 -0.745028 -0.0624539 -0.00288454 -0.998044 0.764389 -0.980982 0.184314 0.0608535 6.24179
130327000000 338 0.172401 0.985022 0.00306362 -0.729396 -0.0358399 0.00938086 -0.999314 0.757369 -0.984375 0.172173 0.0369204 6.16523
130450000000 339 0.170381 0.985348 0.007729 -0.721002 -0.030751 0.0131568 -0.99944 0.75583 -0.984898 0.170048 0.0325422 6.12801
130571000000 340 0.174448 0.98463 0.00843837 -0.712761 -0.0248828 0.0129752 -0.999606 0.752007 -0.984352 0.174169 0.0267638 6.08811
130689000000 341 0.175498 0.984471 -0.00415305 -0.708842 -0.0325672 0.00158932 -0.999468 0.749242 -0.983941 0.17554 0.0323404 6.05393
130806000000 342 0.178386 0.983913 -0.00963451 -0.703457 -0.0473614 -0.00119429 -0.998877 0.744735 -0.98282 0.178642 0.0463865 6.02012
130922000000 343 0.183763 0.982876 -0.0136554 -0.69785 -0.0599345 -0.00266263 -0.998199 0.745055 -0.981142 0.184251 0.0584189 5.98748
131042000000 344 0.184632 0.9828 -0.00389804 -0.689286 -0.0676612 0.00875402 -0.99767 0.74086 -0.980476 0.184465 0.0681137 5.95487
131158000000 345 0.180291 0.983609 0.0028276 -0.682957 -0.0784575 0.0172463 -0.996768 0.741117 -0.980479 0.179487 0.0802808 5.91959
131271000000 346 0.177289 0.984134 0.00701737 -0.676198 -0.0995855 0.0250328 -0.994714 0.736924 -0.979107 0.175653 0.102444 5.89056
131369000000 347 0.182908 0.983067 0.0111423 -0.670389 -0.115069 0.0326624 -0.99282 0.73655 -0.976373 0.180312 0.119095 5.86238
131465000000 348 0.183849 0.982844 0.0147582 -0.663625 -0.129953 0.0391856 -0.990746 0.731872 -0.974326 0.18023 0.134927 5.83911
131554000000 349 0.184147 0.982816 0.0127338 -0.659051 -0.141934 0.0394087 -0.989091 0.730361 -0.972597 0.180331 0.146752 5.81817
131648000000 350 0.182925 0.983113 0.00525367 -0.655217 -0.147401 0.0327092 -0.988536 0.724688 -0.972014 0.180053 0.150895 5.79522
131749000000 351 0.176489 0.98427 -0.00797892 -0.652468 -0.15257 0.0193473 -0.988103 0.722646 -0.972406 0.175607 0.153585 5.76616
131845000000 352 0.173424 0.984725 -0.0155338 -0.648623 -0.150247 0.010866 -0.988589 0.717099 -0.973319 0.173779 0.149837 5.7372
131941000000 353 0.176498 0.98412 -0.0188744 -0.64325 -0.156753 0.00917205 -0.987595 0.714221 -0.971739 0.177268 0.155883 5.71155
132028000000 354 0.173806 0.984584 -0.0196331 -0.639358 -0.161194 0.00877618 -0.986884 0.70965 -0.971498 0.174691 0.160234 5.68654
132118000000 355 0.168574 0.985493 -0.0196819 -0.634231 -0.163494 0.00826438 -0.98651 0.706998 -0.972035 0.169517 0.162516 5.66164
132205000000 356 0.162117 0.986555 -0.0206525 -0.630252 -0.167605 0.00690454 -0.98583 0.702731 -0.972433 0.163282 0.16647 5.63874
132295000000 357 0.157851 0.98717 -0.0240411 -0.627347 -0.170633 0.00328826 -0.985329 0.699813 -0.972609 0.159637 0.168963 5.61635
132388000000 358 0.155759 0.987468 -0.0254143 -0.622795 -0.17231 0.00182749 -0.985041 0.694701 -0.97265 0.157808 0.170435 5.59215
132488000000 359 0.161669 0.986384 -0.0301684 -0.619029 -0.174695 -0.00148174 -0.984621 0.690368 -0.971259 0.164453 0.172077 5.56352
132591000000 360 0.165723 0.985662 -0.0317356 -0.614544 -0.179605 -0.00147597 -0.983738 0.683406 -0.969679 0.168728 0.176785 5.53755
132693000000 361 0.170935 0.984551 -0.0379442 -0.614091 -0.182188 -0.00626288 -0.983244 0.677207 -0.968292 0.174983 0.178303 5.51533
132790000000 362 0.179023 0.98289 -0.0433358 -0.611242 -0.189803 -0.00871631 -0.981783 0.672695 -0.965363 0.183988 0.184995 5.49589
132886000000 363 0.184006 0.981668 -0.0496994 -0.607655 -0.192236 -0.0136454 -0.981254 0.666076 -0.963944 0.190111 0.186201 5.47431
132985000000 364 0.184248 0.981518 -0.0517138 -0.603424 -0.204642 -0.0131529 -0.978748 0.661366 -0.96134 0.190916 0.198437 5.4539
133077000000 365 0.186462 0.980986 -0.0538294 -0.599072 -0.209552 -0.0138182 -0.9777 0.656973 -0.959854 0.193584 0.202991 5.43522
133170000000 366 0.188869 0.980538 -0.0536105 -0.597458 -0.216976 -0.0115749 -0.976108 0.652177 -0.957732 0.195989 0.210567 5.41567
133261000000 367 0.185767 0.981196 -0.0523889 -0.595088 -0.225832 -0.00925506 -0.974122 0.64939 -0.95629 0.192791 0.219866 5.39772
133354000000 368 0.180386 0.982216 -0.0520867 -0.590251 -0.23614 -0.00816067 -0.971685 0.643296 -0.954829 0.187578 0.230468 5.37969
133445000000 369 0.170871 0.983743 -0.0552482 -0.588632 -0.243554 -0.0121616 -0.969811 0.639162 -0.954717 0.179169 0.237517 5.35839
133540000000 370 0.168695 0.983942 -0.0583111 -0.584276 -0.253151 -0.0139243 -0.967327 0.633957 -0.952605 0.177945 0.246736 5.3359
133646000000 371 0.166288 0.984008 -0.0638522 -0.580415 -0.263457 -0.0180648 -0.964502 0.62931 -0.950231 0.177208 0.256239 5.30918
133744000000 372 0.169894 0.983572 -0.0610069 -0.575029 -0.267627 -0.0135299 -0.963428 0.621481 -0.948426 0.180008 0.260931 5.2892
133828000000 373 0.16599 0.984322 -0.0596486 -0.571295 -0.270923 -0.0126405 -0.962518 0.616633 -0.948181 0.175929 0.264578 5.27083
133911000000 374 0.153918 0.9866 -0.0541212 -0.565798 -0.274448 -0.00993098 -0.961551 0.60912 -0.949204 0.162853 0.269242 5.25181
134000000000 375 0.140183 0.988836 -0.050513 -0.562506 -0.278225 -0.00962133 -0.960468 0.604033 -0.950232 0.148695 0.27377 5.22697
134078000000 376 0.13419 0.989856 -0.0466784 -0.558893 -0.286644 -0.00631804 -0.958016 0.598367 -0.948593 0.141936 0.282888 5.20784
134159000000 377 0.129995 0.990674 -0.0408132 -0.553705 -0.2942 -0.000769715 -0.955744 0.592329 -0.946862 0.136249 0.291356 5.18736
134241000000 378 0.120639 0.992152 -0.0328808 -0.548328 -0.299305 0.00477221 -0.954146 0.584384 -0.9465 0.124949 0.297531 5.16799
134336000000 379 0.115384 0.993023 -0.0243171 -0.543043 -0.30578 0.0122168 -0.952024 0.576928 -0.945085 0.117284 0.305056 5.14828
134428000000 380 0.112968 0.993463 -0.0163912 -0.538538 -0.313451 0.0199789 -0.949394 0.570526 -0.942861 0.112389 0.313659 5.12971
134521000000 381 0.105078 0.994382 -0.0127956 -0.536821 -0.31855 0.0214673 -0.947663 0.563677 -0.942064 0.103655 0.319016 5.10828
134609000000 382 0.0999834 0.994946 -0.00921573 -0.534835 -0.324751 0.0238769 -0.945498 0.557562 -0.9405 0.0975269 0.325497 5.08203
134700000000 383 0.0994129 0.995026 -0.00628778 -0.531351 -0.329007 0.026906 -0.943944 0.549116 -0.93908 0.095909 0.330045 5.05794
134788000000 384 0.0968593 0.995297 0.00125838 -0.525901 -0.333522 0.0336485 -0.942142 0.540528 -0.937753 0.0908355 0.335213 5.03504
