1690902621657131520 53 0.993747 -0.111634 -0.00218786 -0.112645 0.111643 0.993739 0.00444109 -0.0349541 0.00167839 -0.00465758 0.999988 0.00173162
1690902621807362560 54 0.985437 -0.17004 -0.000220493 -0.178665 0.170029 0.985363 0.0122696 -0.0609825 -0.00186905 -0.0121284 0.999925 0.00208552
1690902621857460480 55 0.98191 -0.189305 -0.00398692 -0.20332 0.18934 0.981839 0.0119715 -0.0695649 0.00164826 -0.0125098 0.99992 -0.00283189
1690902621907443200 56 0.978869 -0.20418 -0.0111869 -0.229066 0.204318 0.978817 0.0130536 -0.0791058 0.00828469 -0.0150634 0.999852 0.00297857
1690902621957460224 58 0.975894 -0.218152 -0.00637968 -0.2541 0.218222 0.975799 0.0140095 -0.0903146 0.00316907 -0.015064 0.999882 0.000873601
1690902622057252096 60 0.966486 -0.256446 -0.0118529 -0.309667 0.25656 0.966483 0.00933735 -0.123577 0.00906113 -0.0120654 0.999886 0.00287665
1690902622157260288 64 0.955375 -0.295152 -0.0119796 -0.36381 0.295267 0.955369 0.00932158 -0.153494 0.00869364 -0.0124428 0.999885 0.00141784
1690902622356965888 68 0.935327 -0.353666 -0.00914813 -0.457011 0.353754 0.935272 0.0111613 -0.210255 0.00460862 -0.0136756 0.999896 0.00172817
1690902622556875008 72 0.916177 -0.400728 -0.00602338 -0.516665 0.400768 0.916138 0.00874204 -0.253576 0.00201507 -0.0104232 0.999944 0.00505363
1690902622756682496 76 0.895857 -0.444324 0.00414441 -0.565756 0.444307 0.895864 0.00434275 -0.297881 -0.00564242 -0.00204909 0.999982 0.00791734
1690902622956528128 80 0.865528 -0.500749 0.0105867 -0.621402 0.500661 0.865586 0.00995582 -0.352426 -0.0141491 -0.00331671 0.999894 0.0100338
1690902623156392704 83 0.829811 -0.558028 0.00425046 -0.693233 0.55799 0.829812 0.00768224 -0.424866 -0.007814 -0.00400309 0.999961 0.0121203
1690902623306427392 85 0.797651 -0.603119 -0.000262748 -0.743335 0.603106 0.797632 0.00676559 -0.484309 -0.00387088 -0.00555505 0.999977 0.0116433
1690902623406163968 88 0.778143 -0.628085 -0.0016103 -0.779788 0.628087 0.778137 0.00302029 -0.52987 -0.000643961 -0.00336163 0.999994 0.0105965
1690902623556273152 91 0.741741 -0.670681 -0.002696 -0.822084 0.670686 0.74174 0.00157739 -0.592069 0.00094181 -0.00297818 0.999995 0.0148065
1690902623706046464 95 0.714121 -0.70001 -0.0040522 -0.859342 0.700021 0.714118 0.00244368 -0.644492 0.00118315 -0.00458171 0.999989 0.0161345
1690902623906025472 100 0.677505 -0.735512 -0.00291763 -0.896842 0.735513 0.67748 0.00644475 -0.705617 -0.00276355 -0.00651231 0.999975 0.019612
1690902624155959808 104 0.636323 -0.771419 0.00261423 -0.931101 0.771421 0.636325 0.000291066 -0.779421 -0.00188803 0.00183146 0.999997 0.0231092
1690902624355623424 106 0.594173 -0.804259 0.011235 -0.951035 0.804319 0.594195 -0.00166954 -0.83999 -0.00533301 0.0100285 0.999935 0.0246886
1690902624456033536 109 0.570523 -0.82114 0.0152697 -0.962445 0.821175 0.57065 0.0054839 -0.871904 -0.0132167 0.00941038 0.999868 0.0258925
1690902624605683968 111 0.530801 -0.847425 0.0109639 -0.984385 0.847478 0.53083 -0.000298444 -0.939291 -0.00556704 0.00945004 0.99994 0.0225486
1690902624705592320 114 0.504293 -0.863446 0.0122232 -0.998198 0.863487 0.504361 0.00318317 -0.986073 -0.00891343 0.00894937 0.99992 0.0278505
1690902624855684864 115 0.452127 -0.891949 0.00286904 -1.01967 0.891933 0.452136 0.0053504 -1.0609 -0.00606948 0.000139928 0.999982 0.0281413
1690902624905691392 117 0.4374 -0.899267 -0.000462725 -1.02635 0.899243 0.437385 0.00744235 -1.08611 -0.00649027 -0.00367139 0.999972 0.0306662
1690902625005838336 118 0.409512 -0.912303 -0.00179946 -1.0371 0.912297 0.409499 0.00498881 -1.14331 -0.00381443 -0.00368462 0.999986 0.0308069
1690902625055685376 119 0.389862 -0.920871 -0.00211036 -1.03911 0.920863 0.389846 0.00569039 -1.17094 -0.0044174 -0.00416182 0.999982 0.0306682
1690902625105836288 120 0.369055 -0.929405 0.00212385 -1.04204 0.929408 0.369054 -0.000719392 -1.19995 -0.000115209 0.00223942 0.999997 0.0312744
1690902625155662336 123 0.351041 -0.936358 0.00204805 -1.04512 0.936359 0.351038 -0.00183554 -1.22444 0.000999773 0.00256206 0.999996 0.0325659
1690902625305943296 127 0.302122 -0.953258 0.00456566 -1.05207 0.953248 0.302079 -0.00819515 -1.30081 0.0064329 0.00682814 0.999956 0.0334686
1690902625506423296 131 0.244114 -0.969723 0.00678825 -1.0538 0.969745 0.24412 0.000170637 -1.38275 -0.00182262 0.00654122 0.999977 0.0360651
1690902625706694400 134 0.193947 -0.980799 0.0204492 -1.04531 0.980983 0.19406 0.0036445 -1.45396 -0.00754289 0.0193535 0.999784 0.037621
1690902625857057792 138 0.14586 -0.989001 0.0245506 -1.03771 0.989214 0.146139 0.00995852 -1.5056 -0.0134368 0.0228332 0.999649 0.0398965
1690902626056997120 141 0.0828833 -0.996341 0.0208422 -1.02746 0.996551 0.0829471 0.00221459 -1.5923 -0.00393529 0.0205868 0.99978 0.0365229
1690902626207642112 144 0.0343775 -0.999053 0.0266638 -1.00749 0.999378 0.0345724 0.00688402 -1.65592 -0.00779933 0.0264105 0.999621 0.039278
1690902626357992192 146 -0.0247217 -0.999573 0.0156051 -0.995871 0.999693 -0.0247439 -0.00123299 -1.72469 0.0016186 0.0155699 0.999877 0.040732
1690902626458402560 149 -0.0580896 -0.998243 0.0117175 -0.98206 0.998311 -0.058101 -0.00063619 -1.76613 0.00131587 0.0116608 0.999931 0.0422206
1690902626608856064 153 -0.110337 -0.993868 0.00727161 -0.958016 0.993894 -0.110341 -6.93378e-05 -1.83441 0.000871267 0.00721955 0.999974 0.0427935
1690902626809839360 155 -0.167199 -0.98587 0.0102504 -0.926589 0.985923 -0.167189 0.0018296 -1.91543 -8.99888e-05 0.010412 0.999946 0.0505006
1690902626910126080 159 -0.196074 -0.980507 0.0126567 -0.907287 0.980577 -0.196119 -0.00238723 -1.95092 0.00482292 0.0119428 0.999917 0.0475786
1690902627111633152 164 -0.246422 -0.968992 0.0182031 -0.878044 0.969146 -0.246483 -0.00115734 -2.00887 0.00560822 0.0173563 0.999834 0.05076
1690902627362744064 174 -0.2914 -0.956281 0.0247553 -0.847142 0.956589 -0.291428 0.00256589 -2.05913 0.00476065 0.0244283 0.99969 0.0491711
1690902627863346432 181 -0.339406 -0.940389 0.0217102 -0.84223 0.940633 -0.339402 0.00396891 -2.02471 0.00363616 0.0217684 0.999756 0.0462956
1690902628213964544 187 -0.389332 -0.920802 0.0233247 -0.849628 0.921089 -0.389314 0.00549936 -1.95387 0.00401681 0.0236252 0.999713 0.0498238
1690902628513974784 192 -0.435878 -0.899839 0.0173502 -0.86351 0.900006 -0.435812 0.00758968 -1.881 0.000731941 0.0189234 0.999821 0.0497567
1690902628764129024 196 -0.489269 -0.871936 0.01851 -0.878037 0.872117 -0.489277 0.00442618 -1.80604 0.00519715 0.0183085 0.999819 0.0458556
1690902628964607488 201 -0.531335 -0.846918 0.0203148 -0.895227 0.847118 -0.531399 0.00253335 -1.74974 0.00864971 0.0185551 0.99979 0.0434442
1690902629214662144 207 -0.580772 -0.813832 0.0195319 -0.915853 0.814023 -0.580822 0.00358201 -1.6868 0.00842942 0.0179798 0.999803 0.0394248
1690902629515173632 212 -0.615938 -0.787473 0.0225012 -0.937299 0.787779 -0.615852 0.0114307 -1.62974 0.00485604 0.0247666 0.999681 0.0408545
1690902629815092480 217 -0.65373 -0.75646 0.0201322 -0.961411 0.756725 -0.653572 0.0145206 -1.57193 0.00217357 0.0247271 0.999692 0.040277
1690902630065214720 221 -0.697197 -0.71638 0.0267336 -0.993413 0.716818 -0.69714 0.0129409 -1.50368 0.00936643 0.0281855 0.999559 0.0418439
1690902630265039360 225 -0.734284 -0.678265 0.0279794 -1.03408 0.678778 -0.734156 0.016592 -1.43318 0.00928747 0.0311751 0.999471 0.0371745
1690902630465170944 228 -0.776307 -0.629721 0.0282712 -1.08326 0.630278 -0.776132 0.0192154 -1.36185 0.00984187 0.0327358 0.999416 0.0398816
1690902630615179776 230 -0.803762 -0.594568 0.0213292 -1.12114 0.594889 -0.80368 0.0143652 -1.31923 0.00860072 0.0242347 0.999669 0.0412737
1690902630714924800 231 -0.822901 -0.567999 0.0145047 -1.1502 0.568181 -0.822713 0.0177214 -1.28292 0.00186748 0.0228242 0.999738 0.0365821
1690902630764904192 233 -0.834164 -0.551082 0.0218759 -1.16297 0.551434 -0.834068 0.0158382 -1.26429 0.0095178 0.0252748 0.999635 0.0368013
1690902630864465408 235 -0.855741 -0.516843 0.0240839 -1.19415 0.517265 -0.855663 0.0166848 -1.22852 0.0119842 0.0267356 0.999571 0.0362271
1690902630964128256 238 -0.874642 -0.484041 0.0265659 -1.22818 0.484508 -0.874656 0.0151168 -1.19509 0.0159189 0.0260931 0.999533 0.0368849
1690902631113251584 241 -0.899506 -0.436115 0.0263299 -1.28184 0.436538 -0.899591 0.013055 -1.14939 0.0179927 0.0232371 0.999568 0.0340208
1690902631262232832 243 -0.919394 -0.392637 0.0234606 -1.33884 0.393004 -0.919435 0.0137107 -1.1054 0.0161872 0.0218256 0.999631 0.0377177
1690902631361617408 246 -0.931658 -0.362648 0.0223639 -1.37138 0.363044 -0.931612 0.0172525 -1.07702 0.0145779 0.0241926 0.999601 0.0373136
1690902631510301440 249 -0.950425 -0.309978 0.024634 -1.42097 0.310365 -0.950517 0.0137947 -1.04068 0.019139 0.0207563 0.999601 0.034287
1690902631659028736 253 -0.964733 -0.262081 0.0245756 -1.46821 0.262486 -0.96482 0.0149471 -1.01185 0.0197937 0.0208707 0.999586 0.0357359
1690902631857772032 257 -0.977931 -0.208058 0.019063 -1.5323 0.208469 -0.97776 0.0229224 -0.976304 0.0138699 0.0263905 0.999555 0.0356034
1690902632056769792 261 -0.988052 -0.153452 0.0143683 -1.60812 0.153735 -0.987883 0.0212872 -0.944358 0.0109277 0.0232418 0.99967 0.0370617
1690902632256406016 264 -0.995187 -0.0968738 0.014768 -1.68055 0.0970792 -0.99518 0.0138882 -0.916979 0.0133514 0.015255 0.999794 0.0375893
1690902632405678592 267 -0.998893 -0.0450599 0.0134815 -1.7408 0.0454183 -0.998587 0.0275822 -0.888517 0.0122196 0.028164 0.999529 0.0354222
1690902632555557632 270 -0.999815 0.0081368 0.017403 -1.80741 -0.00760133 -0.999502 0.0306171 -0.869835 0.0176434 0.0304791 0.99938 0.034969
1690902632704856832 274 -0.998074 0.0593777 0.0179475 -1.87306 -0.0588604 -0.997871 0.0280979 -0.856592 0.0195776 0.0269874 0.999444 0.0377029
1690902632904156928 277 -0.992191 0.12372 0.015817 -1.95016 -0.123358 -0.992115 0.0221355 -0.844477 0.0184309 0.0200114 0.99963 0.0364476
1690902633053624576 280 -0.984244 0.176102 0.0158745 -2.0081 -0.175635 -0.984081 0.02713 -0.837943 0.0203995 0.0239144 0.999506 0.0329153
1690902633203114752 284 -0.974032 0.225409 0.0212909 -2.06132 -0.224749 -0.973969 0.0295426 -0.831065 0.0273959 0.0239903 0.999337 0.0339267
1690902633402178048 288 -0.9575 0.287326 0.025252 -2.13328 -0.286772 -0.957712 0.0234305 -0.837237 0.0309163 0.0151931 0.999406 0.0381237
1690902633601732608 291 -0.938546 0.344616 0.0192509 -2.2062 -0.34424 -0.938661 0.0203429 -0.84325 0.0250805 0.0124658 0.999608 0.0398387
1690902633751215104 294 -0.919227 0.393163 0.0210849 -2.25453 -0.392581 -0.919319 0.0270653 -0.844456 0.0300248 0.0166016 0.999411 0.0402972
1690902633901061120 298 -0.898686 0.438089 0.0210177 -2.299 -0.437362 -0.898722 0.0318209 -0.851702 0.0328295 0.0194046 0.999273 0.0397034
1690902634100662016 303 -0.872701 0.487994 0.0159533 -2.36082 -0.48727 -0.872551 0.0349628 -0.86578 0.0309817 0.0227385 0.999261 0.0407857
1690902634350715904 308 -0.840929 0.540886 0.0167502 -2.4308 -0.540345 -0.840966 0.028347 -0.890985 0.0294188 0.0147869 0.999458 0.0420058
1690902634600712192 320 -0.811049 0.584849 0.0123191 -2.48603 -0.584393 -0.810999 0.0276681 -0.914379 0.0261725 0.015241 0.999541 0.0434863
1690902635201795840 325 -0.781007 0.624246 0.018544 -2.5629 -0.623769 -0.78118 0.025885 -0.960601 0.0306448 0.00864925 0.999493 0.0438318
1690902635452197888 326 -0.78128 0.623951 0.0169364 -2.55861 -0.623362 -0.781357 0.0300024 -0.955239 0.0319534 0.0128828 0.999406 0.0419243
1690902635502312448 327 -0.780471 0.624975 0.0164888 -2.55568 -0.624362 -0.780522 0.0309539 -0.952326 0.0322153 0.0138636 0.999385 0.0415018
1690902635552313088 328 -0.779267 0.626485 0.0161176 -2.5536 -0.625847 -0.779293 0.0319015 -0.949557 0.0325461 0.0147726 0.999361 0.0419251
1690902635602399232 329 -0.777788 0.628343 0.015209 -2.55077 -0.627711 -0.777784 0.0321158 -0.945863 0.0320091 0.0154324 0.999368 0.0416097
1690902635652410880 330 -0.775864 0.63074 0.0142128 -2.54675 -0.630106 -0.775821 0.0326632 -0.941061 0.0316286 0.0163867 0.999365 0.0420502
1690902635702498304 332 -0.773651 0.633477 0.0130722 -2.54267 -0.632874 -0.773581 0.0322828 -0.934793 0.0305628 0.0167025 0.999393 0.04253
1690902635802880768 337 -0.765786 0.643059 0.00682972 -2.53135 -0.642711 -0.765652 0.0264646 -0.917982 0.0222475 0.0158767 0.999626 0.0446566
1690902636052947712 341 -0.73366 0.679375 0.0138404 -2.46893 -0.67866 -0.733606 0.0352639 -0.836304 0.0341109 0.0164788 0.999282 0.0402039
1690902636253323520 344 -0.697853 0.715947 0.0205063 -2.40328 -0.715264 -0.69811 0.0322319 -0.74841 0.037392 0.00782574 0.99927 0.0361616
1690902636403555840 347 -0.66127 0.749682 0.0264439 -2.36199 -0.748947 -0.661795 0.0332597 -0.680498 0.0424346 0.00218855 0.999097 0.0352996
1690902636553911040 351 -0.624126 0.780908 0.0254874 -2.32122 -0.78005 -0.624639 0.0367051 -0.609978 0.0445837 0.00302719 0.999001 0.0381927
1690902636754672128 355 -0.582928 0.812364 0.0161532 -2.27896 -0.812145 -0.583148 0.0189684 -0.52793 0.024829 -0.00206152 0.99969 0.0334615
1690902636955894784 357 -0.538525 0.842514 0.0126996 -2.24866 -0.842292 -0.538675 0.0193231 -0.452347 0.0231209 -0.000290776 0.999733 0.0375262
1690902637057227520 358 -0.511045 0.859513 0.00843007 -2.23623 -0.859209 -0.511093 0.0233099 -0.412347 0.0243437 0.00466919 0.999693 0.0357498
1690902637107793664 360 -0.495342 0.86867 0.00696676 -2.23132 -0.868424 -0.495371 0.0211363 -0.392741 0.0218116 0.00441959 0.999752 0.0358589
1690902637209035520 361 -0.464715 0.885406 0.00983215 -2.2147 -0.885237 -0.464818 0.0172835 -0.341625 0.019873 -0.000671905 0.999802 0.0307432
1690902637259547904 362 -0.452998 0.891478 0.00778656 -2.20808 -0.891134 -0.453043 0.0251403 -0.313821 0.0259397 0.00444963 0.999654 0.0316653
1690902637310024448 363 -0.440795 0.897602 0.00317343 -2.20337 -0.897338 -0.440747 0.0229433 -0.288381 0.0219927 0.00726567 0.999732 0.0351655
1690902637360597248 364 -0.423186 0.906043 0.000619644 -2.1991 -0.905918 -0.423139 0.0163156 -0.26264 0.0150448 0.00634318 0.999867 0.0324297
1690902637411021056 365 -0.40374 0.914863 0.0044759 -2.19184 -0.914546 -0.403722 0.0247843 -0.234881 0.0244813 0.00591301 0.999683 0.0270739
1690902637461463552 366 -0.385766 0.922553 0.00897126 -2.18601 -0.922122 -0.385861 0.0283219 -0.211933 0.0295901 0.00265302 0.999559 0.0301124
1690902637511806976 367 -0.369457 0.929172 0.0118962 -2.18003 -0.928737 -0.369648 0.0284201 -0.183303 0.0308045 -0.000548428 0.999525 0.0271742
1690902637562161408 368 -0.354106 0.935076 0.0155686 -2.17334 -0.934653 -0.35442 0.0284553 -0.156361 0.0321257 -0.00447508 0.999474 0.0299892
1690902637612704768 369 -0.339672 0.940386 0.0172095 -2.16939 -0.939957 -0.34005 0.029106 -0.133493 0.033223 -0.0062897 0.999428 0.0290621
1690902637662817536 370 -0.322522 0.946411 0.0169016 -2.16821 -0.946008 -0.322893 0.0284547 -0.110798 0.0323873 -0.00681171 0.999452 0.0313502
1690902637712886528 371 -0.303964 0.952517 0.0177912 -2.16666 -0.952254 -0.304335 0.0243318 -0.0897916 0.0285909 -0.00954571 0.999546 0.0295282
1690902637763083776 372 -0.286258 0.957971 0.0186394 -2.16423 -0.957652 -0.286683 0.02673 -0.0692916 0.0309502 -0.0101983 0.999469 0.0274814
1690902637813085696 373 -0.269619 0.962796 0.018149 -2.16261 -0.962486 -0.270032 0.0265211 -0.05335 0.0304353 -0.0103176 0.999483 0.0297568
1690902637863070464 374 -0.255815 0.966608 0.0151196 -2.16273 -0.966186 -0.256163 0.0294236 -0.0351711 0.0323141 -0.00708136 0.999453 0.0258802
1690902637913268736 375 -0.242671 0.970039 0.0116388 -2.16213 -0.969432 -0.242932 0.034421 -0.0146266 0.0362172 -0.00293003 0.99934 0.0307521
1690902637963008768 376 -0.229354 0.973308 0.00823671 -2.16492 -0.972951 -0.229494 0.0264398 0.0004323 0.0276244 -0.00194982 0.999616 0.0281649
1690902638013370880 377 -0.213098 0.976999 0.00787031 -2.16669 -0.976485 -0.213242 0.031698 0.0213453 0.0326472 -0.000930442 0.999467 0.0220012
1690902638063152384 378 -0.195205 0.980719 0.00927974 -2.16599 -0.979924 -0.195421 0.0395037 0.0320525 0.0405555 -0.00138211 0.999176 0.0292141
1690902638113000192 379 -0.179859 0.983642 0.00993393 -2.16562 -0.983264 -0.18007 0.0276892 0.0424398 0.029025 -0.00478752 0.999567 0.0282829
1690902638162791936 380 -0.165259 0.986217 0.0080758 -2.16509 -0.98599 -0.165398 0.0216273 0.0532275 0.022665 -0.00438853 0.999733 0.0260387
1690902638212445952 382 -0.153714 0.988098 0.00579534 -2.16554 -0.987761 -0.153814 0.0258742 0.0619939 0.0264576 -0.00174718 0.999648 0.0255638
1690902638312205312 383 -0.126514 0.991965 0.000661881 -2.16715 -0.991617 -0.126488 0.0264026 0.0790446 0.0262742 0.00268398 0.999651 0.0272676
1690902638361831680 386 -0.110842 0.993838 -0.000921247 -2.16827 -0.993524 -0.110784 0.0252379 0.0879966 0.0249803 0.0037127 0.999681 0.0271958
1690902638510949120 387 -0.0546055 0.998445 0.0111763 -2.16925 -0.998396 -0.0547635 0.0143534 0.119348 0.0149432 -0.0103745 0.999835 0.0274891
1690902638560482304 388 -0.0414799 0.999071 0.01168 -2.17025 -0.99891 -0.0417179 0.0209292 0.128286 0.021397 -0.0107991 0.999713 0.0245728
1690902638610560768 389 -0.0270519 0.99958 0.0103654 -2.17203 -0.999298 -0.02731 0.0256271 0.141375 0.0258994 -0.00966482 0.999618 0.0304836
1690902638660252160 390 -0.0127468 0.999872 0.0096843 -2.17514 -0.999841 -0.0128663 0.0123788 0.149169 0.0125018 -0.00952497 0.999876 0.0282593
1690902638709836800 391 0.00664822 0.99994 0.00868152 -2.17865 -0.99989 0.0065324 0.013302 0.160489 0.0132445 -0.008769 0.999874 0.0242878
1690902638759641600 392 0.0285753 0.999514 0.0124319 -2.18148 -0.999308 0.0282686 0.024184 0.173738 0.0238208 -0.0131144 0.99963 0.0255792
1690902638809622784 393 0.0460827 0.998895 0.00917599 -2.18283 -0.998628 0.0458379 0.0253084 0.187334 0.0248598 -0.0103297 0.999638 0.0250915
1690902638859191040 395 0.0591312 0.998185 0.011384 -2.18433 -0.997747 0.0587356 0.0324109 0.197913 0.0316834 -0.0132749 0.99941 0.0254371
1690902638958673664 397 0.0869206 0.996151 0.0113447 -2.19064 -0.995677 0.0864935 0.0338684 0.218712 0.0327567 -0.0142395 0.999362 0.0243814
1690902639058310912 402 0.117462 0.993063 0.00538075 -2.19539 -0.992535 0.117217 0.0336864 0.237028 0.032822 -0.00929744 0.999418 0.0252597
1690902639307585792 417 0.167566 0.985857 0.00288759 -2.2051 -0.985553 0.16744 0.0254877 0.270151 0.0246437 -0.00711674 0.999671 0.0250818
1690902640056458752 423 0.216607 0.976245 0.00515534 -2.21004 -0.976021 0.216435 0.0232293 0.267429 0.0215617 -0.0100634 0.999717 0.0247017
1690902640356380416 428 0.265329 0.964138 0.00619842 -2.21078 -0.96376 0.265029 0.0304387 0.24819 0.0277043 -0.0140501 0.999517 0.0235697
1690902640606376704 432 0.321038 0.947066 -0.00075183 -2.2123 -0.946815 0.320971 0.0227794 0.224433 0.0218149 -0.0066012 0.99974 0.0243949
1690902640806286080 436 0.370895 0.92867 0.00306065 -2.20931 -0.928543 0.370785 0.0180642 0.200641 0.0156408 -0.00954186 0.999832 0.0243129
1690902641006232064 440 0.41893 0.908005 0.00496152 -2.20508 -0.90793 0.418806 0.0162917 0.174517 0.012715 -0.0113298 0.999855 0.0242452
1690902641206360320 443 0.47347 0.880809 0.00136482 -2.19938 -0.880713 0.473394 0.0155777 0.145866 0.0130749 -0.00857757 0.999878 0.0226066
1690902641356493824 447 0.515793 0.856711 -0.00191843 -2.19216 -0.856648 0.515781 0.0111741 0.118761 0.0105625 -0.00412014 0.999936 0.023319
1690902641556441344 450 0.56817 0.822886 -0.00644986 -2.17892 -0.822803 0.568205 0.0117685 0.080873 0.013349 -0.00137957 0.99991 0.0241446
1690902641706514176 453 0.608647 0.79344 -0.00144028 -2.1693 -0.793389 0.608627 0.0103392 0.0557275 0.0090801 -0.0051502 0.999946 0.0230864
1690902641856509696 456 0.652071 0.758134 -0.00609298 -2.15617 -0.758094 0.652099 0.00777778 0.0263161 0.00986982 -0.000452611 0.999951 0.0229222
1690902642006910720 459 0.694813 0.71919 -0.000655801 -2.13829 -0.719055 0.6947 0.0187439 -0.00490597 0.013936 -0.0125519 0.999824 0.0222792
1690902642156967680 460 0.730641 0.682761 -0.000829638 -2.11799 -0.682668 0.73056 0.0157001 -0.03686 0.0113255 -0.0109047 0.999876 0.0247243
1690902642206804480 463 0.741776 0.670647 0.00053281 -2.11274 -0.670585 0.741695 0.0143 -0.0464811 0.00919505 -0.0109647 0.999898 0.0242742
1690902642357192448 464 0.778521 0.627598 0.00514359 -2.09064 -0.627558 0.778306 0.0202665 -0.0780988 0.00871591 -0.0190058 0.999781 0.0238665
1690902642406987008 466 0.792589 0.609749 0.00300234 -2.08387 -0.609647 0.792345 0.022801 -0.0876618 0.011524 -0.0199022 0.999736 0.0239527
1690902642507473408 467 0.817988 0.57523 -0.00240081 -2.07132 -0.57512 0.8179 0.0165966 -0.10462 0.0115105 -0.012195 0.999859 0.0230439
1690902642557678848 469 0.827736 0.561089 -0.00557349 -2.06541 -0.561002 0.827727 0.0120031 -0.112569 0.0113482 -0.00680868 0.999912 0.0228772
1690902642657988096 472 0.844064 0.536182 -0.00801608 -2.05302 -0.536142 0.844101 0.00668363 -0.127179 0.01035 -0.00134366 0.999946 0.022681
1690902642808198912 474 0.869336 0.494082 -0.0117839 -2.03442 -0.494088 0.869408 0.00257084 -0.146942 0.0115152 0.00358737 0.999927 0.0224394
1690902642908201984 477 0.881304 0.472453 -0.00952304 -2.02218 -0.472433 0.881356 0.00435795 -0.15734 0.0104521 0.000658322 0.999945 0.0229021
1690902643058583808 479 0.901824 0.432046 -0.00702537 -2.00347 -0.432021 0.901851 0.00480941 -0.173303 0.00841372 -0.00130214 0.999964 0.0228557
1690902643158497024 482 0.917082 0.398589 -0.00938062 -1.9896 -0.398586 0.917128 0.0022765 -0.184831 0.00951062 0.00165124 0.999953 0.0225862
1690902643308830976 485 0.935982 0.351851 -0.0117797 -1.96379 -0.35187 0.936049 0.000560191 -0.203102 0.0112234 0.00362058 0.99993 0.0222504
1690902643458792704 487 0.953696 0.300608 -0.00991004 -1.93384 -0.300493 0.953713 0.0116008 -0.219981 0.0129386 -0.00808578 0.999884 0.0227156
1690902643558894080 490 0.963951 0.265954 -0.00816793 -1.9153 -0.26585 0.963941 0.0119122 -0.230404 0.0110415 -0.00931129 0.999896 0.0232393
1690902643708835584 493 0.976059 0.217394 -0.00692448 -1.88748 -0.217311 0.97604 0.0110773 -0.24542 0.00916671 -0.00930735 0.999915 0.0221847
1690902643859066624 496 0.986954 0.160541 -0.0121923 -1.8572 -0.16037 0.986959 0.0138923 -0.25926 0.0142636 -0.0117558 0.999829 0.0208421
1690902644008995072 499 0.994512 0.10411 -0.0102969 -1.83042 -0.103983 0.994504 0.0122189 -0.26979 0.0115124 -0.0110811 0.999872 0.0214714
1690902644159056384 503 0.998835 0.0477544 -0.00696461 -1.79894 -0.0477 0.998831 0.00777592 -0.282123 0.00732781 -0.00743465 0.999946 0.0213133
1690902644358935040 506 0.999835 -0.0179278 -0.00298282 -1.75945 0.0179346 0.999837 0.00226872 -0.293566 0.00294166 -0.00232184 0.999993 0.0215274
1690902644508809984 509 0.997531 -0.0702212 -6.80083e-05 -1.72916 0.0702207 0.997527 -0.003112 -0.300033 0.000286368 0.00309954 0.999995 0.0202564
1690902644658497024 513 0.992585 -0.121555 -2.53564e-05 -1.69555 0.121552 0.992561 -0.00695753 -0.304932 0.000870893 0.00690285 0.999976 0.0199846
1690902644858244864 515 0.982184 -0.187843 0.00535649 -1.6505 0.187875 0.982174 -0.00614717 -0.309389 -0.0041063 0.007044 0.999967 0.0197193
1690902644958048512 518 0.975375 -0.220486 0.00540936 -1.62829 0.220496 0.975387 -0.00150304 -0.308663 -0.00494482 0.00265877 0.999984 0.0206552
1690902645107688448 521 0.963098 -0.269102 0.00516486 -1.59481 0.269108 0.96311 -0.00051388 -0.307896 -0.00483604 0.00188482 0.999987 0.0187107
1690902645257346560 524 0.944908 -0.327331 -0.00193794 -1.56134 0.327329 0.94491 -0.00131558 -0.306941 0.00226181 0.000608756 0.999997 0.0171942
1690902645406932736 528 0.924847 -0.380261 -0.00767368 -1.5257 0.380246 0.924879 -0.00342036 -0.303095 0.00839786 0.000245429 0.999965 0.0179166
1690902645606490368 531 0.896737 -0.442548 -0.00381874 -1.47898 0.442561 0.89673 0.00383788 -0.29309 0.00172593 -0.00513159 0.999985 0.0178725
1690902645756241664 534 0.868661 -0.495382 -0.00491993 -1.44448 0.495393 0.868668 0.0014284 -0.285258 0.00356618 -0.0036781 0.999987 0.0167811
1690902645905948928 537 0.836029 -0.548685 0.00122078 -1.41032 0.548686 0.836023 -0.00305871 -0.27667 0.000657668 0.003227 0.999995 0.0161977
1690902646056109824 540 0.800803 -0.598894 0.00639493 -1.37651 0.59891 0.800816 -0.000831384 -0.264497 -0.00462325 0.00449576 0.999979 0.0165411
1690902646205868032 542 0.77063 -0.637128 0.0140545 -1.34517 0.637191 0.770706 3.63044e-05 -0.249902 -0.010855 0.00892739 0.999901 0.0158449
1690902646306082048 544 0.745925 -0.665981 0.00806322 -1.32524 0.666003 0.745949 -0.000103123 -0.240423 -0.00594607 0.00544705 0.999967 0.0156317
1690902646406023424 547 0.718505 -0.695495 0.0060388 -1.3042 0.695518 0.718502 -0.00308425 -0.229106 -0.00219381 0.00641615 0.999977 0.0153915
1690902646555868928 549 0.675461 -0.737288 0.0125877 -1.27299 0.737393 0.675406 -0.00882761 -0.211513 -0.00199329 0.0152448 0.999882 0.0136853
1690902646655952640 551 0.647119 -0.762351 0.00764313 -1.25293 0.762377 0.647019 -0.0121382 -0.19806 0.0043083 0.0136818 0.999897 0.0127097
1690902646756023552 554 0.61718 -0.786793 0.00668729 -1.23376 0.786822 0.617161 -0.00492553 -0.182061 -0.000251757 0.00830164 0.999966 0.014443
1690902646906056448 555 0.569201 -0.822173 0.00641338 -1.20462 0.822198 0.569188 -0.00394758 -0.157614 -0.00040483 0.00752004 0.999972 0.0127907
1690902646955985152 558 0.550509 -0.834796 0.00744964 -1.19457 0.834829 0.550489 -0.00462591 -0.149058 -0.000239257 0.00876578 0.999962 0.0126945
1690902647106220032 560 0.496947 -0.867778 0.0021894 -1.16755 0.86778 0.496941 -0.00266666 -0.120925 0.00122606 0.00322511 0.999994 0.0126806
1690902647206528768 563 0.462163 -0.886795 -0.000722391 -1.15051 0.886791 0.462164 -0.00245955 -0.101913 0.00251498 0.000496103 0.999997 0.0131269
1690902647356565248 566 0.411479 -0.91141 -0.00415641 -1.1263 0.911419 0.411469 0.00307857 -0.0709211 -0.00109561 -0.00505499 0.999987 0.0135389
1690902647506690560 569 0.360951 -0.932582 0.00234174 -1.10628 0.932582 0.360955 0.00173243 -0.0463803 -0.00246089 0.00155855 0.999996 0.0110586
1690902647657208064 571 0.318585 -0.947894 -0.000427863 -1.0925 0.947879 0.318583 -0.00546327 -0.0237204 0.00531491 0.00133496 0.999985 0.0112727
1690902647757445888 590 0.304459 -0.952525 0.00106499 -1.0876 0.952523 0.304456 -0.00256456 -0.0122243 0.00211857 0.00179523 0.999996 0.0116758
1690902648708191488 591 0.287247 -0.957856 0.000102806 -1.09967 0.957849 0.287245 -0.00393695 -0.0679088 0.0037415 0.00122935 0.999992 0.0115818
1690902648757868800 592 0.28651 -0.958075 -0.00220105 -1.10136 0.958072 0.286516 -0.00264432 -0.076026 0.00316409 -0.00135114 0.999994 0.0111664
1690902648807965696 593 0.283371 -0.958991 -0.00610183 -1.10365 0.959001 0.283391 -0.00260405 -0.0834955 0.00422646 -0.00511374 0.999978 0.0118076
1690902648857739520 594 0.280795 -0.959743 -0.00683678 -1.10553 0.959762 0.280811 -0.00148121 -0.0894097 0.00334142 -0.00614576 0.999976 0.0127839
1690902648907923968 595 0.278001 -0.960557 -0.00679614 -1.107 0.960579 0.278007 9.47556e-05 -0.0960822 0.00179836 -0.00655457 0.999977 0.0129146
1690902648958013952 597 0.27471 -0.961493 -0.00810544 -1.10878 0.961522 0.274726 -0.000955074 -0.103355 0.00314507 -0.00753119 0.999967 0.012397
1690902649058062848 603 0.272525 -0.96214 -0.00400368 -1.11227 0.962127 0.272544 -0.00556236 -0.120546 0.00644295 -0.00233617 0.999977 0.0125681
1690902649358040064 605 0.255251 -0.966812 0.0110117 -1.11937 0.966856 0.255159 -0.00914287 -0.175183 0.0060297 0.0129805 0.999898 0.0127324
1690902649458214656 612 0.248363 -0.968539 0.0157732 -1.12203 0.968663 0.248282 -0.00694075 -0.192751 0.00280619 0.0170027 0.999852 0.012797
1690902649808305152 614 0.234811 -0.971981 0.0108513 -1.1363 0.97204 0.234781 -0.00395098 -0.263188 0.0012926 0.0114756 0.999933 0.0142681
1690902649908620544 616 0.234191 -0.972077 0.0148358 -1.1416 0.97219 0.234178 -0.00265349 -0.286221 -0.000894834 0.0150447 0.999886 0.0149902
1690902650008528640 618 0.245687 -0.969199 0.0170722 -1.15014 0.969349 0.24563 -0.00541441 -0.310473 0.00105419 0.0178792 0.99984 0.0132432
1690902650108557312 619 0.274265 -0.961541 0.0147615 -1.15963 0.961654 0.274241 -0.00361527 -0.334331 -0.000571997 0.015187 0.999885 0.0161642
1690902650158523392 621 0.287238 -0.957834 0.00699545 -1.16617 0.957851 0.287198 -0.00616194 -0.346441 0.00389304 0.00847055 0.999957 0.0136958
1690902650258291200 622 0.316073 -0.948735 -0.000232394 -1.17796 0.948735 0.316073 -8.58502e-05 -0.365797 0.000154903 -0.000193346 1 0.0182801
1690902650308203520 624 0.332487 -0.943108 0.000809671 -1.18357 0.943108 0.332487 0.000492711 -0.376769 -0.000733884 0.000599787 1 0.0169799
1690902650408098304 626 0.36099 -0.932569 -0.00157215 -1.1943 0.932551 0.360971 0.00700795 -0.398041 -0.00596789 -0.0039959 0.999974 0.0165863
1690902650507739136 630 0.382923 -0.923761 -0.00591141 -1.20917 0.923769 0.382942 -0.00254926 -0.423415 0.00461863 -0.0044846 0.999979 0.0175269
1690902650707088640 634 0.430588 -0.902549 -0.000407494 -1.23511 0.902517 0.430576 -0.00823073 -0.467388 0.00760409 0.00317629 0.999966 0.0185372
1690902650907403520 637 0.473758 -0.880652 0.00229523 -1.25965 0.880645 0.473739 -0.00596301 -0.503533 0.004164 0.00484631 0.99998 0.0200017
1690902651056816128 639 0.508409 -0.861093 0.0061645 -1.27966 0.861115 0.508402 -0.00274609 -0.529235 -0.000769412 0.00670448 0.999977 0.0208362
1690902651156972800 642 0.526234 -0.85031 0.00713021 -1.29495 0.850338 0.526233 -0.00211173 -0.548776 -0.00195653 0.00717435 0.999972 0.0215842
1690902651306391808 643 0.559366 -0.828757 0.0164778 -1.32412 0.828816 0.559501 0.00479793 -0.583136 -0.0131956 0.0109732 0.999853 0.0194589
1690902651356332288 644 0.572783 -0.819688 0.00551994 -1.33595 0.819694 0.572723 -0.00947569 -0.597732 0.00460571 0.00995217 0.99994 0.0194571
1690902651406306304 645 0.584269 -0.811551 0.00371693 -1.34686 0.811553 0.58424 -0.00677119 -0.610451 0.00332359 0.00697268 0.99997 0.0240641
1690902651456335616 646 0.593729 -0.804629 0.00759898 -1.35653 0.804587 0.593776 0.00835156 -0.620503 -0.011232 0.00115548 0.999936 0.0236327
1690902651506341632 647 0.603401 -0.797413 0.00629029 -1.36748 0.797372 0.603434 0.00807066 -0.631044 -0.0102314 0.00014586 0.999948 0.0210747
1690902651556311552 648 0.613595 -0.789619 -0.00152602 -1.37984 0.789621 0.613593 0.00155543 -0.643371 -0.000291841 -0.00215938 0.999998 0.0240409
1690902651606186240 649 0.624595 -0.780946 0.00186541 -1.39022 0.780922 0.624592 0.00675442 -0.654639 -0.00643996 -0.00276204 0.999975 0.0249237
1690902651656224256 650 0.632614 -0.774467 0.000462167 -1.40115 0.77445 0.632603 0.00635702 -0.669073 -0.00521567 -0.00366361 0.99998 0.020321
1690902651706106112 653 0.634862 -0.772575 -0.00878348 -1.41133 0.772599 0.634893 -0.00102498 -0.681266 0.00636844 -0.00613539 0.999961 0.0231872
1690902651856040448 658 0.641495 -0.767067 -0.00959625 -1.44008 0.767098 0.641529 -0.000653984 -0.712063 0.00665793 -0.00694174 0.999954 0.0239286
1690902652105926400 663 0.640809 -0.767686 -0.00466704 -1.47489 0.767689 0.640821 -0.00138342 -0.758618 0.00405277 -0.00269633 0.999988 0.025675
1690902652355942656 665 0.626568 -0.779335 0.00706086 -1.50351 0.779364 0.626563 -0.00313281 -0.799555 -0.00198257 0.0074659 0.99997 0.0268781
1690902652455770368 667 0.618375 -0.785687 0.0175734 -1.51449 0.785754 0.618524 0.00430054 -0.816921 -0.0142485 0.0111491 0.999836 0.0277614
1690902652555916544 668 0.60699 -0.794633 0.0110395 -1.52863 0.794669 0.607041 0.00166907 -0.838443 -0.00802772 0.00775963 0.999938 0.0250881
1690902652605721600 669 0.601976 -0.798495 0.00544204 -1.53631 0.798486 0.601884 -0.0124837 -0.852723 0.00669272 0.0118603 0.999907 0.0281862
1690902652655849472 670 0.596394 -0.802617 0.0109247 -1.54208 0.802691 0.596352 -0.00714964 -0.863121 -0.000776535 0.0130332 0.999915 0.0295699
1690902652705854464 671 0.586615 -0.809729 0.0148723 -1.54842 0.809781 0.586721 0.00371622 -0.87394 -0.011735 0.00986334 0.999882 0.0285662
1690902652755741440 673 0.576479 -0.817097 0.00498153 -1.55537 0.817097 0.576494 0.00250232 -0.884173 -0.00491646 0.00262786 0.999984 0.0264715
1690902652855675904 675 0.569149 -0.822228 -0.003315 -1.57036 0.822212 0.569159 -0.00511365 -0.906041 0.00609135 0.000184798 0.999981 0.0286152
1690902652955897600 676 0.562051 -0.827099 0.00239143 -1.57956 0.827091 0.562056 0.00366704 -0.928123 -0.00437712 -8.31316e-05 0.99999 0.0264316
1690902653005771008 678 0.55176 -0.833989 -0.00481532 -1.58552 0.833943 0.55178 -0.0088293 -0.93949 0.0100205 0.000855951 0.999949 0.0273586
1690902653105640960 679 0.533266 -0.845928 -0.00571919 -1.59514 0.845899 0.533296 -0.0071509 -0.955909 0.00909917 -0.00102452 0.999958 0.0283028
1690902653155922944 684 0.526918 -0.849886 -0.00716853 -1.59937 0.849845 0.526965 -0.00848294 -0.963989 0.0109871 -0.00162233 0.999938 0.0280865
1690902653406076928 689 0.511781 -0.859101 -0.0050896 -1.61237 0.859036 0.511806 -0.0105789 -0.992032 0.0116933 0.00104196 0.999931 0.0289274
1690902653655893248 697 0.514145 -0.857666 -0.00795869 -1.6126 0.857644 0.514197 -0.00696361 -0.988301 0.0100648 -0.00324542 0.999944 0.0285994
1690902654056034560 698 0.559207 -0.828929 -0.0128222 -1.60056 0.82899 0.559263 -0.000990551 -0.949689 0.00799205 -0.0100755 0.999917 0.0279478
1690902654105993216 699 0.568262 -0.82277 -0.0113022 -1.59845 0.822831 0.568285 0.00141418 -0.944761 0.00525931 -0.0101034 0.999935 0.0282206
1690902654156013568 700 0.578511 -0.815606 -0.0106189 -1.59632 0.815668 0.578508 0.00360727 -0.939217 0.00320102 -0.0107484 0.999937 0.0278595
1690902654205893888 702 0.590698 -0.80684 -0.00927091 -1.59364 0.806885 0.590705 0.0022513 -0.933147 0.00365993 -0.00881039 0.999954 0.0276795
1690902654305971968 703 0.616347 -0.787449 -0.00639101 -1.58795 0.787473 0.61631 0.0069047 -0.919457 -0.00149825 -0.00928844 0.999956 0.027516
1690902654355972608 706 0.630513 -0.776163 -0.0049921 -1.58517 0.776179 0.630495 0.00479203 -0.913323 -0.000571907 -0.0068962 0.999976 0.0275056
1690902654505806080 707 0.668962 -0.743296 0.000987478 -1.57396 0.743267 0.668947 0.00797287 -0.892957 -0.00658677 -0.00459959 0.999968 0.0272733
1690902654555959040 710 0.681103 -0.732186 -0.00171932 -1.57029 0.732158 0.681052 0.0106064 -0.885668 -0.00659493 -0.00848288 0.999942 0.0274116
1690902654705676032 711 0.725406 -0.688291 0.00642357 -1.5578 0.688276 0.725434 0.00468252 -0.864427 -0.00788282 0.00102446 0.999968 0.0281264
1690902654755707904 712 0.742096 -0.670286 0.00320266 -1.55377 0.670289 0.7421 0.000334252 -0.857358 -0.00260074 0.00189866 0.999995 0.0278784
1690902654805773568 713 0.759233 -0.650817 0.00155993 -1.54787 0.650815 0.759234 0.00150714 -0.848332 -0.00216523 -0.000129048 0.999998 0.0275799
1690902654855808768 714 0.775268 -0.631573 0.00865592 -1.54128 0.631559 0.775314 0.00462209 -0.83941 -0.00963025 0.00188337 0.999952 0.0275317
1690902654905793280 715 0.791933 -0.610501 0.0114399 -1.53452 0.610457 0.792015 0.00739909 -0.83054 -0.0135777 0.00112398 0.999907 0.0277569
1690902654955830784 716 0.8102 -0.586039 0.0115968 -1.52761 0.586057 0.810267 0.00220691 -0.821731 -0.0106899 0.00500836 0.99993 0.0264659
1690902655005828608 717 0.829119 -0.559068 0.0020953 -1.52053 0.559069 0.829096 -0.00639647 -0.81337 0.00183886 0.00647485 0.999977 0.0256733
1690902655056009984 718 0.843947 -0.536426 -0.000798895 -1.5122 0.536427 0.843947 0.000356614 -0.804017 0.000482928 -0.000729512 1 0.0270444
1690902655105998336 719 0.85874 -0.512294 0.0109816 -1.50308 0.512202 0.858804 0.0102486 -0.793772 -0.0146814 -0.00317608 0.999887 0.0246616
1690902655156059392 720 0.873226 -0.487295 0.00454349 -1.4945 0.487244 0.873219 0.00897663 -0.785349 -0.00834173 -0.00562483 0.999949 0.0224599
1690902655205982208 721 0.885517 -0.464455 -0.0118616 -1.48714 0.464553 0.885513 0.0075298 -0.77758 0.00700637 -0.0121781 0.999901 0.0241127
1690902655256128000 722 0.896947 -0.442092 -0.00640012 -1.47791 0.442136 0.896804 0.0160522 -0.768097 -0.00135688 -0.0172277 0.999851 0.0236522
1690902655306262528 723 0.907309 -0.420446 -0.00394213 -1.46854 0.420451 0.907167 0.016384 -0.759916 -0.00331241 -0.0165228 0.999858 0.0221704
1690902655356395264 724 0.91808 -0.396239 -0.0111327 -1.457 0.396358 0.918017 0.0120681 -0.750352 0.00543815 -0.015492 0.999865 0.0229435
1690902655406297344 725 0.92913 -0.369738 -0.00342222 -1.44708 0.369753 0.92906 0.0114212 -0.743598 -0.0010434 -0.0118771 0.999929 0.0219543
1690902655456225280 726 0.937976 -0.346685 -0.00325477 -1.43688 0.3467 0.937917 0.0105162 -0.738243 -0.000593102 -0.0109924 0.999939 0.0211912
1690902655506263552 729 0.944939 -0.327235 -0.00289947 -1.42736 0.327247 0.944884 0.0102006 -0.731835 -0.000598336 -0.0105878 0.999944 0.0228774
1690902655656359936 730 0.964679 -0.26331 0.00786574 -1.40264 0.263286 0.964709 0.00400465 -0.714745 -0.00864262 -0.00179227 0.999961 0.0233556
1690902655706520320 732 0.97051 -0.240978 0.00631015 -1.39345 0.240937 0.970518 0.00659238 -0.708844 -0.00771273 -0.00487762 0.999958 0.0225729
1690902655806625024 734 0.982113 -0.188254 0.00392999 -1.37311 0.188203 0.982072 0.0106741 -0.695904 -0.00586897 -0.00974355 0.999935 0.0219697
1690902655906660608 735 0.990998 -0.133662 0.00756895 -1.35175 0.133669 0.991026 -0.000375574 -0.685463 -0.00745082 0.00138392 0.999971 0.0197469
1690902655956826112 736 0.993963 -0.109572 0.00562139 -1.33948 0.109558 0.993976 0.00284152 -0.680535 -0.00589888 -0.0022085 0.99998 0.0215585
1690902656007193600 738 0.996196 -0.0869838 0.00529438 -1.32761 0.0869482 0.996191 0.00662048 -0.675129 -0.00585008 -0.00613496 0.999964 0.0195796
1690902656107096576 739 0.99927 -0.0381943 0.000921698 -1.30285 0.0381915 0.999266 0.00284496 -0.663649 -0.00102968 -0.00280768 0.999996 0.0180903
1690902656157187840 741 0.999934 -0.011461 -0.00073346 -1.29246 0.0114622 0.999933 0.00162242 -0.660576 0.000714816 -0.00163072 0.999998 0.0191623
1690902656257457152 743 0.999391 0.0348872 0.000849072 -1.27169 -0.03489 0.999385 0.00355372 -0.65445 -0.00072457 -0.00358118 0.999993 0.0172195
1690902656357862656 744 0.99664 0.0818947 0.00142682 -1.24432 -0.081904 0.996603 0.00857977 -0.646684 -0.00071934 -0.0086678 0.999962 0.0173311
1690902656407798528 747 0.994698 0.102784 0.00328579 -1.23217 -0.102823 0.994579 0.0154605 -0.644037 -0.00167888 -0.0157163 0.999875 0.0153875
1690902656558030848 751 0.988973 0.148008 0.00512095 -1.19412 -0.148083 0.988756 0.0208046 -0.636356 -0.00198412 -0.0213335 0.99977 0.0168798
