1690902621256829184 47 0.99503 -0.0993425 0.00675436 -0.175403 0.0994213 0.994966 -0.0125519 -0.055475 -0.00547342 0.0131611 0.999898 0.00303093
1690902621407069440 50 0.989895 -0.141151 0.0135832 -0.22666 0.141358 0.989834 -0.0157165 -0.0793462 -0.0112267 0.0174778 0.999784 0.00585423
1690902621557217024 53 0.981234 -0.192499 0.0111095 -0.29259 0.192611 0.981224 -0.0100581 -0.108566 -0.00896474 0.0120091 0.999888 0.00217751
1690902621707239680 56 0.970896 -0.239287 0.0101549 -0.369308 0.239402 0.970844 -0.0122181 -0.147625 -0.00693517 0.0142936 0.999874 0.00702453
1690902621857460480 58 0.953996 -0.299795 0.0039038 -0.448693 0.299818 0.95396 -0.00838246 -0.189217 -0.00121105 0.00916726 0.999957 0.0021228
1690902621957460224 61 0.944692 -0.327957 0.000813287 -0.502385 0.327957 0.944679 -0.00501683 -0.219864 0.000877008 0.00500608 0.999987 0.00971276
1690902622107271168 64 0.923359 -0.383935 -0.00134143 -0.56839 0.383909 0.923328 -0.00893016 -0.269978 0.00466718 0.00773076 0.999959 0.0110482
1690902622257233920 68 0.90114 -0.433477 -0.00669918 -0.63717 0.433382 0.90113 -0.0120117 -0.318901 0.0112436 0.0079209 0.999905 0.00934643
1690902622457161472 73 0.87654 -0.481327 -0.00112315 -0.695876 0.481291 0.876499 -0.0104046 -0.370177 0.00599246 0.00857948 0.999945 0.0144886
1690902622706686720 77 0.84583 -0.533373 0.00923698 -0.761478 0.533447 0.845775 -0.00990493 -0.438372 -0.00252938 0.0133053 0.999908 0.0129009
1690902622906486016 81 0.812877 -0.582135 0.0187336 -0.805354 0.582334 0.812915 -0.00747935 -0.494321 -0.0108748 0.016989 0.999797 0.0159328
1690902623106237696 84 0.773907 -0.633199 0.0112754 -0.868003 0.633295 0.773844 -0.0101704 -0.56832 -0.00228549 0.0150116 0.999885 0.0156836
1690902623256289536 87 0.735198 -0.677784 0.00963719 -0.908303 0.677851 0.73515 -0.00850175 -0.628804 -0.00132242 0.012783 0.999917 0.0156613
1690902623406163968 90 0.701903 -0.712244 0.0064403 -0.951426 0.712247 0.70177 -0.014975 -0.696897 0.00614624 0.0150981 0.999867 0.0130863
1690902623556273152 93 0.661053 -0.750316 0.0058836 -0.986766 0.750287 0.660895 -0.0169394 -0.762078 0.00882143 0.0156122 0.999839 0.0159899
1690902623706046464 97 0.630442 -0.776223 0.00457829 -1.01782 0.776173 0.630305 -0.0164623 -0.817698 0.00989267 0.013932 0.999854 0.0160325
1690902623906025472 101 0.590155 -0.807273 0.00516482 -1.0502 0.80726 0.590067 -0.012339 -0.885146 0.00691337 0.0114513 0.999911 0.0185385
1690902624105879552 105 0.554525 -0.832111 0.00969598 -1.07135 0.83212 0.554331 -0.0171579 -0.944585 0.00890248 0.0175827 0.999806 0.0186989
1690902624305893376 106 0.512529 -0.858452 0.0193429 -1.08622 0.858636 0.51218 -0.0204019 -1.00515 0.00760704 0.0270651 0.999605 0.0187504
1690902624355623424 108 0.500052 -0.865765 0.0199759 -1.08971 0.865973 0.499738 -0.0188011 -1.02062 0.00629463 0.0267001 0.999624 0.0209223
1690902624456033536 109 0.474698 -0.87984 0.0232986 -1.09745 0.880148 0.474565 -0.0112813 -1.05251 -0.00113091 0.0258614 0.999665 0.0215589
1690902624505975808 112 0.4614 -0.886848 0.0247281 -1.10042 0.887186 0.461323 -0.00906654 -1.07164 -0.00336701 0.0261218 0.999653 0.0212486
1690902624655877632 114 0.418801 -0.907854 0.0201478 -1.11593 0.908013 0.418403 -0.0212405 -1.14092 0.0108534 0.02719 0.999571 0.022116
1690902624755837696 117 0.386562 -0.922078 0.0184592 -1.1229 0.922253 0.386389 -0.012335 -1.1863 0.00424141 0.0217923 0.999754 0.0194706
1690902624905691392 118 0.334612 -0.942327 0.00738157 -1.13645 0.942321 0.334521 -0.0112864 -1.25869 0.00816623 0.0107324 0.999909 0.0217618
1690902624955638016 121 0.321015 -0.947062 0.00477072 -1.1393 0.947049 0.320967 -0.00884038 -1.28474 0.00684114 0.007356 0.99995 0.0199254
1690902625105836288 122 0.263642 -0.964561 0.0107173 -1.13928 0.964497 0.263415 -0.018933 -1.36191 0.015439 0.0153284 0.999763 0.0202854
1690902625155662336 124 0.244953 -0.969476 0.0107162 -1.13925 0.969389 0.244709 -0.0200843 -1.38636 0.0168489 0.0153078 0.999741 0.0210019
1690902625255789312 126 0.21067 -0.977482 0.0121127 -1.13842 0.977436 0.210433 -0.0183629 -1.43288 0.0154005 0.015708 0.999758 0.0196573
1690902625356235520 129 0.178925 -0.983748 0.0150365 -1.13582 0.983653 0.17855 -0.0233694 -1.47874 0.0203048 0.0189721 0.999614 0.0243733
1690902625506423296 133 0.135051 -0.990719 0.0153753 -1.13042 0.990722 0.13478 -0.0174616 -1.53694 0.0152273 0.0175909 0.999729 0.0225086
1690902625706694400 136 0.0839196 -0.996065 0.0284962 -1.11362 0.996423 0.0835953 -0.0123878 -1.60823 0.00995688 0.0294339 0.999517 0.0228107
1690902625857057792 139 0.035222 -0.998874 0.0317932 -1.1001 0.999369 0.0350578 -0.00570599 -1.65749 0.00458496 0.0319741 0.999478 0.0239757
1690902626006993920 143 -0.0151771 -0.999604 0.0236882 -1.08532 0.999872 -0.0152925 -0.00469582 -1.72325 0.00505621 0.0236139 0.999708 0.0200425
1690902626207642112 146 -0.0765875 -0.99648 0.0340815 -1.0512 0.997001 -0.0769181 -0.00849809 -1.80771 0.0110897 0.0333284 0.999383 0.0196624
1690902626357992192 148 -0.135164 -0.990524 0.0243662 -1.03188 0.990602 -0.135612 -0.0177771 -1.87654 0.020913 0.0217344 0.999545 0.0199434
1690902626458402560 151 -0.168091 -0.985559 0.0204547 -1.01162 0.985552 -0.168455 -0.0175875 -1.92108 0.0207792 0.0172029 0.999636 0.0203619
1690902626608856064 155 -0.219476 -0.975494 0.0155392 -0.981708 0.975399 -0.219736 -0.0176899 -1.98213 0.0206709 0.0112744 0.999723 0.0188604
1690902626809839360 156 -0.275075 -0.961248 0.0183472 -0.945407 0.961213 -0.275363 -0.015619 -2.05123 0.0200659 0.0133392 0.99971 0.0242276
1690902626860036608 160 -0.287705 -0.957514 0.0198043 -0.933234 0.957537 -0.287992 -0.0135468 -2.06804 0.0186747 0.0150659 0.999712 0.0200988
1690902627061227520 165 -0.340834 -0.939731 0.0271469 -0.892841 0.939715 -0.341395 -0.0196384 -2.12918 0.0277227 0.0188169 0.999439 0.0230815
1690902627312570112 174 -0.38838 -0.920984 0.0308051 -0.852131 0.921124 -0.388959 -0.0155428 -2.18547 0.0262966 0.0223388 0.999405 0.022787
1690902627763135744 182 -0.432133 -0.901208 0.0329323 -0.839097 0.901378 -0.432768 -0.0151592 -2.17632 0.0279136 0.0231337 0.999343 0.0214047
1690902628163847168 188 -0.482145 -0.875591 0.0296175 -0.859131 0.875745 -0.482629 -0.0117955 -2.07999 0.0246223 0.0202503 0.999492 0.0211264
1690902628463983616 193 -0.525279 -0.850511 0.0267117 -0.881632 0.850662 -0.525643 -0.00862767 -2.0031 0.0213787 0.0181906 0.999606 0.0237596
1690902628713890048 196 -0.571568 -0.820173 0.0250185 -0.90643 0.820233 -0.571932 -0.0105743 -1.92751 0.0229816 0.0144771 0.999631 0.0212063
1690902628864557056 201 -0.603942 -0.796576 0.0268567 -0.925495 0.796555 -0.604401 -0.0141004 -1.88005 0.0274643 0.012877 0.99954 0.0209164
1690902629114564352 204 -0.650192 -0.75932 0.0261447 -0.956729 0.75927 -0.650628 -0.0138969 -1.80881 0.0275627 0.0108152 0.999562 0.0190731
1690902629264606464 211 -0.674352 -0.73786 0.0284987 -0.973599 0.737882 -0.674827 -0.0117979 -1.77524 0.0279369 0.0130727 0.999524 0.0187955
1690902629615148544 216 -0.710021 -0.70364 0.0275957 -1.00399 0.703845 -0.710347 -0.00303118 -1.71437 0.0217354 0.0172709 0.999615 0.0209154
1690902629864965376 221 -0.741312 -0.670573 0.0280658 -1.03161 0.670755 -0.74167 -0.00376049 -1.66438 0.0233372 0.0160376 0.999599 0.0223293
1690902630115090688 223 -0.781356 -0.623122 0.0346643 -1.08362 0.623457 -0.781856 -0.00143589 -1.58358 0.0279972 0.0204898 0.999398 0.0250039
1690902630215136768 227 -0.797461 -0.602366 0.0347886 -1.11041 0.602736 -0.797941 0.000163797 -1.5488 0.0276606 0.021099 0.999395 0.0254764
1690902630415087104 228 -0.833035 -0.552156 0.0342994 -1.13655 0.552613 -0.833424 0.00482036 -1.51645 0.0259243 0.0229698 0.9994 0.0254026
1690902630465170944 230 -0.841407 -0.539313 0.0342935 -1.14729 0.539741 -0.841822 0.00396832 -1.50468 0.0267288 0.0218486 0.999404 0.0271643
1690902630565067520 232 -0.857006 -0.514368 0.0310842 -1.17573 0.514614 -0.857422 -0.000100056 -1.47872 0.0267037 0.0159106 0.999517 0.0282317
1690902630665059584 233 -0.872389 -0.488345 0.02137 -1.21096 0.488451 -0.872591 -0.000286269 -1.44969 0.0187871 0.0101885 0.999772 0.029259
1690902630714924800 234 -0.880791 -0.473043 0.0209106 -1.22692 0.473163 -0.880975 0.000875834 -1.43289 0.0180074 0.0106655 0.999781 0.0252186
1690902630764904192 235 -0.89005 -0.454988 0.0282315 -1.23966 0.455153 -0.890413 -0.000633826 -1.41641 0.0254261 0.0122855 0.999601 0.0254598
1690902630814507776 237 -0.899189 -0.436556 0.0296315 -1.25772 0.436727 -0.899594 -0.000772736 -1.3999 0.0269936 0.012246 0.999561 0.0279848
1690902630914387456 238 -0.915398 -0.401167 0.0333399 -1.29401 0.401364 -0.915918 -0.000844119 -1.36918 0.0308753 0.0126088 0.999444 0.0257309
1690902630964128256 241 -0.922815 -0.383816 0.0331432 -1.31244 0.383995 -0.923335 -0.00104668 -1.35544 0.031004 0.0117609 0.99945 0.0267897
1690902631113251584 242 -0.942203 -0.333406 0.0330874 -1.36918 0.333481 -0.942751 -0.00337532 -1.31698 0.0323186 0.0078538 0.999447 0.0253449
1690902631163136512 245 -0.947771 -0.317378 0.0316348 -1.38728 0.317408 -0.94828 -0.00419771 -1.30573 0.0313309 0.00606266 0.999491 0.0272709
1690902631311745024 248 -0.961574 -0.272938 0.0296762 -1.43633 0.273021 -0.962007 -0.00126273 -1.27448 0.0288933 0.00688802 0.999559 0.0288122
1690902631460725504 251 -0.974945 -0.220419 0.0299493 -1.47833 0.220488 -0.975389 -0.0010376 -1.24796 0.0294409 0.00559185 0.999551 0.0285688
1690902631609530368 254 -0.985264 -0.167741 0.0334485 -1.52455 0.167697 -0.98583 -0.00414148 -1.22543 0.0336692 0.00152875 0.999432 0.0290386
1690902631758288384 258 -0.99201 -0.122448 0.0303569 -1.5704 0.122589 -0.992454 0.00278857 -1.20373 0.0297864 0.0064877 0.999535 0.0312645
1690902631957073920 262 -0.997377 -0.0688224 0.0224234 -1.64659 0.0689119 -0.997617 0.00324265 -1.17599 0.0221469 0.00477939 0.999743 0.0333136
1690902632156376064 266 -0.999666 -0.0173369 0.0191564 -1.71972 0.0173184 -0.999849 -0.00113468 -1.15649 0.0191732 -0.000802543 0.999816 0.0357405
1690902632355863296 269 -0.998646 0.0485299 0.0187547 -1.8132 -0.0484276 -0.998809 0.00586822 -1.13015 0.0190171 0.00495203 0.999807 0.0355
1690902632505613312 272 -0.994363 0.103726 0.0219699 -1.87253 -0.103435 -0.994538 0.0139983 -1.11527 0.0233018 0.0116469 0.999661 0.0371867
1690902632655004160 275 -0.987711 0.154134 0.0258656 -1.98013 -0.153894 -0.988026 0.011058 -1.1018 0.0272603 0.00694151 0.999604 0.0352106
1690902632804751616 278 -0.979267 0.201432 0.0214565 -2.04757 -0.201293 -0.979495 0.00845156 -1.09816 0.0227189 0.00395729 0.999734 0.0379973
1690902632953938688 281 -0.967599 0.251526 0.0220562 -2.1114 -0.251501 -0.967849 0.00397132 -1.09755 0.022346 -0.00170451 0.999749 0.0383249
1690902633103549440 284 -0.953367 0.300943 0.0229127 -2.17301 -0.300701 -0.953624 0.0134409 -1.09567 0.025895 0.00592422 0.999647 0.0380417
1690902633252925184 288 -0.936049 0.350512 0.0308756 -2.23048 -0.350359 -0.936558 0.0104114 -1.09592 0.0325661 -0.001072 0.999469 0.0402511
1690902633452059904 292 -0.913477 0.405762 0.0302952 -2.29658 -0.405823 -0.913941 0.00436171 -1.1098 0.0294578 -0.00831016 0.999531 0.0421178
1690902633651438336 295 -0.886891 0.461287 0.0252737 -2.37197 -0.461357 -0.887208 0.00331523 -1.12431 0.0239523 -0.00871997 0.999675 0.0436882
1690902633801176576 299 -0.860599 0.508417 0.0296793 -2.42071 -0.508327 -0.861093 0.011079 -1.13341 0.0311894 -0.00555223 0.999498 0.0439081
1690902634000750080 302 -0.828324 0.559878 0.0204003 -2.4718 -0.559655 -0.828574 0.0158912 -1.14937 0.0258003 0.00174597 0.999666 0.0436839
1690902634150625024 305 -0.805162 0.592642 0.0221116 -2.50503 -0.592411 -0.805466 0.0165483 -1.16257 0.0276173 0.000224952 0.999619 0.0439371
1690902634300649472 310 -0.783235 0.621321 0.0224313 -2.53497 -0.62124 -0.783539 0.0112527 -1.1782 0.0245674 -0.00512172 0.999685 0.0452745
1690902634550752768 317 -0.746472 0.665135 0.0193702 -2.59049 -0.665138 -0.746686 0.0072441 -1.20851 0.0192818 -0.00747633 0.999786 0.0466364
1690902634901182208 329 -0.713826 0.699843 0.0259308 -2.64672 -0.699931 -0.714176 0.00704572 -1.24559 0.0234501 -0.0131204 0.999639 0.0465085
1690902635502312448 338 -0.706851 0.707005 0.0224709 -2.66049 -0.706935 -0.707172 0.0123012 -1.25519 0.0245878 -0.00719032 0.999672 0.0451781
1690902635952779008 342 -0.669849 0.742179 0.0217274 -2.61545 -0.742106 -0.670159 0.012835 -1.18558 0.0240866 -0.00752652 0.999682 0.0441851
1690902636152867328 346 -0.633308 0.773659 0.0193111 -2.58023 -0.773575 -0.633568 0.0131956 -1.12104 0.0224437 -0.0065817 0.999726 0.0457556
1690902636353432832 349 -0.591481 0.805789 0.0292353 -2.53534 -0.805734 -0.592044 0.0166207 -1.03663 0.0307014 -0.0137251 0.999434 0.0433315
1690902636503916544 353 -0.546291 0.837065 0.0298159 -2.5056 -0.837053 -0.546872 0.0165221 -0.968227 0.0301356 -0.0159316 0.999419 0.0432092
1690902636704604416 354 -0.501775 0.864527 0.0285623 -2.47625 -0.864787 -0.502109 0.00554808 -0.897477 0.0191379 -0.0219164 0.999577 0.0472132
1690902636754672128 356 -0.490634 0.87107 0.022728 -2.47025 -0.87128 -0.490785 0.00124339 -0.878528 0.0122376 -0.0191924 0.999741 0.0429274
1690902636855051520 357 -0.469292 0.882776 0.0217159 -2.45895 -0.882954 -0.469452 0.00270991 -0.839046 0.0125868 -0.0179024 0.999761 0.0486104
1690902636905646848 358 -0.457325 0.88909 0.0193109 -2.45398 -0.889252 -0.457418 0.000468714 -0.819715 0.00924989 -0.0169579 0.999813 0.0463156
1690902636955894784 360 -0.443443 0.896079 0.0200276 -2.44904 -0.896254 -0.44354 0.000502113 -0.800968 0.00933301 -0.0177272 0.999799 0.0481383
1690902637057227520 361 -0.414323 0.910002 0.0152654 -2.44131 -0.910074 -0.414425 0.00413385 -0.760663 0.0100882 -0.0121799 0.999875 0.0473448
1690902637107793664 363 -0.397773 0.917378 0.0139719 -2.43793 -0.917456 -0.397833 0.00175175 -0.739658 0.00716548 -0.0121218 0.999901 0.0474941
1690902637209035520 364 -0.365723 0.930565 0.0171917 -2.42872 -0.930711 -0.365752 -0.0015335 -0.694999 0.00486086 -0.0165613 0.999851 0.0444619
1690902637259547904 365 -0.353474 0.935344 0.0137282 -2.42544 -0.935383 -0.353581 0.00626895 -0.670581 0.0107176 -0.0106252 0.999886 0.0454241
1690902637310024448 366 -0.34063 0.940146 0.0098621 -2.42372 -0.940176 -0.340674 0.00309741 -0.648668 0.00627178 -0.00821704 0.999947 0.0491073
1690902637360597248 367 -0.322182 0.946645 0.00789009 -2.42217 -0.946678 -0.322164 -0.00350226 -0.624689 -0.0007735 -0.00859773 0.999963 0.0471225
1690902637411021056 368 -0.302026 0.953237 0.0109679 -2.41991 -0.953261 -0.302097 0.00553689 -0.60122 0.00859134 -0.00878301 0.999925 0.0431716
1690902637461463552 369 -0.283407 0.958885 0.014819 -2.41699 -0.958909 -0.283559 0.00936256 -0.578598 0.0131797 -0.0115567 0.999846 0.0461381
1690902637511806976 370 -0.26657 0.963653 0.017682 -2.41495 -0.963707 -0.26677 0.0101063 -0.554096 0.014456 -0.0143462 0.999793 0.0448007
1690902637562161408 371 -0.250717 0.967836 0.0208675 -2.41239 -0.967938 -0.25097 0.010494 -0.53235 0.0153936 -0.0175674 0.999727 0.0472851
1690902637612704768 372 -0.235772 0.971549 0.0224414 -2.41141 -0.971669 -0.236066 0.0114907 -0.510568 0.0164615 -0.0190964 0.999682 0.0470598
1690902637662817536 373 -0.2181 0.975681 0.0218872 -2.41275 -0.975807 -0.21837 0.0107475 -0.489643 0.0152657 -0.0190136 0.999703 0.0496781
1690902637712886528 374 -0.199085 0.979702 0.0234179 -2.41397 -0.979915 -0.199293 0.0069133 -0.472128 0.01144 -0.0215712 0.999702 0.0478097
1690902637763083776 375 -0.181013 0.983189 0.023973 -2.41378 -0.983386 -0.181281 0.00949976 -0.453365 0.0136859 -0.0218552 0.999667 0.0465015
1690902637813085696 376 -0.164067 0.986171 0.0234418 -2.41455 -0.986366 -0.164315 0.00906459 -0.436346 0.0127911 -0.021635 0.999684 0.0495935
1690902637863070464 377 -0.149953 0.988497 0.0197105 -2.41623 -0.988582 -0.150206 0.0120073 -0.421365 0.0148299 -0.0176849 0.999734 0.0455332
1690902637913268736 378 -0.136518 0.990513 0.0157197 -2.41878 -0.990471 -0.136768 0.0161638 -0.403917 0.0181604 -0.0133633 0.999746 0.0511656
1690902637963008768 379 -0.122866 0.992329 0.0137126 -2.42286 -0.992377 -0.122981 0.00793698 -0.388411 0.00956249 -0.0126329 0.999874 0.0490899
1690902638013370880 380 -0.106137 0.994265 0.0130985 -2.42638 -0.994239 -0.106314 0.0136282 -0.370743 0.0149426 -0.0115766 0.999821 0.0441963
1690902638063152384 381 -0.0878787 0.996041 0.0133817 -2.42773 -0.995896 -0.0881418 0.0205326 -0.355707 0.0216308 -0.0115224 0.9997 0.0523961
1690902638113000192 382 -0.0723617 0.997264 0.0150866 -2.42876 -0.997331 -0.0724974 0.00864389 -0.343042 0.00971398 -0.0144209 0.999849 0.0518532
1690902638162791936 383 -0.0575892 0.998239 0.0142042 -2.42991 -0.998334 -0.0576354 0.00286495 -0.328678 0.00367857 -0.0140155 0.999895 0.0503069
1690902638212445952 384 -0.0456278 0.998889 0.0117648 -2.43379 -0.998931 -0.0457107 0.00687571 -0.315982 0.00740585 -0.0114385 0.999907 0.0495639
1690902638262278400 385 -0.0324709 0.999427 0.00956808 -2.43817 -0.999431 -0.0325556 0.00883324 -0.301181 0.00913967 -0.00927581 0.999915 0.0511084
1690902638312205312 387 -0.0177407 0.999814 0.00760477 -2.44266 -0.999818 -0.0177936 0.00694126 -0.286173 0.00707529 -0.00748024 0.999947 0.0523727
1690902638411441920 388 0.0173064 0.999812 0.00875193 -2.45135 -0.999843 0.0172734 0.00383163 -0.255888 0.00367973 -0.00881687 0.999954 0.0548579
1690902638461124096 389 0.0377973 0.999193 0.013586 -2.45452 -0.999284 0.037819 -0.00133792 -0.23958 -0.00185065 -0.0135257 0.999907 0.05598
1690902638510949120 390 0.0552823 0.998262 0.0204056 -2.4571 -0.998456 0.055381 -0.00430475 -0.223934 -0.00542736 -0.0201361 0.999783 0.0540558
1690902638560482304 391 0.0687887 0.997432 0.0199474 -2.46268 -0.997631 0.0687541 0.00241596 -0.205407 0.00103829 -0.0200663 0.999798 0.049936
1690902638610560768 392 0.0832048 0.996377 0.0176183 -2.469 -0.99652 0.0831039 0.00638338 -0.18334 0.0048961 -0.0180882 0.999824 0.0589029
1690902638660252160 393 0.0981137 0.995 0.0186945 -2.47709 -0.995137 0.0982569 -0.00690249 -0.167415 -0.00870483 -0.0179263 0.999801 0.0565793
1690902638709836800 394 0.117928 0.992858 0.0180732 -2.48558 -0.992992 0.118046 -0.00564599 -0.14906 -0.00773915 -0.0172807 0.999821 0.0509807
1690902638759641600 395 0.140298 0.989907 0.0200074 -2.49235 -0.990106 0.140219 0.00530668 -0.129669 0.00244771 -0.020554 0.999786 0.0533889
1690902638809622784 396 0.157929 0.987303 0.0170609 -2.49701 -0.987444 0.157842 0.00632693 -0.109203 0.00355367 -0.0178459 0.999834 0.0525354
1690902638859191040 397 0.171301 0.985054 0.0180009 -2.50194 -0.985164 0.171071 0.0136751 -0.0926022 0.0103913 -0.0200764 0.999744 0.0543144
1690902638908965376 399 0.183861 0.982777 0.018551 -2.50856 -0.982905 0.183634 0.0132716 -0.0765927 0.00963641 -0.020674 0.99974 0.0540284
1690902639008401920 402 0.215905 0.976314 0.0139706 -2.52284 -0.976317 0.21566 0.0171707 -0.0468374 0.0137512 -0.017347 0.999755 0.0554098
1690902639158006784 412 0.251087 0.96789 0.0119899 -2.53995 -0.967921 0.250939 0.0125665 -0.0106333 0.00915422 -0.0147606 0.999849 0.0567357
1690902639656688128 418 0.297188 0.954754 0.0111589 -2.56335 -0.954814 0.297129 0.00665855 0.0399117 0.00304163 -0.0126336 0.999916 0.0578347
1690902639956546816 425 0.31545 0.948859 0.0125398 -2.56179 -0.948942 0.315417 0.00456983 0.020536 0.000380847 -0.0133411 0.999911 0.056821
1690902640306486528 430 0.366116 0.93045 0.0149089 -2.55716 -0.930557 0.365981 0.0110376 -0.0248531 0.00481356 -0.0179146 0.999828 0.0552925
1690902640556532736 434 0.416796 0.908962 0.00832124 -2.55217 -0.908996 0.416751 0.00667192 -0.0729496 0.00259664 -0.0103448 0.999943 0.0558272
1690902640756291584 438 0.465776 0.88482 0.0121098 -2.5401 -0.884899 0.465772 0.00328045 -0.12332 -0.00273779 -0.0122439 0.999921 0.0558308
1690902640956242944 442 0.511758 0.858989 0.0155612 -2.52602 -0.85909 0.511824 -0.00035484 -0.173113 -0.00826942 -0.0131869 0.999879 0.0565583
1690902641156430336 446 0.561242 0.827553 0.0127553 -2.50912 -0.827587 0.561324 -0.00382862 -0.225494 -0.0103283 -0.00840735 0.999911 0.052319
1690902641356493824 450 0.613152 0.789924 0.00805568 -2.49125 -0.789896 0.613202 -0.00696226 -0.274127 -0.0104394 -0.00209422 0.999943 0.0511532
1690902641556441344 453 0.661399 0.750026 0.00356949 -2.46334 -0.749999 0.661407 -0.00650688 -0.329857 -0.00724121 0.00162653 0.999972 0.0522886
1690902641706514176 456 0.69817 0.715879 0.00876252 -2.43378 -0.715835 0.698224 -0.00793291 -0.383011 -0.0117972 -0.000733998 0.99993 0.0485902
1690902641856509696 457 0.737129 0.675736 0.00453741 -2.39371 -0.675672 0.737129 -0.0104191 -0.453566 -0.0103852 0.00461442 0.999935 0.0467914
1690902641906852096 460 0.749504 0.661977 0.00546777 -2.38489 -0.661944 0.749523 -0.00680216 -0.46941 -0.00860109 0.00147889 0.999962 0.0426184
1690902642056935424 461 0.786931 0.616956 0.0102547 -2.35499 -0.616992 0.786969 0.000497998 -0.504273 -0.00776286 -0.00671894 0.999947 0.0451664
1690902642107011328 464 0.796998 0.603879 0.0111477 -2.34414 -0.60391 0.797052 -0.000705644 -0.517154 -0.00931146 -0.00616984 0.999938 0.0444336
1690902642257020416 467 0.826295 0.563098 0.0125144 -2.31197 -0.563115 0.826375 -0.00247104 -0.557168 -0.011733 -0.00500525 0.999919 0.04542
1690902642406987008 468 0.859237 0.511431 0.0122797 -2.27738 -0.511508 0.859269 0.00399932 -0.594225 -0.00850621 -0.00971754 0.999917 0.0424717
1690902642457346816 471 0.87062 0.49184 0.0107312 -2.26559 -0.491891 0.870653 0.0026224 -0.606318 -0.00805333 -0.00756169 0.999939 0.0429761
1690902642607770112 472 0.895031 0.445991 0.00351209 -2.23479 -0.445933 0.895001 -0.0107825 -0.637123 -0.00795223 0.00808454 0.999936 0.0410657
1690902642657988096 474 0.901624 0.432511 0.00306035 -2.22371 -0.432443 0.901573 -0.012637 -0.647554 -0.00822478 0.0100704 0.999915 0.0401031
1690902642758101504 476 0.915511 0.402293 0.000120969 -2.20074 -0.402241 0.915397 -0.0158478 -0.667953 -0.00648619 0.0144602 0.999874 0.039537
1690902642858098176 480 0.926553 0.376164 0.000493341 -2.17606 -0.376109 0.926437 -0.0160045 -0.685604 -0.00647737 0.0146435 0.999872 0.0399286
1690902643058583808 481 0.946781 0.321847 0.00448414 -2.12799 -0.321762 0.946721 -0.0137036 -0.717452 -0.00865569 0.0115315 0.999896 0.0381841
1690902643108636160 484 0.952512 0.304474 0.00420581 -2.1146 -0.304378 0.952426 -0.015482 -0.726439 -0.00871959 0.0134667 0.999871 0.0378921
1690902643258685696 486 0.967501 0.252864 0.00159051 -2.06918 -0.252791 0.967338 -0.0188148 -0.752699 -0.00629615 0.0178013 0.999822 0.0352685
1690902643358887936 489 0.974954 0.222384 0.00307292 -2.0356 -0.222319 0.974867 -0.0144504 -0.769173 -0.00620923 0.0134053 0.999891 0.0337997
1690902643508761344 491 0.986086 0.166234 0.00114994 -1.98531 -0.166226 0.986074 -0.00512617 -0.789082 -0.00198607 0.0048637 0.999986 0.0337797
1690902643608769792 494 0.991231 0.131974 0.00656487 -1.9512 -0.131937 0.991241 -0.00582373 -0.802222 -0.00727595 0.00490651 0.999961 0.0340778
1690902643758891520 497 0.99682 0.0796132 0.00330987 -1.90194 -0.0795915 0.996808 -0.00622482 -0.820929 -0.00379488 0.00594159 0.999975 0.0312714
1690902643909046272 500 0.999784 0.0204037 -0.00391328 -1.84272 -0.0204167 0.999786 -0.00330001 -0.838378 0.00384511 0.00337919 0.999987 0.0301528
1690902644059048960 502 0.999408 -0.034387 0.000653623 -1.76634 0.0343903 0.999391 -0.00589899 -0.857945 -0.000450376 0.00591798 0.999982 0.0237986
1690902644159056384 505 0.997337 -0.0727916 0.00455038 -1.73123 0.0728306 0.997303 -0.00908556 -0.867627 -0.00387676 0.00939277 0.999948 0.0269903
1690902644309070336 508 0.992459 -0.122379 0.00691914 -1.68287 0.122462 0.992386 -0.013176 -0.876141 -0.00525398 0.013924 0.999889 0.0276108
1690902644459179008 511 0.985047 -0.171863 0.0120836 -1.63166 0.172057 0.984933 -0.017442 -0.882124 -0.00890386 0.0192602 0.999775 0.0256868
1690902644608629248 515 0.974342 -0.224834 0.0103414 -1.57416 0.225011 0.974117 -0.0215777 -0.885731 -0.00522232 0.023351 0.999714 0.0263517
1690902644808180224 517 0.957808 -0.286602 0.0215271 -1.41702 0.28705 0.957669 -0.0217585 -0.885709 -0.0143798 0.0270198 0.999531 0.0187921
1690902644908051200 519 0.946628 -0.321923 0.0161354 -1.38154 0.322202 0.946469 -0.019565 -0.88362 -0.00897322 0.0237197 0.999678 0.0218484
1690902645007958016 522 0.936304 -0.350819 0.016145 -1.34489 0.351033 0.936272 -0.0130524 -0.879983 -0.0105371 0.0178884 0.999784 0.0204256
1690902645157605888 525 0.915879 -0.401169 0.0151336 -1.31238 0.40138 0.915783 -0.0153487 -0.876107 -0.00770165 0.0201319 0.999768 0.0180458
1690902645307061504 527 0.89 -0.455898 0.00755973 -1.26094 0.455959 0.889831 -0.0173735 -0.866055 0.00119366 0.0189093 0.99982 0.0171789
1690902645406932736 530 0.872027 -0.489432 0.00494532 -1.22283 0.489433 0.871839 -0.0187656 -0.857442 0.00487294 0.0187845 0.999812 0.016373
1690902645556559616 533 0.846267 -0.532656 0.0104365 -1.1564 0.532754 0.846174 -0.0127674 -0.834789 -0.00203044 0.0163648 0.999864 0.0137498
1690902645706342912 536 0.814133 -0.580622 0.00807766 -1.0941 0.580678 0.814046 -0.0119174 -0.811742 0.000343897 0.0143928 0.999896 0.0123992
1690902645856106752 539 0.776247 -0.630367 0.00882247 -1.02671 0.63042 0.776087 -0.016088 -0.787111 0.00329434 0.0180501 0.999832 0.0118275
1690902646006001920 541 0.735761 -0.677093 0.014167 -0.963481 0.67724 0.735559 -0.0172936 -0.75945 0.00128871 0.0223185 0.99975 0.0114735
1690902646105954048 544 0.70953 -0.704327 0.022155 -0.92472 0.704642 0.709451 -0.0126164 -0.735682 -0.00683182 0.0245631 0.999675 0.0105975
1690902646255967488 547 0.67459 -0.737873 0.0217169 -0.869751 0.738172 0.674497 -0.0124482 -0.701997 -0.00546277 0.0244283 0.999687 0.0121634
1690902646406023424 550 0.628337 -0.777736 0.0178682 -0.814249 0.777941 0.628132 -0.0160986 -0.662986 0.00129688 0.0240157 0.999711 0.00944205
1690902646555868928 552 0.580494 -0.813885 0.0248607 -0.757953 0.81426 0.580111 -0.021262 -0.621756 0.0028829 0.0325855 0.999465 0.00726621
1690902646655952640 554 0.549255 -0.835402 0.0205587 -0.72263 0.835598 0.548763 -0.025225 -0.591166 0.00979117 0.0310338 0.99947 0.00535428
1690902646756023552 557 0.516171 -0.856279 0.0187835 -0.688818 0.856468 0.515895 -0.0177532 -0.554536 0.00551137 0.0252512 0.999666 0.00824271
1690902646906056448 558 0.463968 -0.885652 0.0188208 -0.649333 0.88583 0.4637 -0.0169658 -0.51206 0.00629859 0.0245436 0.999679 0.00527079
1690902646955985152 560 0.443858 -0.895881 0.0196938 -0.634401 0.896071 0.443568 -0.0174594 -0.495143 0.00690597 0.0253965 0.999654 0.00503909
1690902647056204544 563 0.404869 -0.914234 0.0160622 -0.605875 0.914315 0.404579 -0.0185627 -0.458454 0.0104722 0.0222014 0.999699 0.00304158
1690902647206528768 566 0.349603 -0.936825 0.0116842 -0.566445 0.936832 0.349403 -0.0162334 -0.399315 0.0111254 0.0166214 0.9998 0.00466265
1690902647356565248 568 0.296016 -0.955154 0.00740827 -0.530037 0.95515 0.295932 -0.0105783 -0.336998 0.00791156 0.0102074 0.999917 0.00518404
1690902647456639488 571 0.262311 -0.964858 0.0155368 -0.50694 0.964982 0.262253 -0.00575289 -0.300543 0.00147615 0.0165018 0.999863 0.0023266
1690902647607084544 577 0.21037 -0.977547 0.0121105 -0.483565 0.977522 0.210155 -0.0169233 -0.257618 0.0139982 0.0153984 0.999783 0.00424104
1690902647907640320 594 0.172116 -0.984921 0.0175059 -0.464819 0.984971 0.17181 -0.0177052 -0.199915 0.0144305 0.0202902 0.99969 0.00201716
1690902648757868800 599 0.16567 -0.986124 0.0106068 -0.482937 0.986077 0.165487 -0.0163144 -0.336031 0.0143328 0.0131619 0.999811 0.00114722
1690902649007923712 607 0.150953 -0.988532 0.00430576 -0.493517 0.988415 0.150863 -0.0165895 -0.414473 0.0157496 0.0067601 0.999853 0.00316429
1690902649408173824 614 0.129421 -0.991166 0.0289914 -0.493869 0.991454 0.128863 -0.0203456 -0.546513 0.0164299 0.0313767 0.999373 0.00359797
1690902649758322176 620 0.112205 -0.993369 0.0250737 -0.50444 0.993583 0.111797 -0.0171404 -0.670658 0.0142236 0.026836 0.999539 0.00402536
1690902650058694144 622 0.137509 -0.99007 0.0291877 -0.524448 0.990301 0.13683 -0.0241021 -0.799487 0.019869 0.0322188 0.999283 0.003609
1690902650158523392 623 0.166567 -0.985799 0.0213569 -0.539855 0.985889 0.166138 -0.0205033 -0.844527 0.0166639 0.0244707 0.999562 -0.00135068
1690902650208279296 624 0.180055 -0.983564 0.0134911 -0.547491 0.9834 0.179678 -0.0252857 -0.864503 0.022446 0.0178199 0.999589 0.00661535
1690902650258291200 627 0.196824 -0.980363 0.012215 -0.556835 0.980368 0.196644 -0.0144739 -0.883389 0.0117876 0.014824 0.999821 0.00701108
1690902650408098304 629 0.243901 -0.969758 0.00905826 -0.577031 0.969788 0.243841 -0.00728688 -0.943268 0.00485774 0.0105619 0.999932 0.0027884
1690902650507739136 633 0.267114 -0.963645 0.00617781 -0.594008 0.963545 0.266974 -0.0174941 -0.982822 0.0152088 0.0106255 0.999828 0.0040296
1690902650707088640 637 0.317495 -0.948191 0.0114652 -0.624139 0.948088 0.317184 -0.0228656 -1.05373 0.0180443 0.0181297 0.999673 0.00483508
1690902650907403520 641 0.363476 -0.931501 0.0138406 -0.654867 0.931499 0.363172 -0.0203982 -1.11429 0.0139745 0.0203068 0.999696 0.00671047
1690902651106732032 643 0.410888 -0.911529 0.0168775 -0.694885 0.911641 0.410614 -0.0175165 -1.18082 0.00903665 0.0225835 0.999704 0.00646781
1690902651206659584 644 0.42943 -0.902774 0.0242634 -0.717945 0.903094 0.42937 -0.00789913 -1.21901 -0.00328685 0.0253043 0.999674 0.011639
1690902651256440576 645 0.441553 -0.896753 0.0294131 -0.730738 0.89717 0.441679 -0.00243642 -1.24109 -0.0108063 0.0274644 0.999564 0.0078152
1690902651306391808 646 0.455251 -0.889976 0.0262736 -0.747658 0.89035 0.455207 -0.00797156 -1.26398 -0.00486542 0.0270217 0.999623 0.00391874
1690902651356332288 647 0.469968 -0.882519 0.0170374 -0.76351 0.88259 0.46955 -0.0236042 -1.28977 0.0128313 0.0261303 0.999576 0.00398829
1690902651406306304 648 0.482439 -0.875794 0.0154031 -0.777545 0.875854 0.482092 -0.0216305 -1.31017 0.0115182 0.0239263 0.999647 0.0117583
1690902651456335616 649 0.492676 -0.870038 0.01742 -0.792772 0.870204 0.492662 -0.00542057 -1.33039 -0.00386605 0.0178295 0.999834 0.0105524
1690902651506341632 650 0.503145 -0.864046 0.0164493 -0.809802 0.864196 0.503124 -0.00565185 -1.35182 -0.0033926 0.0170591 0.999849 0.0065576
1690902651556311552 651 0.514422 -0.857487 0.00933157 -0.826331 0.857511 0.514291 -0.0133726 -1.37295 0.00666768 0.0148811 0.999867 0.00985516
1690902651606186240 652 0.526253 -0.850246 0.0117857 -0.840455 0.850328 0.526195 -0.00783638 -1.39296 0.000461282 0.0141456 0.9999 0.0108664
1690902651656224256 653 0.535119 -0.844706 0.0109396 -0.853251 0.844776 0.535059 -0.00810889 -1.41494 0.000996315 0.0135807 0.999907 0.00450049
1690902651706106112 654 0.537792 -0.843074 0.00242327 -0.867804 0.842981 0.537685 -0.0166584 -1.43684 0.0127413 0.0110015 0.999858 0.00840508
1690902651756063232 655 0.539125 -0.84222 0.0030211 -0.88223 0.842154 0.53903 -0.0149191 -1.45684 0.0109367 0.0105875 0.999884 0.0108894
1690902651806147328 657 0.542093 -0.84031 0.00379295 -0.895759 0.840284 0.542025 -0.011434 -1.47528 0.00755221 0.00938544 0.999927 0.00746934
1690902651906008576 661 0.547236 -0.836978 0.000983032 -0.918522 0.83693 0.547191 -0.0114198 -1.51104 0.00902021 0.00707205 0.999934 0.00802159
1690902652105926400 667 0.543962 -0.839086 0.00629929 -0.955407 0.839045 0.543811 -0.0165085 -1.57777 0.0104264 0.0142654 0.999844 0.0122899
1690902652405903616 669 0.523306 -0.851845 0.0225881 -1.00271 0.852144 0.523089 -0.0151008 -1.67039 0.00104795 0.0271507 0.999631 0.0139288
1690902652505957888 672 0.513022 -0.857926 0.0277688 -1.01978 0.858324 0.513077 -0.00565315 -1.70532 -0.00939757 0.0267348 0.999598 0.0117469
1690902652655849472 673 0.494919 -0.868646 0.0225517 -1.0451 0.868905 0.494504 -0.021675 -1.7648 0.00767599 0.0303227 0.999511 0.0156415
1690902652705854464 674 0.483979 -0.874729 0.0247517 -1.05255 0.875073 0.483889 -0.00991267 -1.78355 -0.00330616 0.0264571 0.999644 0.0140391
1690902652755741440 676 0.472856 -0.881009 0.0151703 -1.06263 0.881132 0.472712 -0.0122492 -1.80374 0.0036205 0.0191591 0.99981 0.00986988
1690902652855675904 677 0.465069 -0.885239 0.00789589 -1.08455 0.885155 0.464841 -0.020587 -1.84525 0.0145541 0.0165635 0.999757 0.0138255
1690902652905805312 680 0.462707 -0.886456 0.00993413 -1.0904 0.886453 0.462519 -0.0166567 -1.8652 0.0101707 0.0165133 0.999812 0.01473
1690902653055804416 681 0.434794 -0.900527 0.00230527 -1.1113 0.900185 0.434555 -0.0288075 -1.92445 0.0249402 0.0146005 0.999582 0.0139415
1690902653105640960 683 0.42568 -0.904854 0.00599378 -1.11709 0.904689 0.425451 -0.022995 -1.93866 0.018257 0.015211 0.999718 0.0122862
1690902653205718272 686 0.414511 -0.910029 0.0052959 -1.12634 0.909809 0.414265 -0.0251272 -1.96636 0.0206726 0.0152338 0.99967 0.0123173
1690902653355928064 700 0.40559 -0.914022 0.00770479 -1.13455 0.913798 0.405262 -0.0271129 -1.99631 0.0216593 0.0180373 0.999603 0.0119503
1690902654056034560 702 0.454309 -0.890842 -0.00169894 -1.12785 0.890699 0.454269 -0.0171757 -1.9283 0.0160726 0.00628983 0.999851 0.0128704
1690902654156013568 705 0.475564 -0.879681 -0.00012976 -1.12324 0.879617 0.475531 -0.0120159 -1.90557 0.0106319 0.00560019 0.999928 0.0133626
1690902654305971968 708 0.517923 -0.855421 0.00321446 -1.11592 0.855412 0.517887 -0.00795896 -1.8675 0.00514354 0.00687181 0.999963 0.0135574
1690902654455926272 711 0.563968 -0.825749 0.00884581 -1.10324 0.825795 0.563915 -0.00787867 -1.82483 0.00151753 0.0117481 0.99993 0.0127779
1690902654605798912 712 0.60639 -0.795064 0.0128591 -1.08959 0.795154 0.606394 -0.00399656 -1.77878 -0.00462016 0.0126484 0.999909 0.0141827
1690902654655947008 714 0.623447 -0.781751 0.0134093 -1.08508 0.78186 0.623416 -0.00687726 -1.76466 -0.00298326 0.0147718 0.999886 0.0158038
1690902654755707904 715 0.661602 -0.74974 0.0131187 -1.07635 0.749853 0.661459 -0.0138855 -1.73607 0.00173303 0.0190238 0.999818 0.0142152
1690902654805773568 716 0.68151 -0.731717 0.0115957 -1.07038 0.731807 0.681389 -0.0129563 -1.71888 0.00157912 0.0173156 0.999849 0.0139713
1690902654855808768 717 0.7001 -0.713809 0.0183407 -1.06092 0.714017 0.70007 -0.00908731 -1.69985 -0.00635318 0.0194576 0.99979 0.0141475
1690902654905793280 718 0.719604 -0.694068 0.020961 -1.05046 0.694296 0.719667 -0.00575701 -1.67968 -0.0110892 0.0186959 0.999764 0.0157834
1690902654955830784 719 0.741164 -0.670968 0.0218541 -1.04454 0.671268 0.741128 -0.0112989 -1.6658 -0.00861549 0.0230443 0.999697 0.016765
1690902655005828608 720 0.763738 -0.645402 0.0127177 -1.03465 0.645514 0.763451 -0.0213218 -1.64747 0.00405179 0.0244938 0.999692 0.0130409
1690902655056009984 721 0.781722 -0.623547 0.00993991 -1.02584 0.623626 0.781602 -0.0137278 -1.62939 0.000790867 0.0169301 0.999856 0.0196304
1690902655105998336 722 0.79968 -0.600095 0.01995 -1.01457 0.600251 0.799808 -0.00235982 -1.60903 -0.0145401 0.0138621 0.999798 0.0142523
1690902655156059392 723 0.817444 -0.575862 0.0129917 -1.00338 0.575952 0.817472 -0.00438553 -1.59093 -0.00809487 0.0110675 0.999906 0.00888748
1690902655205982208 724 0.832814 -0.553547 -0.00266626 -0.995043 0.553516 0.832804 -0.00764514 -1.57505 0.00645241 0.00489116 0.999967 0.0116429
1690902655256128000 725 0.846933 -0.531695 0.00228175 -0.980536 0.531693 0.846936 0.00164362 -1.55569 -0.0028064 -0.000178851 0.999996 0.0121773
1690902655306262528 726 0.859897 -0.510451 0.00398462 -0.965502 0.510444 0.859907 0.00273545 -1.53785 -0.00482272 -0.000318274 0.999988 0.00965454
1690902655356395264 727 0.873563 -0.486703 -0.002627 -0.952161 0.486698 0.873567 -0.00242553 -1.52316 0.00347537 0.000840295 0.999994 0.0106555
1690902655406297344 728 0.887496 -0.460788 0.00498889 -0.936023 0.460804 0.887498 -0.00258056 -1.50854 -0.00323854 0.00458913 0.999984 0.00881311
1690902655456225280 730 0.898914 -0.438093 0.00524885 -0.920886 0.438113 0.898913 -0.00355178 -1.49588 -0.00316225 0.00549234 0.99998 0.00742299
1690902655556093696 733 0.917341 -0.397996 0.0092161 -0.889441 0.398053 0.917347 -0.00532746 -1.46847 -0.00633405 0.00855559 0.999943 0.00936215
1690902655706520320 735 0.942879 -0.332807 0.0147708 -0.848383 0.33292 0.942937 -0.0058927 -1.43384 -0.0119668 0.0104736 0.999874 0.00863937
1690902655806625024 737 0.959939 -0.279949 0.012055 -0.821359 0.279989 0.960002 -0.00173472 -1.40671 -0.0110871 0.00504048 0.999926 0.00824392
1690902655906660608 739 0.974216 -0.225033 0.0162297 -0.789063 0.225253 0.97421 -0.0132449 -1.3871 -0.0128306 0.0165592 0.999781 0.0061425
1690902656007193600 741 0.983959 -0.177879 0.013545 -0.755306 0.177974 0.984016 -0.00618668 -1.36589 -0.012228 0.0084981 0.999889 0.00478546
1690902656107096576 743 0.991726 -0.128043 0.00918026 -0.719727 0.128132 0.991709 -0.00980305 -1.3454 -0.00784893 0.0108982 0.99991 0.00248878
1690902656207387392 745 0.996973 -0.077177 0.00937811 -0.678759 0.0772626 0.996969 -0.00913785 -1.32796 -0.00864445 0.00983477 0.999914 0.00182325
1690902656307679488 747 0.999553 -0.0291532 0.00658011 -0.639652 0.0292093 0.999536 -0.00859759 -1.31076 -0.00632641 0.00878595 0.999941 0.00132228
1690902656407798528 751 0.999807 0.0163771 0.0108972 -0.598757 -0.016407 0.999862 0.00265636 -1.29494 -0.0108522 -0.00283464 0.999937 -0.00162991
1690902656607884800 758 0.997088 0.0745879 0.0159024 -0.520121 -0.0747154 0.997176 0.00757721 -1.27291 -0.0152923 -0.0087433 0.999845 -0.00140979
