1690902621256829184 48 0.994849 -0.101033 0.00819935 -0.138126 0.101124 0.994808 -0.011462 -0.0357363 -0.00699873 0.0122321 0.999901 -0.00664623
1690902621407069440 51 0.989625 -0.142881 0.0150827 -0.177237 0.143105 0.989594 -0.0149584 -0.0539561 -0.0127885 0.0169616 0.999774 -0.00443164
1690902621557217024 53 0.980886 -0.194167 0.0126843 -0.231384 0.194296 0.980894 -0.00983411 -0.0784581 -0.0105325 0.0121107 0.999871 -0.00724796
1690902621657131520 56 0.974292 -0.225161 0.00757152 -0.274022 0.225243 0.97422 -0.0127034 -0.0977069 -0.00451603 0.0140822 0.999891 -0.00164822
1690902621807362560 57 0.959138 -0.282808 0.0085895 -0.334058 0.282856 0.959149 -0.00501205 -0.134204 -0.00682116 0.00723684 0.999951 -0.00102357
1690902621857460480 58 0.953563 -0.301154 0.00485619 -0.352442 0.301181 0.953544 -0.0065421 -0.143467 -0.00266041 0.0077009 0.999967 -0.0079646
1690902621907443200 60 0.948906 -0.315553 -0.00210976 -0.376902 0.315534 0.948892 -0.00652818 -0.154586 0.00406192 0.00552893 0.999976 0.00222224
1690902622007419392 61 0.938018 -0.346584 0.00112104 -0.416235 0.346586 0.938011 -0.00368058 -0.184208 0.00022408 0.00384099 0.999993 -0.0029659
1690902622057252096 63 0.930639 -0.365931 -0.00257853 -0.434883 0.365894 0.93061 -0.00928595 -0.199007 0.00579762 0.00769839 0.999954 0.00170755
1690902622157260288 64 0.915221 -0.402944 -0.00263165 -0.470934 0.402904 0.915193 -0.00946116 -0.224479 0.00622079 0.00759875 0.999952 0.000613438
1690902622207361536 68 0.907517 -0.420014 -0.00099877 -0.488974 0.419998 0.9075 -0.00676442 -0.237276 0.00374753 0.00571934 0.999977 2.68748e-05
1690902622406949376 73 0.882277 -0.470704 -0.00498333 -0.545377 0.47063 0.882258 -0.0112948 -0.28291 0.00971308 0.00761981 0.999924 0.00368939
1690902622656921344 77 0.852103 -0.523303 0.00862391 -0.593624 0.52336 0.852086 -0.00665826 -0.330815 -0.00386402 0.0101869 0.999941 0.00361476
1690902622856377600 80 0.82316 -0.567468 0.0196867 -0.628753 0.567716 0.823159 -0.0103817 -0.377316 -0.010314 0.0197222 0.999752 0.00628972
1690902623006596864 83 0.794009 -0.607734 0.0144474 -0.666894 0.607842 0.794046 -0.00439701 -0.418935 -0.0087997 0.012273 0.999886 0.00574772
1690902623156392704 86 0.761541 -0.647987 0.0129664 -0.703685 0.648101 0.761509 -0.00827593 -0.46923 -0.00451133 0.014706 0.999882 0.00731369
1690902623306427392 89 0.724891 -0.688805 0.00897126 -0.741606 0.688864 0.72482 -0.010133 -0.523812 0.000477082 0.0135253 0.999908 0.00606757
1690902623456268288 91 0.689925 -0.723838 0.00780356 -0.777438 0.723858 0.68978 -0.015273 -0.583693 0.00567245 0.0161859 0.999853 0.00851127
1690902623556273152 93 0.662496 -0.749032 0.00702015 -0.796883 0.749034 0.662355 -0.0152944 -0.61731 0.00680618 0.0153908 0.999858 0.00828864
1690902623656263424 97 0.641286 -0.76728 0.00574479 -0.815846 0.767258 0.641151 -0.0154999 -0.64832 0.00820949 0.0143476 0.999863 0.0105676
1690902623855893248 102 0.603397 -0.79741 0.00695521 -0.843201 0.797432 0.603327 -0.00997246 -0.70382 0.00375588 0.0115637 0.999926 0.00965769
1690902624105879552 103 0.557082 -0.830392 0.0104239 -0.866325 0.830428 0.556914 -0.0153709 -0.764312 0.00695867 0.0172191 0.999828 0.009962
1690902624155959808 107 0.548055 -0.836355 0.0120985 -0.870556 0.836414 0.547862 -0.0160813 -0.776428 0.00682135 0.0189328 0.999797 0.0113743
1690902624355623424 108 0.503284 -0.863874 0.0206371 -0.882013 0.86411 0.503017 -0.0169336 -0.826622 0.00424764 0.0263552 0.999644 0.0119002
1690902624405820416 110 0.490337 -0.871246 0.0223472 -0.885207 0.871533 0.490177 -0.0125375 -0.839348 -3.08272e-05 0.0256239 0.999672 0.012012
1690902624505975808 111 0.465002 -0.884952 0.0251381 -0.891047 0.885293 0.464979 -0.00710744 -0.868363 -0.00539895 0.0255595 0.999659 0.0125831
1690902624555720960 114 0.450553 -0.892451 0.0231054 -0.894742 0.892749 0.450442 -0.0100688 -0.885933 -0.00142171 0.0251639 0.999682 0.0107689
1690902624705592320 115 0.408636 -0.912453 0.0211089 -0.906603 0.912694 0.408463 -0.0121141 -0.942345 0.00243132 0.0242162 0.999704 0.0124814
1690902624755837696 117 0.390955 -0.920211 0.0191274 -0.909678 0.920407 0.390822 -0.0104158 -0.960593 0.00210927 0.0216771 0.999763 0.0115011
1690902624855684864 119 0.354515 -0.93498 0.011457 -0.917728 0.935029 0.354397 -0.0111192 -0.998811 0.00633592 0.0146545 0.999873 0.0114107
1690902624955638016 121 0.32595 -0.945371 0.00548713 -0.923761 0.945374 0.32591 -0.00709372 -1.0404 0.00491789 0.00749959 0.99996 0.0114571
1690902625055685376 122 0.29032 -0.956907 0.00664255 -0.92373 0.956888 0.290236 -0.0113327 -1.08529 0.00891642 0.00964628 0.999914 0.0118206
1690902625105836288 123 0.269025 -0.963067 0.0113352 -0.923708 0.963039 0.268816 -0.01712 -1.10774 0.0134407 0.0155219 0.999789 0.0119586
1690902625155662336 125 0.250557 -0.968037 0.0112121 -0.924326 0.967988 0.250333 -0.018249 -1.12776 0.014859 0.0154256 0.999771 0.0126929
1690902625255789312 127 0.216467 -0.976208 0.0126443 -0.924677 0.976198 0.216251 -0.0165222 -1.16746 0.0133947 0.0159199 0.999784 0.0117678
1690902625356235520 129 0.185224 -0.982571 0.0156602 -0.922991 0.982523 0.184869 -0.0217287 -1.20197 0.018455 0.0194112 0.999641 0.0149018
1690902625456407040 131 0.155799 -0.987651 0.0165237 -0.921033 0.987605 0.155425 -0.021898 -1.2335 0.0190594 0.0197306 0.999624 0.0145021
1690902625556443648 135 0.127308 -0.991691 0.0184917 -0.917655 0.991774 0.127024 -0.0157834 -1.26141 0.0133033 0.020349 0.999704 0.0126228
1690902625756708608 138 0.0765023 -0.996534 0.0326671 -0.902305 0.997042 0.0762152 -0.00994711 -1.3183 0.0074229 0.0333315 0.999417 0.0139879
1690902625906891520 142 0.0264173 -0.999185 0.0305091 -0.893263 0.999648 0.0263269 -0.00336088 -1.35819 0.00255493 0.0305872 0.999529 0.0151488
1690902626107342080 144 -0.0326561 -0.998944 0.03232 -0.876086 0.999351 -0.0331268 -0.0141374 -1.4258 0.0151932 0.0318373 0.999378 0.0172632
1690902626207642112 147 -0.0679235 -0.997079 0.0349399 -0.860907 0.997648 -0.0682035 -0.00688334 -1.45847 0.00924626 0.0343902 0.999366 0.0125428
1690902626357992192 149 -0.126211 -0.991704 0.0243592 -0.846177 0.991816 -0.126627 -0.0163503 -1.51258 0.0192992 0.0220962 0.99957 0.0135065
1690902626458402560 152 -0.158953 -0.987076 0.0203517 -0.830441 0.987102 -0.159288 -0.016044 -1.54728 0.0190784 0.0175389 0.999664 0.0142982
1690902626608856064 155 -0.210097 -0.977567 0.0149057 -0.804702 0.977497 -0.210329 -0.0161904 -1.59973 0.0189623 0.0111687 0.999758 0.0132697
1690902626759646720 157 -0.25397 -0.967075 0.0163167 -0.781581 0.96698 -0.254242 -0.0176331 -1.64962 0.0212009 0.0112996 0.999711 0.0176594
1690902626860036608 159 -0.278148 -0.96037 0.0179875 -0.763019 0.960394 -0.278382 -0.0121318 -1.67529 0.0166584 0.0139007 0.999765 0.0148484
1690902626960601856 163 -0.307879 -0.951179 0.0216728 -0.745975 0.951143 -0.308263 -0.017365 -1.70385 0.0231982 0.0152676 0.999614 0.0174143
1690902627161721600 168 -0.352912 -0.935323 0.0249782 -0.716735 0.935374 -0.353336 -0.0151471 -1.74832 0.0229931 0.0180183 0.999573 0.0161922
1690902627412871168 178 -0.392178 -0.919273 0.0336576 -0.69085 0.919542 -0.392773 -0.0131162 -1.7829 0.0252772 0.0258056 0.999347 0.0158711
1690902627913519360 185 -0.438915 -0.898099 0.0277995 -0.69344 0.898209 -0.439373 -0.0130759 -1.74179 0.0239578 0.0192306 0.999528 0.0154128
1690902628264033792 191 -0.486072 -0.873433 0.0291485 -0.703737 0.873681 -0.486447 -0.00710799 -1.69391 0.0203875 0.0220115 0.99955 0.0158913
1690902628563984384 194 -0.531692 -0.846666 0.0214714 -0.721762 0.846756 -0.531932 -0.00725674 -1.63889 0.0175654 0.0143227 0.999743 0.0170317
1690902628713890048 198 -0.561973 -0.826825 0.0233894 -0.730954 0.826906 -0.562273 -0.00866167 -1.60583 0.0203129 0.0144733 0.999689 0.0153477
1690902628914407936 200 -0.603631 -0.796839 0.0260302 -0.747916 0.796853 -0.604046 -0.0123941 -1.56131 0.0255995 0.0132608 0.999584 0.0144629
1690902629014411776 205 -0.62234 -0.782314 0.0260305 -0.756417 0.782347 -0.622741 -0.0112639 -1.53987 0.0250221 0.0133549 0.999598 0.0136156
1690902629264606464 209 -0.665623 -0.745806 0.0268166 -0.777926 0.745862 -0.666027 -0.00987517 -1.49401 0.0252255 0.0134283 0.999592 0.0133012
1690902629464795648 216 -0.686626 -0.726459 0.0283226 -0.790425 0.726683 -0.686965 -0.00323504 -1.46708 0.0218067 0.0183603 0.999594 0.0138559
1690902629815092480 220 -0.725849 -0.687385 0.0253993 -0.816883 0.687611 -0.72608 0.000215115 -1.41904 0.018294 0.0176209 0.999677 0.0146969
1690902630015120640 224 -0.756371 -0.653456 0.0299752 -0.838292 0.653726 -0.75673 -0.00100279 -1.38306 0.0233385 0.0188371 0.99955 0.0161604
1690902630215136768 225 -0.790444 -0.611639 0.0330967 -0.873707 0.612035 -0.790827 0.0023832 -1.33287 0.0247161 0.0221401 0.999449 0.0170713
1690902630265039360 228 -0.798272 -0.601402 0.0328317 -0.881832 0.601812 -0.798631 0.00337513 -1.32016 0.0241906 0.0224528 0.999455 0.0147353
1690902630415087104 232 -0.826609 -0.561819 0.0328016 -0.911932 0.562302 -0.826901 0.00716567 -1.28406 0.0230979 0.0243676 0.999436 0.0167365
1690902630615179776 234 -0.858897 -0.511473 0.0262824 -0.957732 0.51166 -0.859188 0.000459463 -1.23999 0.0223465 0.0138423 0.999654 0.0198793
1690902630714924800 235 -0.875386 -0.483003 0.020164 -0.984065 0.483159 -0.875526 0.00342398 -1.21423 0.0160003 0.0127397 0.999791 0.0158323
1690902630764904192 236 -0.885013 -0.464761 0.0273674 -0.992216 0.46498 -0.885319 0.00188679 -1.20183 0.0233519 0.0143951 0.999624 0.0160887
1690902630814507776 238 -0.894373 -0.446418 0.0284147 -1.00454 0.446637 -0.894714 0.00153515 -1.18974 0.0247377 0.014064 0.999595 0.0180793
1690902630914387456 239 -0.91098 -0.411179 0.0323611 -1.02804 0.411457 -0.911426 0.00217485 -1.16862 0.0286005 0.0152965 0.999474 0.0164828
1690902630964128256 242 -0.918561 -0.393974 0.0320797 -1.04142 0.394232 -0.919009 0.00189862 -1.15844 0.0287336 0.0143909 0.999484 0.0171542
1690902631113251584 243 -0.938528 -0.343706 0.0321115 -1.08555 0.343863 -0.93902 -0.000693923 -1.12719 0.0303918 0.0103907 0.999484 0.0155941
1690902631163136512 246 -0.944245 -0.327817 0.0306268 -1.10048 0.327929 -0.944701 -0.00142357 -1.11771 0.0293999 0.00869923 0.99953 0.0171263
1690902631311745024 249 -0.958499 -0.283655 0.0286308 -1.14173 0.283816 -0.958878 0.0016264 -1.09135 0.026992 0.00968475 0.999589 0.0181011
1690902631460725504 252 -0.972458 -0.231276 0.0289132 -1.18144 0.231425 -0.972851 0.00184964 -1.06539 0.0277004 0.00848992 0.99958 0.0178464
1690902631609530368 256 -0.98336 -0.178771 0.032318 -1.22196 0.178823 -0.98388 -0.00129974 -1.04519 0.0320294 0.00450108 0.999477 0.0181251
1690902631808125440 260 -0.992288 -0.121053 0.0266671 -1.27454 0.121278 -0.992594 0.00699068 -1.02161 0.0256233 0.0101709 0.99962 0.0196033
1690902632006820096 264 -0.997601 -0.0664278 0.0194643 -1.33179 0.0665775 -0.997756 0.00714821 -1.00145 0.0189457 0.00842694 0.999785 0.0206921
1690902632206214656 267 -0.999736 -0.0135797 0.0185163 -1.39 0.0135697 -0.999908 -0.000668859 -0.985739 0.0185236 -0.000417423 0.999828 0.0223433
1690902632355863296 270 -0.999157 0.0371021 0.0175742 -1.43858 -0.0369507 -0.999278 0.00885996 -0.970795 0.0178902 0.00820311 0.999806 0.0227631
1690902632505613312 273 -0.995515 0.0922771 0.0208363 -1.48954 -0.0919341 -0.995622 0.0168633 -0.957665 0.0223011 0.0148721 0.999641 0.0237037
1690902632655004160 277 -0.989467 0.142624 0.0247762 -1.54747 -0.142313 -0.989724 0.0139021 -0.950297 0.0265043 0.0102297 0.999596 0.0226734
1690902632854359552 280 -0.978323 0.206012 0.021039 -1.62008 -0.205854 -0.978537 0.00943891 -0.947194 0.022532 0.00490335 0.999734 0.0252052
1690902633003801600 283 -0.966049 0.25754 0.0205673 -1.67357 -0.25741 -0.966262 0.00875901 -0.94621 0.0221292 0.0031674 0.99975 0.0246163
1690902633153683456 286 -0.95207 0.305024 0.0228772 -1.72268 -0.304703 -0.952305 0.0164626 -0.943806 0.0268076 0.00870276 0.999603 0.0237058
1690902633302882048 290 -0.934233 0.355315 0.0309858 -1.7664 -0.355103 -0.934746 0.0122897 -0.948342 0.0333306 0.000478239 0.999444 0.0265288
1690902633501830656 294 -0.912104 0.408939 0.0288932 -1.82573 -0.408938 -0.912541 0.00621465 -0.959804 0.0289077 -0.00614711 0.999563 0.0268512
1690902633701333504 297 -0.884229 0.466419 0.0243544 -1.88547 -0.466318 -0.884561 0.0100217 -0.96803 0.0262172 -0.00249543 0.999653 0.0291758
1690902633850975488 301 -0.858402 0.512289 0.0265577 -1.92901 -0.512088 -0.858812 0.0144189 -0.979041 0.0301947 -0.00122267 0.999543 0.0292988
1690902634050865152 305 -0.827204 0.561581 0.0189577 -1.98466 -0.561252 -0.8274 0.0201444 -0.995553 0.0269983 0.00602347 0.999617 0.0286137
1690902634250587648 309 -0.796432 0.604339 0.0216805 -2.03658 -0.604044 -0.796725 0.0189737 -1.01818 0.0287399 0.00201527 0.999585 0.0297049
1690902634450650112 316 -0.765713 0.642885 0.0195685 -2.08295 -0.642822 -0.765948 0.0102125 -1.04283 0.0215539 -0.00475925 0.999756 0.0312285
1690902634801041152 332 -0.730376 0.682684 0.0221959 -2.14119 -0.682658 -0.73067 0.00991248 -1.0773 0.022985 -0.00791238 0.999704 0.0319151
1690902635602399232 335 -0.711588 0.70233 0.0193836 -2.16296 -0.702133 -0.71185 0.0167109 -1.08888 0.0255348 -0.00171856 0.999672 0.0304446
1690902635752605952 341 -0.703502 0.710547 0.014439 -2.15171 -0.710398 -0.70365 0.0145623 -1.07067 0.0205072 -1.28122e-05 0.99979 0.0314112
1690902636052947712 343 -0.662699 0.748682 0.0174709 -2.10254 -0.748411 -0.66293 0.0201259 -0.990044 0.0266499 0.000261989 0.999645 0.0298516
1690902636152867328 347 -0.641664 0.766768 0.0182849 -2.08369 -0.766608 -0.641914 0.0160934 -0.95696 0.0240772 -0.00369081 0.999703 0.0305292
1690902636353432832 350 -0.600203 0.79935 0.0282185 -2.0374 -0.799189 -0.600767 0.0194047 -0.872569 0.0324639 -0.0109051 0.999413 0.0277535
1690902636503916544 354 -0.555295 0.831153 0.028827 -2.00631 -0.831036 -0.555885 0.0192594 -0.803936 0.032032 -0.0132616 0.999399 0.0276574
1690902636704604416 355 -0.511015 0.859137 0.0273273 -1.97451 -0.859311 -0.511385 0.00838136 -0.728635 0.0211755 -0.0191997 0.999591 0.0313078
1690902636754672128 358 -0.499875 0.865836 0.0212909 -1.96807 -0.865983 -0.500057 0.0039581 -0.710782 0.0140737 -0.016459 0.999765 0.0267389
1690902636905646848 359 -0.466627 0.884268 0.0181447 -1.95193 -0.884381 -0.466754 0.00328434 -0.654142 0.0113734 -0.0145143 0.99983 0.0301121
1690902636955894784 361 -0.452891 0.891368 0.0187673 -1.94691 -0.891492 -0.453025 0.00337545 -0.635475 0.0115108 -0.0152021 0.999818 0.0318127
1690902637057227520 362 -0.423849 0.905632 0.0135086 -1.93938 -0.905648 -0.423966 0.0073614 -0.596163 0.0123939 -0.00911389 0.999882 0.0307635
1690902637107793664 365 -0.407389 0.913172 0.0123191 -1.93606 -0.913205 -0.407471 0.00494511 -0.575587 0.00953541 -0.0092353 0.999912 0.0308639
1690902637259547904 366 -0.363123 0.931663 0.0120442 -1.92397 -0.931647 -0.36324 0.00951684 -0.508575 0.0132414 -0.00776513 0.999882 0.0288277
1690902637310024448 367 -0.35041 0.936565 0.00766522 -1.92158 -0.936553 -0.350461 0.00681376 -0.485397 0.00906788 -0.00479127 0.999947 0.031836
1690902637360597248 368 -0.332198 0.94319 0.00610134 -1.91963 -0.943207 -0.332205 2.23661e-05 -0.461897 0.00204799 -0.0057474 0.999981 0.030294
1690902637411021056 369 -0.31211 0.950003 0.00901395 -1.91644 -0.949976 -0.312189 0.00920633 -0.437288 0.0115601 -0.00568965 0.999917 0.0272017
1690902637461463552 370 -0.29365 0.955828 0.012768 -1.9135 -0.955771 -0.29381 0.0132962 -0.414364 0.0164603 -0.00829881 0.99983 0.0295366
1690902637511806976 371 -0.27684 0.960795 0.0152547 -1.91106 -0.960753 -0.277051 0.014018 -0.389723 0.0176947 -0.0107752 0.999785 0.0280708
1690902637562161408 372 -0.260964 0.965174 0.0183774 -1.90835 -0.965165 -0.261239 0.014535 -0.367464 0.0188297 -0.0139441 0.999725 0.0303315
1690902637612704768 373 -0.246038 0.969063 0.0195614 -1.90723 -0.969056 -0.246351 0.0155601 -0.344405 0.0198977 -0.0151277 0.999688 0.0300124
1690902637662817536 374 -0.228461 0.973365 0.019131 -1.90824 -0.973373 -0.228752 0.0147183 -0.323477 0.0187025 -0.015259 0.999709 0.0324587
1690902637712886528 375 -0.209461 0.977603 0.0204332 -1.90879 -0.977701 -0.209713 0.0110304 -0.303619 0.0150685 -0.0176671 0.99973 0.0307098
1690902637763083776 376 -0.191384 0.981292 0.0209246 -1.90851 -0.98136 -0.191689 0.0137114 -0.282868 0.0174659 -0.0179104 0.999687 0.0293007
1690902637813085696 377 -0.174601 0.984422 0.0206668 -1.90903 -0.9845 -0.174891 0.0131613 -0.26576 0.0165707 -0.0180485 0.9997 0.0323721
1690902637863070464 378 -0.160579 0.986874 0.0171591 -1.91014 -0.986845 -0.160856 0.0162024 -0.246411 0.0187498 -0.0143316 0.999721 0.0286925
1690902637913268736 379 -0.147363 0.989002 0.0125905 -1.91273 -0.988835 -0.147599 0.020478 -0.231007 0.0221112 -0.00943222 0.999711 0.0330313
1690902637963008768 380 -0.13364 0.990975 0.0104449 -1.91623 -0.990938 -0.133764 0.0122376 -0.215303 0.0135243 -0.00871486 0.999871 0.0308587
1690902638013370880 381 -0.116906 0.993095 0.00981626 -1.91874 -0.992959 -0.117068 0.0180704 -0.195437 0.0190947 -0.00763463 0.999789 0.0266467
1690902638063152384 382 -0.0988925 0.995055 0.00926484 -1.92067 -0.994761 -0.0990971 0.0251244 -0.179151 0.0259183 -0.00673168 0.999641 0.0336147
1690902638113000192 383 -0.0832883 0.996465 0.0109583 -1.92128 -0.996427 -0.08343 0.0131757 -0.166152 0.0140433 -0.00982177 0.999853 0.033036
1690902638162791936 384 -0.0686122 0.997593 0.0100406 -1.92196 -0.99761 -0.0686889 0.00750518 -0.149958 0.0081768 -0.00950166 0.999921 0.0312184
1690902638212445952 386 -0.056805 0.998359 0.00730067 -1.92522 -0.998315 -0.0568864 0.01148 -0.135025 0.0118764 -0.00663625 0.999907 0.0304085
1690902638312205312 387 -0.0291377 0.99957 0.0033868 -1.93392 -0.999506 -0.0291753 0.0116501 -0.103287 0.0117439 -0.00304567 0.999926 0.0329583
1690902638361831680 388 -0.0131749 0.999912 0.00129815 -1.93844 -0.999859 -0.0131876 0.0103587 -0.0865446 0.0103749 -0.00116149 0.999946 0.033394
1690902638411441920 389 0.00586278 0.999974 0.00424497 -1.94225 -0.999945 0.00582574 0.00868723 -0.070268 0.00866227 -0.00429567 0.999953 0.0351972
1690902638461124096 390 0.0263971 0.999612 0.00888911 -1.94513 -0.999647 0.026368 0.00338037 -0.0530215 0.00314467 -0.0089752 0.999955 0.0358688
1690902638510949120 391 0.0439321 0.998915 0.0154279 -1.9478 -0.999034 0.0439323 0.000328851 -0.0338435 -0.00034929 -0.0154275 0.999881 0.0339037
1690902638560482304 392 0.0573542 0.99824 0.0150712 -1.95297 -0.998336 0.0572553 0.00691548 -0.0141884 0.0060404 -0.0154427 0.999863 0.0296679
1690902638610560768 393 0.0718691 0.997324 0.0133972 -1.95797 -0.997357 0.0717154 0.0116267 0.00264471 0.0106348 -0.0141974 0.999843 0.0387621
1690902638660252160 394 0.0864595 0.996161 0.0137301 -1.96359 -0.996251 0.0864921 -0.00179718 0.0148074 -0.00297783 -0.0135233 0.999904 0.0362022
1690902638709836800 395 0.106125 0.994246 0.0145378 -1.9705 -0.994351 0.106139 -0.000159514 0.0303584 -0.00170162 -0.0144387 0.999894 0.032244
1690902638759641600 396 0.128365 0.991602 0.0157261 -1.97605 -0.991691 0.12821 0.0105013 0.0479804 0.00839687 -0.0169435 0.999821 0.0335075
1690902638809622784 397 0.145933 0.989198 0.0138203 -1.98019 -0.989246 0.145773 0.0119397 0.0659707 0.00979613 -0.0154141 0.999833 0.0332277
1690902638859191040 398 0.159066 0.987162 0.0144517 -1.98473 -0.98713 0.158782 0.019067 0.0833668 0.0165275 -0.0172986 0.999714 0.0351058
1690902638908965376 401 0.171523 0.985064 0.0151102 -1.99082 -0.985052 0.171233 0.0187675 0.0982477 0.0158998 -0.0181034 0.99971 0.0349098
1690902639058310912 404 0.217402 0.976045 0.0085807 -2.0093 -0.975915 0.217194 0.0204051 0.138131 0.0180526 -0.0128101 0.999755 0.0359123
1690902639207660288 418 0.250411 0.968093 0.00947556 -2.02406 -0.968063 0.250257 0.0149878 0.169043 0.0121382 -0.012926 0.999843 0.0353316
1690902639906514432 425 0.298705 0.954311 0.00810558 -2.04134 -0.954321 0.298626 0.00966703 0.19486 0.00680482 -0.0106229 0.99992 0.0367944
1690902640256475904 429 0.345665 0.938281 0.0120005 -2.03731 -0.938292 0.345462 0.0162362 0.145961 0.0110884 -0.0168723 0.999796 0.0348813
1690902640456564480 433 0.382866 0.923753 0.00967705 -2.03342 -0.923723 0.382672 0.017275 0.10882 0.0122547 -0.0155529 0.999804 0.0352885
1690902640656262400 437 0.430434 0.902602 0.00605247 -2.0273 -0.902598 0.430364 0.0101677 0.0601253 0.00657265 -0.00983948 0.99993 0.0357784
1690902640856296960 441 0.477958 0.878324 0.0102131 -2.01493 -0.878383 0.477917 0.00628852 0.0108857 0.000642366 -0.0119766 0.999928 0.0365506
1690902641056306432 445 0.524892 0.8511 0.010839 -2.00221 -0.851163 0.524894 0.00294163 -0.0334549 -0.00318572 -0.0107698 0.999937 0.0360414
1690902641256491008 448 0.577207 0.816583 0.00498461 -1.98587 -0.816596 0.577182 0.00568015 -0.0826616 0.00176129 -0.00734904 0.999971 0.0331731
1690902641406382848 452 0.616565 0.787303 0.00124665 -1.96985 -0.787301 0.616566 -0.00164865 -0.12268 -0.00206663 3.50111e-05 0.999998 0.0320824
1690902641606843648 455 0.662806 0.748775 0.00487898 -1.94015 -0.74877 0.662822 -0.00305452 -0.181751 -0.00552105 -0.00162869 0.999983 0.0316771
1690902641756462848 458 0.70295 0.711231 0.0032436 -1.91373 -0.711226 0.702958 -0.00285734 -0.229086 -0.00431234 -0.000298367 0.999991 0.0308154
1690902641906852096 461 0.741189 0.671293 0.00198319 -1.8845 -0.671292 0.741192 -0.00154994 -0.277706 -0.00251039 -0.0001825 0.999997 0.0264931
1690902642056935424 464 0.779082 0.626889 0.00645687 -1.85097 -0.62692 0.779065 0.00540605 -0.317025 -0.00164133 -0.00825969 0.999965 0.028862
1690902642206804480 467 0.808551 0.588382 0.00720226 -1.81992 -0.588405 0.808565 0.00138321 -0.357725 -0.00500965 -0.00535624 0.999973 0.0281753
1690902642357192448 469 0.840564 0.541595 0.0112755 -1.78348 -0.541685 0.840548 0.00752292 -0.399372 -0.00540319 -0.0124313 0.999908 0.0260527
1690902642457346816 470 0.864438 0.50269 0.00701445 -1.761 -0.502734 0.864407 0.00768242 -0.42348 -0.00220147 -0.0101674 0.999946 0.0271159
1690902642507473408 472 0.874387 0.485211 0.00424968 -1.75062 -0.485224 0.874384 0.0030694 -0.435051 -0.00222655 -0.00474589 0.999986 0.0258522
1690902642607770112 474 0.889301 0.457322 -1.06793e-05 -1.72876 -0.457316 0.88929 -0.00511174 -0.457175 -0.00232821 0.00455076 0.999987 0.0258036
1690902642708056064 476 0.903207 0.4292 -0.00207725 -1.70729 -0.429201 0.903166 -0.00877873 -0.476844 -0.00189172 0.00882057 0.999959 0.0253071
1690902642808198912 477 0.916788 0.399354 -0.00405003 -1.68543 -0.399373 0.916718 -0.0113336 -0.494997 -0.000813363 0.012008 0.999928 0.0250542
1690902642858098176 480 0.921707 0.387874 -0.00320185 -1.67414 -0.387885 0.921646 -0.0106503 -0.502849 -0.00117999 0.0110584 0.999938 0.0256349
1690902643008509184 481 0.936754 0.349987 0.000801487 -1.63832 -0.349974 0.936734 -0.00697216 -0.526649 -0.00319095 0.0062507 0.999975 0.0248991
1690902643058583808 484 0.94261 0.333894 0.00101762 -1.62605 -0.333876 0.942584 -0.00790457 -0.535542 -0.00359848 0.00711117 0.999968 0.0249252
1690902643208873728 488 0.959656 0.281164 -0.00265181 -1.58486 -0.281175 0.959581 -0.0120573 -0.562051 -0.00084544 0.0123164 0.999924 0.0249121
1690902643408880640 491 0.976494 0.215538 -0.00173615 -1.51414 -0.215543 0.976487 -0.00388319 -0.598368 0.000858356 0.00416613 0.999991 0.0208764
1690902643558894080 492 0.986987 0.160798 -0.000552345 -1.46141 -0.160798 0.986987 -0.000344172 -0.620312 0.000489815 0.00042851 1 0.022932
1690902643608769792 495 0.98954 0.144225 0.0031093 -1.44363 -0.144223 0.989545 -0.00112312 -0.627292 -0.00323877 0.00066294 0.999995 0.0217638
1690902643758891520 498 0.995761 0.0919819 -0.000139418 -1.39471 -0.0919819 0.99576 -0.000955002 -0.647208 5.09842e-05 0.000963778 1 0.019218
1690902643909046272 501 0.999434 0.0328281 -0.00738032 -1.3466 -0.0328138 0.999459 0.00205875 -0.662506 0.00744392 -0.0018154 0.999971 0.0183924
1690902644059048960 504 0.999753 -0.0220615 -0.0028551 -1.29002 0.0220599 0.999756 -0.000585092 -0.677866 0.00286731 0.000521964 0.999996 0.0137627
1690902644209049600 507 0.996894 -0.0787435 0.00139957 -1.24263 0.0787514 0.996869 -0.00703749 -0.690564 -0.000841036 0.00712585 0.999974 0.0172711
1690902644358935040 510 0.99205 -0.125732 0.00536489 -1.1964 0.125777 0.992017 -0.00905036 -0.697552 -0.00418414 0.00965319 0.999945 0.0165686
1690902644508809984 513 0.984096 -0.177425 0.00866238 -1.14809 0.177533 0.984018 -0.013826 -0.702802 -0.00607086 0.0151439 0.999867 0.01467
1690902644658497024 517 0.973635 -0.227938 0.00885247 -1.09654 0.228061 0.973495 -0.0172167 -0.704616 -0.00469349 0.0187817 0.999813 0.0142092
1690902644858244864 521 0.956087 -0.292737 0.0142225 -1.01863 0.292946 0.955997 -0.0158676 -0.703671 -0.00895164 0.0193373 0.999773 0.0128393
1690902645057800960 524 0.934718 -0.355169 0.0125012 -0.948883 0.355274 0.934733 -0.00740379 -0.694166 -0.00905571 0.0113618 0.999894 0.0137574
1690902645207431168 527 0.912489 -0.408991 0.00945008 -0.89391 0.409079 0.912436 -0.0107198 -0.68727 -0.00423829 0.0136475 0.999898 0.00892967
1690902645357058304 530 0.887568 -0.460666 0.00300459 -0.839802 0.460665 0.887481 -0.0128541 -0.676313 0.00325494 0.012793 0.999913 0.00832856
1690902645506885888 533 0.86121 -0.508189 0.00785631 -0.785694 0.508247 0.861155 -0.0099158 -0.659854 -0.0017264 0.0125325 0.99992 0.0078085
1690902645656423936 536 0.832894 -0.553405 0.00545214 -0.735342 0.553429 0.83288 -0.00518832 -0.642337 -0.00166974 0.0073387 0.999972 0.00685951
1690902645806213888 539 0.797245 -0.603649 0.00290383 -0.682835 0.603638 0.797175 -0.011576 -0.625078 0.00467296 0.0109817 0.999929 0.00493786
1690902645956036608 542 0.758144 -0.651999 0.0107377 -0.629184 0.652086 0.758007 -0.014471 -0.603476 0.00129582 0.0179731 0.999838 0.00499463
1690902646105954048 546 0.718696 -0.695066 0.0189423 -0.577368 0.695282 0.718685 -0.00861843 -0.574629 -0.00762315 0.0193642 0.999783 0.00445833
1690902646306082048 547 0.669056 -0.74303 0.0164492 -0.512587 0.7432 0.669009 -0.00900875 -0.534295 -0.00431087 0.0182524 0.999824 0.00373313
1690902646356023552 550 0.65366 -0.756669 0.0134543 -0.497892 0.756788 0.653545 -0.012304 -0.523945 0.000517099 0.0182247 0.999834 0.00371559
1690902646505989120 553 0.606977 -0.794394 0.0227235 -0.449714 0.79471 0.606863 -0.0124045 -0.490562 -0.00393599 0.0255878 0.999665 0.00108692
1690902646655952640 556 0.560369 -0.82806 0.0174273 -0.403845 0.828204 0.560013 -0.0215411 -0.452914 0.00807778 0.0265043 0.999616 -0.000573486
1690902646805946624 559 0.510717 -0.859596 0.0161928 -0.363556 0.859747 0.510584 -0.0118307 -0.409631 0.00190187 0.0199638 0.999799 -0.000113836
1690902646955985152 562 0.456025 -0.889813 0.0165441 -0.320607 0.889954 0.455843 -0.013731 -0.365123 0.00467648 0.0209852 0.999769 -0.00094432
1690902647106220032 564 0.398914 -0.916917 0.0114118 -0.282251 0.916963 0.398781 -0.0123397 -0.314934 0.00676364 0.0153867 0.999859 -0.00179701
1690902647206528768 567 0.362181 -0.932067 0.00868736 -0.258241 0.932069 0.362066 -0.0124408 -0.280781 0.00845031 0.0126031 0.999885 -0.00123989
1690902647356565248 570 0.308883 -0.951088 0.00479677 -0.227255 0.951086 0.308848 -0.00692411 -0.229622 0.00510397 0.00670088 0.999965 -0.000977823
1690902647506690560 573 0.256204 -0.96655 0.0118181 -0.196744 0.966611 0.256123 -0.00797679 -0.182984 0.00468309 0.0134672 0.999898 -0.00477366
1690902647657208064 574 0.212363 -0.977144 0.00954982 -0.178767 0.977103 0.212202 -0.0154862 -0.142656 0.0131057 0.0126198 0.999834 -0.00394009
1690902647707128832 593 0.203435 -0.979044 0.00932173 -0.175355 0.979006 0.203285 -0.0149426 -0.131869 0.0127345 0.0121659 0.999845 -0.00270072
1690902648657965568 594 0.178664 -0.983877 0.00804858 -0.181468 0.983792 0.17851 -0.0169361 -0.200055 0.0152263 0.010944 0.999824 -0.00448994
1690902648708191488 595 0.179576 -0.983696 0.00975698 -0.183057 0.983674 0.179436 -0.0136988 -0.213259 0.0117247 0.0120577 0.999859 -0.00444384
1690902648757868800 596 0.178867 -0.983846 0.00735035 -0.184635 0.983811 0.178766 -0.0125656 -0.227469 0.0110486 0.00947891 0.999894 -0.00559844
1690902648807965696 599 0.175651 -0.984447 0.00333455 -0.187096 0.98438 0.175597 -0.0127136 -0.241004 0.0119303 0.00551563 0.999914 -0.00455199
1690902648958013952 606 0.166782 -0.985992 0.00159377 -0.193363 0.985933 0.166754 -0.0113429 -0.281328 0.0109183 0.00346315 0.999934 -0.00462563
1690902649308053504 612 0.149747 -0.98857 0.0174771 -0.197443 0.988623 0.149455 -0.0169442 -0.38151 0.0141385 0.0198157 0.999704 -0.00394569
1690902649608344320 620 0.130048 -0.991119 0.0277711 -0.201559 0.991481 0.129788 -0.0109747 -0.469387 0.00727286 0.0289618 0.999554 -0.00254284
1690902650008528640 621 0.136478 -0.990259 0.0275718 -0.221331 0.990583 0.13611 -0.0148132 -0.611809 0.0109161 0.0293339 0.99951 -0.00642482
1690902650058694144 623 0.15073 -0.988227 0.0262265 -0.226831 0.988442 0.150221 -0.0203954 -0.631513 0.0162155 0.0289975 0.999448 -0.00261398
1690902650158523392 624 0.179616 -0.983587 0.0171397 -0.241039 0.983647 0.179338 -0.0166008 -0.671062 0.0132545 0.0198411 0.999715 -0.00803524
1690902650208279296 625 0.192992 -0.981149 0.0100385 -0.250353 0.981019 0.19275 -0.0211971 -0.694938 0.0188626 0.0139388 0.999725 -0.000631536
1690902650258291200 628 0.209584 -0.977751 0.00878769 -0.258917 0.977756 0.209492 -0.0103118 -0.713372 0.00824145 0.0107534 0.999908 0.000550175
1690902650408098304 629 0.256417 -0.966548 0.00594955 -0.279218 0.966565 0.256403 -0.00313726 -0.770446 0.00150683 0.00655507 0.999977 -0.00379988
1690902650457808896 633 0.26803 -0.963403 0.00384061 -0.287751 0.963369 0.267979 -0.0103941 -0.790572 0.00898453 0.00648587 0.999939 -0.00296187
1690902650657231360 634 0.317036 -0.948387 0.0070902 -0.324181 0.94831 0.316882 -0.0171528 -0.870899 0.0140207 0.0121618 0.999828 -0.00302609
1690902650707088640 638 0.330006 -0.94394 0.00852954 -0.332533 0.94386 0.329808 -0.0188182 -0.889113 0.0149501 0.0142608 0.999787 -0.00134278
1690902650907403520 640 0.375712 -0.926671 0.0110087 -0.365276 0.926669 0.375515 -0.0165267 -0.952364 0.0111809 0.0164107 0.999803 0.000476204
1690902651007048960 644 0.400005 -0.916432 0.0121901 -0.383611 0.916472 0.399827 -0.0147588 -0.981742 0.00865154 0.0170755 0.999817 0.00132338
1690902651206659584 645 0.441404 -0.89705 0.0215362 -0.426432 0.89729 0.441422 -0.00420488 -1.05102 -0.00573455 0.0211803 0.999759 0.00551109
1690902651256440576 646 0.453445 -0.890886 0.0266348 -0.438797 0.891186 0.453635 0.00127436 -1.07182 -0.0132178 0.0231588 0.999644 0.00192713
1690902651306391808 647 0.46694 -0.883986 0.023157 -0.455397 0.88426 0.466976 -0.00414489 -1.09503 -0.00714975 0.0224122 0.999723 -0.00165988
1690902651356332288 648 0.481247 -0.876475 0.0138854 -0.470521 0.876523 0.480964 -0.0195509 -1.11958 0.0104575 0.0215797 0.999712 -0.00114277
1690902651406306304 649 0.49361 -0.869595 0.0124145 -0.485396 0.869635 0.493381 -0.0175856 -1.14109 0.00916733 0.0194765 0.999768 0.00651253
1690902651456335616 650 0.503736 -0.863733 0.014704 -0.50026 0.863837 0.503769 -0.00162449 -1.16065 -0.00600431 0.0135202 0.999891 0.00492559
1690902651506341632 651 0.514229 -0.857542 0.0137823 -0.517581 0.857636 0.514253 -0.00204748 -1.18132 -0.0053318 0.0128731 0.999903 0.000910691
1690902651556311552 652 0.525508 -0.850764 0.00648018 -0.535087 0.850776 0.525445 -0.00929898 -1.20296 0.00450625 0.0103999 0.999936 0.00521518
1690902651606186240 653 0.537542 -0.843185 0.00935428 -0.550333 0.843234 0.537534 -0.00357554 -1.22345 -0.00201341 0.00980985 0.99995 0.00713586
1690902651656224256 654 0.54637 -0.837504 0.00815261 -0.564059 0.837544 0.546352 -0.00450324 -1.24621 -0.00068271 0.0092886 0.999957 -0.00109227
1690902651706106112 656 0.548898 -0.835889 -0.000678203 -0.578453 0.83582 0.548862 -0.0124597 -1.2685 0.0107872 0.00627224 0.999922 0.00386651
1690902651806147328 659 0.553288 -0.83299 0.000763717 -0.607604 0.832971 0.553269 -0.00724668 -1.30691 0.00561387 0.00464565 0.999973 0.00273591
1690902651956051968 664 0.559441 -0.82887 -0.0001603 -0.642369 0.828806 0.5594 -0.0123565 -1.36276 0.0103316 0.00677987 0.999924 0.00510664
1690902652205976576 669 0.549811 -0.835238 0.00918729 -0.687691 0.835278 0.549713 -0.0112331 -1.44283 0.00433197 0.01385 0.999895 0.00714935
1690902652455770368 671 0.530468 -0.847348 0.0245896 -0.729262 0.847659 0.530518 -0.00498104 -1.52283 -0.00882455 0.0234858 0.999685 0.0100396
1690902652555916544 672 0.518052 -0.855152 0.018368 -0.750408 0.855346 0.517992 -0.00825725 -1.56329 -0.00245325 0.0199886 0.999797 0.00539284
1690902652605721600 673 0.512738 -0.858422 0.0145713 -0.758826 0.858447 0.512347 -0.0238719 -1.58399 0.0130266 0.0247487 0.999609 0.00876498
1690902652655849472 674 0.506632 -0.861942 0.0194897 -0.766199 0.862144 0.506343 -0.0179945 -1.6018 0.00564171 0.0259195 0.999648 0.011156
1690902652705854464 675 0.49586 -0.868121 0.0221333 -0.773758 0.868386 0.495846 -0.00648265 -1.61993 -0.00534701 0.0224348 0.999734 0.00937016
1690902652755741440 676 0.484751 -0.874562 0.0125575 -0.783918 0.874651 0.484678 -0.00855684 -1.63994 0.00139716 0.0151313 0.999885 0.00587225
1690902652806047232 678 0.477496 -0.878624 0.00414721 -0.795651 0.878551 0.477381 -0.0159683 -1.65974 0.0120503 0.0112683 0.999864 0.00683076
1690902652905805312 680 0.474618 -0.880163 0.00715719 -0.810918 0.880153 0.474506 -0.0132225 -1.69871 0.00824178 0.012575 0.999887 0.0096057
1690902653005771008 681 0.457947 -0.888971 0.003999 -0.824808 0.888819 0.457774 -0.0210707 -1.73984 0.0169006 0.0132036 0.99977 0.00593193
1690902653055804416 683 0.44684 -0.894614 -0.000573303 -0.831547 0.894321 0.446709 -0.0253112 -1.75559 0.0228999 0.0107973 0.999679 0.00867628
1690902653155922944 685 0.430955 -0.902371 0.00197691 -0.844199 0.902193 0.430824 -0.02093 -1.78683 0.0180349 0.0108034 0.999779 0.00700053
1690902653255808256 692 0.424881 -0.905241 0.0039065 -0.852512 0.905067 0.424704 -0.0219343 -1.81251 0.0181967 0.0128551 0.999752 0.00727209
1690902653605899008 701 0.414348 -0.910117 0.00149669 -0.862695 0.90995 0.414239 -0.0199197 -1.83397 0.0175093 0.00961558 0.9998 0.0079359
1690902654056034560 702 0.466366 -0.884581 -0.0044405 -0.851696 0.884484 0.466381 -0.0133008 -1.76751 0.0138366 0.0022755 0.999902 0.00787396
1690902654105993216 706 0.476163 -0.879351 -0.00308434 -0.848839 0.879289 0.476167 -0.0107491 -1.75599 0.0109209 0.0024063 0.999937 0.00846559
1690902654305971968 707 0.529488 -0.848317 0.000834227 -0.838747 0.848311 0.52948 -0.00427062 -1.70342 0.00318113 0.00296892 0.999991 0.00860188
1690902654355972608 709 0.545374 -0.838189 0.00241776 -0.834836 0.838182 0.545351 -0.00652627 -1.68932 0.00415173 0.00558578 0.999976 0.00792805
1690902654455926272 712 0.575225 -0.817969 0.00654131 -0.824541 0.817995 0.575208 -0.00439687 -1.6583 -0.000166113 0.00787995 0.999969 0.0074281
1690902654605798912 713 0.617367 -0.786601 0.010815 -0.809588 0.786652 0.617397 -0.000711429 -1.60983 -0.00611755 0.00894686 0.999941 0.00895572
1690902654655947008 715 0.634271 -0.773032 0.0110341 -0.804091 0.773099 0.634276 -0.00348793 -1.59419 -0.00430236 0.0107427 0.999933 0.0106385
1690902654755707904 716 0.671992 -0.74048 0.0107516 -0.793457 0.740558 0.671909 -0.0105542 -1.56246 0.000591058 0.0150546 0.999886 0.00887384
1690902654805773568 717 0.691685 -0.722144 0.00897057 -0.786801 0.722199 0.691622 -0.00939196 -1.54423 0.000578104 0.0129748 0.999916 0.00881809
1690902654855808768 718 0.710074 -0.703952 0.0157156 -0.776687 0.704091 0.710088 -0.00562481 -1.52504 -0.00719983 0.0150592 0.999861 0.0090029
1690902654905793280 719 0.729419 -0.683817 0.0184955 -0.767104 0.683965 0.729511 -0.00242009 -1.50504 -0.0118377 0.0144155 0.999826 0.0102462
1690902654955830784 720 0.75069 -0.660393 0.018564 -0.757796 0.660596 0.750702 -0.00778167 -1.4868 -0.00879705 0.0181049 0.999797 0.00730876
1690902655005828608 721 0.772894 -0.634465 0.00938525 -0.748586 0.634523 0.772705 -0.0175381 -1.46866 0.00387527 0.0195102 0.999802 0.00501814
1690902655056009984 722 0.790503 -0.612421 0.0068394 -0.739581 0.612458 0.790437 -0.0102071 -1.45088 0.000844955 0.0122576 0.999925 0.0110356
1690902655105998336 723 0.808056 -0.588854 0.0172214 -0.725485 0.588927 0.808185 0.00100001 -1.42806 -0.0145069 0.00933407 0.999851 0.00596984
1690902655156059392 724 0.825459 -0.564361 0.0106769 -0.712709 0.564404 0.825497 -0.00130682 -1.4088 -0.00807625 0.00710483 0.999942 0.000669914
1690902655205982208 725 0.840462 -0.541848 -0.00498813 -0.702161 0.541834 0.840476 -0.00396651 -1.39109 0.00634165 0.000630963 0.99998 0.00526343
1690902655256128000 726 0.854382 -0.519645 3.42829e-05 -0.686568 0.519637 0.85437 0.00540352 -1.37018 -0.0028372 -0.00459886 0.999985 0.00537859
1690902655306262528 727 0.867108 -0.498117 0.00179637 -0.670776 0.498098 0.867098 0.00630775 -1.35121 -0.00469963 -0.00457473 0.999978 0.00227745
1690902655356395264 728 0.880436 -0.474139 -0.00490836 -0.656426 0.474151 0.880443 0.00143303 -1.3349 0.00364207 -0.00358899 0.999987 0.00341545
1690902655406297344 729 0.894051 -0.447957 0.00266426 -0.637554 0.447956 0.894055 0.00107001 -1.31839 -0.00286131 0.000236827 0.999996 0.00129838
1690902655456225280 730 0.90514 -0.425105 0.00278201 -0.619141 0.425107 0.905143 -8.34605e-06 -1.30349 -0.00251457 0.0011902 0.999996 -7.08254e-05
1690902655506263552 733 0.914059 -0.405566 0.00348545 -0.601723 0.40557 0.914064 -0.000521478 -1.28788 -0.00297443 0.00189026 0.999994 0.0026697
1690902655656359936 735 0.939836 -0.341341 0.0139566 -0.552268 0.341432 0.939894 -0.00475403 -1.24939 -0.0114949 0.00923323 0.999891 0.00146651
1690902655756355072 737 0.9557 -0.294108 0.0117028 -0.521496 0.294101 0.955771 0.00237227 -1.22018 -0.0118829 0.00117462 0.999929 0.00101911
1690902655856633088 739 0.971239 -0.237663 0.0145422 -0.486175 0.237765 0.971305 -0.00578174 -1.19437 -0.0127508 0.00907309 0.999878 0.0018954
1690902655956826112 741 0.98248 -0.186006 0.0116005 -0.448554 0.18609 0.982511 -0.00659206 -1.17386 -0.0101715 0.0086353 0.999911 -0.00032395
1690902656056931840 743 0.990158 -0.139749 0.00760055 -0.410058 0.139779 0.990177 -0.00351483 -1.1505 -0.00703469 0.00454263 0.999965 -0.00315698
1690902656157187840 746 0.996319 -0.0855877 0.00474851 -0.369912 0.085622 0.996299 -0.00755552 -1.13175 -0.00408428 0.00793429 0.99996 -0.00507307
1690902656307679488 748 0.999902 -0.0135105 0.00365733 -0.304516 0.0135298 0.999894 -0.00529059 -1.10416 -0.00358547 0.00533956 0.999979 -0.00831686
1690902656407798528 752 0.999447 0.0321783 0.00834469 -0.262215 -0.0322304 0.999461 0.00618582 -1.08908 -0.00814115 -0.00645136 0.999946 -0.0119055
1690902656607884800 758 0.995803 0.0905194 0.0135298 -0.191775 -0.0906707 0.99582 0.0110193 -1.06982 -0.0124758 -0.0121998 0.999848 -0.0126611
