1690902445504928768 29 0.994211 -0.107382 0.00361927 -0.220139 0.107437 0.993957 -0.022502 -0.0722584 -0.00118109 0.0227606 0.99974 -0.00460163
1690902445554803968 31 0.992646 -0.12098 0.00418528 -0.237604 0.121047 0.992335 -0.0248732 -0.082653 -0.00114403 0.0251969 0.999682 0.00129556
1690902445654865152 32 0.987928 -0.154557 0.0104711 -0.290257 0.154758 0.9877 -0.0223239 -0.10794 -0.00689196 0.0236749 0.999696 0.00660872
1690902445704749312 33 0.985431 -0.169745 0.010576 -0.317879 0.169943 0.985208 -0.0220235 -0.120319 -0.00668116 0.0234999 0.999702 0.00419884
1690902445754517248 34 0.982849 -0.184382 0.00341157 -0.354357 0.184411 0.982565 -0.0236168 -0.136768 0.00100243 0.0238409 0.999715 -0.00139005
1690902445804676864 35 0.979519 -0.201353 -0.00030034 -0.38864 0.201267 0.979141 -0.0278289 -0.154643 0.0058975 0.0271985 0.999613 0.0108366
1690902445854820352 36 0.975872 -0.217883 0.0141566 -0.418487 0.218181 0.97559 -0.0249198 -0.168597 -0.00838146 0.0274073 0.999589 0.0130978
1690902445904775936 37 0.971186 -0.237624 0.0182521 -0.452124 0.237992 0.971026 -0.0216355 -0.188705 -0.0125821 0.0253559 0.999599 8.77276e-06
1690902445954629888 38 0.965482 -0.260288 0.00976174 -0.487276 0.26044 0.965268 -0.0206964 -0.210237 -0.00403567 0.0225244 0.999738 0.00222168
1690902446004706816 39 0.959861 -0.280371 0.00766388 -0.523767 0.280472 0.959636 -0.0208394 -0.227391 -0.00151177 0.0221525 0.999753 0.00526477
1690902446054723840 41 0.955029 -0.296468 0.00517931 -0.557705 0.296513 0.954844 -0.0188073 -0.244732 0.000630339 0.0194973 0.99981 0.00728973
1690902446154675200 42 0.943808 -0.330494 4.0914e-06 -0.620622 0.330466 0.943726 -0.0131549 -0.282023 0.00434376 0.0124171 0.999913 0.00703113
1690902446204683008 44 0.936608 -0.350378 0.0013142 -0.651454 0.350371 0.93655 -0.0106562 -0.301379 0.00250286 0.0104411 0.999942 0.00689852
1690902446304642048 45 0.924365 -0.38151 -0.000500578 -0.699462 0.381434 0.924206 -0.0187303 -0.341701 0.00760842 0.0171227 0.999824 0.00403198
1690902446354706432 46 0.919106 -0.394003 -0.00261101 -0.723093 0.393869 0.918931 -0.0208034 -0.359434 0.0105959 0.0180921 0.99978 0.00856975
1690902446404746752 47 0.913583 -0.406649 0.00173305 -0.742525 0.406615 0.91343 -0.0175958 -0.375053 0.0055723 0.0167799 0.999844 0.0101835
1690902446454823424 48 0.907497 -0.420059 0.000312034 -0.760149 0.420006 0.907371 -0.0165202 -0.389418 0.00665632 0.0151231 0.999863 0.0084906
1690902446504803584 50 0.901904 -0.431935 -0.000954815 -0.778476 0.431845 0.901757 -0.0185686 -0.403292 0.00888143 0.0163347 0.999827 0.0118267
1690902446604743936 54 0.892182 -0.451664 0.00339121 -0.806922 0.451642 0.891997 -0.0189946 -0.431039 0.00555423 0.0184783 0.999814 0.0111786
1690902446804869376 55 0.872114 -0.489266 0.00592205 -0.859884 0.489287 0.871929 -0.0183762 -0.484406 0.00382726 0.0189238 0.999814 0.0107483
1690902446854886656 60 0.867315 -0.497701 0.00767506 -0.872389 0.497758 0.867165 -0.016204 -0.495775 0.00140918 0.0178743 0.999839 0.01355
1690902447105195776 61 0.843806 -0.536508 0.0122745 -0.923915 0.536639 0.843705 -0.0134422 -0.552303 -0.0031442 0.0179295 0.999834 0.0147734
1690902447154997504 65 0.838745 -0.544357 0.0134965 -0.934606 0.544508 0.838651 -0.0132415 -0.565544 -0.00411075 0.0184552 0.999821 0.0155579
1690902447355114752 66 0.815407 -0.578556 0.0195867 -0.98089 0.57881 0.815384 -0.0112928 -0.621425 -0.00943715 0.0205452 0.999744 0.0187597
1690902447405199360 70 0.80896 -0.587486 0.0210631 -0.990468 0.587784 0.808921 -0.0125128 -0.638622 -0.0096873 0.0225029 0.9997 0.017258
1690902447605444096 71 0.776089 -0.630539 0.0103352 -1.05761 0.630618 0.775904 -0.0171671 -0.721673 0.00280538 0.0198408 0.999799 0.017565
1690902447655601152 74 0.76734 -0.641117 0.0125991 -1.06947 0.641239 0.767142 -0.0174769 -0.743781 0.00153946 0.0214897 0.999768 0.0175824
1690902447805774592 77 0.736855 -0.675862 0.015986 -1.10777 0.676045 0.736547 -0.0214708 -0.813767 0.00273684 0.0266282 0.999642 0.0176149
1690902447956410112 80 0.701289 -0.712829 0.00828463 -1.14663 0.712823 0.701044 -0.0204932 -0.876546 0.00880025 0.0202771 0.999756 0.0142946
1690902448106800128 84 0.664554 -0.747198 0.00792179 -1.17969 0.747121 0.664222 -0.0248807 -0.94365 0.013329 0.0224531 0.999659 0.0155386
1690902448307439872 86 0.612995 -0.790087 0.000410506 -1.2187 0.789937 0.612869 -0.0197925 -1.01989 0.0153862 0.012457 0.999804 0.022418
1690902448407858432 91 0.593649 -0.804714 0.00395945 -1.23261 0.804601 0.593466 -0.020364 -1.0588 0.0140374 0.0152749 0.999785 0.0183685
1690902448658599936 95 0.542668 -0.839804 0.0154965 -1.25389 0.839905 0.542364 -0.0200387 -1.13695 0.00842383 0.02389 0.999679 0.0187009
1690902448859217408 99 0.493858 -0.869356 0.0179888 -1.26996 0.869444 0.493384 -0.0252956 -1.20704 0.0131155 0.0281327 0.999518 0.0209392
1690902449059921152 104 0.448066 -0.893772 0.02021 -1.28385 0.893966 0.447735 -0.0189523 -1.27508 0.00789035 0.0265589 0.999616 0.0215107
1690902449310852096 107 0.381999 -0.923991 0.0178227 -1.29646 0.924065 0.381607 -0.0219213 -1.37021 0.0134538 0.0248433 0.999601 0.0180216
1690902449461287680 111 0.338319 -0.940823 0.019818 -1.2987 0.940977 0.337997 -0.0179128 -1.43765 0.0101544 0.0247086 0.999643 0.0220444
1690902449661850624 113 0.27772 -0.960602 0.0107727 -1.30637 0.960606 0.277565 -0.0138767 -1.53045 0.0103399 0.0142021 0.999846 0.0209819
1690902449762042368 114 0.239221 -0.970947 0.0058678 -1.30274 0.97085 0.239095 -0.0168752 -1.58813 0.014982 0.00973366 0.99984 0.0214484
1690902449812389120 115 0.21519 -0.976555 0.00576404 -1.30091 0.976433 0.215056 -0.018121 -1.61804 0.0164565 0.00952766 0.999819 0.0164174
1690902449862241280 116 0.192209 -0.981329 0.00697521 -1.30136 0.981128 0.192007 -0.0228127 -1.65303 0.0210475 0.0112284 0.999715 0.0199474
1690902449912193024 119 0.173761 -0.984733 0.0103682 -1.2978 0.984585 0.173502 -0.0221258 -1.68165 0.0199891 0.014053 0.999701 0.0182499
1690902450062405632 120 0.113359 -0.993508 0.00960845 -1.28237 0.993212 0.113061 -0.027327 -1.76823 0.0260633 0.012641 0.99958 0.0150322
1690902450112460800 121 0.0912775 -0.995788 0.00867726 -1.27832 0.995553 0.0910452 -0.0241911 -1.79155 0.0232992 0.0108468 0.99967 0.0237856
1690902450162401280 122 0.0711466 -0.997422 0.00938447 -1.27393 0.997256 0.0709355 -0.021178 -1.81431 0.0204578 0.0108655 0.999732 0.0114901
1690902450212444160 124 0.0549834 -0.998405 0.0128159 -1.27246 0.998097 0.0545984 -0.0286666 -1.82769 0.0279212 0.0143677 0.999507 0.0212598
1690902450312470528 125 0.0248734 -0.99952 0.0184569 -1.26055 0.999512 0.0245157 -0.0193596 -1.85795 0.0188978 0.0189294 0.999642 0.0173733
1690902450362552832 128 0.00698017 -0.999776 0.0199802 -1.25433 0.999823 0.00662833 -0.0176218 -1.87258 0.0174854 0.0200997 0.999645 0.0195695
1690902450512674048 129 -0.0484088 -0.998628 0.0199603 -1.23956 0.998773 -0.0486061 -0.00951744 -1.92139 0.0104746 0.019475 0.999755 0.0203339
1690902450562809344 131 -0.0672518 -0.997555 0.0189997 -1.23325 0.997692 -0.067415 -0.0080862 -1.93819 0.00934729 0.018412 0.999787 0.018974
1690902450662895616 132 -0.103348 -0.994554 0.0134921 -1.22117 0.994563 -0.103504 -0.0114435 -1.97541 0.0127777 0.0122361 0.999843 0.0159583
1690902450712771584 134 -0.120604 -0.992585 0.015133 -1.21365 0.992537 -0.120847 -0.0163095 -1.99468 0.0180174 0.013053 0.999752 0.0163232
1690902450812556800 135 -0.161076 -0.986829 0.0149042 -1.19649 0.986809 -0.161284 -0.0140061 -2.03031 0.0162255 0.0124515 0.999791 0.0176549
1690902450862467840 136 -0.178755 -0.983716 0.0186715 -1.18913 0.983721 -0.179047 -0.0153389 -2.0498 0.0184322 0.0156257 0.999708 0.0171499
1690902450912406016 138 -0.192312 -0.981186 0.017047 -1.18186 0.981152 -0.192582 -0.0159162 -2.0676 0.0188997 0.0136648 0.999728 0.018467
1690902451012905472 139 -0.218335 -0.975753 0.0153448 -1.16389 0.975667 -0.218585 -0.0171374 -2.10396 0.020076 0.0112297 0.999735 0.0173774
1690902451063015936 140 -0.233879 -0.972144 0.0153473 -1.15271 0.972031 -0.23414 -0.0182508 -2.12421 0.0213358 0.0106496 0.999716 0.0135273
1690902451112574720 141 -0.252396 -0.967497 0.0156738 -1.14221 0.967287 -0.252703 -0.0223071 -2.14367 0.0255429 0.00953083 0.999628 0.0179682
1690902451162880512 142 -0.270515 -0.962653 0.0109988 -1.13373 0.962436 -0.270694 -0.0210017 -2.16053 0.0231946 0.00490434 0.999719 0.0155929
1690902451212935680 143 -0.287577 -0.957724 0.00800463 -1.12697 0.957416 -0.287688 -0.0243052 -2.1757 0.0255805 0.000674146 0.999673 0.0181943
1690902451262829056 144 -0.302708 -0.953077 0.00349172 -1.12004 0.952846 -0.302712 -0.0212232 -2.19097 0.0212843 -0.00309734 0.999769 0.0161628
1690902451312878336 146 -0.316957 -0.948429 0.00451053 -1.11272 0.948113 -0.316969 -0.0247245 -2.20459 0.0248792 -0.00356013 0.999684 0.0181924
1690902451412726528 147 -0.338674 -0.940851 0.00995738 -1.09532 0.940658 -0.338808 -0.0192851 -2.22956 0.021518 0.00283514 0.999764 0.0154309
1690902451462410496 149 -0.350958 -0.936295 0.0134389 -1.08554 0.93611 -0.351168 -0.0194523 -2.24305 0.0229324 0.00575337 0.99972 0.018689
1690902451562568192 151 -0.376056 -0.926488 0.0141822 -1.06947 0.926227 -0.376294 -0.0225034 -2.27243 0.0261858 0.00467336 0.999646 0.0159972
1690902451662323712 153 -0.394968 -0.918609 0.0125854 -1.05458 0.918359 -0.395157 -0.0216228 -2.29914 0.0248361 0.00301766 0.999687 0.0141461
1690902451761991936 157 -0.406129 -0.913642 0.0178218 -1.04026 0.913446 -0.406442 -0.0205059 -2.32271 0.0259786 0.00795119 0.999631 0.016167
1690902451961614592 159 -0.440013 -0.89771 0.0225003 -1.00995 0.897608 -0.440419 -0.0181969 -2.36198 0.0262451 0.0121896 0.999581 0.0174088
1690902452061229056 162 -0.456041 -0.889714 0.0208612 -0.99497 0.8897 -0.456348 -0.0134397 -2.38444 0.0214775 0.0124311 0.999692 0.0153326
1690902452211040256 164 -0.480718 -0.876742 0.0152915 -0.970309 0.876491 -0.48095 -0.021208 -2.41946 0.0259484 0.00320778 0.999658 0.0126593
1690902452310783488 167 -0.500085 -0.865865 0.0139045 -0.954393 0.865589 -0.500277 -0.0218708 -2.43833 0.0258933 0.00109838 0.999664 0.0156078
1690902452460545280 170 -0.529206 -0.848406 0.0121602 -0.9237 0.848199 -0.529346 -0.018751 -2.47068 0.0223454 0.000391095 0.99975 0.0141894
1690902452610046720 173 -0.566605 -0.823831 0.0161766 -0.886289 0.823454 -0.566835 -0.0249389 -2.50429 0.029715 -0.000809815 0.999558 0.0130975
1690902452759925760 174 -0.61037 -0.791856 0.0203091 -0.835545 0.791326 -0.610705 -0.02903 -2.54407 0.0353905 -0.00164798 0.999372 0.00962893
1690902452810046208 176 -0.6238 -0.781253 0.0227336 -0.821862 0.780748 -0.624214 -0.0281019 -2.55326 0.0361453 0.000219214 0.999347 0.0144487
1690902452910057984 178 -0.648931 -0.760526 0.0220964 -0.793847 0.759929 -0.649301 -0.0302751 -2.57221 0.0373722 -0.00285476 0.999297 0.0137497
1690902453009889280 180 -0.671805 -0.74056 0.015786 -0.768546 0.74004 -0.671947 -0.0287918 -2.5917 0.0319294 -0.00766022 0.999461 0.0104252
1690902453109709312 185 -0.69046 -0.723162 0.0173846 -0.744356 0.722728 -0.69066 -0.0255569 -2.60571 0.0304886 -0.00508165 0.999522 0.0137081
1690902453359450112 187 -0.734205 -0.678667 0.0188296 -0.68079 0.67853 -0.734441 -0.0138952 -2.63418 0.0232595 0.0025745 0.999726 0.0152533
1690902453459249152 190 -0.755564 -0.654898 0.0152138 -0.653105 0.654842 -0.755711 -0.00910136 -2.64383 0.0174577 0.00308598 0.999843 0.0156705
1690902453608998656 192 -0.790899 -0.611764 0.0149271 -0.603388 0.611766 -0.791023 -0.00499329 -2.66371 0.0148624 0.00518269 0.999876 0.0158233
1690902453708824064 194 -0.813445 -0.581378 0.0175332 -0.564901 0.581424 -0.813596 -0.00290193 -2.67337 0.0159521 0.00783368 0.999842 0.0152078
1690902453808777216 195 -0.839004 -0.543678 0.0220659 -0.52189 0.543603 -0.839286 -0.00979708 -2.69016 0.023846 0.00377527 0.999709 0.0128406
1690902453858298624 197 -0.849944 -0.526433 0.0215315 -0.500631 0.526382 -0.850207 -0.00839239 -2.69743 0.0227243 0.00420075 0.999733 0.0151955
1690902453957759232 198 -0.872952 -0.487313 0.0219151 -0.453719 0.487301 -0.873212 -0.00624426 -2.70517 0.0221794 0.00522831 0.99974 0.0121456
1690902454007604992 199 -0.885848 -0.463444 0.0222082 -0.429951 0.463375 -0.886122 -0.00846184 -2.71062 0.0236007 0.0027948 0.999718 0.0123042
1690902454057262592 201 -0.897312 -0.440769 0.0235391 -0.407043 0.440553 -0.897618 -0.0139792 -2.71773 0.0272907 -0.00217349 0.999625 0.00988254
1690902454156510464 203 -0.915723 -0.401139 0.0231951 -0.35749 0.400794 -0.915987 -0.0182082 -2.7274 0.0285504 -0.00737724 0.999565 0.0124894
1690902454255980288 206 -0.932919 -0.35885 0.0298261 -0.308367 0.358502 -0.933384 -0.0164627 -2.73245 0.0337468 -0.00466566 0.99942 0.0152799
1690902454404970496 209 -0.954106 -0.298234 0.0271775 -0.243099 0.297987 -0.954484 -0.0128218 -2.73535 0.0297644 -0.00413479 0.999548 0.0126036
1690902454554364416 212 -0.971751 -0.233949 0.0311073 -0.166241 0.233639 -0.972232 -0.0133117 -2.7314 0.0333578 -0.00566779 0.999427 0.0100513
1690902454703477248 215 -0.984405 -0.173718 0.0277216 -0.0951492 0.17369 -0.984794 -0.0034257 -2.7243 0.0278952 0.00144268 0.99961 0.0152115
1690902454852822784 217 -0.993536 -0.112029 0.0182948 -0.0361157 0.112043 -0.993703 -0.000306696 -2.70973 0.0182139 0.00174508 0.999833 0.0136973
1690902454952709376 218 -0.997778 -0.061882 0.0247079 0.0175401 0.0618414 -0.998083 -0.00240549 -2.70289 0.0248094 -0.000872177 0.999692 0.0107053
1690902455002761728 221 -0.998739 -0.0437411 0.0246601 0.041728 0.0437389 -0.999043 -0.000626857 -2.69901 0.0246639 0.000452538 0.999696 0.0176726
1690902455152449024 224 -0.999511 0.025585 0.0179795 0.122454 -0.025794 -0.999601 -0.0114899 -2.67514 0.0176783 -0.011948 0.999772 0.0150588
1690902455301981440 226 -0.995192 0.0949994 0.0238219 0.216174 -0.0953165 -0.995368 -0.0125498 -2.64235 0.0225194 -0.0147601 0.999637 0.0145443
1690902455401688320 229 -0.989988 0.139308 0.0227308 0.265514 -0.139533 -0.99018 -0.00863668 -2.61695 0.0213044 -0.0117219 0.999704 0.00945702
1690902455551372800 233 -0.978731 0.203591 0.0252385 0.336336 -0.203704 -0.97903 -0.00198079 -2.58286 0.024306 -0.00707986 0.999679 0.00986429
1690902455751081216 237 -0.962304 0.271146 0.0212546 0.411112 -0.271126 -0.962536 0.00388111 -2.53705 0.0215106 -0.00202785 0.999767 0.0129339
1690902455950688512 241 -0.938551 0.344769 0.0160176 0.476257 -0.34478 -0.938681 0.00213232 -2.49304 0.0157705 -0.00352125 0.999869 0.0139044
1690902456150747904 244 -0.910822 0.412535 0.0147769 0.560327 -0.412469 -0.910941 0.00743624 -2.42059 0.0165286 0.000678087 0.999863 0.00910921
1690902456301069568 248 -0.882073 0.471003 0.0101539 0.619052 -0.470945 -0.882129 0.0076697 -2.36999 0.0125695 0.00198331 0.999919 0.0121835
1690902456501200128 252 -0.841227 0.540018 0.0267962 0.697112 -0.540188 -0.841544 0.00106075 -2.29958 0.023123 -0.0135827 0.99964 0.0125699
1690902456701424896 256 -0.799063 0.600917 0.0199208 0.758593 -0.601121 -0.799135 -0.00600304 -2.22765 0.0123121 -0.0167716 0.999784 0.0128535
1690902456902020096 258 -0.753059 0.657707 0.0179569 0.814498 -0.657759 -0.753219 0.00367325 -2.14923 0.0159414 -0.00904516 0.999832 0.0149516
1690902457002120192 262 -0.729202 0.684039 0.0188213 0.837108 -0.684024 -0.729413 0.00824841 -2.1117 0.0193708 -0.00685948 0.999789 0.0158841
1690902457203246592 265 -0.685298 0.728179 0.0110838 0.873961 -0.728073 -0.685387 0.0124213 -2.03834 0.0166416 0.000442455 0.999861 0.0158027
1690902457354229504 268 -0.647953 0.761678 -0.0017914 0.897371 -0.761664 -0.647923 0.00802373 -1.98215 0.00495081 0.00656344 0.999966 0.0146186
1690902457505354752 271 -0.60861 0.793463 0.00330928 0.923924 -0.793345 -0.608583 0.0152148 -1.92114 0.0140864 0.00663448 0.999879 0.017097
1690902457656608768 272 -0.563641 0.826003 0.00533745 0.946989 -0.825978 -0.563666 0.00644739 -1.86288 0.00833411 -0.000774606 0.999965 0.0174191
1690902457707022848 274 -0.548326 0.836243 0.00594359 0.955408 -0.83623 -0.548355 0.00516768 -1.84355 0.00758063 -0.00213664 0.999969 0.0140631
1690902457807652096 275 -0.52277 0.852408 0.0105856 0.971979 -0.852327 -0.52287 0.0120563 -1.7963 0.0158118 -0.00271976 0.999871 0.0165546
1690902457858089216 277 -0.508372 0.861048 0.0123694 0.975886 -0.860954 -0.508508 0.0133079 -1.7741 0.0177487 -0.00388407 0.999835 0.0124101
1690902457958539520 278 -0.47161 0.881672 0.015452 0.988187 -0.881549 -0.471823 0.015921 -1.7267 0.0213277 -0.0061132 0.999754 0.0160848
1690902458008742144 280 -0.453701 0.891026 0.0151352 0.99443 -0.890945 -0.453897 0.013972 -1.70561 0.0193192 -0.00714556 0.999788 0.016742
1690902458108820736 281 -0.427174 0.90406 0.0140431 1.00459 -0.904027 -0.427331 0.0111143 -1.66972 0.0160491 -0.0079476 0.99984 0.0171057
1690902458158891776 286 -0.415597 0.909418 0.015407 1.00772 -0.909411 -0.415769 0.0103694 -1.65222 0.0158359 -0.00970178 0.999828 0.016026
1690902458408689664 287 -0.35901 0.933245 0.012855 1.02008 -0.933305 -0.359073 0.00289826 -1.57782 0.00732067 -0.0109571 0.999913 0.0181289
1690902458458787840 294 -0.350545 0.936479 0.0111809 1.02108 -0.936502 -0.350619 0.00545686 -1.56446 0.00903047 -0.00855807 0.999923 0.019513
1690902458808145408 296 -0.27665 0.960967 0.00283809 1.02277 -0.960966 -0.276657 0.00244509 -1.47579 0.00313483 -0.00205088 0.999993 0.0229257
1690902458907870464 301 -0.25221 0.967666 -0.00352164 1.01958 -0.967673 -0.252209 0.000710245 -1.44474 -0.000200905 0.00358692 0.999994 0.022305
1690902459157303808 303 -0.173423 0.984834 -0.00510171 1.01577 -0.984845 -0.173432 -0.00137599 -1.34005 -0.00223991 0.00478576 0.999986 0.0218874
1690902459257102848 307 -0.140326 0.990091 -0.00532003 1.01035 -0.990105 -0.140326 0.000464219 -1.29713 -0.000286916 0.00533253 0.999986 0.0247829
1690902459456882176 309 -0.072797 0.99732 0.00724524 1.00618 -0.997326 -0.0728402 0.00588559 -1.21083 0.00639757 -0.00679742 0.999956 0.0242615
1690902459556885504 314 -0.0463029 0.998917 0.00453262 0.994955 -0.998923 -0.0463157 0.0027674 -1.17091 0.00297434 -0.0043996 0.999986 0.0272113
1690902459806744832 317 0.0298278 0.999555 0.000988296 0.973669 -0.999552 0.0298251 0.0026677 -1.08237 0.00263704 -0.00106743 0.999996 0.0248846
1690902459956886784 324 0.0653599 0.997859 -0.00234321 0.962864 -0.99784 0.0653738 0.0064776 -1.03605 0.00661692 0.00191477 0.999976 0.0276585
1690902460306821120 330 0.109207 0.993994 -0.00706146 0.941842 -0.994014 0.109227 0.00252481 -0.937432 0.00328095 0.00674346 0.999972 0.0305072
1690902460606817024 337 0.129929 0.991519 -0.00304358 0.926008 -0.991521 0.129921 -0.0026435 -0.852507 -0.00222565 0.00336124 0.999992 0.0331398
1690902460956838144 344 0.159872 0.987125 -0.00503721 0.899894 -0.98712 0.159898 0.00522847 -0.732318 0.0059666 0.00413644 0.999974 0.0341704
1690902461306970368 351 0.184483 0.982836 1.89282e-05 0.869052 -0.982782 0.184472 0.01045 -0.606195 0.0102672 -0.00194645 0.999945 0.0348799
1690902461656675840 359 0.204203 0.978928 -0.00101863 0.838104 -0.978928 0.204202 -0.00100369 -0.501203 -0.000774529 0.00120212 0.999999 0.0358736
1690902462056970752 368 0.221966 0.975039 -0.00554605 0.807089 -0.975049 0.22198 0.00207228 -0.390821 0.00325167 0.00494769 0.999982 0.0375673
1690902462506991360 374 0.236879 0.971539 -0.000936526 0.765683 -0.971539 0.236879 -0.000821374 -0.249672 -0.000576154 0.00110444 0.999999 0.0402854
1690902462807060992 377 0.255065 0.966917 -0.0037091 0.731155 -0.966871 0.255089 0.009472 -0.136361 0.0101048 0.00117025 0.999948 0.0403907
1690902462956997632 386 0.262176 0.965018 0.001794 0.713798 -0.964969 0.262143 0.0107354 -0.0792633 0.00988955 -0.00454573 0.999941 0.0399774
1690902463407239168 394 0.278766 0.960333 0.0071304 0.67215 -0.96034 0.278706 0.00834036 0.0489563 0.00602223 -0.00917262 0.99994 0.0437538
1690902463807498752 440 0.294546 0.955634 -0.0026288 0.635824 -0.955625 0.294555 0.00434302 0.139628 0.00492466 0.00123292 0.999987 0.0437764
1690902466107501568 451 0.287209 0.957842 -0.00704004 0.743695 -0.957867 0.287211 -0.000703918 -0.193496 0.00134774 0.00694559 0.999975 0.0450493
1690902466657282816 463 0.281538 0.959549 -0.00163829 0.816395 -0.959545 0.28153 -0.0037726 -0.419608 -0.00315877 0.00263414 0.999992 0.0377936
1690902467257254656 481 0.283584 0.958944 0.00271098 0.895226 -0.958947 0.28358 0.0016014 -0.679232 0.000766876 -0.00305382 0.999995 0.0333326
1690902468157291008 504 0.291089 0.956692 -0.00263361 1.01822 -0.956683 0.291071 -0.00589778 -1.06163 -0.0048758 0.00423631 0.999979 0.0304101
1690902469307264000 542 0.302476 0.953143 -0.00510261 1.14348 -0.953148 0.302444 -0.00607932 -1.46099 -0.00425121 0.00670238 0.999969 0.022143
1690902471206962944 545 0.366441 0.930397 -0.00902823 1.13014 -0.930406 0.366325 -0.0122812 -1.51034 -0.00811912 0.0129003 0.999884 0.0207986
1690902471356944128 547 0.4055 0.914061 -0.00785801 1.09821 -0.914095 0.405494 -0.0024152 -1.4618 0.000978729 0.00816233 0.999966 0.0177619
1690902471457079040 550 0.431363 0.902174 -0.00269124 1.0723 -0.902124 0.431302 -0.0123077 -1.42988 -0.00994295 0.00773692 0.999921 0.0228851
1690902471607237632 553 0.479092 0.877765 -0.000667991 1.014 -0.877741 0.479073 -0.00768111 -1.3631 -0.00642219 0.00426628 0.99997 0.022687
1690902471757390336 554 0.526949 0.849894 0.00217388 0.957078 -0.849892 0.526936 0.00463989 -1.29732 0.00279792 -0.00429255 0.999987 0.0219624
1690902471807475712 556 0.545091 0.838358 -0.00570939 0.937228 -0.838326 0.54512 0.00733378 -1.27979 0.00926063 0.000788752 0.999957 0.0246186
1690902471907499776 558 0.573886 0.818902 -0.00739323 0.899825 -0.818907 0.573917 0.00309554 -1.24467 0.00677804 0.00427788 0.999968 0.0256968
1690902472007499264 561 0.597573 0.801781 -0.00724001 0.863684 -0.801802 0.597589 4.34357e-05 -1.21261 0.00436138 0.0057791 0.999974 0.0243709
1690902472157776896 564 0.636159 0.771549 -0.00364239 0.814526 -0.771557 0.63616 -0.001129 -1.17082 0.00144606 0.00352853 0.999993 0.0294464
1690902472307687168 568 0.669508 0.742804 0.00091462 0.767499 -0.7428 0.669508 -0.00255871 -1.13413 -0.00251297 0.0010337 0.999996 0.0301388
1690902472507822592 569 0.713929 0.700191 -0.00617701 0.678307 -0.700163 0.713733 -0.0189292 -1.09079 -0.00884535 0.017839 0.999802 0.02832
1690902472557863936 571 0.728189 0.685335 -0.00752148 0.65333 -0.685332 0.727973 -0.0193888 -1.07628 -0.00781237 0.0192734 0.999784 0.0264939
1690902472657693952 572 0.752918 0.657803 -0.0202327 0.600654 -0.658068 0.752875 -0.0112362 -1.04691 0.00784148 0.0217745 0.999732 0.0343275
1690902472707541248 573 0.765706 0.643183 -0.00311905 0.578827 -0.643113 0.765529 -0.0192806 -1.03606 -0.0100132 0.0167692 0.999809 0.0332132
1690902472757425664 574 0.779358 0.626578 0.00119254 0.55549 -0.626482 0.779269 -0.0160967 -1.02127 -0.0110152 0.011798 0.99987 0.0263819
1690902472807298816 575 0.791605 0.610967 -0.00898908 0.531238 -0.611019 0.791601 -0.0048497 -1.00724 0.00415275 0.00933155 0.999948 0.0273986
1690902472857374208 576 0.80083 0.598726 -0.0141162 0.507448 -0.598799 0.800899 -0.00121782 -0.994901 0.0105765 0.00942802 0.9999 0.0333264
1690902472907372544 579 0.808993 0.587776 -0.00705246 0.484977 -0.587802 0.809001 -0.00233426 -0.984887 0.00433342 0.00603385 0.999972 0.0364596
1690902473057262336 580 0.838718 0.544565 0.00063277 0.418146 -0.544561 0.838707 0.00479436 -0.954802 0.00208013 -0.0043657 0.999988 0.0388371
1690902473107000320 582 0.847167 0.531324 0.00174789 0.396768 -0.531327 0.847165 0.00166296 -0.946215 -0.000597183 -0.00233751 0.999997 0.0344708
1690902473206924288 587 0.859881 0.510479 -0.00396498 0.351729 -0.510482 0.859888 0.000107156 -0.931961 0.00346414 0.00193191 0.999992 0.0336772
1690902473456240128 592 0.89666 0.442702 -0.00393921 0.251435 -0.442709 0.896665 -0.000940157 -0.902324 0.00311594 0.00258692 0.999992 0.0336484
1690902473705770240 595 0.924852 0.380299 -0.00475626 0.159049 -0.380322 0.924837 -0.00569309 -0.886692 0.00223369 0.00707417 0.999972 0.0373222
1690902473855306752 599 0.94075 0.339096 -0.00181234 0.101044 -0.339093 0.940679 -0.0117786 -0.881881 -0.00228925 0.0116953 0.999929 0.0348217
1690902474055054592 600 0.960891 0.276879 -0.00514795 0.000910027 -0.276924 0.960804 -0.0130128 -0.874636 0.0013432 0.0139295 0.999902 0.0367409
1690902474105098240 602 0.966387 0.256989 -0.00725055 -0.025621 -0.257059 0.966328 -0.011465 -0.873531 0.00406002 0.0129434 0.999908 0.0379509
1690902474205175040 604 0.97698 0.21298 -0.0122535 -0.0826592 -0.213009 0.97705 -0.00108772 -0.86973 0.0117406 0.00367279 0.999924 0.0336359
1690902474305230080 605 0.983417 0.180397 -0.0186534 -0.140689 -0.180465 0.983579 -0.00203031 -0.870349 0.0179809 0.00536294 0.999824 0.0402869
1690902474355112448 606 0.98616 0.165241 -0.0135389 -0.164497 -0.165296 0.986239 -0.00307285 -0.873258 0.0128448 0.00526825 0.999904 0.0378097
1690902474405171456 609 0.98883 0.148605 -0.0115021 -0.188418 -0.148672 0.988873 -0.0052066 -0.87579 0.0106004 0.00685848 0.99992 0.0380012
1690902474554991872 610 0.995194 0.0972827 -0.0111887 -0.259465 -0.0972953 0.995255 -0.000592137 -0.878563 0.011078 0.0016779 0.999937 0.0383761
1690902474605134336 612 0.996221 0.0856929 -0.0141714 -0.281124 -0.0857071 0.99632 -0.000397658 -0.879853 0.0140851 0.00161074 0.9999 0.0411791
1690902474705169920 613 0.997972 0.063172 -0.00778477 -0.319024 -0.0631753 0.998002 -0.000178972 -0.888055 0.00775792 0.000670415 0.99997 0.0388599
1690902474755002880 615 0.998755 0.0494782 -0.0063712 -0.339593 -0.0494778 0.998775 0.000219681 -0.890568 0.00637426 9.58261e-05 0.99998 0.0448663
1690902474854967808 617 0.999713 0.0237175 -0.00336254 -0.374452 -0.0237229 0.999717 -0.00159235 -0.897389 0.00332382 0.00167166 0.999993 0.0408447
1690902474955046144 620 0.999988 -0.00198793 -0.00450114 -0.412455 0.00195707 0.999975 -0.00684865 -0.907267 0.00451464 0.00683976 0.999966 0.0401417
1690902475104981504 623 0.999368 -0.0355503 -0.000201239 -0.472219 0.0355437 0.999264 -0.0144 -0.921331 0.000713012 0.0143837 0.999896 0.0415617
1690902475254867456 625 0.997862 -0.0648768 -0.00788399 -0.539975 0.0647602 0.997799 -0.014246 -0.931907 0.00879087 0.0137049 0.999867 0.0372085
1690902475354785536 627 0.996911 -0.0784757 -0.00323469 -0.577273 0.0784087 0.996772 -0.0172548 -0.941059 0.00457833 0.0169479 0.999846 0.0437063
1690902475454690048 628 0.995904 -0.0898822 -0.00978764 -0.620562 0.0897104 0.995827 -0.016763 -0.949479 0.0112535 0.0158163 0.999812 0.0431121
1690902475504810752 631 0.995452 -0.0949347 -0.00794587 -0.641122 0.0948268 0.995409 -0.0130083 -0.950944 0.00914433 0.0121957 0.999884 0.044108
1690902475654933504 635 0.994564 -0.103922 -0.00659501 -0.702437 0.10389 0.994576 -0.00496352 -0.95856 0.00707506 0.00425138 0.999966 0.0425973
1690902475854852608 639 0.993642 -0.111539 -0.0153337 -0.789076 0.111395 0.993727 -0.00993352 -0.973851 0.0163454 0.00816226 0.999833 0.0412895
1690902476054998528 642 0.992593 -0.120724 -0.0135847 -0.863688 0.120711 0.992686 -0.00177876 -0.982181 0.0137001 0.000125769 0.999906 0.0448274
1690902476204973824 645 0.993136 -0.116237 -0.0130026 -0.912152 0.116157 0.993208 -0.00673081 -0.992203 0.0136967 0.00517427 0.999893 0.0464401
1690902476354758656 647 0.993199 -0.116427 -0.000488914 -0.952615 0.116417 0.993155 -0.00949281 -1.0005 0.00159079 0.00937133 0.999955 0.0461228
1690902476454913792 648 0.993012 -0.117998 -0.00202194 -0.97759 0.117981 0.992989 -0.00735777 -1.00284 0.00287597 0.00706781 0.999971 0.0469731
1690902476504777472 649 0.992944 -0.118581 0.000106553 -0.988308 0.118579 0.992923 -0.00662164 -1.00504 0.000679399 0.00658756 0.999978 0.0477693
1690902476554851840 650 0.992798 -0.1198 -0.000241671 -0.998295 0.119797 0.992784 -0.00542772 -1.00637 0.000890168 0.00535968 0.999985 0.0477396
1690902476604731904 651 0.992682 -0.120757 -0.000292111 -1.00604 0.120754 0.99267 -0.00489326 -1.00691 0.000880865 0.00482217 0.999988 0.0495078
1690902476654752000 652 0.992621 -0.121252 0.00142661 -1.01289 0.121258 0.992611 -0.00441323 -1.00774 -0.000880951 0.00455365 0.999989 0.0486572
1690902476704463360 653 0.992593 -0.121483 0.000648245 -1.01824 0.121485 0.992585 -0.00408232 -1.00845 -0.000147507 0.00413084 0.999991 0.0491943
1690902476754532352 654 0.992609 -0.121351 0.00139934 -1.02258 0.121355 0.992602 -0.00373658 -1.00936 -0.000935549 0.00387878 0.999992 0.0485465
1690902476804519680 657 0.992544 -0.121885 0.000818467 -1.02372 0.121887 0.992537 -0.00367246 -1.00991 -0.000364743 0.00374483 0.999993 0.0498434
1690902476954474752 658 0.992463 -0.122529 0.00185423 -1.02213 0.122536 0.992456 -0.00410228 -1.00953 -0.00133759 0.00429857 0.99999 0.048177
1690902477004358656 659 0.992338 -0.123544 0.00136766 -1.01857 0.123549 0.992326 -0.00498789 -1.00942 -0.000740944 0.00511865 0.999987 0.0483816
1690902477054656512 660 0.99222 -0.124475 0.00229557 -1.01561 0.124487 0.992202 -0.00622113 -1.00917 -0.00150329 0.0064585 0.999978 0.0473686
1690902477104493568 661 0.992115 -0.125322 0.00170175 -1.00842 0.125331 0.992089 -0.00710664 -1.00877 -0.000797669 0.00726389 0.999973 0.0481941
1690902477154608384 662 0.992052 -0.125804 0.00248828 -1.00143 0.12582 0.992022 -0.00788609 -1.00788 -0.00147633 0.00813649 0.999966 0.0478402
1690902477204567040 663 0.991953 -0.126599 0.00168392 -0.994166 0.126609 0.99191 -0.00914449 -1.00727 -0.000512612 0.0092841 0.999957 0.0480344
1690902477254526976 664 0.991861 -0.127309 0.00216621 -0.985459 0.127325 0.99181 -0.0101083 -1.00658 -0.000861596 0.0103018 0.999947 0.0477511
1690902477304488960 665 0.991727 -0.128354 0.00179471 -0.975185 0.128367 0.991656 -0.0118216 -1.00597 -0.000262385 0.0119542 0.999929 0.0477895
1690902477354734080 666 0.991708 -0.12849 0.0022281 -0.96514 0.128508 0.991622 -0.0131191 -1.00499 -0.000523775 0.0132966 0.999911 0.0472733
1690902477404607488 667 0.991861 -0.127324 0.001063 -0.953079 0.127327 0.991771 -0.0133405 -1.00336 0.000644299 0.0133672 0.99991 0.0470578
1690902477454539264 668 0.992011 -0.126148 0.000258798 -0.940708 0.126142 0.99194 -0.0119615 -1.0012 0.00125221 0.0118986 0.999928 0.0465638
1690902477504622592 671 0.991974 -0.126368 -0.00423461 -0.927538 0.126323 0.991942 -0.00969064 -0.998213 0.00542507 0.00907794 0.999944 0.0462193
1690902477654862848 675 0.991509 -0.129654 -0.00996416 -0.881674 0.129654 0.991559 -0.000654639 -0.987657 0.00996493 -0.000642812 0.99995 0.0447629
1690902477854768896 677 0.991233 -0.131594 -0.011825 -0.813414 0.131482 0.99127 -0.00983614 -0.981703 0.0130161 0.00819514 0.999882 0.0433904
1690902477954797568 685 0.990738 -0.135665 -0.00573243 -0.778102 0.135626 0.990737 -0.00671078 -0.976783 0.00658975 0.00587116 0.999961 0.0445691
1690902478354840832 690 0.987744 -0.156075 -0.00174635 -0.637823 0.15603 0.98763 -0.0155222 -0.960929 0.00414738 0.0150594 0.999878 0.0442217
1690902478605034752 697 0.986795 -0.161957 0.00229118 -0.528506 0.161971 0.986757 -0.0087658 -0.940946 -0.000841149 0.00902116 0.999959 0.0431176
1690902478955054848 706 0.986726 -0.162381 -0.00222428 -0.361384 0.16237 0.98672 -0.00447362 -0.909252 0.00292117 0.00405308 0.999988 0.0419247
1690902479405054208 717 0.984459 -0.175567 -0.00418958 -0.149795 0.175534 0.984447 -0.00723118 -0.876263 0.00539398 0.00638339 0.999965 0.0395262
1690902479957027328 723 0.980085 -0.198577 -0.000722022 0.0515074 0.198553 0.980013 -0.012264 -0.84051 0.00314294 0.0118764 0.999925 0.0405434
1690902480255264768 754 0.978952 -0.204075 0.00238658 0.147608 0.204084 0.978942 -0.00468261 -0.8161 -0.00138072 0.00507111 0.999986 0.039396
1690902481805235200 757 0.985928 -0.166944 -0.00867492 -0.147938 0.166938 0.985966 -0.00143219 -0.864997 0.00879227 -3.61292e-05 0.999961 0.0364723
1690902481955226112 762 0.986224 -0.16434 -0.018854 -0.219904 0.164225 0.986395 -0.00746551 -0.883583 0.0198244 0.00426636 0.999794 0.0372275
1690902482205107200 766 0.988639 -0.149844 -0.011852 -0.327936 0.149797 0.988705 -0.00473881 -0.896118 0.0124282 0.00290957 0.999919 0.0429596
1690902482404865280 773 0.989086 -0.147332 -0.00167356 -0.403624 0.147337 0.98908 0.00351055 -0.906549 0.00113806 -0.00371881 0.999992 0.0415993
1690902482754863616 775 0.990717 -0.135933 0.00156062 -0.549422 0.135942 0.990642 -0.0121371 -0.932952 0.000103817 0.0122366 0.999925 0.0412561
1690902482854803200 781 0.991441 -0.130225 -0.00924587 -0.593682 0.130101 0.991416 -0.0129424 -0.93807 0.0108519 0.0116287 0.999873 0.0431758
1690902483154730752 783 0.993234 -0.115919 -0.00695665 -0.711007 0.115892 0.993253 -0.0042363 -0.950556 0.00740078 0.00340142 0.999967 0.0432703
1690902483254796544 788 0.993846 -0.110333 -0.00988643 -0.751376 0.110322 0.993895 -0.00158508 -0.954207 0.010001 0.000484629 0.99995 0.0425756
1690902483504877056 794 0.994015 -0.108065 -0.0160005 -0.840064 0.10806 0.994144 -0.00115758 -0.96473 0.0160319 -0.000578359 0.999871 0.0435298
1690902483804762112 802 0.995864 -0.0907811 -0.00372369 -0.906287 0.0907596 0.995857 -0.00558465 -0.972817 0.00421525 0.00522359 0.999977 0.0456556
1690902484204665856 809 0.995707 -0.0925593 -0.000256178 -0.933708 0.0925566 0.995693 -0.00538713 -0.975839 0.000753703 0.0053403 0.999985 0.0466362
1690902484554745344 817 0.995159 -0.0982748 0.000935362 -0.916556 0.0982792 0.995103 -0.0105348 -0.977319 0.000104519 0.0105757 0.999944 0.0455869
1690902484954702592 820 0.993356 -0.114885 -0.00667058 -0.877613 0.114848 0.993367 -0.00567368 -0.975793 0.00727815 0.00486988 0.999962 0.0452346
1690902485104636928 826 0.991123 -0.132568 -0.0100228 -0.85201 0.132531 0.99117 -0.00423598 -0.976567 0.0104958 0.00287004 0.999941 0.0436369
1690902485404785920 828 0.982843 -0.184207 -0.00933607 -0.787064 0.184091 0.982835 -0.0120598 -0.982199 0.0113973 0.0101342 0.999884 0.0427739
1690902485504733696 833 0.977863 -0.209046 -0.00913041 -0.7639 0.208899 0.977825 -0.0148235 -0.983983 0.0120267 0.012588 0.999848 0.0436617
1690902485755086592 837 0.964844 -0.262775 -0.00493255 -0.699585 0.262731 0.964835 -0.00817642 -0.981111 0.00690765 0.00659304 0.999954 0.0440365
1690902485955104512 841 0.951177 -0.308644 -2.06475e-06 -0.642207 0.308583 0.950988 -0.0199445 -0.97982 0.00615774 0.0189702 0.999801 0.0431332
1690902486154968576 843 0.933497 -0.358578 -0.00210275 -0.558551 0.358473 0.933339 -0.0193739 -0.969581 0.00890965 0.0173318 0.99981 0.0414155
1690902486255044864 846 0.922153 -0.386822 0.00165811 -0.52097 0.386779 0.921967 -0.0194754 -0.963773 0.00600481 0.0186007 0.999809 0.0419026
1690902486405445120 849 0.905593 -0.424137 0.0028737 -0.466869 0.424123 0.905449 -0.0168165 -0.950322 0.00453052 0.0164477 0.999854 0.0411441
1690902486555556096 850 0.885924 -0.463829 0.00126077 -0.412439 0.463823 0.88589 -0.00816986 -0.934855 0.00267252 0.00782266 0.999966 0.0391243
1690902486605653504 852 0.877169 -0.480181 8.9978e-05 -0.390882 0.480144 0.877099 -0.0125934 -0.929472 0.00596818 0.0110897 0.999921 0.0413135
1690902486705786880 854 0.860284 -0.50981 0.00252967 -0.348373 0.509782 0.860158 -0.0158171 -0.919151 0.00588778 0.0148968 0.999872 0.0373521
1690902486805845504 857 0.83944 -0.543414 -0.00643139 -0.311167 0.543234 0.83938 -0.0183865 -0.907252 0.0153899 0.0119407 0.99981 0.0406846
1690902486956252160 861 0.812423 -0.583044 -0.00535884 -0.25372 0.582872 0.812353 -0.0185378 -0.881458 0.0151616 0.011937 0.999814 0.0393695
1690902487157001728 864 0.774267 -0.632816 -0.00741514 -0.175101 0.632721 0.774289 -0.0118663 -0.844597 0.0132507 0.00449599 0.999902 0.0378507
1690902487307280128 866 0.736875 -0.676016 -0.00411387 -0.119944 0.675894 0.736836 -0.0155001 -0.819104 0.0135095 0.00864109 0.999871 0.0372218
1690902487407560704 871 0.714523 -0.699607 0.00270781 -0.0877737 0.699469 0.714293 -0.0229977 -0.803229 0.0141552 0.0183264 0.999732 0.0383332
1690902487658226176 875 0.663124 -0.748453 0.00921708 -0.0234739 0.748453 0.662872 -0.0204506 -0.760367 0.00919654 0.0204598 0.999748 0.0397621
1690902487858719744 876 0.620749 -0.783947 0.00990866 0.106136 0.783998 0.620623 -0.013185 -0.653247 0.0041868 0.0159529 0.999864 0.0373985
1690902487908845568 877 0.606988 -0.794631 0.011274 0.13519 0.794682 0.606786 -0.01705 -0.632354 0.00670755 0.0193084 0.999791 0.037942
1690902487959030784 879 0.590908 -0.806629 0.013312 0.161582 0.806674 0.590571 -0.0224211 -0.614237 0.0102238 0.0239873 0.99966 0.0361045
1690902488059170304 880 0.562649 -0.826507 0.017657 0.209413 0.826623 0.562188 -0.0252737 -0.572024 0.0109623 0.0288159 0.999525 0.0342523
1690902488109399040 882 0.551919 -0.833782 0.0138822 0.228653 0.833767 0.55146 -0.0269398 -0.551717 0.0148064 0.0264431 0.999541 0.0364368
1690902488209571072 886 0.527356 -0.84962 0.0064119 0.272414 0.84945 0.527059 -0.0253807 -0.504985 0.0181845 0.0188313 0.999657 0.033964
1690902488410030080 890 0.471794 -0.881703 0.00306728 0.347641 0.881566 0.471652 -0.0196287 -0.411146 0.01586 0.0119647 0.999803 0.0341444
1690902488610284544 892 0.42262 -0.906306 -0.0014871 0.383927 0.906079 0.42255 -0.0217142 -0.365714 0.0203081 0.00782944 0.999763 0.0336921
1690902488709983488 896 0.395934 -0.918264 -0.00530658 0.407327 0.917875 0.395925 -0.0273568 -0.333422 0.0272217 0.0059607 0.999612 0.0314052
1690902488909956608 901 0.345179 -0.938537 -8.37512e-05 0.500499 0.938177 0.34505 -0.027643 -0.204333 0.0259728 0.00946322 0.999618 0.0358248
1690902489159767296 904 0.28734 -0.957824 0.0030154 0.631078 0.957663 0.28723 -0.0194866 0.0169588 0.0177987 0.00848702 0.999806 0.0350654
1690902489309822976 908 0.254939 -0.966956 0.00161713 0.682521 0.966828 0.254877 -0.016793 0.106131 0.0158259 0.00584467 0.999858 0.0382486
1690902489509451008 911 0.208519 -0.977988 0.00764686 0.747664 0.977893 0.208361 -0.0176263 0.217396 0.015645 0.0111532 0.999815 0.0353954
1690902489659129600 916 0.180076 -0.983566 0.0130425 0.787457 0.983482 0.179781 -0.0210283 0.303935 0.0183379 0.0166138 0.999694 0.0364004
1690902489908213504 923 0.142087 -0.989727 0.0158403 0.837993 0.989731 0.141798 -0.0180754 0.450784 0.0156436 0.0182459 0.999711 0.0378983
1690902490256998144 938 0.106714 -0.994231 0.0108267 0.858171 0.99418 0.106534 -0.0160429 0.559465 0.014797 0.0124757 0.999813 0.0371839
1690902491007101440 939 0.164284 -0.986412 0.00112923 0.706443 0.986256 0.164238 -0.0180296 -0.0246644 0.0175992 0.00407569 0.999837 0.0274385
1690902491057269504 943 0.173473 -0.984835 -0.00266392 0.68612 0.984628 0.173491 -0.0202026 -0.0843595 0.0203584 0.000881642 0.999792 0.0273101
1690902491258087936 944 0.19927 -0.979921 -0.00680377 0.629037 0.979726 0.199368 -0.0197241 -0.338865 0.0206845 -0.00273541 0.999782 0.0213452
1690902491308290304 948 0.202429 -0.979261 -0.00835247 0.616668 0.978941 0.202578 -0.0252155 -0.416177 0.0263846 -0.00307223 0.999647 0.0317952
1690902491508727040 949 0.218186 -0.975845 -0.0110088 0.535592 0.975535 0.2184 -0.02515 -0.705185 0.0269469 -0.00525211 0.999623 0.00650233
1690902491558511872 952 0.221677 -0.975032 -0.0131347 0.519465 0.974475 0.222 -0.0333756 -0.76169 0.0354582 -0.00540082 0.999357 0.0213128
1690902491708786176 956 0.234075 -0.97219 -0.00748461 0.48626 0.971814 0.234193 -0.0270443 -0.948338 0.0280451 -0.000943252 0.999606 0.021742
