1690902445504928768 23 0.994597 -0.103706 0.00472634 -0.214864 0.103781 0.994399 -0.0200103 -0.0769437 -0.00262467 0.0203927 0.999789 -0.00419451
1690902445554803968 25 0.993087 -0.117238 0.00576653 -0.238023 0.117334 0.992874 -0.0208405 -0.0863393 -0.00328213 0.021373 0.999766 -0.00274062
1690902445654865152 26 0.988513 -0.150637 0.0122533 -0.285309 0.150838 0.988402 -0.0176139 -0.108374 -0.00945785 0.0192598 0.99977 -0.000109192
1690902445704749312 27 0.986096 -0.165721 0.0123344 -0.312745 0.165914 0.985997 -0.0168227 -0.119998 -0.00937383 0.0186352 0.999782 -0.00247538
1690902445754517248 28 0.983605 -0.18026 0.00525471 -0.346614 0.180327 0.983437 -0.0182899 -0.136235 -0.00187073 0.0189376 0.999819 -0.00682351
1690902445804676864 29 0.980403 -0.196999 0.00130011 -0.381857 0.196974 0.980123 -0.023658 -0.154066 0.00338634 0.0234505 0.999719 0.00446686
1690902445854820352 30 0.976894 -0.213153 0.0156328 -0.41564 0.213442 0.97675 -0.0200358 -0.168644 -0.0109987 0.0229096 0.999677 0.00631711
1690902445904775936 31 0.97236 -0.232626 0.0200261 -0.441669 0.233008 0.97228 -0.0194609 -0.186465 -0.0149439 0.0235893 0.99961 -0.00509073
1690902445954629888 32 0.96689 -0.254937 0.0114079 -0.469837 0.255101 0.966774 -0.0164596 -0.208111 -0.00683265 0.0188248 0.999799 -0.00581025
1690902446004706816 33 0.961458 -0.27479 0.0094499 -0.505821 0.274911 0.961343 -0.0155956 -0.224818 -0.00479909 0.0175924 0.999834 -0.00303124
1690902446054723840 34 0.95679 -0.290695 0.00707704 -0.538421 0.290767 0.956697 -0.0136126 -0.240177 -0.00281349 0.0150821 0.999882 0.000764495
1690902446104657408 35 0.951948 -0.306215 0.00519198 -0.56935 0.306252 0.951908 -0.00899131 -0.257388 -0.00218901 0.0101493 0.999946 -0.000234035
1690902446154675200 36 0.945883 -0.324503 0.00179059 -0.600296 0.324507 0.945852 -0.00764668 -0.276905 0.000787736 0.00781392 0.999969 0.000443416
1690902446204683008 37 0.938887 -0.34421 0.00320022 -0.627846 0.344223 0.938873 -0.00529664 -0.295363 -0.00118144 0.00607453 0.999981 0.000441206
1690902446254747904 38 0.932328 -0.361603 0.00283552 -0.652876 0.361614 0.932283 -0.00913001 -0.314863 0.000657937 0.00953753 0.999954 4.06383e-05
1690902446304642048 40 0.926994 -0.375073 0.00131923 -0.676989 0.375055 0.9269 -0.0137953 -0.334656 0.00395144 0.0132829 0.999904 -0.00190629
1690902446404746752 41 0.916412 -0.400223 0.00337558 -0.720433 0.400232 0.916327 -0.0126135 -0.368285 0.00195509 0.0129102 0.999915 0.00403923
1690902446454823424 43 0.91042 -0.413681 0.00191241 -0.740641 0.413675 0.910352 -0.0115117 -0.383837 0.0030212 0.0112716 0.999932 0.000822163
1690902446554827520 45 0.900174 -0.435513 0.00402297 -0.773901 0.435527 0.900086 -0.0127162 -0.410222 0.00191704 0.0131989 0.999911 0.00402388
1690902446654748416 49 0.89057 -0.454806 0.00600769 -0.801368 0.454845 0.890477 -0.0129175 -0.438313 0.000525228 0.0142365 0.999899 0.00319252
1690902446854886656 50 0.870956 -0.491278 0.00905344 -0.854664 0.491355 0.870888 -0.0111314 -0.488086 -0.00241594 0.0141434 0.999897 0.00645494
1690902446904770048 53 0.866258 -0.499503 0.00964 -0.866078 0.499585 0.86621 -0.00980463 -0.498471 -0.00345282 0.0133093 0.999905 0.00547926
1690902447055039232 55 0.852284 -0.522932 0.0124029 -0.89662 0.523036 0.85228 -0.0072835 -0.529377 -0.00676196 0.0126948 0.999897 0.00675814
1690902447154997504 60 0.842846 -0.537949 0.0149142 -0.917297 0.538094 0.842844 -0.00824545 -0.555155 -0.0081347 0.0149749 0.999855 0.00862662
1690902447405199360 61 0.813385 -0.581295 0.022373 -0.971747 0.581561 0.813468 -0.0075169 -0.626697 -0.0138302 0.0191254 0.999721 0.010562
1690902447455326976 65 0.805686 -0.592008 0.0199235 -0.985959 0.592254 0.805691 -0.0098112 -0.645853 -0.0102439 0.0197045 0.999753 0.0109806
1690902447655601152 66 0.772074 -0.63538 0.0139168 -1.04954 0.635526 0.771979 -0.0124471 -0.730554 -0.00283482 0.0184546 0.999826 0.0130799
1690902447705810944 69 0.762316 -0.647019 0.0155414 -1.06108 0.6472 0.762185 -0.0143423 -0.753528 -0.00256567 0.0209918 0.999776 0.0143167
1690902447855847936 72 0.730848 -0.682354 0.01594 -1.10648 0.682538 0.730712 -0.0142094 -0.82669 -0.00195176 0.0212646 0.999772 0.0122233
1690902448006767104 75 0.69394 -0.719993 0.00754957 -1.15306 0.720009 0.693795 -0.0153046 -0.906442 0.00578138 0.0160563 0.999854 0.0107182
1690902448156825600 79 0.655855 -0.754869 0.0051325 -1.1907 0.754791 0.655648 -0.0204018 -0.989327 0.0120356 0.0172546 0.999779 0.0140835
1690902448357428736 82 0.608411 -0.793613 0.00386882 -1.23724 0.793599 0.60835 -0.0105312 -1.07982 0.0060041 0.0094776 0.999937 0.015659
1690902448507948800 86 0.580425 -0.814233 0.0114699 -1.26055 0.814305 0.580297 -0.0127224 -1.14994 0.00370303 0.0167243 0.999853 0.0188509
1690902448708527360 90 0.537518 -0.843047 0.0186131 -1.28403 0.843241 0.537262 -0.0171632 -1.23672 0.00446926 0.0249209 0.999679 0.0176839
1690902448909199872 94 0.487646 -0.872827 0.019368 -1.30117 0.873017 0.487347 -0.018272 -1.31627 0.00650933 0.0258188 0.999645 0.0178961
1690902449109998336 98 0.441942 -0.896758 0.0226476 -1.315 0.897042 0.441743 -0.0133925 -1.39352 0.00200542 0.0262346 0.999654 0.0192027
1690902449310852096 102 0.388042 -0.921461 0.0182546 -1.33052 0.921607 0.38778 -0.0163355 -1.49548 0.00797377 0.0231625 0.9997 0.015287
1690902449511301632 105 0.32774 -0.944592 0.0182159 -1.33356 0.94476 0.327599 -0.0103311 -1.60045 0.00379112 0.0205956 0.999781 0.0226277
1690902449661850624 107 0.283378 -0.958942 0.0112587 -1.34169 0.958997 0.283298 -0.00817923 -1.69017 0.00465384 0.0131149 0.999903 0.0224019
1690902449762042368 108 0.244678 -0.969582 0.00655958 -1.33661 0.969558 0.244595 -0.0114292 -1.75767 0.00947713 0.00915638 0.999913 0.0226717
1690902449812389120 109 0.220421 -0.975384 0.00638146 -1.33442 0.975343 0.220329 -0.0126825 -1.79475 0.0109643 0.0090196 0.999899 0.0161283
1690902449862241280 110 0.197575 -0.980257 0.0077655 -1.33426 0.980167 0.19742 -0.017278 -1.83214 0.0154038 0.0110252 0.999821 0.0220593
1690902449912193024 113 0.178962 -0.983796 0.0108987 -1.33007 0.983751 0.178769 -0.016623 -1.86769 0.0144052 0.0136965 0.999802 0.0204973
1690902450062405632 114 0.118215 -0.992936 0.0102104 -1.31021 0.99278 0.117973 -0.021671 -1.97263 0.0203133 0.0126985 0.999713 0.016265
1690902450112460800 115 0.0960282 -0.995341 0.00860989 -1.30629 0.995229 0.0958603 -0.0181614 -2.00273 0.0172514 0.0103128 0.999798 0.0272202
1690902450162401280 116 0.0763241 -0.997015 0.0116608 -1.29989 0.996968 0.0761324 -0.0160808 -2.02544 0.0151451 0.0128528 0.999803 0.0131359
1690902450212444160 118 0.0599257 -0.998088 0.0151368 -1.29833 0.997968 0.0595755 -0.0226146 -2.03908 0.0216696 0.0164613 0.99963 0.0223511
1690902450312470528 120 0.029072 -0.999355 0.0210769 -1.28186 0.999492 0.0287878 -0.0136674 -2.0784 0.0130519 0.0214635 0.999684 0.0173806
1690902450412616960 123 -0.00872849 -0.999742 0.0209602 -1.26627 0.99992 -0.00891752 -0.00894217 -2.11748 0.00912678 0.0208805 0.99974 0.0188581
1690902450562809344 125 -0.0645059 -0.997678 0.0218739 -1.24332 0.99791 -0.0645727 -0.00235675 -2.1853 0.00376373 0.0216762 0.999758 0.0183135
1690902450662895616 127 -0.100995 -0.994743 0.0169235 -1.22642 0.99486 -0.101104 -0.00568636 -2.23889 0.0073675 0.0162622 0.999841 0.0138088
1690902450762926336 129 -0.13787 -0.990259 0.0194489 -1.20482 0.990365 -0.138089 -0.0104313 -2.28739 0.0130154 0.0178234 0.999756 0.0197355
1690902450862467840 130 -0.177195 -0.983922 0.0223504 -1.18179 0.984082 -0.177447 -0.00981158 -2.3356 0.0136198 0.0202561 0.999702 0.0185544
1690902450912406016 132 -0.190864 -0.981407 0.020269 -1.17286 0.981514 -0.191102 -0.0104758 -2.35876 0.0141544 0.0178948 0.99974 0.0216492
1690902451012905472 133 -0.217269 -0.975926 0.01902 -1.14713 0.975991 -0.217507 -0.0114709 -2.41112 0.0153317 0.0160711 0.999753 0.0203979
1690902451063015936 134 -0.23287 -0.972339 0.0181008 -1.13116 0.972368 -0.233112 -0.0126423 -2.4391 0.0165121 0.0146566 0.999756 0.0144835
1690902451112574720 135 -0.251583 -0.967637 0.0196054 -1.11622 0.967607 -0.251913 -0.0166442 -2.46407 0.0210444 0.0147829 0.999669 0.0217795
1690902451162880512 137 -0.269915 -0.962775 0.0145008 -1.10475 0.962703 -0.270126 -0.0153363 -2.48718 0.0186825 0.00982047 0.999777 0.0180403
1690902451262829056 138 -0.302639 -0.953079 0.00711784 -1.08199 0.952962 -0.302714 -0.0151097 -2.53736 0.0165554 0.00221023 0.999861 0.0197945
1690902451312878336 140 -0.317131 -0.948345 0.00833604 -1.07034 0.948162 -0.317234 -0.0187351 -2.55709 0.0204118 0.00196245 0.99979 0.0239618
1690902451412726528 141 -0.339202 -0.940609 0.0140344 -1.04512 0.940555 -0.339381 -0.0132988 -2.59367 0.0172719 0.00868913 0.999813 0.0198069
1690902451462410496 143 -0.351598 -0.935983 0.0177201 -1.03112 0.935959 -0.351847 -0.0136068 -2.61043 0.0189704 0.0118011 0.99975 0.0241109
1690902451562568192 144 -0.377111 -0.925974 0.0189526 -1.00817 0.925897 -0.377417 -0.0164732 -2.64973 0.0224068 0.0113359 0.999685 0.0214557
1690902451612335104 146 -0.387452 -0.921735 0.0168807 -0.998647 0.921615 -0.387719 -0.0173324 -2.66611 0.0225209 0.00884205 0.999707 0.0235731
1690902451712224768 148 -0.402506 -0.915186 0.0205962 -0.97562 0.915092 -0.402861 -0.0176202 -2.70595 0.0244231 0.0117552 0.999633 0.0221315
1690902451812010496 150 -0.414946 -0.909544 0.023459 -0.951016 0.909552 -0.41533 -0.0147388 -2.73522 0.0231488 0.0152214 0.999616 0.0214862
1690902451911707136 156 -0.433117 -0.900947 0.0265365 -0.92889 0.901027 -0.433553 -0.0135006 -2.76565 0.0236683 0.0180628 0.999557 0.0208867
1690902452211040256 160 -0.482765 -0.875537 0.0193013 -0.866454 0.875451 -0.483059 -0.0154663 -2.85316 0.022865 0.00943075 0.999694 0.01899
1690902452410630656 163 -0.520886 -0.853431 0.0182721 -0.816771 0.85335 -0.521142 -0.0142944 -2.90855 0.0217217 0.00814671 0.999731 0.0209991
1690902452560123392 164 -0.557019 -0.830311 0.0177176 -0.768914 0.830167 -0.557273 -0.0164304 -2.95273 0.0235159 0.00555646 0.999708 0.0159193
1690902452610046720 165 -0.569058 -0.822046 0.020336 -0.753208 0.821846 -0.569391 -0.0190711 -2.96441 0.0272564 0.00586051 0.999611 0.0193451
1690902452660110848 167 -0.582689 -0.812438 0.0204474 -0.735003 0.812193 -0.583029 -0.0205069 -2.97829 0.028582 0.00465807 0.999581 0.0167446
1690902452759925760 170 -0.612902 -0.789803 0.0237137 -0.699357 0.789461 -0.613346 -0.0236156 -3.00493 0.0331963 0.00424704 0.99944 0.0150589
1690902452910057984 174 -0.65157 -0.758149 0.0258202 -0.64793 0.757759 -0.652071 -0.0245771 -3.04018 0.0354697 0.00355182 0.999364 0.0187603
1690902453109709312 179 -0.69331 -0.720323 0.0213627 -0.590995 0.720051 -0.693637 -0.0198453 -3.07744 0.029113 0.00162329 0.999575 0.0194561
1690902453359450112 182 -0.737384 -0.675063 0.0235329 -0.518246 0.675102 -0.737686 -0.00744126 -3.11104 0.0223833 0.0104001 0.999695 0.020642
1690902453509202176 185 -0.772295 -0.635056 0.0162439 -0.470488 0.635124 -0.772409 -0.00121643 -3.12756 0.0133194 0.00937745 0.999867 0.0197748
1690902453659036672 188 -0.804266 -0.593829 0.0228597 -0.412548 0.594046 -0.804423 0.00355417 -3.14749 0.0162783 0.0164382 0.999732 0.0199017
1690902453808777216 191 -0.841935 -0.538897 0.0271167 -0.345165 0.539015 -0.842289 -0.00338255 -3.17042 0.0246629 0.0117684 0.999627 0.0166362
1690902453957759232 193 -0.875573 -0.482341 0.0268032 -0.268472 0.482517 -0.875886 0.000111978 -3.18674 0.0234225 0.013031 0.999641 0.0156249
1690902454057262592 194 -0.899722 -0.435548 0.0282631 -0.214095 0.43551 -0.90015 -0.00782338 -3.20097 0.0288485 0.00527 0.99957 0.0125246
1690902454106785536 197 -0.908821 -0.416041 0.030884 -0.18801 0.415886 -0.909343 -0.0115914 -3.20706 0.0329066 0.00230972 0.999456 0.0126716
1690902454255980288 198 -0.935082 -0.35271 0.0348969 -0.0876739 0.352635 -0.935723 -0.00847315 -3.22828 0.0356424 0.00438278 0.999355 0.0149364
1690902454305602816 200 -0.942884 -0.331676 0.0309859 -0.0613481 0.331562 -0.943391 -0.00890107 -3.23244 0.0321841 0.00188108 0.99948 0.0144534
1690902454404970496 202 -0.956054 -0.291428 0.0320982 -0.0159669 0.291406 -0.956584 -0.00547853 -3.23653 0.0323013 0.00411584 0.99947 0.0132555
1690902454504524800 205 -0.96773 -0.249973 0.0318111 0.0282847 0.249933 -0.968249 -0.00529022 -3.23692 0.0321235 0.00283115 0.99948 0.0120125
1690902454653582336 208 -0.982198 -0.184119 0.0372376 0.0897582 0.184322 -0.982864 0.00208181 -3.23324 0.0362162 0.00890847 0.999304 0.0135367
1690902454802930432 210 -0.991271 -0.128678 0.028711 0.147124 0.128989 -0.991603 0.00927261 -3.2223 0.0272767 0.0128951 0.999545 0.014271
1690902454902912256 213 -0.996755 -0.0775548 0.0215397 0.186014 0.0777092 -0.996955 0.00642659 -3.21327 0.0209757 0.00807957 0.999747 0.0123709
1690902455052547584 215 -0.99967 -0.0183784 0.0179315 0.249188 0.0184517 -0.999822 0.00393336 -3.20103 0.017856 0.00426293 0.999831 0.0135166
1690902455152449024 218 -0.999227 0.031891 0.0229919 0.293053 -0.0319922 -0.99948 -0.00404514 -3.18963 0.0228509 -0.00477757 0.999727 0.0141317
1690902455301981440 221 -0.994468 0.100983 0.0289126 0.360273 -0.10117 -0.994856 -0.00507038 -3.16863 0.0282518 -0.00796742 0.999569 0.013501
1690902455451623680 224 -0.985339 0.167726 0.0312325 0.422289 -0.167698 -0.985832 0.00353489 -3.13858 0.0313829 -0.00175455 0.999506 0.00733163
1690902455601292288 227 -0.973307 0.227136 0.0328892 0.474028 -0.22703 -0.973863 0.00696766 -3.11275 0.0336122 -0.000685167 0.999435 0.012064
1690902455751081216 230 -0.960813 0.275964 0.0261218 0.516304 -0.275783 -0.961164 0.0103571 -3.0859 0.0279655 0.00274731 0.999605 0.0113264
1690902455900613120 233 -0.943531 0.33066 0.0203471 0.557887 -0.330592 -0.94375 0.00671331 -3.0581 0.0214224 -0.000392378 0.99977 0.00898521
1690902456050716928 236 -0.925257 0.37902 0.0155808 0.599063 -0.378821 -0.92536 0.0142949 -3.02498 0.0198359 0.00732416 0.999776 0.0104428
1690902456200704512 239 -0.899512 0.43616 0.0253551 0.647424 -0.435847 -0.899859 0.0170493 -2.98494 0.0302522 0.00428509 0.999533 0.00847368
1690902456351119104 242 -0.870688 0.491469 0.0190137 0.693026 -0.491272 -0.87089 0.0142547 -2.94292 0.0235646 0.0030705 0.999718 0.0079422
1690902456501200128 245 -0.839799 0.541934 0.0323228 0.739895 -0.54205 -0.840326 0.00581759 -2.90099 0.0303144 -0.0126349 0.999461 0.00884609
1690902456651773952 248 -0.807943 0.588511 0.0297166 0.779766 -0.588755 -0.808311 0.000674272 -2.8566 0.0244171 -0.0169511 0.999558 0.00940885
1690902456801643008 251 -0.774668 0.6318 0.0268046 0.813103 -0.632045 -0.774931 -0.000903561 -2.81182 0.0202009 -0.0176417 0.99964 0.00719891
1690902456951948800 252 -0.74047 0.671649 0.0243476 0.840075 -0.671624 -0.740819 0.0103897 -2.76801 0.0250154 -0.00865913 0.99965 0.00723862
1690902457002120192 255 -0.728319 0.684773 0.0252258 0.849023 -0.684737 -0.728701 0.0114146 -2.75378 0.0261985 -0.00895958 0.999617 0.0100651
1690902457153100544 257 -0.695631 0.71814 0.0192805 0.870931 -0.718016 -0.695886 0.0140025 -2.71304 0.0234728 -0.00410311 0.999716 0.0095881
1690902457253612800 260 -0.673524 0.739032 0.0140533 0.882928 -0.738902 -0.673669 0.0139064 -2.68565 0.0197445 -0.00101775 0.999805 0.0111466
1690902457404634368 261 -0.634449 0.772934 0.00689956 0.901025 -0.77284 -0.634482 0.012279 -2.64175 0.0138685 0.00245811 0.999901 0.00808366
1690902457455064832 263 -0.621127 0.783618 0.0120078 0.90877 -0.783421 -0.621241 0.0176434 -2.6258 0.0212854 0.00155166 0.999772 0.0105662
1690902457555631872 266 -0.594959 0.803702 0.00927299 0.919492 -0.803605 -0.595032 0.0125293 -2.59726 0.0155876 2.61008e-06 0.999879 0.0120256
1690902457707022848 267 -0.549115 0.835638 0.013474 0.936419 -0.835634 -0.549235 0.00754428 -2.5553 0.0137047 -0.00711663 0.999881 0.0102699
1690902457757390080 269 -0.536278 0.843861 0.0174348 0.943102 -0.843771 -0.536515 0.0142336 -2.53853 0.0213652 -0.00707786 0.999747 0.0103525
1690902457858089216 270 -0.509599 0.860187 0.0196628 0.95234 -0.860084 -0.509903 0.0159805 -2.50273 0.0237724 -0.00876798 0.999679 0.00952255
1690902457908330496 272 -0.4922 0.870203 0.0220438 0.956793 -0.870008 -0.49261 0.0205257 -2.48369 0.0287205 -0.00907551 0.999546 0.0106342
1690902458008742144 274 -0.455538 0.889929 0.0226426 0.965323 -0.88986 -0.455928 0.016699 -2.455 0.0251843 -0.0125417 0.999604 0.012679
1690902458108820736 277 -0.429502 0.902826 0.020787 0.973434 -0.902805 -0.429818 0.0141445 -2.42891 0.0217046 -0.0126915 0.999684 0.0124848
1690902458258784256 280 -0.395894 0.91808 0.0199309 0.979958 -0.91809 -0.396171 0.0125779 -2.39143 0.0194436 -0.0133189 0.999722 0.0138203
1690902458408689664 285 -0.3623 0.931845 0.0200904 0.984755 -0.931977 -0.362473 0.0056742 -2.36373 0.0125697 -0.0166681 0.999782 0.0119387
1690902458658246912 289 -0.314785 0.949045 0.0149749 0.989414 -0.949118 -0.314884 0.0047833 -2.3168 0.00925495 -0.0127073 0.999876 0.0149927
1690902458857846784 293 -0.269273 0.963047 0.00568342 0.989532 -0.963045 -0.2693 0.00470468 -2.27448 0.00606137 -0.00420655 0.999973 0.016229
1690902459057453312 295 -0.212154 0.977198 0.0086613 0.988477 -0.977221 -0.212192 0.00379338 -2.22276 0.00554475 -0.00765923 0.999955 0.0133126
1690902459157303808 298 -0.179515 0.983753 0.00229759 0.986759 -0.983753 -0.179519 0.00153725 -2.1941 0.00192473 -0.00198431 0.999996 0.0156774
1690902459306972672 301 -0.129529 0.991552 0.0069051 0.982954 -0.991561 -0.129561 0.00450356 -2.1485 0.00536015 -0.00626349 0.999966 0.0141413
1690902459456882176 304 -0.0804594 0.996639 0.0153854 0.981745 -0.99671 -0.0805966 0.00851564 -2.1008 0.00972703 -0.0146496 0.999845 0.0165032
1690902459607096064 305 -0.0406665 0.999117 0.010525 0.971618 -0.999171 -0.0406824 0.00129587 -2.05794 0.00172291 -0.0104636 0.999944 0.0191255
1690902459656983040 309 -0.0254477 0.999628 0.00980947 0.968504 -0.999676 -0.0254504 0.000144193 -2.04454 0.000393794 -0.00980263 0.999952 0.016995
1690902459856712192 310 0.0333307 0.99942 0.0069536 0.959123 -0.999426 0.0332874 0.0062505 -1.99548 0.00601541 -0.00715795 0.999956 0.0188027
1690902459907010304 316 0.0448039 0.998978 0.00588783 0.956196 -0.998969 0.0447589 0.00757888 -1.98503 0.0073076 -0.00622132 0.999954 0.0172618
1690902460206574336 320 0.0892458 0.996007 0.00236542 0.944323 -0.995994 0.089231 0.00574347 -1.92425 0.00550947 -0.00286852 0.999981 0.0196385
1690902460406816512 329 0.105663 0.994401 0.00152469 0.936846 -0.994402 0.105663 0.000274877 -1.88749 0.000112235 -0.0015452 0.999999 0.0214948
1690902460856738560 336 0.141777 0.989884 0.00532043 0.918814 -0.989883 0.141743 0.00634583 -1.79124 0.0055275 -0.0061663 0.999966 0.0232085
1690902461206840320 342 0.166866 0.985951 0.00745186 0.900785 -0.985903 0.166754 0.0137015 -1.70598 0.0122664 -0.00963313 0.999878 0.023604
1690902461506977024 357 0.184979 0.982658 0.0128487 0.88584 -0.982735 0.18491 0.00636666 -1.64331 0.00388039 -0.0138046 0.999897 0.0250579
1690902462256818432 361 0.217321 0.9761 0.000367398 0.844649 -0.976099 0.217321 -0.00125144 -1.50217 -0.00130138 -8.66513e-05 0.999999 0.0273328
1690902462456990208 366 0.222556 0.974906 0.0052348 0.833356 -0.974919 0.222559 0.000165698 -1.45691 -0.00100351 -0.00514039 0.999986 0.0285208
1690902462707092736 372 0.238602 0.971117 0.000715911 0.813614 -0.971085 0.238588 0.00836954 -1.39267 0.007957 -0.0026922 0.999965 0.0289034
1690902463007014912 376 0.253549 0.967286 0.00845333 0.792485 -0.967233 0.253397 0.0158201 -1.31669 0.0131605 -0.0121875 0.999839 0.0294491
1690902463207073024 386 0.260862 0.9653 0.0121589 0.779037 -0.965293 0.260654 0.016372 -1.27492 0.0126346 -0.0160078 0.999792 0.0311946
1690902463707449600 399 0.278922 0.96031 0.00272628 0.748641 -0.960295 0.278898 0.00707436 -1.19193 0.00603323 -0.00459123 0.999971 0.0325824
1690902464357482752 429 0.288073 0.957604 0.00293046 0.732279 -0.957608 0.28807 0.00151309 -1.14485 0.00060476 -0.00324211 0.999995 0.033155
1690902465857293056 432 0.271325 0.962407 0.01246 0.796768 -0.962485 0.27127 0.00596086 -1.34166 0.00235674 -0.0136099 0.999905 0.0301595
1690902466007513088 440 0.276518 0.960991 0.00580748 0.806189 -0.960993 0.276473 0.00744858 -1.37595 0.00555241 -0.00764061 0.999955 0.0315942
1690902466407112448 444 0.269074 0.963118 0.00178228 0.837299 -0.963112 0.269079 -0.00350822 -1.48096 -0.0038584 -0.000772562 0.999992 0.029539
1690902466607221504 447 0.270709 0.96266 0.00172953 0.856444 -0.96266 0.270705 0.0020803 -1.54076 0.00153443 -0.0022281 0.999996 0.0288688
1690902466757253632 455 0.271398 0.962454 0.00496265 0.871598 -0.962467 0.271395 0.00119791 -1.58885 -0.000193907 -0.0051015 0.999987 0.0246696
1690902467157265920 466 0.26557 0.964051 0.00888323 0.909966 -0.96408 0.265512 0.00723085 -1.71269 0.0046123 -0.0104845 0.999934 0.0242344
1690902467707270144 487 0.275233 0.961361 0.00567926 0.957556 -0.961362 0.275257 -0.00401766 -1.87554 -0.00542568 -0.00435404 0.999976 0.0235277
1690902468757376512 503 0.288033 0.957559 0.0108456 1.05348 -0.957615 0.28805 6.83356e-06 -2.19026 -0.00311752 -0.0103879 0.999941 0.0176262
1690902469557293312 534 0.280114 0.959944 0.00656351 1.11025 -0.959965 0.28012 0.000111454 -2.36283 -0.00173158 -0.00633196 0.999978 0.0143364
1690902471107079424 538 0.331709 0.943374 -0.0037047 1.09122 -0.94338 0.331698 -0.00336587 -2.35907 -0.00194644 0.00461143 0.999987 0.0130014
1690902471307196928 540 0.380633 0.924726 -0.000133607 1.0671 -0.924705 0.380623 -0.00682955 -2.32661 -0.00626461 0.0027231 0.999977 0.0126348
1690902471407063808 542 0.405616 0.914041 0.00197917 1.0503 -0.914042 0.405619 -0.00128015 -2.30063 -0.0019729 -0.0012898 0.999997 0.0186395
1690902471507076352 543 0.435409 0.900214 0.00582294 1.02975 -0.900198 0.43544 -0.00600174 -2.27909 -0.00793839 -0.00262859 0.999965 0.0132266
1690902471557181184 545 0.452305 0.891849 0.00499269 1.01953 -0.891845 0.452325 -0.00389109 -2.26639 -0.00572858 -0.00269274 0.99998 0.0179892
1690902471657447680 546 0.482208 0.876003 0.00972375 1.00134 -0.876053 0.482211 0.00221631 -2.24398 -0.0027474 -0.00958723 0.99995 0.0165167
1690902471707281664 547 0.497743 0.867243 0.0119259 0.990785 -0.867324 0.497678 0.00812223 -2.23208 0.0011087 -0.0143864 0.999896 0.0192053
1690902471757390336 548 0.515347 0.856887 0.0127088 0.978302 -0.856982 0.515288 0.00781256 -2.22061 0.000145772 -0.0149174 0.999889 0.0168184
1690902471807475712 551 0.533455 0.845812 0.00530325 0.96574 -0.845806 0.533384 0.0106118 -2.20902 0.00614693 -0.0101464 0.99993 0.0188149
1690902471957675264 553 0.574045 0.818794 0.00695495 0.930397 -0.818824 0.574028 0.00448518 -2.17352 -0.000319898 -0.00826957 0.999966 0.0213952
1690902472057849856 557 0.598316 0.80124 0.0056594 0.906182 -0.80126 0.598308 0.00319704 -2.15149 -0.000824471 -0.00644749 0.999979 0.023519
1690902472257819136 561 0.646233 0.763083 0.00934535 0.863954 -0.763129 0.646241 0.00248769 -2.11406 -0.00414103 -0.00873934 0.999953 0.0223132
1690902472457889024 562 0.688534 0.725185 0.00535271 0.816742 -0.725091 0.688538 -0.0125853 -2.08495 -0.0128122 0.0047842 0.999906 0.0258043
1690902472507822592 565 0.701508 0.712639 0.0057032 0.802231 -0.712506 0.7015 -0.015264 -2.07724 -0.0148785 0.00664427 0.999867 0.0243227
1690902472657693952 566 0.740715 0.671767 -0.00831993 0.75663 -0.671818 0.740678 -0.00754194 -2.05092 0.00109596 0.0111759 0.999937 0.0295533
1690902472707541248 567 0.75337 0.657536 0.00896062 0.743004 -0.657389 0.753405 -0.0148625 -2.04382 -0.0165236 0.00530634 0.999849 0.0270392
1690902472757425664 568 0.7672 0.641269 0.013337 0.728336 -0.641163 0.767316 -0.0116872 -2.03372 -0.0177284 0.000415223 0.999843 0.0223795
1690902472807298816 569 0.779792 0.62603 0.00326703 0.713287 -0.626032 0.779797 -0.000542957 -2.02499 -0.00288753 -0.00162187 0.999995 0.0238055
1690902472857374208 570 0.789194 0.614138 -0.0026013 0.699665 -0.614132 0.789198 0.0027796 -2.01772 0.00376 -0.000596097 0.999993 0.026187
1690902472907372544 571 0.797353 0.6035 0.00399887 0.685807 -0.60351 0.797354 0.00176361 -2.01103 -0.00212418 -0.00381958 0.99999 0.0275445
1690902472957125632 572 0.80611 0.591692 0.0092919 0.671721 -0.591736 0.806128 0.00267258 -2.00347 -0.00590911 -0.00765275 0.999953 0.0253104
1690902473007155200 575 0.816849 0.5768 0.00773305 0.657621 -0.576851 0.816777 0.0108614 -1.99607 -5.13304e-05 -0.0133329 0.999911 0.0262923
1690902473156934912 579 0.842582 0.538527 0.00667876 0.617031 -0.53856 0.842573 0.00484884 -1.97864 -0.00301611 -0.00768245 0.999966 0.0278022
1690902473356603648 581 0.872529 0.488529 0.00564885 0.563983 -0.488552 0.872526 0.00377372 -1.96109 -0.00308519 -0.00605244 0.999977 0.027003
1690902473456240128 585 0.886277 0.463101 0.00713801 0.541188 -0.463129 0.886286 0.0029068 -1.95299 -0.00498018 -0.00588204 0.99997 0.0278172
1690902473655788288 586 0.909203 0.416338 0.00340787 0.494764 -0.416341 0.909208 0.000246901 -1.94176 -0.00299567 -0.00164332 0.999994 0.0292716
1690902473705770240 590 0.915272 0.40279 0.0060904 0.483697 -0.402787 0.915292 -0.00180761 -1.93995 -0.00630258 -0.000798679 0.99998 0.0307378
1690902473905410560 591 0.937061 0.349139 0.00426421 0.432644 -0.349109 0.93706 -0.00646121 -1.93239 -0.00625168 0.00456587 0.99997 0.0301361
1690902473955188736 594 0.942265 0.334856 0.00267921 0.418534 -0.334834 0.942255 -0.00651595 -1.93035 -0.0047064 0.00524266 0.999975 0.0325159
1690902474105098240 595 0.958865 0.28384 0.00363218 0.37111 -0.283809 0.958853 -0.00735069 -1.92575 -0.00556915 0.00601747 0.999966 0.0328666
1690902474155095552 597 0.964834 0.262836 0.00350113 0.354633 -0.262833 0.964841 -0.00129899 -1.92414 -0.00371945 0.000333099 0.999993 0.0310161
1690902474255060736 598 0.974623 0.223747 -0.00692837 0.318676 -0.2237 0.974633 0.0069217 -1.91987 0.00830133 -0.00519617 0.999952 0.032062
1690902474305230080 599 0.977715 0.209803 -0.00749526 0.302888 -0.209787 0.977743 0.00288871 -1.91992 0.0079345 -0.00125192 0.999968 0.0353364
1690902474355112448 600 0.980749 0.195256 -0.00246255 0.290172 -0.195253 0.980752 0.00139242 -1.92106 0.00268703 -0.000884797 0.999996 0.0340231
1690902474405171456 601 0.983827 0.179122 -0.000391192 0.277382 -0.179122 0.983827 -5.07681e-06 -1.92229 0.000383956 7.50659e-05 1 0.0343259
1690902474454975232 602 0.986895 0.161364 0.000358314 0.264269 -0.161364 0.986891 0.00282319 -1.92266 0.000101944 -0.00284402 0.999996 0.0326916
1690902474505182208 604 0.989669 0.143349 -0.00253184 0.250326 -0.143337 0.989664 0.00450136 -1.92237 0.00315093 -0.00409195 0.999987 0.0351701
1690902474605134336 605 0.993028 0.117836 -0.00311347 0.22592 -0.11782 0.993022 0.00500588 -1.922 0.00368162 -0.00460415 0.999983 0.0366945
1690902474655029760 608 0.994175 0.107739 0.00280058 0.215175 -0.107755 0.994157 0.0063576 -1.92336 -0.00209926 -0.00662234 0.999976 0.0370749
1690902474805025280 611 0.997498 0.0700413 0.00959273 0.183668 -0.0700926 0.997527 0.00512265 -1.9272 -0.00921022 -0.00578221 0.999941 0.0371321
1690902474955046144 613 0.999441 0.0327908 0.00647411 0.149354 -0.032782 0.999461 -0.00146415 -1.93254 -0.00651864 0.00125109 0.999978 0.0373429
1690902475055081984 617 0.999934 0.00919122 0.00693664 0.125913 -0.00914576 0.999937 -0.00655824 -1.93605 -0.00699648 0.00649437 0.999954 0.0393811
1690902475254867456 618 0.999594 -0.0283074 0.0031785 0.0763233 0.0283343 0.99956 -0.00874135 -1.94244 -0.00292966 0.00882786 0.999957 0.0370599
1690902475304719104 619 0.999349 -0.0360409 -0.00155002 0.0649705 0.0360226 0.999295 -0.0105323 -1.94439 0.00192852 0.0104696 0.999943 0.0406537
1690902475354785536 621 0.999117 -0.0413232 0.0075275 0.0549562 0.041407 0.999078 -0.0113297 -1.94626 -0.00705238 0.0116314 0.999907 0.0406859
1690902475454690048 623 0.998628 -0.0523509 0.00086758 0.0324191 0.0523572 0.99857 -0.0108423 -1.94976 -0.000298733 0.0108729 0.999941 0.0407098
1690902475555090944 627 0.998101 -0.0615013 0.00340364 0.0118359 0.0615138 0.998099 -0.00369012 -1.95081 -0.00317022 0.00389249 0.999987 0.0401758
1690902475754830848 628 0.997582 -0.0694975 3.05059e-05 -0.0316904 0.0694975 0.997582 0.000952914 -1.9558 -9.66573e-05 -0.00094849 1 0.0403041
1690902475805135872 629 0.997454 -0.0713166 -4.71736e-05 -0.0428296 0.0713165 0.997453 -0.000905886 -1.95704 0.000111658 0.000900215 1 0.0399766
1690902475854852608 631 0.997318 -0.0730236 -0.00488214 -0.0546599 0.0730079 0.997326 -0.00331489 -1.95877 0.00511115 0.00294957 0.999983 0.0404653
1690902475954729472 634 0.996913 -0.0784754 -0.00235679 -0.0751622 0.0784701 0.996914 -0.00224793 -1.96156 0.00252592 0.00205605 0.999995 0.0413373
1690902476104963584 635 0.996666 -0.081592 0.000321839 -0.101898 0.0815893 0.996653 0.00508674 -1.96216 -0.0007358 -0.00504353 0.999987 0.0420731
1690902476154821120 637 0.996828 -0.0795715 -0.00147746 -0.111131 0.0795749 0.996826 0.00244924 -1.96364 0.00127788 -0.00255904 0.999996 0.0414064
1690902476254910976 639 0.997031 -0.0769085 0.00370192 -0.12603 0.0769157 0.997036 -0.00184202 -1.96714 -0.00354928 0.00212129 0.999991 0.0443164
1690902476354758656 643 0.996922 -0.0777925 0.00977049 -0.139566 0.0778337 0.996959 -0.00390888 -1.96924 -0.00943669 0.00465732 0.999945 0.0442496
1690902476554851840 644 0.996655 -0.0811168 0.00996139 -0.16396 0.0811187 0.996704 0.000214678 -1.9712 -0.00994597 0.000594095 0.99995 0.0453344
1690902476604731904 645 0.99658 -0.0820352 0.00997348 -0.168322 0.0820322 0.996629 0.000708408 -1.97125 -0.00999798 0.000112162 0.99995 0.0464015
1690902476654752000 646 0.99652 -0.0825324 0.0116517 -0.171779 0.0825264 0.996588 0.000989039 -1.97146 -0.0116936 -2.4023e-05 0.999932 0.0458401
1690902476704463360 647 0.996509 -0.0827664 0.0109114 -0.17501 0.0827551 0.996569 0.0014865 -1.9718 -0.010997 -0.000578336 0.999939 0.0462474
1690902476754532352 649 0.996501 -0.0827602 0.0116979 -0.17728 0.0827472 0.996569 0.00159048 -1.97228 -0.0117894 -0.000616945 0.99993 0.0460113
1690902476854578176 652 0.996429 -0.0836026 0.0118358 -0.17905 0.0835918 0.996499 0.00140444 -1.97262 -0.0119118 -0.000410047 0.999929 0.0460561
1690902477004358656 653 0.996314 -0.0849812 0.0117015 -0.17543 0.0849831 0.996382 0.00034121 -1.97263 -0.0116881 0.000654476 0.999931 0.0459768
1690902477054656512 654 0.996225 -0.0858842 0.0126363 -0.172811 0.0858984 0.996304 -0.000584645 -1.97254 -0.0125394 0.00166787 0.99992 0.0457953
1690902477104493568 655 0.996163 -0.0866841 0.0120517 -0.169547 0.086709 0.996232 -0.0015558 -1.97236 -0.0118715 0.00259482 0.999926 0.0458928
1690902477154608384 656 0.996108 -0.0872084 0.0128244 -0.16538 0.0872466 0.996184 -0.00244309 -1.97208 -0.0125624 0.00355246 0.999915 0.0457575
1690902477204567040 657 0.996048 -0.0879933 0.0120345 -0.160793 0.0880425 0.99611 -0.00361746 -1.97197 -0.0116694 0.00466271 0.999921 0.0457564
1690902477254526976 658 0.995974 -0.0887707 0.0124933 -0.155276 0.0888333 0.996036 -0.00454489 -1.97192 -0.0120403 0.00563641 0.999912 0.0454637
1690902477304488960 659 0.995884 -0.0898188 0.0121534 -0.149092 0.0899004 0.995931 -0.0063429 -1.97191 -0.0115342 0.00740939 0.999906 0.0454475
1690902477354734080 660 0.995874 -0.0898726 0.0125488 -0.141576 0.0899742 0.995914 -0.00777448 -1.97145 -0.0117988 0.00887147 0.999891 0.0453287
1690902477404607488 661 0.995985 -0.0887902 0.0113835 -0.134027 0.0888822 0.996011 -0.00784514 -1.97089 -0.0106415 0.00882543 0.999904 0.0449172
1690902477454539264 662 0.996096 -0.0876411 0.0105944 -0.125886 0.0877118 0.996125 -0.00640565 -1.96983 -0.00999197 0.00730989 0.999923 0.0443934
1690902477504622592 665 0.996106 -0.0879438 0.00617481 -0.117491 0.0879693 0.996115 -0.00399654 -1.9683 -0.00579935 0.00452417 0.999973 0.0440084
1690902477654862848 667 0.995805 -0.091495 0.000462576 -0.0876073 0.0914917 0.995794 0.00488336 -1.96276 -0.000907433 -0.00482055 0.999988 0.0427284
1690902477754827520 672 0.995638 -0.0932886 -0.00125 -0.0661408 0.0932889 0.995639 0.000185196 -1.96146 0.00122727 -0.000300999 0.999999 0.0425521
1690902478004727040 680 0.994886 -0.100838 0.00576972 -0.00997274 0.100835 0.994903 0.000853097 -1.9568 -0.00582633 -0.000266946 0.999983 0.0417108
1690902478404837888 686 0.992844 -0.119187 0.00746854 0.0814329 0.119261 0.992808 -0.0104141 -1.94947 -0.00617361 0.0112303 0.999918 0.0404188
1690902478704927488 694 0.991822 -0.127498 0.00570607 0.169757 0.127524 0.991825 -0.00446828 -1.93627 -0.00508973 0.0051594 0.999974 0.0390473
1690902479104974592 696 0.992119 -0.125279 -0.00244499 0.298217 0.125279 0.992122 -4.69113e-06 -1.91948 0.00242632 -0.000301652 0.999997 0.0328418
1690902479205066240 701 0.99124 -0.132055 0.00222788 0.331464 0.132036 0.991218 0.00734535 -1.91339 -0.0031783 -0.00698685 0.999971 0.0335634
1690902479455095296 704 0.989917 -0.141504 0.0064633 0.401167 0.141495 0.989937 0.00191038 -1.90638 -0.00666858 -0.000976596 0.999977 0.0330683
1690902479605145344 715 0.988328 -0.152262 0.0048081 0.43678 0.152275 0.988335 -0.00239575 -1.90213 -0.00438723 0.00309993 0.999986 0.0331181
1690902480155097600 717 0.985286 -0.170304 0.014431 0.561999 0.170371 0.985374 -0.00347813 -1.8822 -0.0136276 0.00588558 0.99989 0.030447
1690902480255264768 741 0.986102 -0.165659 0.0126829 0.58089 0.165663 0.986182 0.000704605 -1.87708 -0.0126243 0.00140627 0.999919 0.0321743
1690902481454997504 745 0.989144 -0.146904 0.00368415 0.490187 0.146927 0.989121 -0.00718372 -1.89134 -0.00258876 0.00764704 0.999967 0.0330707
1690902481655014912 748 0.990082 -0.140462 0.00267372 0.432754 0.140469 0.990082 -0.00261801 -1.89953 -0.00227947 0.00296762 0.999993 0.0340185
1690902481805235200 753 0.991675 -0.128755 0.00172704 0.386199 0.128746 0.991666 0.00479322 -1.90261 -0.0023298 -0.00453097 0.999987 0.0324505
1690902482054940928 758 0.991857 -0.12713 -0.00766265 0.307817 0.127193 0.991842 0.00842355 -1.91323 0.00652926 -0.00932959 0.999935 0.0341801
1690902482304973824 760 0.994144 -0.108023 0.00295166 0.240867 0.108013 0.994144 0.00342317 -1.92352 -0.00330416 -0.00308431 0.99999 0.0350689
1690902482404865280 765 0.993992 -0.10909 0.00890711 0.215932 0.109007 0.993997 0.00932537 -1.92264 -0.00987095 -0.00829841 0.999917 0.0382133
1690902482654778624 767 0.994876 -0.100823 0.00748317 0.146596 0.100866 0.994885 -0.00553481 -1.93394 -0.00688686 0.00626125 0.999957 0.0400387
1690902482754863616 772 0.995157 -0.0975544 0.0120301 0.118285 0.0976362 0.995202 -0.00641006 -1.93622 -0.0113471 0.0075536 0.999907 0.0386888
1690902483004937472 776 0.996566 -0.0826722 0.00471013 0.0438921 0.0827073 0.996543 -0.00781926 -1.94388 -0.00404742 0.00818196 0.999958 0.0395163
1690902483204908032 778 0.997166 -0.0751867 0.00268657 -0.0130406 0.0751763 0.997163 0.00378497 -1.94536 -0.00296352 -0.00357227 0.999989 0.0413364
1690902483304669952 781 0.9976 -0.0692212 -0.00181479 -0.04239 0.0692204 0.997601 -0.000535034 -1.94828 0.00184747 0.00040813 0.999998 0.0404629
1690902483454928128 783 0.997546 -0.0699459 -0.00311896 -0.0809342 0.0699504 0.99755 0.00133672 -1.9516 0.00301782 -0.00155161 0.999994 0.0429619
1690902483554967808 786 0.997596 -0.0691861 -0.00392342 -0.101756 0.0692134 0.997575 0.00728859 -1.951 0.00340963 -0.00754262 0.999966 0.0443211
1690902483704726784 791 0.998247 -0.0591828 0.000555483 -0.127721 0.0591806 0.998242 0.00335699 -1.95367 -0.000753182 -0.00331823 0.999994 0.0453771
1690902483954792704 806 0.998437 -0.0549794 0.0100356 -0.154192 0.0549966 0.998485 -0.00144473 -1.95701 -0.00994096 0.0019944 0.999949 0.0451287
1690902484704712704 813 0.997868 -0.0643974 0.0105797 -0.14068 0.0644663 0.9979 -0.00631232 -1.95912 -0.010151 0.00698089 0.999924 0.0443933
1690902485054829568 817 0.996134 -0.0878217 0.00216366 -0.108096 0.0878197 0.996136 0.000987403 -1.95957 -0.00224202 -0.000793574 0.999997 0.0431997
1690902485254830080 821 0.992957 -0.118472 -1.51192e-05 -0.0761057 0.118472 0.992957 -0.000698553 -1.9622 9.77716e-05 0.000691842 1 0.0427755
1690902485454782976 822 0.98733 -0.158676 0.00069741 -0.0404304 0.158676 0.987297 -0.00809178 -1.96737 0.00059542 0.00809992 0.999967 0.042033
1690902485504733696 827 0.985274 -0.170975 0.0015095 -0.0317394 0.170982 0.985235 -0.00883479 -1.96787 2.33229e-05 0.00896279 0.99996 0.0422815
1690902485755086592 830 0.974325 -0.225068 0.00587516 0.0138092 0.225085 0.974336 -0.00240162 -1.96751 -0.00518386 0.00366236 0.99998 0.042188
1690902485904991232 834 0.965265 -0.261113 0.00917061 0.0449068 0.261206 0.96522 -0.011058 -1.96806 -0.00596427 0.0130693 0.999897 0.0414813
1690902486105040128 837 0.951028 -0.309006 0.00784237 0.0946889 0.309093 0.950912 -0.0150967 -1.96566 -0.00279244 0.0167814 0.999855 0.0400459
1690902486255044864 841 0.936527 -0.350386 0.0121174 0.135265 0.350532 0.936454 -0.0134234 -1.96068 -0.00664402 0.0168189 0.999836 0.0394694
1690902486455461376 842 0.916318 -0.40029 0.0114118 0.1879 0.400365 0.916341 -0.00522374 -1.94848 -0.00836606 0.00935547 0.999921 0.038703
1690902486505540608 845 0.910238 -0.413884 0.0128811 0.203354 0.41391 0.910317 0.000728268 -1.94389 -0.0120273 0.00466872 0.999917 0.0386116
1690902486655790592 846 0.88743 -0.460754 0.0132015 0.24719 0.460876 0.887426 -0.00829568 -1.93578 -0.00789305 0.0134461 0.999878 0.0358397
1690902486705786880 848 0.879395 -0.475901 0.0135472 0.262682 0.476046 0.879354 -0.010857 -1.93267 -0.0067459 0.0159967 0.999849 0.0340552
1690902486805845504 851 0.860118 -0.510076 0.00443384 0.290029 0.510088 0.860026 -0.0129062 -1.92486 0.00276992 0.0133625 0.999907 0.0355499
1690902486956252160 855 0.834765 -0.550576 0.00585125 0.331367 0.550601 0.834658 -0.0135876 -1.90823 0.00259721 0.0145642 0.999891 0.0342247
1690902487157001728 858 0.79877 -0.601622 0.00420854 0.384232 0.601636 0.798739 -0.00706797 -1.88553 0.00089072 0.00817769 0.999966 0.0331109
1690902487307280128 862 0.763233 -0.646079 0.00764675 0.42333 0.646122 0.763154 -0.0110633 -1.86888 0.00131212 0.0133846 0.99991 0.0321953
1690902487507791104 866 0.721931 -0.691725 0.0182317 0.470116 0.691965 0.721649 -0.0201839 -1.84561 0.000804831 0.0271871 0.99963 0.0319364
1690902487708360960 870 0.681206 -0.731777 0.0214666 0.513063 0.732078 0.681082 -0.0137666 -1.81644 -0.00454642 0.0250932 0.999675 0.0316397
1690902487908845568 873 0.638201 -0.769511 0.0235016 0.557542 0.769856 0.638073 -0.0135733 -1.78392 -0.00455098 0.0267553 0.999632 0.0303821
1690902488059170304 875 0.595764 -0.802629 0.0291934 0.590475 0.80316 0.595379 -0.0213937 -1.75835 -0.00020992 0.0361926 0.999345 0.0279246
1690902488159328000 878 0.575022 -0.817855 0.0215375 0.60854 0.818128 0.574682 -0.0201769 -1.74047 0.00412452 0.0292226 0.999564 0.0277813
1690902488309817856 882 0.532167 -0.8465 0.015351 0.634462 0.84655 0.53176 -0.0241773 -1.71482 0.012303 0.0258617 0.99959 0.0281633
1690902488510555648 886 0.485665 -0.874021 0.0147138 0.666691 0.874111 0.485429 -0.0170015 -1.67739 0.00771722 0.0211185 0.999747 0.0276254
1690902488709983488 890 0.433351 -0.901201 0.00658954 0.696243 0.901037 0.433099 -0.0236219 -1.64208 0.0184342 0.016174 0.999699 0.0255545
1690902488909956608 894 0.383362 -0.92352 0.0120374 0.723412 0.923428 0.383008 -0.0241971 -1.60688 0.017736 0.0203919 0.999635 0.0259024
1690902489109823232 899 0.336517 -0.941592 0.0126858 0.746252 0.941599 0.336284 -0.0174611 -1.571 0.0121752 0.0178209 0.999767 0.0257744
1690902489359563008 904 0.285309 -0.958316 0.0151621 0.768621 0.958399 0.285124 -0.0132357 -1.53357 0.0083609 0.0183076 0.999797 0.0264757
1690902489609172736 911 0.231157 -0.972606 0.0245758 0.790821 0.972873 0.230834 -0.0153146 -1.49294 0.00922214 0.0274492 0.999581 0.0250826
1690902489957841152 934 0.176539 -0.983845 0.0297109 0.814169 0.984256 0.176187 -0.0140956 -1.43704 0.00863317 0.0317315 0.999459 0.0239524
1690902491107560704 935 0.22474 -0.97438 0.00865572 0.77981 0.97431 0.224573 -0.0169695 -1.53298 0.0145909 0.0122471 0.999819 0.0254372
1690902491157781760 940 0.23137 -0.972855 0.00450949 0.776172 0.972732 0.231259 -0.017674 -1.54541 0.0161514 0.00847577 0.999834 0.0263191
1690902491408296960 941 0.250281 -0.968171 0.00219429 0.758307 0.96792 0.250163 -0.023427 -1.60971 0.0221324 0.00798722 0.999723 0.0253239
1690902491458717440 947 0.255368 -0.966832 0.00470308 0.754392 0.966647 0.255216 -0.0213948 -1.62218 0.0194848 0.0100098 0.99976 0.0259633
1690902491758810624 948 0.278591 -0.960373 0.00845008 0.734265 0.96022 0.27835 -0.0223449 -1.69157 0.0191073 0.014339 0.999715 0.0271367
