1690902621256829184 45 0.994877 -0.1008 0.00771948 -0.0870278 0.100892 0.994817 -0.0126232 -0.0297012 -0.00640706 0.0133373 0.999891 0.000824423
1690902621506984192 48 0.984315 -0.175678 0.016168 -0.129561 0.175882 0.984335 -0.0122309 -0.0517957 -0.0137661 0.0148827 0.999794 0.000845889
1690902621657131520 50 0.974692 -0.223459 0.00644957 -0.169246 0.223525 0.974617 -0.012599 -0.06969 -0.00347049 0.0137218 0.9999 0.00345498
1690902621757368576 52 0.965955 -0.25853 0.00967264 -0.196704 0.25863 0.965913 -0.0110906 -0.0863517 -0.00647566 0.0132147 0.999892 0.00205641
1690902621857460480 53 0.954388 -0.298542 0.00407485 -0.223427 0.298565 0.954359 -0.0076414 -0.0990845 -0.00160759 0.00850947 0.999963 -0.000219387
1690902621907443200 54 0.949788 -0.312875 -0.00334195 -0.236723 0.312844 0.949775 -0.00744446 -0.106114 0.00550329 0.00602515 0.999967 0.00505066
1690902621957460224 57 0.945214 -0.326451 0.00096035 -0.250062 0.326451 0.945202 -0.00484312 -0.114769 0.000673314 0.00489129 0.999988 0.00371657
1690902622107271168 58 0.924376 -0.381479 -0.00130564 -0.2878 0.381456 0.924348 -0.00844317 -0.142766 0.00442776 0.00730662 0.999964 0.0042581
1690902622157260288 62 0.916783 -0.399366 -0.00398204 -0.300435 0.399312 0.91676 -0.0100728 -0.151689 0.00767331 0.00764451 0.999941 0.00383494
1690902622356965888 64 0.891036 -0.45393 -0.00150389 -0.343445 0.453905 0.891014 -0.00809541 -0.184553 0.00501473 0.00653068 0.999966 0.00337394
1690902622457161472 69 0.878805 -0.477179 -0.000920777 -0.358643 0.477145 0.878763 -0.0104235 -0.19715 0.00578303 0.0087209 0.999945 0.00638386
1690902622706686720 70 0.849027 -0.528263 0.00956714 -0.394104 0.528342 0.848974 -0.00990973 -0.234079 -0.00288731 0.0134684 0.999905 0.00612993
1690902622756682496 74 0.84293 -0.537881 0.0123773 -0.399988 0.538011 0.842844 -0.0125967 -0.241751 -0.00365656 0.0172773 0.999844 0.00714752
1690902622956528128 75 0.807604 -0.589455 0.0178573 -0.428825 0.58963 0.807648 -0.00644871 -0.274173 -0.0106212 0.0157372 0.99982 0.0072991
1690902623006596864 78 0.798635 -0.601673 0.0131023 -0.438973 0.601771 0.798652 -0.00524066 -0.284774 -0.007311 0.0120699 0.9999 0.00678981
1690902623156392704 80 0.766948 -0.641609 0.011298 -0.465268 0.641701 0.766908 -0.0085215 -0.318742 -0.00319703 0.0137855 0.9999 0.00824637
1690902623256289536 84 0.741873 -0.670472 0.00953759 -0.482295 0.670538 0.741834 -0.00782921 -0.342943 -0.00182604 0.0122036 0.999924 0.00806261
1690902623456268288 85 0.697083 -0.716966 0.00595386 -0.516426 0.716957 0.696948 -0.0153587 -0.396954 0.00686213 0.014975 0.999864 0.00915315
1690902623506221824 88 0.682995 -0.730396 0.00629528 -0.522716 0.730379 0.682832 -0.0169602 -0.408992 0.00808901 0.0161816 0.999836 0.00839437
1690902623656263424 89 0.649459 -0.760387 0.00382153 -0.541994 0.760339 0.649341 -0.0155207 -0.43933 0.00932029 0.0129858 0.999872 0.0106474
1690902623706046464 92 0.640602 -0.767865 0.00362664 -0.547864 0.767822 0.640497 -0.0146038 -0.450045 0.0088909 0.0121398 0.999887 0.00889112
1690902623855893248 96 0.612331 -0.790584 0.00525127 -0.561095 0.790586 0.612265 -0.0102802 -0.476409 0.00491221 0.0104465 0.999933 0.00999394
1690902624055978752 100 0.576301 -0.817195 0.00833276 -0.574353 0.817209 0.576168 -0.0141137 -0.5091 0.00673255 0.0149434 0.999866 0.0111138
1690902624255782912 102 0.537856 -0.842896 0.0153865 -0.584941 0.843014 0.537618 -0.0171439 -0.542009 0.0061785 0.022192 0.999735 0.010544
1690902624355623424 104 0.514316 -0.857383 0.0193296 -0.589984 0.857587 0.514051 -0.0171987 -0.55975 0.00480944 0.0254224 0.999665 0.0119361
1690902624456033536 105 0.489823 -0.87153 0.0225508 -0.594141 0.871818 0.48973 -0.00985495 -0.576275 -0.00245491 0.0244874 0.999697 0.0126576
1690902624505975808 106 0.477013 -0.878572 0.023866 -0.596431 0.878884 0.476976 -0.00757178 -0.587393 -0.00473117 0.0245873 0.999686 0.0126823
1690902624555720960 108 0.462824 -0.886186 0.0216434 -0.599171 0.88645 0.46271 -0.0103499 -0.599416 -0.0008427 0.023976 0.999712 0.0115744
1690902624655877632 109 0.435722 -0.899884 0.0188287 -0.6057 0.900033 0.435387 -0.0194374 -0.625294 0.00929368 0.0254158 0.999634 0.0131184
1690902624705592320 111 0.421848 -0.906457 0.0195116 -0.607765 0.906661 0.421675 -0.0124605 -0.636987 0.00306732 0.0229468 0.999732 0.0128779
1690902624805656832 112 0.385997 -0.922391 0.0142015 -0.612849 0.922488 0.385866 -0.0111098 -0.661778 0.00476764 0.0173891 0.999837 0.0122451
1690902624855684864 114 0.368722 -0.929489 0.0097377 -0.616105 0.929513 0.368611 -0.0115001 -0.675115 0.00709978 0.0132917 0.999886 0.0119356
1690902624955638016 115 0.340988 -0.940063 0.00306106 -0.62111 0.940049 0.340959 -0.00733664 -0.703198 0.00585321 0.00537926 0.999968 0.0116773
1690902625005838336 117 0.326001 -0.94536 0.00431764 -0.621648 0.945316 0.325931 -0.0121053 -0.718177 0.0100366 0.00802788 0.999917 0.0123456
1690902625105836288 118 0.285439 -0.958361 0.00832785 -0.622245 0.958298 0.285273 -0.0168701 -0.748442 0.0137919 0.0127959 0.999823 0.0122825
1690902625155662336 120 0.267281 -0.963584 0.00814772 -0.623262 0.963501 0.267106 -0.0179122 -0.762661 0.0150836 0.0126379 0.999806 0.013055
1690902625255789312 121 0.233703 -0.972261 0.00958533 -0.624012 0.972216 0.233534 -0.0160764 -0.791033 0.0133919 0.0130761 0.999825 0.0126984
1690902625305943296 122 0.218138 -0.975853 0.0112551 -0.624367 0.9757 0.217832 -0.0236341 -0.805522 0.0206117 0.0161371 0.999657 0.0134837
1690902625356235520 125 0.202835 -0.979134 0.012445 -0.623923 0.979045 0.202549 -0.0211099 -0.816621 0.0181487 0.0164661 0.9997 0.0152308
1690902625506423296 127 0.160272 -0.986986 0.0131134 -0.622379 0.986986 0.160067 -0.0154101 -0.847412 0.0131106 0.0154125 0.999795 0.0144555
1690902625606388480 131 0.133634 -0.990861 0.0183511 -0.62041 0.990964 0.133387 -0.0140616 -0.867404 0.0114853 0.0200644 0.999733 0.0150195
1690902625806851584 132 0.0798386 -0.996353 0.0300989 -0.611645 0.996799 0.079677 -0.0065319 -0.903981 0.00410989 0.0305241 0.999526 0.016087
1690902625857057792 137 0.0632457 -0.997554 0.0297815 -0.610098 0.997996 0.0631597 -0.00382093 -0.913436 0.00193059 0.0299635 0.999549 0.0159658
1690902626107342080 139 -0.0111788 -0.999509 0.0292591 -0.59875 0.999837 -0.011587 -0.0138183 -0.96809 0.0141505 0.0290999 0.999476 0.0175133
1690902626207642112 142 -0.0458972 -0.99846 0.0311536 -0.589455 0.998914 -0.0461253 -0.00664123 -0.990539 0.00806797 0.0308149 0.999493 0.0142569
1690902626357992192 144 -0.103686 -0.994388 0.0210142 -0.579255 0.994446 -0.10403 -0.0159604 -1.03351 0.018057 0.0192426 0.999652 0.0149733
1690902626458402560 147 -0.136038 -0.99057 0.0162654 -0.568631 0.990544 -0.136293 -0.0157271 -1.06052 0.0177956 0.0139721 0.999744 0.0157244
1690902626608856064 149 -0.186679 -0.982363 0.010654 -0.552214 0.982263 -0.186833 -0.0159052 -1.09743 0.0176152 0.0074959 0.999817 0.0150155
1690902626709316096 152 -0.217261 -0.976048 0.011298 -0.542588 0.975935 -0.217428 -0.0165965 -1.12127 0.0186555 0.00742036 0.999798 0.0164969
1690902626860036608 156 -0.254282 -0.967041 0.0131315 -0.52665 0.967009 -0.254442 -0.0123983 -1.14883 0.0153309 0.00954565 0.999837 0.0163707
1690902627061227520 159 -0.307035 -0.95148 0.0203555 -0.493486 0.951398 -0.307405 -0.0185346 -1.19922 0.0238927 0.0136754 0.999621 0.0185652
1690902627211868672 169 -0.339059 -0.940559 0.0196828 -0.481891 0.940528 -0.33937 -0.0153664 -1.21866 0.0211328 0.0133021 0.999688 0.0180108
1690902627713250560 174 -0.392446 -0.919374 0.0271548 -0.461771 0.919471 -0.392904 -0.0141182 -1.23088 0.0236491 0.0194274 0.999532 0.016855
1690902627963657472 182 -0.423004 -0.905882 0.0211223 -0.466599 0.905892 -0.423311 -0.0129403 -1.20558 0.0206637 0.0136607 0.999693 0.0152256
1690902628363929344 188 -0.477051 -0.878588 0.0224778 -0.474659 0.878703 -0.477308 -0.00758143 -1.16748 0.0173898 0.0161346 0.999719 0.0161636
1690902628664068608 189 -0.528269 -0.848915 0.0166003 -0.492319 0.84891 -0.528452 -0.00948018 -1.10182 0.0168203 0.00908408 0.999817 0.0159852
1690902628713890048 191 -0.53969 -0.841676 0.0177842 -0.496396 0.841673 -0.539897 -0.00986551 -1.08852 0.0179052 0.00964418 0.999793 0.0148431
1690902628814191360 193 -0.563038 -0.826217 0.0188112 -0.505788 0.826177 -0.563284 -0.0119512 -1.06388 0.0204704 0.00881241 0.999752 0.0143774
1690902628914407936 197 -0.58233 -0.812688 0.0207414 -0.513658 0.812619 -0.582632 -0.0137758 -1.044 0.0232801 0.00883282 0.99969 0.0134371
1690902629114564352 203 -0.620608 -0.783884 0.0192628 -0.527957 0.783803 -0.620869 -0.0132481 -1.00827 0.0223447 0.00687629 0.999727 0.0126113
1690902629414959872 208 -0.662456 -0.748728 0.0236384 -0.549061 0.748824 -0.662739 -0.00630355 -0.958088 0.0203857 0.0135252 0.999701 0.0129466
1690902629664936448 214 -0.688064 -0.725351 0.0208276 -0.563115 0.725494 -0.688228 -0.000963008 -0.929927 0.0150327 0.0144477 0.999783 0.0131612
1690902629964907776 217 -0.730724 -0.682275 0.0233111 -0.587387 0.682408 -0.730966 -0.00290997 -0.886238 0.019025 0.0137813 0.999724 0.014778
1690902630115090688 220 -0.757067 -0.652732 0.0281044 -0.604103 0.65298 -0.757375 -0.000477733 -0.857345 0.0215974 0.0179899 0.999605 0.0151872
1690902630265039360 222 -0.781925 -0.622741 0.0280498 -0.628219 0.62303 -0.782195 0.00208162 -0.823652 0.0206441 0.0191036 0.999604 0.0131371
1690902630365081088 225 -0.802289 -0.596336 0.026744 -0.645352 0.596658 -0.802477 0.00545154 -0.801178 0.0182105 0.0203307 0.999627 0.0150658
1690902630515059712 228 -0.828718 -0.559028 0.0267271 -0.672589 0.559288 -0.828969 0.0028084 -0.770719 0.0205859 0.0172755 0.999639 0.0162701
1690902630665059584 229 -0.853076 -0.521574 0.014886 -0.704561 0.521639 -0.853166 0.000550937 -0.740162 0.0124128 0.00823509 0.999889 0.0173957
1690902630714924800 230 -0.862113 -0.506498 0.0148583 -0.714711 0.50658 -0.862191 0.00207489 -0.728439 0.0117598 0.00931571 0.999887 0.0146776
1690902630764904192 231 -0.87212 -0.488793 0.0220856 -0.723168 0.488924 -0.872326 0.000592091 -0.717175 0.0189765 0.0113146 0.999756 0.0148612
1690902630814507776 233 -0.881961 -0.470735 0.0235266 -0.734011 0.47088 -0.882197 0.00073241 -0.705846 0.0204103 0.0117242 0.999723 0.0160085
1690902630914387456 235 -0.899494 -0.436074 0.0273677 -0.755631 0.436269 -0.899816 0.00127695 -0.685717 0.0240691 0.0130883 0.999625 0.014662
1690902631013772544 239 -0.915183 -0.402183 0.026247 -0.779761 0.402322 -0.915498 3.92565e-05 -0.667017 0.0240133 0.0105957 0.999655 0.0152065
1690902631212430080 243 -0.940293 -0.339425 0.0253035 -0.824169 0.339471 -0.940613 -0.00260105 -0.635535 0.0246837 0.00614405 0.999676 0.0148284
1690902631410892800 246 -0.960889 -0.275936 0.0234646 -0.889951 0.276078 -0.961131 0.00294321 -0.587514 0.0217404 0.00930614 0.99972 0.0154403
1690902631559901952 248 -0.974644 -0.222249 0.0259652 -0.92489 0.222283 -0.974981 -0.00160496 -0.567701 0.0256723 0.00420734 0.999662 0.0154117
1690902631659028736 253 -0.981168 -0.191481 0.0253822 -0.946506 0.191561 -0.98148 0.000760013 -0.556481 0.0247666 0.00560795 0.999678 0.0162121
1690902631907488768 257 -0.992294 -0.122492 0.0186388 -0.99069 0.122661 -0.992415 0.00819661 -0.535818 0.0174934 0.0104197 0.999793 0.0164411
1690902632106614272 262 -0.997479 -0.0697702 0.0129179 -1.04659 0.0698365 -0.997547 0.00475173 -0.517627 0.0125547 0.0056419 0.999905 0.0180392
1690902632355863296 264 -0.999869 0.00925296 0.0132701 -1.16419 -0.00914049 -0.999922 0.00851075 -0.480721 0.0133478 0.00838834 0.999876 0.0188892
1690902632455544064 268 -0.998762 0.0466613 0.0172646 -1.20732 -0.0463892 -0.998798 0.0158391 -0.463776 0.0179829 0.0150186 0.999725 0.0190147
1690902632655004160 272 -0.993202 0.114506 0.0209461 -1.28543 -0.11425 -0.993367 0.013023 -0.449667 0.0222984 0.0105414 0.999696 0.018184
1690902632854359552 276 -0.983863 0.178098 0.0171544 -1.35722 -0.17798 -0.984 0.00818871 -0.444277 0.0183383 0.00500345 0.999819 0.0203406
1690902633053624576 280 -0.969088 0.246178 0.0162524 -1.44836 -0.246007 -0.969196 0.011797 -0.438367 0.0186559 0.00743414 0.999798 0.0164032
1690902633252925184 285 -0.949455 0.312814 0.0261131 -1.52585 -0.312597 -0.949808 0.0121448 -0.436725 0.0286015 0.0033681 0.999585 0.0192062
1690902633501830656 289 -0.923447 0.382919 0.0248511 -1.62306 -0.382919 -0.923769 0.0049747 -0.451586 0.0248616 -0.00492209 0.999679 0.0213264
1690902633701333504 293 -0.897136 0.441278 0.0205312 -1.69069 -0.441194 -0.89737 0.00869234 -0.458058 0.0222598 -0.00126005 0.999751 0.0234295
1690902633901061120 294 -0.864977 0.501358 0.0213176 -1.86929 -0.501121 -0.865235 0.0156926 -0.495012 0.0263124 0.00289102 0.99965 0.0210459
1690902633950861568 298 -0.857243 0.514576 0.0185889 -1.88635 -0.514283 -0.857422 0.0184802 -0.495657 0.025448 0.00628209 0.999656 0.0227133
1690902634150625024 304 -0.828147 0.560253 0.0169833 -1.96457 -0.559949 -0.828294 0.0196666 -0.520808 0.0250854 0.00677705 0.999662 0.0213071
1690902634450650112 312 -0.783526 0.621168 0.0154125 -2.04897 -0.621097 -0.783675 0.00958943 -0.559584 0.018035 -0.00205911 0.999835 0.0242757
1690902634851137536 319 -0.744727 0.667092 0.0192189 -2.13391 -0.667057 -0.744951 0.009102 -0.607268 0.020389 -0.00604162 0.999774 0.0253969
1690902635201795840 334 -0.734469 0.678382 0.0188098 -2.1681 -0.678324 -0.734691 0.0102653 -0.633997 0.0207832 -0.00521962 0.99977 0.0256264
1690902635952779008 335 -0.69802 0.715895 0.016198 -2.10226 -0.715728 -0.698207 0.0155156 -0.543153 0.0224171 -0.00076322 0.999748 0.0233338
1690902636003002880 341 -0.690571 0.723063 0.0170549 -2.08912 -0.722849 -0.690782 0.017577 -0.523522 0.0244904 -0.000189963 0.9997 0.0256147
1690902636303297280 343 -0.634445 0.772608 0.0235819 -2.00168 -0.772383 -0.634857 0.01953 -0.380247 0.0300601 -0.00582358 0.999531 0.024986
1690902636403555840 348 -0.605665 0.795284 0.026326 -1.97351 -0.795137 -0.606156 0.0182116 -0.320775 0.030441 -0.00990267 0.999488 0.0222163
1690902636654240512 349 -0.544965 0.838117 0.0239357 -1.92439 -0.838006 -0.545387 0.017309 -0.221929 0.0275612 -0.0106255 0.999564 0.0238977
1690902636704604416 352 -0.533802 0.845313 0.0223736 -1.91728 -0.845395 -0.534076 0.00840073 -0.204425 0.0190504 -0.0144302 0.999714 0.0285547
1690902636855051520 353 -0.501824 0.864835 0.0152693 -1.89674 -0.864875 -0.501952 0.0059677 -0.141506 0.0128255 -0.0102113 0.999866 0.0293895
1690902636905646848 355 -0.489989 0.871631 0.0130514 -1.89018 -0.871676 -0.490069 0.00363118 -0.120189 0.00956113 -0.00959735 0.999908 0.0269978
1690902637006547456 356 -0.462203 0.886704 0.0111967 -1.8764 -0.886729 -0.46227 0.00425378 -0.0740468 0.00894774 -0.00796233 0.999928 0.0262231
1690902637057227520 358 -0.447566 0.894206 0.00893095 -1.87183 -0.894186 -0.447632 0.0075741 -0.0501734 0.0107706 -0.00459602 0.999931 0.0277158
1690902637158399232 359 -0.414718 0.90991 0.00850091 -1.86156 -0.90994 -0.41474 0.000857118 -0.00187801 0.00430557 -0.00737985 0.999963 0.0267117
1690902637209035520 360 -0.399513 0.916663 0.0108737 -1.85491 -0.91671 -0.399551 0.00147383 0.0251121 0.00569562 -0.00937926 0.99994 0.0238061
1690902637259547904 361 -0.387348 0.921902 0.00767128 -1.84988 -0.921859 -0.387409 0.00952697 0.0540566 0.0117549 -0.00338159 0.999925 0.0249877
1690902637310024448 362 -0.374641 0.927163 0.00348239 -1.84721 -0.927138 -0.374657 0.00685622 0.0803956 0.00766154 -0.00066004 0.99997 0.0289921
1690902637360597248 363 -0.356286 0.934375 0.00161356 -1.8448 -0.934377 -0.356287 -0.000121689 0.107039 0.00046119 -0.00155103 0.999999 0.026661
1690902637411021056 364 -0.336292 0.941747 0.0044027 -1.84121 -0.941702 -0.336319 0.0093066 0.134957 0.0102452 -0.00101629 0.999947 0.0228051
1690902637461463552 365 -0.317636 0.948175 0.00846733 -1.83643 -0.948093 -0.317725 0.0130692 0.161976 0.0150822 -0.00387658 0.999879 0.0254277
1690902637511806976 366 -0.300982 0.953561 0.0114658 -1.83279 -0.95349 -0.301122 0.0135117 0.190553 0.0163368 -0.00686572 0.999843 0.02356
1690902637562161408 368 -0.285259 0.958339 0.014619 -1.82825 -0.958289 -0.285458 0.0140036 0.217733 0.0175933 -0.0100146 0.999795 0.0263134
1690902637662817536 369 -0.252751 0.967407 0.015541 -1.82682 -0.967375 -0.252966 0.0139211 0.267868 0.0173987 -0.0115154 0.999782 0.0287475
1690902637712886528 370 -0.233825 0.97213 0.0170145 -1.82766 -0.972182 -0.234013 0.0100192 0.289627 0.0137216 -0.0141985 0.999805 0.0262713
1690902637763083776 371 -0.215665 0.976312 0.0174138 -1.82611 -0.976333 -0.215896 0.0127204 0.314449 0.0161787 -0.0142583 0.999767 0.0248211
1690902637813085696 372 -0.198743 0.9799 0.0172192 -1.82608 -0.979931 -0.198964 0.0122194 0.336514 0.0153998 -0.0144451 0.999777 0.0282667
1690902637863070464 373 -0.184716 0.982687 0.0143381 -1.82749 -0.982635 -0.184928 0.0151461 0.357907 0.0175354 -0.0112914 0.999782 0.0246364
1690902637913268736 374 -0.17124 0.98518 0.00983738 -1.82985 -0.985003 -0.171406 0.0197129 0.379658 0.021107 -0.00631421 0.999757 0.0293249
1690902637963008768 375 -0.157589 0.987477 0.00736093 -1.83315 -0.987425 -0.157667 0.0115318 0.399061 0.012548 -0.00545109 0.999906 0.0272723
1690902638013370880 376 -0.141051 0.98998 0.00663938 -1.83519 -0.989836 -0.141147 0.017368 0.421779 0.0181311 -0.00412213 0.999827 0.0217273
1690902638063152384 377 -0.122858 0.992395 0.00760785 -1.83676 -0.992106 -0.123009 0.024399 0.440362 0.0251493 -0.00455017 0.999673 0.0306502
1690902638113000192 378 -0.107295 0.99419 0.00862842 -1.83786 -0.994139 -0.107397 0.0124039 0.455049 0.0132585 -0.00724697 0.999886 0.0302356
1690902638162791936 379 -0.0926047 0.995675 0.00751698 -1.83894 -0.995677 -0.0926542 0.00652366 0.470324 0.00719193 -0.00688036 0.99995 0.0274472
1690902638212445952 381 -0.0808515 0.996713 0.00509234 -1.84229 -0.996665 -0.0809022 0.0106873 0.486221 0.0110642 -0.00421127 0.99993 0.0262444
1690902638312205312 382 -0.0532986 0.998578 0.00105162 -1.85145 -0.998519 -0.0533069 0.0108655 0.518324 0.0109061 -0.000470948 0.99994 0.0293101
1690902638361831680 383 -0.037238 0.999306 -0.000554124 -1.85601 -0.99926 -0.037231 0.00962434 0.535732 0.00959704 0.000912103 0.999954 0.0296925
1690902638411441920 384 -0.0182149 0.999832 0.0019982 -1.85957 -0.999804 -0.0182299 0.00773573 0.551656 0.00777086 -0.0018569 0.999968 0.0316584
1690902638461124096 385 0.00243709 0.999976 0.00653184 -1.86246 -0.999994 0.0024217 0.00236184 0.567359 0.00234596 -0.00653756 0.999976 0.0327468
1690902638510949120 386 0.0201122 0.999713 0.0130004 -1.86472 -0.999797 0.0201271 -0.00102083 0.586771 -0.00128219 -0.0129772 0.999915 0.0305049
1690902638560482304 387 0.0334874 0.999353 0.0130883 -1.87006 -0.999425 0.0334144 0.0057567 0.607918 0.00531565 -0.0132736 0.999898 0.0265752
1690902638610560768 388 0.0479553 0.99879 0.0108601 -1.8763 -0.998805 0.0478474 0.00999086 0.631386 0.00945915 -0.0113262 0.999891 0.0345996
1690902638660252160 389 0.0627708 0.997966 0.0111287 -1.88377 -0.99802 0.0628102 -0.00322472 0.648311 -0.00391715 -0.0109043 0.999933 0.0324042
1690902638709836800 390 0.082526 0.996529 0.0109481 -1.89148 -0.996585 0.08255 -0.00175335 0.668558 -0.00265103 -0.010766 0.999939 0.0273728
1690902638759641600 391 0.104918 0.994394 0.0131125 -1.89878 -0.994452 0.104806 0.00900617 0.691428 0.00758142 -0.0139847 0.999873 0.0294812
1690902638809622784 392 0.122506 0.992409 0.0107692 -1.90397 -0.992428 0.122397 0.0102352 0.715304 0.00883937 -0.0119416 0.99989 0.0288247
1690902638859191040 394 0.135826 0.990659 0.0120405 -1.90995 -0.99061 0.135608 0.0173949 0.737556 0.0155996 -0.0142901 0.999776 0.0311015
1690902638958673664 397 0.163822 0.98641 0.0125308 -1.92535 -0.986341 0.163563 0.0194791 0.771973 0.0171648 -0.0155507 0.999732 0.0298149
1690902639107962880 400 0.205489 0.97864 0.00619771 -1.94512 -0.978476 0.205323 0.0206886 0.817927 0.0189741 -0.0103156 0.999767 0.0312881
1690902639257722880 417 0.237147 0.971462 0.0048107 -1.96115 -0.971415 0.237075 0.0121878 0.852618 0.0106994 -0.00756348 0.999914 0.0319205
1690902640106473472 422 0.300342 0.953792 0.00865539 -1.97761 -0.953808 0.300258 0.00974824 0.840908 0.00669895 -0.0111834 0.999915 0.0316574
1690902640356380416 426 0.34179 0.939736 0.00867945 -1.97353 -0.93969 0.341619 0.0166822 0.793013 0.0127118 -0.0138578 0.999823 0.0312573
1690902640556532736 431 0.384019 0.92332 0.00302486 -1.9695 -0.923278 0.383964 0.0113888 0.738669 0.00935409 -0.00716632 0.999931 0.0321736
1690902640806286080 436 0.445423 0.895289 0.00751776 -1.95535 -0.895319 0.445392 0.00544837 0.665708 0.00152952 -0.00915763 0.999957 0.0322862
1690902641056306432 441 0.50503 0.863058 0.00874311 -1.93794 -0.863098 0.505031 0.00221805 0.594432 -0.00250124 -0.00866634 0.999959 0.0320692
1690902641306373376 446 0.571466 0.820617 0.00376554 -1.91252 -0.820626 0.571463 0.0019628 0.515599 -0.000541156 -0.00421177 0.999991 0.0300516
1690902641556441344 449 0.634049 0.773292 -0.00126189 -1.88983 -0.773293 0.634048 -0.00100765 0.462712 2.08956e-05 0.00161471 0.999999 0.0296523
1690902641706514176 452 0.672208 0.740352 0.00392891 -1.85945 -0.740348 0.672219 -0.00274569 0.403814 -0.00467386 -0.00106309 0.999989 0.0261193
1690902641856509696 454 0.712684 0.701485 -0.00064507 -1.80462 -0.701477 0.712672 -0.00530695 0.306288 -0.00326302 0.00423468 0.999986 0.0236976
1690902641956826368 456 0.739038 0.673662 0.00147035 -1.77916 -0.673663 0.739035 0.0022476 0.265737 0.000427484 -0.00265158 0.999996 0.0217231
1690902642056935424 460 0.764542 0.644552 0.00532298 -1.74726 -0.644574 0.764524 0.00527782 0.227285 -0.000667717 -0.00746617 0.999972 0.0219048
1690902642257020416 463 0.80579 0.592157 0.00725121 -1.68925 -0.592184 0.805799 0.00224871 0.149208 -0.00451143 -0.00610605 0.999971 0.0225819
1690902642406987008 464 0.840518 0.541731 0.00754056 -1.64445 -0.541782 0.840473 0.00880542 0.096376 -0.00156747 -0.0114864 0.999933 0.0186517
1690902642457346816 466 0.852635 0.522476 0.00560937 -1.62876 -0.522505 0.852605 0.00725635 0.0793788 -0.000991309 -0.00911795 0.999958 0.0195944
1690902642557678848 468 0.8715 0.490396 -0.000720373 -1.59994 -0.490396 0.871497 -0.00220697 0.0466067 -0.000454488 0.00227664 0.999997 0.0171366
1690902642657988096 471 0.885681 0.464285 -0.00274001 -1.56862 -0.464292 0.885653 -0.00716336 0.0160023 -0.000899141 0.00761662 0.999971 0.0175465
1690902642808198912 472 0.907358 0.420307 -0.00656353 -1.5243 -0.420356 0.907288 -0.0113315 -0.023127 0.0011923 0.0130408 0.999914 0.0173403
1690902642858098176 475 0.912556 0.408913 -0.00564634 -1.50944 -0.408952 0.912493 -0.0107228 -0.0344559 0.000767535 0.0120943 0.999927 0.0185139
1690902643008509184 477 0.928524 0.371271 -0.00122173 -1.46097 -0.37127 0.928499 -0.0068949 -0.0688794 -0.0014255 0.00685567 0.999975 0.0174826
1690902643108636160 480 0.941059 0.33824 -0.00152973 -1.42697 -0.338238 0.941009 -0.00982671 -0.0939382 -0.0018843 0.00976493 0.999951 0.0176666
1690902643258685696 482 0.957859 0.287204 -0.00444668 -1.37421 -0.287238 0.957767 -0.0132996 -0.126806 0.000439185 0.0140164 0.999902 0.0149837
1690902643358887936 485 0.966389 0.257072 -0.00259024 -1.33302 -0.257085 0.966348 -0.00883998 -0.149191 0.000230561 0.00920877 0.999958 0.0134022
1690902643508761344 488 0.979519 0.201306 -0.00418811 -1.27385 -0.201307 0.979528 0.000278165 -0.175147 0.00415837 0.000570627 0.999991 0.0130381
1690902643658762752 492 0.988416 0.151751 0.00218875 -1.20371 -0.151749 0.988419 -0.000883441 -0.20529 -0.00229746 0.000541067 0.999997 0.0134641
1690902643859066624 493 0.997067 0.0762679 -0.00633769 -1.1195 -0.0762563 0.997086 0.00204719 -0.237568 0.00647536 -0.0015579 0.999978 0.00895814
1690902643909046272 497 0.998402 0.0557873 -0.00898445 -1.09908 -0.0557695 0.998441 0.00221934 -0.243822 0.00909426 -0.00171473 0.999957 0.0110824
1690902644109208064 500 0.99982 -0.0183123 -0.00496099 -1.0132 0.0183008 0.99983 -0.00234877 -0.269457 0.00500315 0.00225756 0.999985 0.0105665
1690902644259014656 505 0.997408 -0.0719133 0.00240284 -0.95073 0.0719309 0.997375 -0.008298 -0.283552 -0.0017998 0.00844933 0.999963 0.00862871
1690902644508809984 509 0.987941 -0.154694 0.00642785 -0.857749 0.154769 0.987858 -0.0135644 -0.297693 -0.00425147 0.0143957 0.999887 0.00744827
1690902644708298496 511 0.9755 -0.2199 0.00666801 -0.695102 0.219987 0.975333 -0.0181764 -0.305439 -0.00250654 0.0191979 0.999813 0.00888997
1690902644808180224 515 0.967511 -0.252343 0.0156866 -0.648712 0.252604 0.967406 -0.0178156 -0.308839 -0.0106797 0.0211993 0.999718 0.00416544
1690902645007958016 517 0.948371 -0.316987 0.0106002 -0.565859 0.317081 0.948357 -0.00883905 -0.300628 -0.00725094 0.0117438 0.999905 0.00531093
1690902645107688448 521 0.936654 -0.350061 0.0116649 -0.522552 0.350178 0.936628 -0.0101547 -0.297387 -0.00737089 0.0135962 0.99988 0.00128757
1690902645307061504 525 0.905893 -0.423501 0.00203622 -0.43274 0.42349 0.905806 -0.0131109 -0.284169 0.00370805 0.0127394 0.999912 0.000216403
1690902645506885888 529 0.872803 -0.488035 0.0060277 -0.339114 0.488072 0.872746 -0.0100051 -0.261075 -0.000377797 0.0116745 0.999932 -0.0012852
1690902645706342912 533 0.834486 -0.551021 0.00297936 -0.255004 0.551027 0.834452 -0.0076869 -0.234118 0.00174951 0.00805632 0.999966 -0.00389123
1690902645905948928 534 0.785983 -0.618196 0.00808046 -0.0729447 0.618246 0.785877 -0.0129735 -0.173437 0.00166991 0.0151927 0.999883 -0.00641962
1690902645956036608 537 0.773039 -0.634297 0.00888083 -0.0497993 0.634354 0.772899 -0.0149138 -0.166379 0.00259578 0.0171625 0.999849 -0.00685757
1690902646105954048 540 0.734561 -0.678321 0.01737 0.0216159 0.678512 0.73453 -0.00932409 -0.129713 -0.00643406 0.0186349 0.999806 -0.00748727
1690902646255967488 544 0.700791 -0.713163 0.0170473 0.0909755 0.713347 0.700751 -0.00921135 -0.0913446 -0.00537672 0.0186159 0.999812 -0.00544943
1690902646455890176 547 0.640609 -0.767664 0.0176565 0.180611 0.767864 0.640503 -0.0118322 -0.0330009 -0.00222587 0.0211376 0.999774 -0.00899539
1690902646605828864 550 0.594228 -0.804065 0.019298 0.24792 0.804284 0.593914 -0.0198321 0.0158784 0.00448495 0.0273059 0.999617 -0.0102536
1690902646756023552 551 0.546777 -0.837159 0.0141339 0.29197 0.837266 0.546599 -0.0146602 0.0578194 0.00454736 0.0198497 0.999793 -0.0102031
1690902646805946624 553 0.53004 -0.847842 0.0148676 0.310903 0.847969 0.529903 -0.0122839 0.079766 0.00253643 0.0191182 0.999814 -0.0125129
1690902646906056448 557 0.495822 -0.868315 0.0137404 0.354323 0.86841 0.495663 -0.0134796 0.123902 0.00489398 0.0186158 0.999815 -0.0140174
1690902647106220032 559 0.41937 -0.907767 0.00941086 0.429489 0.907786 0.41925 -0.0123848 0.213577 0.00729697 0.0137368 0.999879 -0.0151141
1690902647206528768 563 0.382896 -0.923766 0.00690874 0.463591 0.923749 0.382796 -0.0124251 0.259067 0.00883323 0.0111395 0.999899 -0.0142686
1690902647406593536 564 0.313737 -0.94949 0.0061384 0.520952 0.94951 0.313733 -0.00156558 0.350364 -0.000439319 0.00631965 0.99998 -0.015498
1690902647456639488 567 0.296496 -0.954965 0.0114677 0.5359 0.955033 0.296492 -0.00209991 0.370985 -0.00139475 0.0115747 0.999932 -0.017164
1690902647607084544 573 0.244792 -0.96955 0.00708059 0.569797 0.969513 0.244687 -0.0131264 0.426869 0.0109942 0.010078 0.999889 -0.0153189
1690902647907640320 593 0.206799 -0.978301 0.012731 0.596664 0.978318 0.206618 -0.0142304 0.5017 0.0112911 0.0153978 0.999818 -0.0174782
1690902648907923968 602 0.191252 -0.98154 0.00132581 0.552354 0.981501 0.191232 -0.00925439 0.252945 0.00883002 0.0030712 0.999956 -0.015489
1690902649358040064 615 0.167256 -0.985699 0.0205555 0.539892 0.985796 0.166878 -0.0189204 0.0574204 0.0152196 0.0234281 0.99961 -0.0166206
1690902650008528640 617 0.157126 -0.987237 0.0259765 0.495944 0.987515 0.156763 -0.0154852 -0.268798 0.0112154 0.0280853 0.999543 -0.0203921
1690902650108557312 620 0.186792 -0.982126 0.0231952 0.478201 0.982356 0.18651 -0.0137906 -0.327386 0.009218 0.0253619 0.999636 -0.0140722
1690902650258291200 624 0.230698 -0.972989 0.00842094 0.43742 0.97299 0.230607 -0.0105419 -0.412281 0.00831524 0.0106255 0.999909 -0.0101438
1690902650457808896 626 0.289142 -0.957279 0.00383431 0.377953 0.957245 0.28909 -0.0104529 -0.560645 0.00889791 0.00669275 0.999938 -0.0159393
1690902650557584128 630 0.312292 -0.949972 0.00509319 0.345752 0.949902 0.312189 -0.014972 -0.629625 0.012633 0.00951368 0.999875 -0.0112408
1690902650757107200 632 0.363191 -0.931662 0.00989399 0.310926 0.931602 0.362963 -0.01937 -0.703017 0.0144551 0.0162523 0.999763 -0.0118169
1690902650857058816 633 0.385923 -0.922471 0.0104908 0.291605 0.922426 0.385683 -0.0194468 -0.740626 0.013893 0.017182 0.999756 -0.0110801
1690902650907403520 636 0.395908 -0.918229 0.0105535 0.280667 0.918219 0.395708 -0.0169897 -0.756806 0.0114244 0.0164168 0.9998 -0.00925723
1690902651056816128 638 0.432486 -0.901537 0.0136901 0.243091 0.90162 0.432323 -0.0133508 -0.815505 0.00611774 0.0181173 0.999817 -0.00741334
1690902651156972800 641 0.451299 -0.892253 0.0146297 0.213193 0.89236 0.451143 -0.0127797 -0.861847 0.00480263 0.0188225 0.999811 -0.00626406
1690902651306391808 642 0.486355 -0.873457 0.0230661 0.154796 0.873733 0.486384 -0.00472517 -0.948472 -0.00709174 0.0224517 0.999723 -0.0115604
1690902651356332288 643 0.500722 -0.865505 0.013375 0.132251 0.86554 0.500429 -0.0202538 -0.983035 0.0108365 0.0217182 0.999705 -0.0114276
1690902651406306304 644 0.513065 -0.858277 0.0112254 0.110185 0.858297 0.512843 -0.0178552 -1.01197 0.0095678 0.0187956 0.999778 -0.000327247
1690902651456335616 646 0.522994 -0.85222 0.0140641 0.0897767 0.852317 0.523023 -0.00178345 -1.03812 -0.00583594 0.0129198 0.9999 -0.00269858
1690902651556311552 647 0.54412 -0.838989 0.00556442 0.0435486 0.838995 0.544062 -0.00915887 -1.09326 0.0046568 0.00965204 0.999943 -0.00187526
1690902651606186240 648 0.556026 -0.83112 0.00867801 0.0212788 0.831163 0.556016 -0.00371304 -1.12226 -0.00173914 0.00927739 0.999955 -0.000184998
1690902651656224256 649 0.564792 -0.825201 0.00726792 0.00198427 0.825233 0.56478 -0.00381709 -1.15254 -0.000954905 0.00815359 0.999966 -0.00918284
1690902651706106112 651 0.567273 -0.823528 -0.00159819 -0.019151 0.82346 0.567249 -0.0119491 -1.18362 0.010747 0.00546238 0.999927 -0.00290761
1690902651806147328 653 0.571651 -0.820497 1.38651e-05 -0.0615069 0.820479 0.571638 -0.0067374 -1.23525 0.00552009 0.00386282 0.999977 -0.00481779
1690902651906008576 658 0.576788 -0.816889 -0.00273851 -0.097507 0.816864 0.576792 -0.00665693 -1.28668 0.00701753 0.00160266 0.999974 -0.00416614
1690902652155951616 664 0.570763 -0.821092 0.00613475 -0.165431 0.821102 0.570696 -0.00989385 -1.40057 0.00462269 0.0106843 0.999932 0.00126889
1690902652455770368 666 0.548988 -0.835493 0.0237348 -0.238877 0.835787 0.549028 -0.00538576 -1.53343 -0.00853129 0.0227939 0.999704 0.00531329
1690902652555916544 667 0.536672 -0.843607 0.0176108 -0.269285 0.843788 0.53661 -0.00847131 -1.58825 -0.00230368 0.0194061 0.999809 -0.00110499
1690902652605721600 668 0.531355 -0.847045 0.0132731 -0.281814 0.847045 0.530979 -0.0240105 -1.61739 0.0132902 0.024001 0.999624 0.00366595
1690902652655849472 669 0.525348 -0.85069 0.0183469 -0.292727 0.850867 0.525063 -0.0182702 -1.64265 0.00590905 0.025209 0.999665 0.006637
1690902652705854464 670 0.514588 -0.857176 0.0211762 -0.303649 0.857421 0.514574 -0.00653282 -1.66767 -0.00529696 0.0215187 0.999754 0.00449721
1690902652755741440 671 0.503547 -0.863891 0.0114755 -0.317622 0.863967 0.503484 -0.008091 -1.69451 0.00121204 0.0139886 0.999901 0.000383656
1690902652806047232 673 0.496315 -0.868137 0.00301258 -0.334977 0.868062 0.496218 -0.0153501 -1.72279 0.0118311 0.0102336 0.999878 0.00180711
1690902652905805312 675 0.493428 -0.869765 0.00615429 -0.358599 0.869751 0.493331 -0.0126066 -1.7788 0.00792868 0.0115732 0.999902 0.0059245
1690902653005771008 676 0.476732 -0.879045 0.00261487 -0.378588 0.87889 0.476588 -0.0203933 -1.83594 0.0166804 0.0120203 0.999789 0.000388841
1690902653055804416 678 0.465659 -0.884961 -0.00216864 -0.388839 0.884673 0.465568 -0.0245063 -1.85905 0.0226967 0.00949304 0.999697 0.00378589
1690902653155922944 679 0.44979 -0.893134 0.000456374 -0.407343 0.892957 0.449691 -0.0201442 -1.90314 0.0177863 0.0094682 0.999797 0.00179312
1690902653205718272 682 0.445627 -0.895218 0.000826579 -0.41429 0.895035 0.445517 -0.0206528 -1.92178 0.0181205 0.00994326 0.999786 0.00255383
1690902653355928064 697 0.436843 -0.899532 0.00333073 -0.426431 0.899334 0.436662 -0.0229165 -1.96172 0.0191597 0.0130063 0.999732 0.002238
1690902654105993216 699 0.494858 -0.868961 -0.00463343 -0.412166 0.868909 0.49488 -0.00951061 -1.86566 0.0105573 0.00068038 0.999944 0.00349443
1690902654205893888 702 0.519411 -0.85452 -0.00283952 -0.405048 0.854481 0.519415 -0.0083246 -1.83174 0.00858843 0.00189758 0.999961 0.00283979
1690902654355972608 704 0.563578 -0.826062 0.000968444 -0.391662 0.826053 0.563566 -0.00539742 -1.77239 0.00391283 0.00384186 0.999985 0.00291075
1690902654455926272 707 0.593243 -0.805006 0.00528147 -0.378135 0.805023 0.593234 -0.00338431 -1.73261 -0.00040875 0.00625943 0.99998 0.00267988
1690902654605798912 708 0.635062 -0.772401 0.00963385 -0.356186 0.772435 0.635093 0.000241927 -1.6617 -0.00630526 0.00728789 0.999954 0.00481771
1690902654655947008 711 0.651852 -0.758283 0.00977667 -0.348812 0.758333 0.651863 -0.00251179 -1.64119 -0.0044684 0.00905129 0.999949 0.0071658
1690902654805773568 712 0.708612 -0.705557 0.00760116 -0.324602 0.705598 0.708562 -0.00847913 -1.57313 0.000596612 0.0113718 0.999935 0.004485
1690902654855808768 714 0.726851 -0.686643 0.0144446 -0.310409 0.686758 0.72687 -0.00484983 -1.54605 -0.00716921 0.013445 0.999884 0.00463957
1690902654955830784 715 0.766772 -0.641686 0.0172947 -0.284096 0.641862 0.766785 -0.00730591 -1.49457 -0.00857323 0.0167028 0.999824 0.00244063
1690902655005828608 716 0.78851 -0.614974 0.00775902 -0.271138 0.615008 0.788342 -0.0168157 -1.46977 0.00422448 0.0180312 0.999828 -0.000487458
1690902655056009984 717 0.805718 -0.592275 0.00546449 -0.254413 0.592299 0.805663 -0.00942524 -1.44177 0.00117979 0.0108307 0.999941 0.00664101
1690902655105998336 718 0.822915 -0.567935 0.0161308 -0.235837 0.567984 0.823038 0.0018471 -1.41232 -0.0143253 0.00764205 0.999868 0.00134575
1690902655156059392 719 0.839824 -0.54278 0.00926219 -0.21811 0.542806 0.839858 -0.000268361 -1.38614 -0.00763326 0.00525295 0.999957 -0.00598688
1690902655205982208 720 0.85443 -0.519527 -0.00630789 -0.200315 0.51952 0.854453 -0.00287693 -1.35943 0.00688444 -0.000818938 0.999976 -0.000691734
1690902655256128000 721 0.867995 -0.496572 -0.00100132 -0.178211 0.496568 0.867975 0.00630059 -1.32932 -0.00225958 -0.0059661 0.99998 -0.00125596
1690902655306262528 723 0.880292 -0.474432 0.000754441 -0.155289 0.474415 0.880271 0.00737011 -1.30239 -0.00416073 -0.00612993 0.999973 -0.00434971
1690902655406297344 724 0.906189 -0.422872 0.00131975 -0.107633 0.422868 0.906188 0.00247998 -1.25804 -0.00224466 -0.00168924 0.999996 -0.00550402
1690902655456225280 727 0.916734 -0.399495 0.00133952 -0.0815976 0.399493 0.916735 0.00166865 -1.23851 -0.0018946 -0.000994584 0.999998 -0.00724944
1690902655606157824 730 0.94172 -0.336306 0.00786372 -0.00454667 0.336337 0.941736 -0.00312259 -1.17404 -0.00635541 0.00558547 0.999964 -0.00233968
1690902655756355072 733 0.964033 -0.265571 0.0106348 0.0593013 0.265543 0.964091 0.00406466 -1.12256 -0.0113323 -0.00109448 0.999935 -0.00452937
1690902655906660608 736 0.983548 -0.180271 0.011639 0.127454 0.180366 0.98357 -0.0076679 -1.07844 -0.0100655 0.00964104 0.999903 -0.00771955
1690902656056931840 739 0.994082 -0.108448 0.00627644 0.217967 0.108466 0.994097 -0.00251635 -1.02394 -0.0059665 0.00318224 0.999977 -0.00849463
1690902656207387392 742 0.999562 -0.0291654 0.0049479 0.332459 0.0291869 0.999565 -0.00432497 -0.976606 -0.0048196 0.00446749 0.999978 -0.0126097
1690902656357862656 744 0.999015 0.0439999 0.00567096 0.443739 -0.0439966 0.999031 -0.00070899 -0.933682 -0.00569666 0.00045879 0.999984 -0.0160336
1690902656457965056 747 0.996518 0.0830779 0.00701516 0.516809 -0.0831541 0.996472 0.0113751 -0.908623 -0.00604539 -0.0119189 0.999911 -0.0174705
1690902656607884800 755 0.992077 0.124936 0.013192 0.610766 -0.125093 0.992075 0.0118186 -0.893218 -0.0116109 -0.0133752 0.999843 -0.0186482
