1690902553107041280 73 0.994648 0.103217 0.00467567 -0.601534 -0.103175 0.994627 -0.00849476 0.100525 -0.00552734 0.00796689 0.999953 0.0190797
1690902553157312000 77 0.993703 0.111888 0.00587225 -0.650558 -0.111844 0.993699 -0.00734444 0.119784 -0.006657 0.00664142 0.999956 0.0258454
1690902553359116032 78 0.985974 0.166884 0.0020509 -0.900003 -0.166828 0.985847 -0.0165666 0.194932 -0.00478659 0.0159921 0.999861 0.0320812
1690902553409658368 82 0.98324 0.18228 0.00370691 -0.97035 -0.182177 0.983075 -0.019391 0.217538 -0.00717876 0.0183907 0.999805 0.0255944
1690902553611450368 83 0.96939 0.245501 0.00349164 -1.20605 -0.24544 0.969329 -0.0127128 0.333272 -0.00650556 0.0114667 0.999913 0.0316548
1690902553661923328 86 0.964543 0.26391 0.00295949 -1.26332 -0.263842 0.964458 -0.0144111 0.361834 -0.00665754 0.0131193 0.999892 0.0346254
1690902553812978944 88 0.949626 0.31331 0.00685848 -1.42303 -0.313257 0.949636 -0.00777965 0.459475 -0.0089505 0.00523929 0.999946 0.0436939
1690902553913133824 90 0.937745 0.347166 0.0105343 -1.52767 -0.347185 0.937797 -4.56756e-05 0.541895 -0.00989485 -0.0036145 0.999945 0.0486302
1690902554013729024 91 0.924253 0.381671 0.00915216 -1.65359 -0.381701 0.924284 0.00171469 0.623922 -0.00780475 -0.0050782 0.999957 0.0297454
1690902554064003328 93 0.918586 0.395198 0.00417236 -1.71707 -0.395215 0.918579 0.00431804 0.666339 -0.00212616 -0.00561547 0.999982 0.0380886
1690902554164205568 95 0.906406 0.422408 0.000198293 -1.82926 -0.422398 0.90638 0.00738279 0.745868 0.00293882 -0.00677557 0.999973 0.0443604
1690902554264434432 98 0.892464 0.451119 -0.000386115 -1.94006 -0.451102 0.892436 0.00804355 0.828902 0.00397318 -0.0070044 0.999968 0.0392744
1690902554414844672 101 0.869424 0.494064 0.00156096 -2.08134 -0.494056 0.869383 0.00906998 0.958451 0.00312408 -0.00865686 0.999958 0.0441755
1690902554564909568 104 0.845482 0.533949 0.00760928 -2.20676 -0.533998 0.845453 0.00749668 1.08657 -0.00243043 -0.0104017 0.999943 0.0540185
1690902554715104000 106 0.816739 0.576987 0.00476621 -2.4247 -0.577006 0.816723 0.005156 1.28778 -0.000917734 -0.00696124 0.999975 0.0529997
1690902554814944000 110 0.800251 0.599663 0.00179723 -2.52216 -0.599665 0.800242 0.00385894 1.38581 0.00087585 -0.00416585 0.999991 0.0581114
1690902555014925312 111 0.761349 0.648342 -0.000695448 -2.73251 -0.648325 0.76132 -0.00810529 1.63904 -0.00472554 0.00662183 0.999967 0.0799163
1690902555064881664 112 0.750454 0.660918 -0.0023872 -2.7796 -0.660913 0.750419 -0.00806624 1.68756 -0.00353972 0.00763108 0.999965 0.066839
1690902555114741248 114 0.741236 0.671242 -0.00163148 -2.8207 -0.671225 0.741194 -0.00937761 1.74076 -0.00508541 0.00804612 0.999955 0.0883713
1690902555214642944 116 0.720962 0.692973 0.00110335 -2.89447 -0.69293 0.720934 -0.0100901 1.85935 -0.00778758 0.00651001 0.999948 0.0870121
1690902555314159360 117 0.69712 0.716913 0.00772287 -2.96088 -0.716878 0.697163 -0.00709243 1.99801 -0.0104687 -0.000592079 0.999945 0.0958987
1690902555364091904 118 0.682337 0.730949 0.0114267 -2.99785 -0.730936 0.682419 -0.00606676 2.07626 -0.0122323 -0.00421263 0.999916 0.0901329
1690902555413892352 119 0.666204 0.745709 0.00954236 -3.04252 -0.745707 0.666259 -0.00445501 2.15651 -0.00967983 -0.00414786 0.999945 0.0829508
1690902555464072960 120 0.651437 0.758687 0.00490098 -3.0817 -0.758678 0.651454 -0.0038982 2.2109 -0.00615028 -0.00117883 0.99998 0.0900892
1690902555513892096 123 0.639137 0.769092 0.000896489 -3.12799 -0.769072 0.639128 -0.0066763 2.27629 -0.00570766 0.00357761 0.999977 0.0840042
1690902555663344896 124 0.603453 0.797387 -0.00417895 -3.23479 -0.797396 0.603456 -0.000681958 2.49202 0.00197803 0.0037438 0.999991 0.0907582
1690902555713310464 126 0.588103 0.808785 0.00094677 -3.26163 -0.808786 0.588103 0.000355583 2.57138 -0.000269208 -0.000974854 0.999999 0.0911874
1690902555813140224 128 0.554844 0.831946 0.00374763 -3.31836 -0.831947 0.554815 0.00669827 2.72915 0.00349336 -0.00683433 0.999971 0.0869028
1690902555912783616 130 0.527088 0.849789 0.00604766 -3.37105 -0.849784 0.527002 0.0116559 2.86246 0.00671795 -0.0112829 0.999914 0.0983815
1690902556012376576 132 0.499222 0.866433 0.00844548 -3.41538 -0.866461 0.499139 0.0102698 3.0003 0.00468259 -0.0124446 0.999912 0.100193
1690902556111696640 134 0.466726 0.884335 0.0108861 -3.45648 -0.884402 0.466687 0.00605264 3.13965 0.000272175 -0.0124526 0.999922 0.0952202
1690902556211054080 136 0.438062 0.898922 0.00633757 -3.49886 -0.898908 0.437969 0.0121772 3.2864 0.00817074 -0.0110313 0.999906 0.0953192
1690902556310694400 138 0.410362 0.91189 0.00772168 -3.53054 -0.911873 0.410237 0.0138905 3.42764 0.0094989 -0.0127413 0.999874 0.0964544
1690902556410125824 141 0.378433 0.925574 0.0100713 -3.54906 -0.925587 0.378291 0.0135637 3.56114 0.00874435 -0.0144548 0.999857 0.100652
1690902556559791104 142 0.326367 0.945201 0.00889087 -3.58538 -0.945235 0.32631 0.00725997 3.81535 0.00396095 -0.0107734 0.999934 0.0990894
1690902556609195776 144 0.310205 0.950614 0.0102976 -3.59659 -0.95066 0.310133 0.00799974 3.8888 0.00441103 -0.0122711 0.999915 0.115121
1690902556709078016 147 0.279741 0.959938 0.0162299 -3.59466 -0.960075 0.27972 0.00357489 4.04743 -0.00110816 -0.016582 0.999862 0.117082
1690902556858351872 148 0.22385 0.974608 0.00560339 -3.61411 -0.974616 0.223821 0.00527424 4.21375 0.00388615 -0.00664179 0.99997 0.113182
1690902556908015616 150 0.209407 0.977825 0.00275928 -3.61846 -0.977813 0.209386 0.00630547 4.2832 0.00558789 -0.00401847 0.999976 0.11292
1690902557007680000 153 0.178941 0.983854 -0.0034917 -3.62583 -0.983828 0.178963 0.00736042 4.42705 0.00786646 0.00211815 0.999967 0.113255
1690902557157296896 154 0.124458 0.992223 0.0021297 -3.60766 -0.992138 0.124419 0.0134707 4.66129 0.013101 -0.0037895 0.999907 0.110878
1690902557207018240 156 0.106405 0.994313 0.00440566 -3.59734 -0.994221 0.106329 0.0148 4.73182 0.0142473 -0.00595498 0.999881 0.113441
1690902557306675456 157 0.0734167 0.997271 0.00781905 -3.5802 -0.997248 0.0733291 0.0109581 4.86887 0.0103548 -0.00860203 0.999909 0.112199
1690902557356661760 159 0.060608 0.998124 0.00869174 -3.56935 -0.998041 0.060463 0.0160711 4.93662 0.0155155 -0.00964875 0.999833 0.115934
1690902557456325632 160 0.0278229 0.999578 0.00836501 -3.54067 -0.999519 0.0277048 0.0139186 5.07228 0.013681 -0.00874825 0.999868 0.110886
1690902557506111744 162 0.00824075 0.999939 0.00738184 -3.53014 -0.999825 0.00811521 0.0168782 5.14852 0.0168172 -0.00751964 0.99983 0.112022
1690902557605785856 163 -0.0229962 0.9997 0.0084318 -3.50541 -0.999444 -0.0231923 0.023953 5.29199 0.0241414 -0.00787629 0.999678 0.105217
1690902557655834368 166 -0.0321902 0.999425 0.0106821 -3.48942 -0.999127 -0.0324617 0.0262904 5.35493 0.0266221 -0.00982649 0.999597 0.109958
1690902557805600512 167 -0.0617709 0.997893 0.0198517 -3.44673 -0.99775 -0.0622568 0.02487 5.51814 0.0260535 -0.0182708 0.999494 0.105757
1690902557855494912 173 -0.0694084 0.997327 0.0228334 -3.43161 -0.99724 -0.0699706 0.0248199 5.56414 0.0263513 -0.0210476 0.999431 0.107233
1690902558155488000 174 -0.11147 0.99351 0.0226494 -3.38633 -0.993542 -0.111902 0.0187826 5.73163 0.0211952 -0.0204094 0.999567 0.109034
1690902558205562112 175 -0.114692 0.993137 0.0229257 -3.38176 -0.993172 -0.11513 0.0188061 5.74691 0.0213165 -0.0206122 0.99956 0.113055
1690902558255458816 176 -0.117661 0.99281 0.0220184 -3.3787 -0.992873 -0.118033 0.0164546 5.75865 0.0189351 -0.0199254 0.999622 0.111177
1690902558305439744 177 -0.119827 0.992559 0.0216599 -3.37832 -0.992613 -0.120194 0.0165302 5.76735 0.0190106 -0.0195191 0.999629 0.108425
1690902558355521536 178 -0.122091 0.992284 0.0215875 -3.37852 -0.992338 -0.122455 0.0164164 5.76697 0.0189332 -0.0194178 0.999632 0.109187
1690902558405370624 179 -0.123656 0.992094 0.021395 -3.37752 -0.992157 -0.124003 0.0157133 5.7684 0.0182421 -0.0192841 0.999648 0.1082
1690902558455368704 181 -0.123809 0.992075 0.0214317 -3.37821 -0.992124 -0.124171 0.0164574 5.76784 0.0189882 -0.0192253 0.999635 0.109631
1690902558555296768 183 -0.123302 0.992109 0.0227458 -3.37775 -0.992177 -0.123696 0.0168328 5.744 0.0195136 -0.0204924 0.9996 0.108725
1690902558655115520 184 -0.122757 0.992128 0.0247471 -3.3768 -0.99223 -0.123202 0.0173527 5.70847 0.020265 -0.0224246 0.999543 0.108038
1690902558705547008 185 -0.122167 0.992183 0.0254698 -3.37681 -0.992303 -0.122625 0.0172736 5.6819 0.0202618 -0.0231635 0.999526 0.106331
1690902558755308544 186 -0.119943 0.992451 0.0255878 -3.3799 -0.992561 -0.120419 0.0179447 5.65561 0.0208905 -0.0232451 0.999512 0.1075
1690902558805404672 187 -0.11884 0.992542 0.027166 -3.38029 -0.992693 -0.119346 0.0178226 5.63951 0.0209319 -0.0248494 0.999472 0.107628
1690902558855104512 188 -0.120552 0.992354 0.0264638 -3.38021 -0.992501 -0.121027 0.0171645 5.60461 0.0202361 -0.0241961 0.999502 0.106318
1690902558905374208 189 -0.121483 0.992252 0.0260429 -3.38282 -0.99239 -0.121947 0.0170487 5.567 0.0200925 -0.0237736 0.999515 0.106729
1690902558955332352 190 -0.122154 0.992192 0.0251605 -3.38569 -0.992282 -0.122631 0.0183791 5.53905 0.0213211 -0.0227212 0.999514 0.108289
1690902559005308672 191 -0.125776 0.99176 0.0243378 -3.38694 -0.991842 -0.126223 0.0177941 5.51777 0.0207195 -0.0219012 0.999545 0.111539
1690902559055258880 192 -0.129954 0.991249 0.0231999 -3.38714 -0.991308 -0.130375 0.017647 5.5059 0.0205173 -0.0207049 0.999575 0.109196
1690902559105456896 194 -0.133761 0.990787 0.0211979 -3.38837 -0.99074 -0.134196 0.0206288 5.48942 0.0232834 -0.0182423 0.999562 0.111172
1690902559205585152 197 -0.143706 0.989472 0.0171333 -3.39338 -0.989374 -0.144035 0.0198416 5.43109 0.0221005 -0.0140998 0.999656 0.110486
1690902559355205120 203 -0.153863 0.987951 0.0166911 -3.39658 -0.987879 -0.154159 0.0181809 5.32744 0.0205349 -0.0136914 0.999695 0.111535
1690902559655188480 208 -0.180515 0.983432 0.0166035 -3.39979 -0.983506 -0.180673 0.00853921 5.09899 0.0113975 -0.0147881 0.999826 0.115964
1690902559905221376 212 -0.219707 0.975408 0.0175359 -3.39473 -0.975479 -0.219892 0.00939495 4.88602 0.0130199 -0.0150417 0.999802 0.116823
1690902560105249536 214 -0.267693 0.963434 0.0116578 -3.40339 -0.963482 -0.267749 0.00354257 4.72324 0.00653441 -0.0102838 0.999926 0.11521
1690902560205158144 216 -0.289338 0.957101 0.0155581 -3.40289 -0.957205 -0.289404 0.00212999 4.61281 0.00654119 -0.014276 0.999877 0.111955
1690902560305103872 217 -0.324168 0.945829 0.0179566 -3.40324 -0.945928 -0.324318 0.00610115 4.49616 0.0115943 -0.0150078 0.99982 0.11168
1690902560355092224 219 -0.340348 0.940119 0.0184497 -3.41176 -0.94027 -0.340427 0.00126801 4.43313 0.00747286 -0.0169161 0.999829 0.106145
1690902560454924032 223 -0.366975 0.929968 0.0221155 -3.42151 -0.930155 -0.367144 0.00400234 4.32057 0.0118416 -0.0191021 0.999747 0.114059
1690902560655080192 224 -0.423898 0.905426 0.0226781 -3.45809 -0.905684 -0.423942 -0.00303753 4.10686 0.00686394 -0.0218268 0.999738 0.103605
1690902560705153024 227 -0.436326 0.899394 0.0266443 -3.46678 -0.899674 -0.436552 0.00306968 4.05921 0.0143925 -0.0226318 0.99964 0.106416
1690902560855104000 230 -0.470958 0.88173 0.0274056 -3.50574 -0.882055 -0.471146 0.000422883 3.89921 0.0132849 -0.0239741 0.999624 0.106371
1690902561005079552 235 -0.506911 0.861866 0.0151514 -3.56816 -0.861927 -0.507017 0.00399413 3.7485 0.0111244 -0.0110347 0.999877 0.103114
1690902561255021312 238 -0.549843 0.83511 0.0162367 -3.63891 -0.835155 -0.549985 0.00576741 3.54304 0.0137464 -0.010389 0.999852 0.101988
1690902561405378048 243 -0.583207 0.812176 0.0155156 -3.68264 -0.812179 -0.583357 0.00775294 3.4175 0.0153479 -0.00807986 0.99985 0.106283
1690902561655350272 247 -0.627797 0.778297 0.0111683 -3.77174 -0.778309 -0.627867 0.00429767 3.23379 0.0103571 -0.00599435 0.999928 0.104858
1690902561855149824 251 -0.657787 0.752907 0.0211279 -3.84588 -0.753098 -0.657906 -0.00170371 3.08843 0.0126174 -0.017032 0.999775 0.0993873
1690902562055155712 273 -0.673013 0.73923 0.0243315 -3.91545 -0.739434 -0.673228 0.000894608 2.99264 0.017042 -0.0173895 0.999704 0.0963272
1690902563155277056 274 -0.700939 0.712798 0.0245819 -3.74051 -0.713039 -0.701123 -0.00152832 3.16173 0.0161456 -0.0185991 0.999697 0.100092
1690902563205217024 278 -0.705552 0.708315 0.0220625 -3.71986 -0.708507 -0.705702 -0.00132563 3.18307 0.0146306 -0.0165667 0.999756 0.0985308
1690902563405184256 280 -0.722357 0.691299 0.0174896 -3.59757 -0.691236 -0.722554 0.0104075 3.28973 0.0198319 -0.00457153 0.999793 0.0983508
1690902563505129984 284 -0.734273 0.678711 0.0139396 -3.52582 -0.678676 -0.734396 0.00783217 3.33701 0.015553 -0.0037095 0.999872 0.101438
1690902563705242112 287 -0.766576 0.641878 0.018798 -3.35689 -0.641895 -0.76677 0.00591743 3.45163 0.018212 -0.00753018 0.999806 0.103866
1690902563855328512 291 -0.78711 0.616537 0.0184613 -3.21682 -0.616631 -0.787252 0.000753921 3.52931 0.0149985 -0.0107904 0.999829 0.102392
1690902564055895808 295 -0.81649 0.57658 0.0299943 -2.9521 -0.576877 -0.816829 -0.00157437 3.67829 0.0235925 -0.0185885 0.999549 0.0945335
1690902564256212224 300 -0.842906 0.536956 0.0344778 -2.71175 -0.537316 -0.84338 -0.00144023 3.79995 0.0283046 -0.0197395 0.999404 0.0914145
1690902564506565632 306 -0.871055 0.489859 0.0360833 -2.48439 -0.490425 -0.871443 -0.00838594 3.89722 0.0273366 -0.0250007 0.999314 0.08644
1690902564807043072 309 -0.899642 0.435199 0.0353076 -2.22034 -0.435481 -0.900198 -0.000338214 4.00902 0.0316367 -0.0156801 0.999376 0.08321
1690902564957450752 314 -0.915359 0.401625 0.0285426 -2.08339 -0.401765 -0.915742 0.000903615 4.05095 0.0265006 -0.0106403 0.999592 0.0854206
1690902565207571200 319 -0.936071 0.350796 0.0266973 -1.80782 -0.351035 -0.936351 -0.00469966 4.1229 0.0233494 -0.0137709 0.999633 0.084896
1690902565457824512 322 -0.952848 0.30186 0.0310031 -1.61014 -0.302003 -0.953307 7.24606e-05 4.17373 0.0295774 -0.00929399 0.999519 0.0795693
1690902565608264448 325 -0.960901 0.274035 0.0396746 -1.49427 -0.274496 -0.961566 -0.00656343 4.19736 0.0363511 -0.0171973 0.999191 0.0749551
1690902565758459904 331 -0.964825 0.25943 0.0425312 -1.38716 -0.260214 -0.96545 -0.0139647 4.21549 0.0374388 -0.0245407 0.998998 0.0720788
1690902566058734848 338 -0.967232 0.250776 0.0396657 -1.20588 -0.251327 -0.967856 -0.00948747 4.27282 0.0360115 -0.0191456 0.999168 0.070632
1690902566408901376 343 -0.964927 0.260502 0.0324849 -0.995078 -0.260809 -0.965375 -0.00552989 4.33984 0.0299195 -0.0138083 0.999457 0.06651
1690902566659035904 350 -0.963696 0.266281 0.019595 -0.82696 -0.26631 -0.963887 0.00117738 4.40282 0.0192009 -0.00408371 0.999807 0.0652884
1690902567009111808 358 -0.961226 0.274365 0.0277292 -0.508534 -0.274455 -0.9616 0.000567003 4.49492 0.0268199 -0.0070654 0.999615 0.0549438
1690902567409154048 368 -0.962001 0.270913 0.0340476 -0.160965 -0.271233 -0.9625 -0.00506893 4.60139 0.0313976 -0.0141112 0.999407 0.0587638
1690902567909881856 388 -0.961604 0.272415 0.0332803 0.120515 -0.272534 -0.962146 0.000987209 4.69514 0.0322894 -0.00812072 0.999446 0.0486643
1690902568909943296 394 -0.974101 0.224201 0.0293397 0.0183642 -0.224481 -0.974456 -0.00659381 4.63352 0.0271119 -0.0130092 0.999548 0.0518441
1690902569210262528 396 -0.985224 0.168445 0.0309743 -0.0573337 -0.168772 -0.985621 -0.00822736 4.59211 0.029143 -0.0133334 0.999486 0.0524888
1690902569310100992 401 -0.98913 0.143704 0.0311591 -0.0888953 -0.1441 -0.989504 -0.0108594 4.57378 0.0292715 -0.0152314 0.999455 0.0526812
1690902569559585536 404 -0.99538 0.0893135 0.0352348 -0.211716 -0.0899594 -0.995797 -0.0171875 4.52276 0.0335516 -0.0202778 0.999231 0.0513737
1690902569709626112 409 -0.998069 0.0525548 0.0331206 -0.29446 -0.0528971 -0.998554 -0.0095463 4.50167 0.032571 -0.0112798 0.999406 0.0552471
1690902569959007232 412 -0.999659 -0.00934554 0.0243987 -0.443514 0.00919814 -0.999939 -0.00614649 4.45881 0.0244547 -0.00591997 0.999683 0.0585664
1690902570108617216 416 -0.997585 -0.0640231 0.0269443 -0.530859 0.0638644 -0.997936 -0.00671365 4.4353 0.0273185 -0.00497665 0.999614 0.0619494
1690902570308706304 419 -0.991381 -0.129347 0.0208096 -0.660358 0.12918 -0.991578 -0.0092219 4.41142 0.0218272 -0.00645425 0.999741 0.0622031
1690902570458727168 422 -0.982563 -0.184231 0.0250612 -0.767025 0.183846 -0.98281 -0.0169188 4.39524 0.0277474 -0.0120164 0.999543 0.0567009
1690902570608435200 424 -0.970276 -0.240077 0.0304685 -0.883161 0.239703 -0.970723 -0.0154365 4.39211 0.0332824 -0.00767422 0.999417 0.0630612
1690902570708471040 427 -0.959666 -0.279441 0.0308761 -0.955434 0.279222 -0.96016 -0.0112824 4.39605 0.0327988 -0.00220609 0.99946 0.0601415
1690902570858398976 428 -0.943656 -0.328911 0.0364881 -1.09816 0.328346 -0.944331 -0.0206852 4.39781 0.0412604 -0.00753897 0.99912 0.0729331
1690902570908334336 432 -0.938208 -0.344786 0.0298097 -1.13958 0.344266 -0.938632 -0.0212532 4.40282 0.0353082 -0.00967748 0.99933 0.071539
1690902571108298752 435 -0.914859 -0.402486 0.032212 -1.27529 0.402548 -0.915386 -0.00483053 4.43171 0.0314307 0.00854764 0.999469 0.0733383
1690902571258327552 437 -0.893677 -0.447572 0.0319638 -1.38302 0.447534 -0.894224 -0.00870567 4.44411 0.0324792 0.00652486 0.999451 0.0755231
1690902571357799936 438 -0.874423 -0.483865 0.035475 -1.45424 0.483949 -0.87507 -0.00675213 4.46218 0.0343102 0.0112638 0.999348 0.0828189
1690902571407690496 440 -0.866737 -0.497709 0.0324532 -1.49452 0.497826 -0.867263 -0.00493949 4.47521 0.0306039 0.0118748 0.999461 0.0802229
1690902571507418368 441 -0.847485 -0.529655 0.0351337 -1.5691 0.529696 -0.848141 -0.00891103 4.49021 0.0345181 0.0110582 0.999343 0.082953
1690902571557682688 442 -0.834696 -0.549786 0.0319219 -1.6045 0.549767 -0.835257 -0.010163 4.50006 0.0322505 0.00906658 0.999439 0.0787842
1690902571607220992 444 -0.82339 -0.566638 0.0308359 -1.63229 0.566582 -0.823927 -0.0113426 4.51096 0.0318337 0.00813167 0.99946 0.0815299
1690902571706914048 448 -0.805886 -0.591635 0.0227023 -1.69716 0.591442 -0.806205 -0.0151337 4.5347 0.0272563 0.00123105 0.999628 0.0817088
1690902571906587904 451 -0.769904 -0.637896 0.01833 -1.84087 0.63764 -0.770119 -0.0182225 4.59301 0.0257403 -0.00234169 0.999666 0.0783719
1690902572056368384 457 -0.747776 -0.663626 0.020765 -1.90049 0.663318 -0.748063 -0.020297 4.62366 0.0290032 -0.00140379 0.999578 0.0798408
1690902572355886592 500 -0.713033 -0.700693 0.0247801 -1.9967 0.7006 -0.713423 -0.0137043 4.68914 0.0272812 0.00758932 0.999599 0.0837529
1690902574505974784 503 -0.703297 -0.710277 0.029677 -1.75821 0.709871 -0.703911 -0.0243366 4.45776 0.0381757 0.00395098 0.999263 0.0805177
1690902574656198400 509 -0.694053 -0.719245 0.0312559 -1.70134 0.718765 -0.694745 -0.0265776 4.38844 0.0408307 0.00401941 0.999158 0.075297
1690902574956066816 514 -0.649027 -0.760074 0.0324105 -1.58935 0.759988 -0.649701 -0.0175338 4.23774 0.0343841 0.0132516 0.999321 0.0810682
1690902575206219776 515 -0.603964 -0.796376 0.0318325 -1.51257 0.796768 -0.604285 -0.000598677 4.11998 0.0197127 0.0250015 0.999493 0.0731583
1690902575256118784 516 -0.589963 -0.806492 0.0389118 -1.49319 0.806893 -0.590643 -0.00801783 4.08343 0.0294493 0.0266674 0.99921 0.0620499
1690902575306195456 517 -0.574667 -0.817253 0.0430659 -1.47281 0.817334 -0.575802 -0.0204508 4.04622 0.0415109 0.0234468 0.998863 0.071783
1690902575356143104 520 -0.56137 -0.826646 0.0389821 -1.45506 0.826815 -0.562244 -0.016088 4.02178 0.0352165 0.0231996 0.99911 0.0858411
1690902575506126592 522 -0.525721 -0.8503 0.0246538 -1.40758 0.85027 -0.526135 -0.0149092 3.9181 0.0256485 0.0131243 0.999585 0.0739346
1690902575606179072 524 -0.493698 -0.86938 0.0209948 -1.38058 0.869307 -0.49403 -0.0154837 3.84601 0.0238333 0.0106067 0.99966 0.0655618
1690902575706141440 527 -0.468172 -0.883296 0.0245454 -1.34738 0.883103 -0.468674 -0.0217503 3.78029 0.0307158 0.0114932 0.999462 0.0640648
1690902575856331264 529 -0.439934 -0.897761 0.0219711 -1.30908 0.897397 -0.440411 -0.0267902 3.67296 0.0337276 0.0079309 0.9994 0.0597845
1690902575956287744 531 -0.415044 -0.909607 0.0187947 -1.28816 0.909352 -0.415399 -0.0228486 3.6093 0.0285906 0.00760784 0.999562 0.066662
1690902576056693760 533 -0.387993 -0.92145 0.0197682 -1.26721 0.921226 -0.38838 -0.0224388 3.54571 0.0283538 0.0095049 0.999553 0.069732
1690902576157030656 536 -0.366446 -0.930239 0.0193059 -1.25195 0.930072 -0.366805 -0.0204736 3.4893 0.0261269 0.0104535 0.999604 0.0620952
1690902576307469312 539 -0.334607 -0.941952 0.0276429 -1.22765 0.941931 -0.335194 -0.020255 3.40066 0.028345 0.0192603 0.999413 0.0619486
1690902576457785344 542 -0.299648 -0.953383 0.0356648 -1.20611 0.95385 -0.300141 -0.00925356 3.31159 0.0195267 0.0312461 0.999321 0.060174
1690902576608656128 543 -0.267059 -0.963216 0.0299083 -1.19213 0.963476 -0.267512 -0.0122714 3.21472 0.0198209 0.0255387 0.999477 0.0602944
1690902576659177216 545 -0.251582 -0.967554 0.0233531 -1.1924 0.967691 -0.251888 -0.0111996 3.17593 0.0167186 0.0197809 0.999665 0.0620349
1690902576759589376 546 -0.217524 -0.975825 0.0211676 -1.18485 0.975942 -0.217778 -0.0105102 3.1013 0.014866 0.0183721 0.999721 0.0648754
1690902576809957376 547 -0.202717 -0.978885 0.0262679 -1.17554 0.97909 -0.203079 -0.0118778 3.06786 0.0169614 0.0233109 0.999584 0.0597552
1690902576860161536 548 -0.193796 -0.980603 0.0293321 -1.16958 0.980806 -0.194318 -0.016122 3.03082 0.0215091 0.0256448 0.99944 0.0637508
1690902576910542080 549 -0.184145 -0.982521 0.0272628 -1.16937 0.982705 -0.184589 -0.0147442 2.993 0.0195189 0.0240762 0.99952 0.0580861
1690902576960610816 551 -0.171803 -0.984877 0.0223929 -1.17032 0.984825 -0.172273 -0.0210387 2.95378 0.0245782 0.0184385 0.999528 0.0593273
1690902577061031424 553 -0.141817 -0.989719 0.0185631 -1.17065 0.989456 -0.142287 -0.0270441 2.8785 0.0294073 0.0145321 0.999462 0.057867
1690902577161569280 557 -0.115334 -0.99321 0.0152254 -1.16712 0.992812 -0.115754 -0.030423 2.81041 0.0319788 0.0116072 0.999421 0.0580739
1690902577363081216 559 -0.0695842 -0.997506 0.011864 -1.17224 0.997253 -0.0698593 -0.0246159 2.68791 0.0253833 0.0101185 0.999627 0.0593175
1690902577463244800 564 -0.0468314 -0.998832 0.0119238 -1.17451 0.998657 -0.0470814 -0.0216287 2.63156 0.0221649 0.0108949 0.999695 0.0540134
1690902577714295296 565 -0.00191491 -0.9999 0.0139994 -1.18597 0.999703 -0.00225414 -0.0242562 2.50735 0.0242853 0.0139488 0.999608 0.0578757
1690902577764462848 567 0.00806294 -0.999861 0.0145893 -1.18924 0.999794 0.00778864 -0.018762 2.48631 0.0186457 0.0147376 0.999718 0.0549138
1690902577864526592 569 0.028611 -0.999386 0.020203 -1.19165 0.999424 0.0282311 -0.0188442 2.4442 0.0182623 0.0207305 0.999618 0.0543107
1690902577964675840 575 0.0418948 -0.998929 0.0196373 -1.19767 0.998999 0.0415726 -0.0165398 2.40765 0.0157057 0.0203106 0.99967 0.0565534
1690902578264501248 576 0.0883105 -0.995835 0.0226774 -1.21793 0.996077 0.0881556 -0.00774605 2.29396 0.00571465 0.0232724 0.999713 0.0579182
1690902578314880256 580 0.0950699 -0.995187 0.0237517 -1.22149 0.995439 0.0948499 -0.0102239 2.27161 0.00792189 0.0246154 0.999666 0.0577563
1690902578514286336 583 0.124087 -0.992129 0.0168096 -1.245 0.992195 0.12385 -0.0144746 2.18363 0.0122788 0.0184745 0.999754 0.056644
1690902578663974400 598 0.136034 -0.990536 0.0182485 -1.25227 0.99061 0.135744 -0.0162821 2.14337 0.0136508 0.0202921 0.999701 0.0576588
1690902579414115072 604 0.101011 -0.994647 0.0217867 -1.21878 0.994864 0.100842 -0.00872779 2.32478 0.00648405 0.0225565 0.999725 0.058528
1690902579714088704 610 0.104589 -0.994335 0.0189746 -1.208 0.994467 0.104377 -0.0118401 2.48788 0.00979249 0.020108 0.99975 0.0543761
1690902580013766144 611 0.132863 -0.991072 0.0110959 -1.21241 0.990967 0.132627 -0.0198634 2.64924 0.0182145 0.0136348 0.999741 0.0570055
1690902580063514368 614 0.144537 -0.989423 0.0122803 -1.21246 0.989366 0.144303 -0.0181885 2.67365 0.016224 0.0147786 0.999759 0.0547449
1690902580212595712 616 0.171662 -0.985096 0.0108285 -1.21139 0.98501 0.171437 -0.0190985 2.7514 0.0169575 0.0139447 0.999759 0.054909
1690902580311959040 622 0.18745 -0.982229 0.00944031 -1.20893 0.982135 0.187252 -0.0186626 2.80395 0.0165633 0.01277 0.999781 0.0548671
1690902580609811200 625 0.230124 -0.972926 0.0214116 -1.19605 0.973036 0.229686 -0.0210909 2.95039 0.0156019 0.0256878 0.999548 0.0595337
1690902580759006464 629 0.253928 -0.967013 0.0201727 -1.1915 0.967177 0.253655 -0.0151213 3.02743 0.00950557 0.0233503 0.999682 0.0576142
1690902580957772288 633 0.301555 -0.953111 0.025369 -1.18005 0.95344 0.301329 -0.0123804 3.13358 0.00415549 0.0279212 0.999601 0.0603507
1690902581156656640 637 0.348522 -0.937141 0.0172719 -1.16894 0.937291 0.348375 -0.0110079 3.26591 0.00429882 0.0200253 0.99979 0.0601555
1690902581355679744 640 0.39792 -0.917358 0.0106835 -1.14612 0.917395 0.397797 -0.0119762 3.40762 0.00673663 0.0145665 0.999871 0.0586722
1690902581504830976 644 0.441023 -0.897402 0.0129921 -1.12334 0.897475 0.440868 -0.0132371 3.50252 0.00615122 0.017498 0.999828 0.0532946
1690902581703827968 646 0.487339 -0.873187 0.00671413 -1.08898 0.873171 0.487227 -0.0135023 3.63355 0.00851871 0.0124428 0.999886 0.0542488
1690902581802978048 651 0.50435 -0.863472 0.00691624 -1.06893 0.863482 0.504274 -0.010329 3.68844 0.00543116 0.0111815 0.999923 0.05835
1690902582052228864 653 0.551913 -0.833637 0.021019 -1.0244 0.833893 0.551615 -0.0185103 3.78863 0.00383645 0.0277436 0.999608 0.0577989
1690902582151610624 657 0.572483 -0.819751 0.0164614 -1.00816 0.819909 0.572279 -0.0156493 3.83928 0.00340807 0.0224558 0.999742 0.0567731
1690902582350928896 661 0.614186 -0.788972 0.017272 -0.957978 0.789152 0.613927 -0.0182339 3.95289 0.00378232 0.0248292 0.999685 0.0560748
1690902582550506240 665 0.663399 -0.748202 0.00978514 -0.904053 0.748258 0.663274 -0.0133492 4.07231 0.00349764 0.0161776 0.999863 0.0562963
1690902582750171648 668 0.707753 -0.70644 0.0053106 -0.825128 0.70646 0.707738 -0.00460691 4.21703 -0.000504012 0.00701228 0.999975 0.0478957
1690902582900171264 672 0.737546 -0.675295 -0.00156958 -0.770684 0.675263 0.73753 -0.00828262 4.30207 0.00675083 0.00504893 0.999964 0.0483306
1690902583100196608 678 0.772796 -0.634654 -0.00117945 -0.686442 0.634596 0.772748 -0.0121868 4.40929 0.00864583 0.00866947 0.999925 0.0505562
1690902583400593664 681 0.811545 -0.584114 0.014365 -0.599864 0.584278 0.811443 -0.0133924 4.50543 -0.00383366 0.0192617 0.999807 0.0505346
1690902583551148032 683 0.837528 -0.546353 0.00671784 -0.560924 0.54639 0.837412 -0.0140692 4.55835 0.00206116 0.0154539 0.999878 0.050941
1690902583651520256 687 0.851891 -0.52367 0.00716066 -0.524066 0.523714 0.851862 -0.00735548 4.59836 -0.00224805 0.0100162 0.999947 0.0512831
1690902583852238848 689 0.884799 -0.465905 0.00796225 -0.460253 0.465966 0.884752 -0.00950247 4.66204 -0.00261736 0.0121179 0.999923 0.0495875
1690902583952649472 693 0.898759 -0.438392 0.00667125 -0.415545 0.43842 0.898764 -0.00342644 4.70261 -0.00449375 0.00600436 0.999972 0.0492365
1690902584153853696 699 0.922422 -0.38618 0.00143045 -0.333592 0.386172 0.922418 0.00397635 4.77143 -0.00285506 -0.00311547 0.999991 0.0452956
1690902584455235328 716 0.941019 -0.338353 -0.000940266 -0.248787 0.338343 0.940961 0.0107796 4.8327 -0.00276255 -0.0104619 0.999941 0.0425536
1690902585306312960 728 0.938434 -0.345397 -0.00648889 -0.343853 0.345392 0.938457 -0.00195432 4.77689 0.00676456 -0.000407205 0.999977 0.0416417
1690902585906507520 736 0.935043 -0.354534 -0.000979851 -0.522377 0.354504 0.934993 -0.0107061 4.69371 0.00471183 0.00966332 0.999942 0.0508003
1690902586306302464 741 0.944645 -0.327864 0.0122665 -0.713305 0.328062 0.944413 -0.0214153 4.6257 -0.00456335 0.024254 0.999695 0.047756
1690902586556328448 745 0.959561 -0.281366 0.00865255 -0.883115 0.281461 0.959484 -0.0130409 4.5936 -0.0046327 0.0149489 0.999878 0.0537541
1690902586756868352 748 0.973895 -0.226963 0.0039254 -0.995171 0.226977 0.973894 -0.00351932 4.5827 -0.00302417 0.00431843 0.999986 0.055551
1690902586907000576 752 0.982875 -0.184208 -0.00497004 -1.09241 0.184203 0.982887 -0.00149063 4.57375 0.00515957 0.000549602 0.999987 0.0569206
1690902587107721216 754 0.992173 -0.124871 0.000923426 -1.193 0.124872 0.992172 -0.000936385 4.57219 -0.00079927 0.00104437 0.999999 0.0635862
1690902587208093952 758 0.995341 -0.0963375 -0.00389298 -1.2411 0.0963405 0.995348 0.000587349 4.57494 0.00381828 -0.000959664 0.999992 0.0644826
1690902587409572864 759 0.999179 -0.040283 0.0043878 -1.32567 0.0403095 0.999169 -0.00611191 4.5793 -0.00413794 0.00628376 0.999972 0.0662811
1690902587460083200 760 0.999635 -0.0258411 0.00783971 -1.34923 0.0259481 0.999567 -0.0138751 4.57826 -0.00747777 0.0140735 0.999873 0.0597318
1690902587510237184 762 0.999869 -0.0162004 -0.000471507 -1.37278 0.0161923 0.999774 -0.0137869 4.57841 0.000694753 0.0137774 0.999905 0.0635553
1690902587611178752 764 0.999953 0.00435411 0.00871038 -1.41759 -0.004271 0.999945 -0.00953845 4.5876 -0.00875144 0.00950079 0.999917 0.0643091
1690902587711643904 766 0.999418 0.0311864 0.0138024 -1.4639 -0.0310219 0.999447 -0.0119785 4.59739 -0.0141683 0.0115434 0.999833 0.0702122
1690902587812318208 768 0.998145 0.0595612 0.0125875 -1.52042 -0.0594154 0.998165 -0.0116543 4.60605 -0.0132585 0.0108848 0.999853 0.067182
1690902587912855808 769 0.99577 0.0908779 0.0135284 -1.57304 -0.0908314 0.995858 -0.00401029 4.62261 -0.0138368 0.00276452 0.9999 0.0740847
1690902587962876416 770 0.994218 0.106424 0.0142944 -1.60697 -0.106353 0.994312 -0.00564299 4.62779 -0.0148137 0.00409011 0.999882 0.066847
1690902588013132288 771 0.993292 0.115296 0.00886615 -1.63693 -0.115262 0.993326 -0.00421861 4.62908 -0.00929336 0.00316837 0.999952 0.0700585
1690902588063262464 773 0.992429 0.122528 0.0085165 -1.66876 -0.12248 0.992453 -0.00591389 4.63775 -0.00917684 0.00482602 0.999946 0.0674068
1690902588163538176 774 0.989072 0.147408 -0.00282532 -1.73098 -0.147403 0.989075 0.0019782 4.65779 0.00308606 -0.00154012 0.999994 0.0682599
1690902588213768192 775 0.98684 0.161618 -0.00515589 -1.76018 -0.161584 0.986838 0.00647154 4.66744 0.00613395 -0.00555326 0.999966 0.0706265
1690902588263942400 777 0.984408 0.175847 -0.00430805 -1.78894 -0.17581 0.984393 0.00785489 4.67537 0.00562207 -0.00697502 0.99996 0.0705325
1690902588364167424 779 0.980377 0.197084 -0.00440453 -1.84742 -0.197029 0.98034 0.0106596 4.69036 0.00641877 -0.0095826 0.999933 0.0699763
1690902588464264448 782 0.97637 0.216105 -0.000537143 -1.90019 -0.216071 0.976257 0.0153292 4.71056 0.00383711 -0.0148509 0.999882 0.0711525
1690902588614222336 786 0.968995 0.247067 -0.00253265 -1.9719 -0.246998 0.968886 0.0158645 4.73414 0.00637344 -0.0147471 0.999871 0.0703294
1690902588814575360 789 0.961153 0.275892 -0.00831293 -2.0563 -0.275811 0.961163 0.00966012 4.7616 0.0106552 -0.00699205 0.999919 0.0764888
1690902588964612096 795 0.955056 0.296363 -0.00602452 -2.11016 -0.296282 0.95503 0.0115662 4.7845 0.00918139 -0.00926141 0.999915 0.0762212
1690902589264569088 797 0.942471 0.334225 0.00656378 -2.21744 -0.334244 0.942484 0.00208987 4.83052 -0.00548777 -0.00416355 0.999976 0.0827092
1690902589364620800 802 0.937366 0.348321 0.00405431 -2.25563 -0.348327 0.937373 0.00060663 4.84664 -0.0035891 -0.00198086 0.999992 0.0774386
1690902589614723328 806 0.924699 0.380693 -0.00230036 -2.34002 -0.380692 0.924702 0.000943136 4.88469 0.00248619 3.61013e-06 0.999997 0.0774982
1690902589814889728 851 0.921389 0.388625 -0.00358159 -2.38292 -0.388589 0.921377 0.00794182 4.91095 0.00638639 -0.00592574 0.999962 0.0791446
