1690902622107271168 61 0.921107 -0.389306 -0.00194776 -0.970284 0.389269 0.92107 -0.00996506 -0.472139 0.00567347 0.00842069 0.999948 0.0206359
1690902622257233920 65 0.898436 -0.439041 -0.00739854 -1.08938 0.438926 0.898425 -0.0132755 -0.55405 0.0124755 0.00867976 0.999885 0.0160203
1690902622457161472 70 0.873215 -0.487332 -0.00172681 -1.2013 0.487284 0.873169 -0.0114055 -0.650675 0.00706607 0.00911804 0.999933 0.0273251
1690902622706686720 74 0.8419 -0.539564 0.00869607 -1.30763 0.539632 0.841825 -0.0112699 -0.761585 -0.00123977 0.0141808 0.999899 0.0237246
1690902622906486016 78 0.808128 -0.58872 0.0183803 -1.38963 0.58893 0.808134 -0.00903241 -0.868973 -0.0095362 0.0181241 0.99979 0.0299465
1690902623106237696 81 0.768236 -0.640077 0.0106957 -1.50769 0.640166 0.768155 -0.0111968 -1.00901 -0.00104913 0.0154488 0.99988 0.0297653
1690902623256289536 84 0.728843 -0.684621 0.0090296 -1.52521 0.684681 0.728782 -0.0094734 -1.07654 -9.49199e-05 0.013087 0.999914 0.028902
1690902623406163968 86 0.695221 -0.718773 0.00573694 -1.54733 0.718757 0.695078 -0.0160015 -1.1465 0.00751382 0.0152481 0.999856 0.024125
1690902623506221824 90 0.667215 -0.744838 0.00628757 -1.55 0.744794 0.667011 -0.01945 -1.18712 0.0102932 0.0176603 0.999791 0.0285052
1690902623706046464 94 0.623044 -0.782176 0.00399197 -1.59381 0.782107 0.6229 -0.0174158 -1.27699 0.0111356 0.013973 0.99984 0.0283473
1690902623906025472 99 0.582268 -0.812983 0.00467412 -1.61886 0.812957 0.582174 -0.0131781 -1.3511 0.00799241 0.011473 0.999902 0.032655
1690902624155959808 101 0.537075 -0.843465 0.0108526 -1.64067 0.843477 0.536843 -0.0186306 -1.43971 0.00988812 0.01916 0.999768 0.0358252
1690902624255782912 104 0.515449 -0.856769 0.0160896 -1.63836 0.856875 0.515139 -0.0199197 -1.47088 0.00877825 0.0240544 0.999672 0.0331325
1690902624405820416 105 0.477475 -0.878387 0.021307 -1.64827 0.87864 0.477242 -0.0152418 -1.53098 0.00321964 0.0259988 0.999657 0.0359522
1690902624456033536 106 0.464602 -0.885232 0.0225531 -1.64392 0.88552 0.464454 -0.0117136 -1.54336 -0.000105606 0.0254134 0.999677 0.0374144
1690902624505975808 107 0.450909 -0.892251 0.0238592 -1.64629 0.892566 0.45082 -0.00929439 -1.57049 -0.00246328 0.0254869 0.999672 0.0371325
1690902624555720960 111 0.435824 -0.899769 0.0217617 -1.65049 0.90003 0.435653 -0.0123054 -1.60142 0.00159142 0.0249492 0.999687 0.033167
1690902624755837696 113 0.374451 -0.927076 0.0177953 -1.67206 0.927233 0.374272 -0.012628 -1.73247 0.00504681 0.021229 0.999762 0.0349834
1690902624855684864 117 0.336893 -0.941487 0.0103023 -1.68181 0.9415 0.336752 -0.013278 -1.79895 0.00903176 0.0141729 0.999859 0.0351895
1690902625055685376 119 0.270698 -0.962651 0.0051601 -1.68535 0.962597 0.270611 -0.013292 -1.94939 0.0113991 0.00856522 0.999898 0.0364455
1690902625155662336 122 0.22984 -0.973173 0.0103876 -1.6836 0.973076 0.229601 -0.0201841 -2.02202 0.0172576 0.0147471 0.999742 0.0375367
1690902625305943296 126 0.178967 -0.98376 0.013662 -1.67903 0.983578 0.17857 -0.0262064 -2.12263 0.0233412 0.0181277 0.999563 0.0369069
1690902625506423296 130 0.118801 -0.992815 0.0142849 -1.6645 0.992797 0.118549 -0.0173499 -2.21484 0.0155317 0.0162432 0.999747 0.037803
1690902625706694400 134 0.0673224 -0.997363 0.0270988 -1.64069 0.997677 0.0670105 -0.0122613 -2.29466 0.0104131 0.0278613 0.999558 0.0376446
1690902625906891520 138 0.00235126 -0.999594 0.0283999 -1.61646 0.999986 0.00221855 -0.00470325 -2.3215 0.00463833 0.0284106 0.999586 0.038537
1690902626107342080 140 -0.0569685 -0.9979 0.0308344 -1.59006 0.998226 -0.0574672 -0.0155383 -2.37085 0.0172776 0.0298946 0.999404 0.0407873
1690902626207642112 143 -0.0921177 -0.99521 0.0327266 -1.56781 0.995683 -0.0924387 -0.00843289 -2.38874 0.0114177 0.0318085 0.999429 0.0333729
1690902626357992192 146 -0.150737 -0.988302 0.0231804 -1.54588 0.988348 -0.151163 -0.0178563 -2.46701 0.0211515 0.0202187 0.999572 0.0334255
1690902626508387072 149 -0.202767 -0.97906 0.0180756 -1.50985 0.978997 -0.203085 -0.017907 -2.53612 0.021203 0.014065 0.999676 0.0321799
1690902626659206656 153 -0.251532 -0.967744 0.0142288 -1.47733 0.967605 -0.251771 -0.0187322 -2.60463 0.0217104 0.00905617 0.999723 0.0378432
1690902626860036608 157 -0.303129 -0.952753 0.0193756 -1.43012 0.952758 -0.303413 -0.013871 -2.67469 0.0190945 0.0142556 0.999716 0.0340346
1690902627061227520 162 -0.356094 -0.934061 0.0269654 -1.38407 0.934026 -0.356653 -0.0198597 -2.7387 0.0281675 0.0181145 0.999439 0.0365939
1690902627312570112 171 -0.403416 -0.914501 0.0307278 -1.34115 0.914625 -0.403998 -0.0157114 -2.79393 0.026782 0.0217662 0.999404 0.0361205
1690902627763135744 179 -0.446895 -0.893968 0.0332642 -1.33274 0.894135 -0.447542 -0.015131 -2.77223 0.0284138 0.0229808 0.999332 0.0343418
1690902628163847168 185 -0.496496 -0.86752 0.0300105 -1.35574 0.867672 -0.496995 -0.0119103 -2.68689 0.0252475 0.0201259 0.999479 0.0340305
1690902628463983616 190 -0.539072 -0.841823 0.0271292 -1.38059 0.841976 -0.539447 -0.00857189 -2.61395 0.0218508 0.0182213 0.999595 0.0365015
1690902628713890048 194 -0.584832 -0.81076 0.0252898 -1.40637 0.810818 -0.585203 -0.010554 -2.54162 0.0233564 0.0143331 0.999624 0.0340408
1690902628914407936 199 -0.625614 -0.779622 0.0282217 -1.43352 0.779607 -0.626111 -0.0140812 -2.48191 0.0286479 0.0131924 0.999503 0.0333324
1690902629164783360 206 -0.671235 -0.740787 0.026061 -1.46274 0.740757 -0.671654 -0.0126754 -2.42 0.0268937 0.0107968 0.99958 0.0316815
1690902629515173632 212 -0.711235 -0.702323 0.0297922 -1.49329 0.702532 -0.711638 -0.00452281 -2.36148 0.0243777 0.0177132 0.999546 0.0331882
1690902629815092480 217 -0.744898 -0.666624 0.0271949 -1.5242 0.666835 -0.745203 -0.00170103 -2.30867 0.0213997 0.0168675 0.999629 0.0327012
1690902630065214720 221 -0.782861 -0.621267 0.034007 -1.55971 0.62157 -0.783356 -0.00208805 -2.25404 0.0279368 0.0195031 0.999419 0.0364124
1690902630265039360 224 -0.814868 -0.578614 0.0345663 -1.60433 0.579003 -0.815324 0.00154165 -2.19464 0.0272907 0.0212703 0.999401 0.0338263
1690902630415087104 228 -0.842142 -0.538149 0.0345285 -1.64288 0.538619 -0.842532 0.00536604 -2.15106 0.0262037 0.0231167 0.999389 0.0363366
1690902630615179776 231 -0.87302 -0.486875 0.0280763 -1.70144 0.487026 -0.873386 -0.00164228 -2.09873 0.025321 0.0122401 0.999604 0.0406732
1690902630764904192 234 -0.897708 -0.439638 0.0289594 -1.74622 0.439821 -0.898086 -7.48449e-05 -2.05224 0.026041 0.0126698 0.999581 0.0368547
1690902630914387456 237 -0.922199 -0.385191 0.0342953 -1.79903 0.38543 -0.922737 0.00039166 -2.00767 0.0314947 0.0135796 0.999412 0.0369874
1690902631063477760 240 -0.942109 -0.33384 0.0313396 -1.8574 0.333959 -0.942586 -0.00149117 -1.96848 0.0300381 0.00906134 0.999508 0.0358394
1690902631212430080 243 -0.957677 -0.286034 0.0322551 -1.91112 0.286061 -0.958204 -0.00387589 -1.93544 0.0320156 0.00551509 0.999472 0.0380445
1690902631361617408 246 -0.970272 -0.240202 0.0296008 -1.96696 0.240344 -0.970687 0.0012851 -1.89783 0.0284244 0.00836129 0.999561 0.0411365
1690902631510301440 249 -0.982117 -0.185497 0.032207 -2.01782 0.185518 -0.982638 -0.00235431 -1.87021 0.0320846 0.00366279 0.999478 0.0396671
1690902631659028736 253 -0.990185 -0.13607 0.0319171 -2.06593 0.136099 -0.990694 -0.0012696 -1.84844 0.0317929 0.00308677 0.99949 0.0416166
1690902631857772032 257 -0.996398 -0.0809131 0.02538 -2.13074 0.0810942 -0.996687 0.00618671 -1.82257 0.0247954 0.00822261 0.999659 0.0429563
1690902632056769792 261 -0.999456 -0.0255034 0.0208971 -2.19922 0.0255862 -0.999666 0.00370469 -1.80261 0.0207956 0.00423736 0.999775 0.0452765
1690902632256406016 264 -0.999253 0.0316024 0.0222386 -2.27289 -0.0316805 -0.999493 -0.00317197 -1.78592 0.0221271 -0.00387411 0.999748 0.0466997
1690902632405678592 267 -0.996315 0.0836117 0.0191174 -2.33108 -0.0834248 -0.99646 0.0103735 -1.7671 0.0199171 0.00874044 0.999763 0.0445908
1690902632555557632 270 -0.990384 0.136472 0.0226792 -2.40025 -0.136186 -0.990588 0.0137393 -1.75559 0.0243408 0.0105186 0.999648 0.0461776
1690902632704856832 274 -0.98208 0.186968 0.0236887 -2.46917 -0.186753 -0.982345 0.0110041 -1.75062 0.0253279 0.00638299 0.999659 0.0501674
1690902632904156928 277 -0.968007 0.249935 0.0222416 -2.55401 -0.249881 -0.968262 0.00523725 -1.74905 0.0228447 -0.000488048 0.999739 0.0494522
1690902633053624576 280 -0.95338 0.300982 0.0218414 -2.61693 -0.300846 -0.953627 0.00932219 -1.74954 0.0236344 0.0023167 0.999718 0.0465719
1690902633203114752 284 -0.93694 0.348463 0.0267765 -2.68028 -0.348235 -0.937318 0.0129198 -1.74817 0.0296002 0.00278062 0.999558 0.0483669
1690902633402178048 288 -0.912548 0.407752 0.0315177 -2.76037 -0.407739 -0.913071 0.00713177 -1.76444 0.0316859 -0.00634291 0.999478 0.0536827
1690902633601732608 291 -0.886457 0.462061 0.0263247 -2.83084 -0.462162 -0.886792 0.00246289 -1.77942 0.0244825 -0.00998301 0.99965 0.0547749
1690902633751215104 294 -0.861109 0.507682 0.0273947 -2.88513 -0.507635 -0.861524 0.0091584 -1.78773 0.0282507 -0.00602011 0.999583 0.0557962
1690902633901061120 298 -0.834994 0.54962 0.0265285 -2.94089 -0.549452 -0.83541 0.0139094 -1.80476 0.0298071 -0.00296181 0.999551 0.0548109
1690902634100662016 302 -0.803049 0.595543 0.0210105 -3.01692 -0.595306 -0.803323 0.0168237 -1.83193 0.0268975 0.00100258 0.999638 0.0567733
1690902634300649472 306 -0.772457 0.634671 0.0224233 -3.0828 -0.634578 -0.772766 0.0119504 -1.86509 0.0249125 -0.00499819 0.999677 0.0566045
1690902634500706816 314 -0.73997 0.672332 0.0203305 -3.13224 -0.672352 -0.7402 0.00688381 -1.89398 0.0196768 -0.00857541 0.99977 0.0575824
1690902634901182208 332 -0.701377 0.712327 0.0257245 -3.21084 -0.712404 -0.701728 0.00763116 -1.94782 0.0234875 -0.0129739 0.99964 0.0580696
1690902635802880768 336 -0.6774 0.735504 0.0127232 -3.20075 -0.735477 -0.677507 0.0075994 -1.91378 0.0142095 -0.00420979 0.99989 0.0594498
1690902636003002880 340 -0.648738 0.760684 0.0223469 -3.15887 -0.760557 -0.649085 0.0155144 -1.8456 0.0263066 -0.00693128 0.99963 0.0583141
1690902636203149312 344 -0.609453 0.792503 0.0224943 -3.11823 -0.792511 -0.609763 0.0106898 -1.76028 0.0221879 -0.0113121 0.99969 0.0574451
1690902636403555840 347 -0.560294 0.827683 0.0318156 -3.06752 -0.827695 -0.560936 0.016488 -1.64635 0.0314933 -0.0170955 0.999358 0.0546574
1690902636553911040 351 -0.519351 0.854015 0.0305428 -3.03439 -0.853942 -0.520003 0.0194951 -1.56635 0.0325315 -0.0159569 0.999343 0.058711
1690902636754672128 355 -0.474403 0.880006 0.0230199 -2.99958 -0.880227 -0.474551 0.00109815 -1.46837 0.0118905 -0.0197418 0.999734 0.0558879
1690902636955894784 358 -0.4263 0.904359 0.0200633 -2.97619 -0.904538 -0.426392 0.000355364 -1.37354 0.00887622 -0.0179965 0.999799 0.062114
1690902637107793664 360 -0.379795 0.92496 0.0142952 -2.96446 -0.925045 -0.379855 0.00159625 -1.29865 0.00690657 -0.0126174 0.999897 0.0607242
1690902637209035520 361 -0.347127 0.937651 0.0177313 -2.95831 -0.937807 -0.347152 -0.00173104 -1.2548 0.00453237 -0.0172294 0.999841 0.0566178
1690902637259547904 363 -0.334583 0.942261 0.0140977 -2.95737 -0.942308 -0.334692 0.00614452 -1.23041 0.0105081 -0.0112285 0.999882 0.0577567
1690902637360597248 366 -0.30301 0.952949 0.00852521 -2.95762 -0.952987 -0.302988 -0.00382491 -1.17934 -0.00106189 -0.0092834 0.999956 0.059812
1690902637511806976 369 -0.246642 0.968957 0.0170455 -2.95127 -0.969 -0.246837 0.010512 -1.09621 0.0143932 -0.0139244 0.999799 0.0564247
1690902637662817536 371 -0.197554 0.980068 0.020958 -2.95086 -0.980178 -0.197812 0.0109933 -1.01937 0.01492 -0.0183708 0.99972 0.06313
1690902637763083776 373 -0.159981 0.986857 0.0227841 -2.95402 -0.987028 -0.160238 0.00995086 -0.972455 0.013471 -0.0208966 0.999691 0.0592135
1690902637863070464 376 -0.128726 0.991496 0.0191295 -2.95805 -0.991571 -0.128974 0.0123464 -0.928028 0.0147087 -0.017379 0.999741 0.0590597
1690902638013370880 378 -0.0844294 0.996367 0.0111315 -2.97281 -0.996315 -0.0845839 0.0142299 -0.864437 0.0151197 -0.0098891 0.999837 0.0563096
1690902638113000192 380 -0.050182 0.998649 0.0134733 -2.97812 -0.998691 -0.0503085 0.00922627 -0.827331 0.00989165 -0.0129927 0.999867 0.0667443
1690902638212445952 382 -0.0230415 0.999685 0.00995652 -2.98567 -0.999705 -0.0231165 0.00748674 -0.785024 0.00771456 -0.00978108 0.999922 0.0622301
1690902638312205312 384 0.00535715 0.99997 0.00562857 -2.99949 -0.999958 0.00531499 0.00748002 -0.737579 0.00744989 -0.0056684 0.999956 0.0668889
1690902638411441920 386 0.0408151 0.999147 0.00623796 -3.01257 -0.999158 0.0407887 0.00431517 -0.691732 0.00405707 -0.00640884 0.999971 0.070338
1690902638510949120 390 0.0792667 0.996691 0.0179709 -3.02217 -0.99684 0.0793456 -0.00371794 -0.639293 -0.00513154 -0.0176194 0.999832 0.0693187
1690902638709836800 392 0.142391 0.98969 0.0154132 -3.06348 -0.989788 0.142475 -0.00448134 -0.53692 -0.00663112 -0.0146177 0.999871 0.0659547
1690902638809622784 396 0.182674 0.983076 0.0138729 -3.08357 -0.983161 0.182584 0.00756921 -0.475824 0.00490815 -0.015022 0.999875 0.0687308
1690902639008401920 400 0.240971 0.970481 0.00997696 -3.12656 -0.970412 0.240766 0.0182227 -0.382928 0.0152827 -0.0140729 0.999784 0.0733802
1690902639207660288 414 0.287815 0.957647 0.00868297 -3.16158 -0.957658 0.287725 0.0102508 -0.318005 0.00731831 -0.0112656 0.99991 0.0736914
1690902639906514432 421 0.336188 0.94177 0.00684236 -3.18759 -0.941792 0.336161 0.00478811 -0.283414 0.00220917 -0.00805379 0.999965 0.075734
1690902640256475904 426 0.38276 0.923786 0.0106786 -3.17843 -0.923824 0.38264 0.0116787 -0.350069 0.0067026 -0.0143353 0.999875 0.0735704
1690902640506450944 430 0.429841 0.902888 0.00556156 -3.16617 -0.902867 0.429759 0.0117526 -0.423292 0.00822115 -0.0100731 0.999915 0.0747712
1690902640706268928 434 0.478128 0.878265 0.00668817 -3.14897 -0.878289 0.478103 0.0049897 -0.494667 0.00118465 -0.00825987 0.999965 0.0752243
1690902640906224640 438 0.524153 0.85156 0.0104414 -3.1286 -0.851609 0.524176 0.000612913 -0.560746 -0.00495119 -0.00921325 0.999945 0.0742066
1690902641106386944 442 0.571324 0.820671 0.00938403 -3.10591 -0.820684 0.571372 -0.00343779 -0.626206 -0.00818306 -0.00573723 0.99995 0.0703606
1690902641306373376 445 0.622118 0.782907 0.00503096 -3.07563 -0.782909 0.622133 -0.00206926 -0.701301 -0.00474995 -0.00265147 0.999985 0.0708233
1690902641456363008 449 0.660425 0.750886 -0.00304556 -3.05022 -0.75089 0.66041 -0.00476241 -0.7574 -0.0015647 0.00543209 0.999984 0.0672407
1690902641656532992 452 0.704752 0.709432 0.00553501 -3.00575 -0.709413 0.704774 -0.00516702 -0.831663 -0.00756657 -0.000285145 0.999971 0.0662858
1690902641806594560 455 0.743499 0.668727 0.00361546 -2.96947 -0.668684 0.743498 -0.00855143 -0.889822 -0.00840665 0.00394038 0.999957 0.0642554
1690902641956826368 458 0.780065 0.625693 0.00264566 -2.9308 -0.625692 0.780069 -0.00144333 -0.942939 -0.00296687 -0.000529482 0.999995 0.063342
1690902642107011328 461 0.813383 0.581684 0.00718863 -2.88184 -0.581701 0.813403 0.000420292 -0.99576 -0.00560277 -0.0045235 0.999974 0.0623917
1690902642257020416 464 0.841549 0.54012 0.00813905 -2.83711 -0.540126 0.841583 -0.0017082 -1.0478 -0.00777231 -0.00295858 0.999965 0.0633008
1690902642406987008 467 0.873074 0.487523 0.00790894 -2.79101 -0.487566 0.873072 0.00488485 -1.09493 -0.00452359 -0.00812097 0.999957 0.0595186
1690902642557678848 470 0.900805 0.434223 0.000759243 -2.74359 -0.43421 0.900789 -0.0063594 -1.14111 -0.00344531 0.00539891 0.999979 0.057761
1690902642708056064 473 0.919868 0.392218 -0.00274137 -2.69909 -0.392217 0.91977 -0.0137621 -1.17967 -0.00287631 0.0137345 0.999902 0.0570791
1690902642858098176 477 0.936653 0.350237 -0.00378822 -2.65709 -0.350252 0.936523 -0.0157427 -1.20946 -0.00196592 0.0160723 0.999869 0.0576213
1690902643058583808 480 0.955404 0.295301 0.000460867 -2.59648 -0.295271 0.955328 -0.0127884 -1.24833 -0.0042167 0.012082 0.999918 0.0564312
1690902643208873728 483 0.970267 0.242016 -0.00326373 -2.54513 -0.242036 0.970113 -0.0173116 -1.27663 -0.00102349 0.0175868 0.999845 0.0557527
1690902643358887936 486 0.980792 0.195057 -0.000934479 -2.48489 -0.195051 0.980698 -0.0136921 -1.30392 -0.00175429 0.0136113 0.999906 0.0513138
1690902643508761344 489 0.990358 0.138499 -0.00314778 -2.428 -0.138512 0.990351 -0.0043332 -1.32318 0.00251726 0.00472742 0.999986 0.0511321
1690902643658762752 492 0.99608 0.0883958 0.00330432 -2.37084 -0.088379 0.996075 -0.00492254 -1.34257 -0.00372648 0.00461121 0.999982 0.0512834
1690902643809051392 495 0.999462 0.0325711 -0.00375927 -2.31414 -0.0325855 0.999462 -0.00383942 -1.36084 0.0036322 0.00395986 0.999986 0.0489523
1690902643959021312 498 0.999625 -0.0265019 -0.00688536 -2.25978 0.0264831 0.999645 -0.00280736 -1.37285 0.00695732 0.00262396 0.999972 0.0459041
1690902644109208064 501 0.996656 -0.0816161 -0.00407653 -2.20078 0.0815875 0.996643 -0.00675598 -1.38667 0.00461424 0.00640079 0.999969 0.0456736
1690902644259014656 505 0.990812 -0.13519 0.00382473 -2.14807 0.135226 0.990744 -0.0118824 -1.39567 -0.00218295 0.0122905 0.999922 0.0452224
1690902644459179008 508 0.979852 -0.199568 0.00791121 -2.07297 0.199672 0.979736 -0.0157454 -1.40316 -0.00460862 0.0170078 0.999845 0.0444934
1690902644608629248 512 0.967667 -0.252154 0.00627971 -2.01563 0.25223 0.967466 -0.0197151 -1.40417 -0.00110415 0.0206616 0.999786 0.0456317
1690902644808180224 515 0.94945 -0.313437 0.0173742 -1.92451 0.313745 0.949309 -0.0194204 -1.40234 -0.0104065 0.0238897 0.99966 0.041815
1690902644958048512 518 0.931769 -0.362812 0.0131872 -1.86819 0.362979 0.931696 -0.0137567 -1.39344 -0.00729538 0.0176047 0.999818 0.0427941
1690902645107688448 521 0.91234 -0.409232 0.012857 -1.8067 0.409379 0.912281 -0.012338 -1.38454 -0.00668007 0.0165198 0.999841 0.0391035
1690902645257346560 524 0.885642 -0.464327 0.00618265 -1.74629 0.464367 0.885524 -0.0145142 -1.37267 0.00126444 0.0157254 0.999876 0.0359654
1690902645406932736 527 0.857915 -0.513791 0.000715167 -1.68424 0.513723 0.857777 -0.0175026 -1.35668 0.00837922 0.0153831 0.999847 0.0375077
1690902645556559616 530 0.830987 -0.556256 0.00625339 -1.62266 0.55629 0.830906 -0.0116581 -1.33333 0.00128891 0.0131664 0.999912 0.0351689
1690902645706342912 533 0.79752 -0.603278 0.00421495 -1.56668 0.603282 0.797448 -0.0112801 -1.31039 0.0034438 0.0115389 0.999927 0.0343535
1690902645856106752 536 0.758298 -0.651887 0.0053158 -1.50716 0.651878 0.75816 -0.0157527 -1.28733 0.00623874 0.0154105 0.999862 0.0337265
1690902646006001920 539 0.716567 -0.697432 0.0109806 -1.44989 0.697507 0.716376 -0.0170201 -1.25936 0.00400416 0.0198551 0.999795 0.033457
1690902646156017664 542 0.678036 -0.734718 0.021364 -1.39621 0.735012 0.677931 -0.0129116 -1.22394 -0.0049969 0.0244573 0.999688 0.0337524
1690902646306082048 545 0.637981 -0.769886 0.0159622 -1.34683 0.770051 0.637866 -0.0121407 -1.19034 -0.000834825 0.0200373 0.999799 0.0323049
1690902646455890176 548 0.590183 -0.80705 0.0188249 -1.29765 0.807269 0.590011 -0.0142643 -1.15235 0.000405092 0.0236153 0.999721 0.0316623
1690902646605828864 551 0.541581 -0.840393 0.0207153 -1.24724 0.840618 0.541188 -0.021833 -1.11045 0.00713739 0.029238 0.999547 0.0306051
1690902646756023552 554 0.492259 -0.870317 0.0151544 -1.20107 0.870418 0.492021 -0.0169828 -1.06128 0.00732413 0.0215507 0.999741 0.0317347
1690902646906056448 557 0.439357 -0.898187 0.0149919 -1.15545 0.898278 0.439132 -0.0161383 -1.00847 0.00791181 0.0205574 0.999757 0.0280839
1690902647056204544 560 0.379336 -0.925173 0.0126466 -1.11253 0.925184 0.379094 -0.0179682 -0.953333 0.0118294 0.0185164 0.999759 0.0262241
1690902647206528768 563 0.323378 -0.946238 0.00773416 -1.07587 0.946192 0.323235 -0.0155084 -0.895765 0.0121747 0.0123331 0.99985 0.0279114
1690902647356565248 566 0.26932 -0.963043 0.0039658 -1.04351 0.96301 0.269268 -0.0103329 -0.836795 0.0088832 0.00660199 0.999939 0.0278756
1690902647506690560 570 0.215988 -0.976334 0.0110142 -1.01106 0.97636 0.21587 -0.0109938 -0.783292 0.00835601 0.0131283 0.999879 0.0239555
1690902647707128832 601 0.162767 -0.986619 0.00948181 -0.989064 0.986532 0.16258 -0.0179663 -0.724114 0.0161843 0.0122784 0.999794 0.027291
1690902649258076416 621 0.110981 -0.993717 0.0144907 -0.99058 0.99365 0.110678 -0.0202343 -0.994003 0.0185034 0.0166443 0.99969 0.024727
1690902650258291200 625 0.16897 -0.985573 0.00980201 -1.04111 0.985548 0.168827 -0.0139041 -1.42614 0.0120486 0.0120097 0.999855 0.0297713
1690902650457808896 629 0.227988 -0.973654 0.00448282 -1.06871 0.973579 0.227905 -0.0142369 -1.53175 0.0128402 0.00761023 0.999889 0.0252325
1690902650657231360 633 0.27736 -0.960728 0.00852578 -1.10547 0.960603 0.277138 -0.0208921 -1.64119 0.0177088 0.0139845 0.999745 0.0256633
1690902650857058816 637 0.326787 -0.945017 0.0124105 -1.14137 0.944942 0.326466 -0.0224761 -1.72954 0.0171887 0.0190721 0.99967 0.028653
1690902651056816128 642 0.374571 -0.927073 0.0152056 -1.18402 0.927151 0.374338 -0.0161697 -1.81177 0.00929849 0.0201546 0.999754 0.0316777
1690902651306391808 646 0.42999 -0.902518 0.0238588 -1.25902 0.902826 0.429947 -0.00716346 -1.94694 -0.00379287 0.0246206 0.99969 0.0269967
1690902651506341632 650 0.478436 -0.878015 0.0137103 -1.33777 0.878119 0.47842 -0.00468509 -2.074 -0.0024457 0.0142808 0.999895 0.0303185
1690902651706106112 654 0.513999 -0.857791 -0.000521988 -1.41814 0.857686 0.513945 -0.0153344 -2.21132 0.013422 0.00743416 0.999882 0.0361909
1690902651906008576 656 0.523906 -0.851775 -0.0016938 -1.49106 0.85172 0.523893 -0.0104936 -2.33019 0.00982558 0.00405504 0.999944 0.0339684
1690902652006076928 661 0.523797 -0.851842 0.00123691 -1.51473 0.851805 0.52376 -0.0101988 -2.37674 0.00803988 0.00639569 0.999947 0.0370154
1690902652255965952 668 0.512603 -0.858558 0.0108025 -1.56967 0.858609 0.512473 -0.0126982 -2.48583 0.00536616 0.0157843 0.999861 0.0371412
1690902652605721600 670 0.476679 -0.878946 0.0152149 -1.6469 0.87893 0.476212 -0.0265206 -2.66025 0.0160646 0.0260147 0.999532 0.0411071
1690902652705854464 675 0.459347 -0.887986 0.0219465 -1.66559 0.888254 0.459271 -0.00867162 -2.71237 -0.00237914 0.0234774 0.999722 0.0415192
1690902652955897600 677 0.431763 -0.901934 0.00982089 -1.72157 0.901975 0.431674 -0.00998935 -2.85718 0.00477031 0.0131712 0.999902 0.0353763
1690902653055804416 680 0.408824 -0.912613 -0.000198486 -1.74037 0.912255 0.40867 -0.0279219 -2.91287 0.025563 0.0112341 0.99961 0.0415678
1690902653205718272 698 0.388213 -0.921566 0.00254571 -1.76243 0.92133 0.388047 -0.0238918 -2.9767 0.02103 0.0116205 0.999711 0.0398839
1690902654105993216 702 0.439063 -0.898451 -0.00303113 -1.7662 0.898358 0.439062 -0.0133141 -2.91625 0.013293 0.00312271 0.999907 0.0416712
1690902654305971968 705 0.494119 -0.869394 0.000977621 -1.75549 0.869377 0.494102 -0.00681709 -2.84315 0.00544368 0.00421839 0.999976 0.0417087
1690902654455926272 708 0.541431 -0.840719 0.0065875 -1.74063 0.840743 0.541394 -0.00668466 -2.78378 0.00205349 0.00915768 0.999956 0.0404896
1690902654605798912 711 0.58535 -0.810713 0.0105222 -1.72523 0.810771 0.585358 -0.00257323 -2.71956 -0.00407309 0.0100373 0.999941 0.0430533
1690902654755707904 713 0.642425 -0.766272 0.0107754 -1.70814 0.766344 0.642309 -0.0125135 -2.65711 0.00266755 0.0162967 0.999864 0.0429574
1690902654855808768 715 0.682333 -0.730868 0.0158997 -1.69013 0.731021 0.682313 -0.00750289 -2.60749 -0.00536492 0.0167425 0.999845 0.0434313
1690902654955830784 716 0.725023 -0.688458 0.0191711 -1.66665 0.68869 0.724985 -0.010102 -2.55231 -0.00694396 0.0205271 0.999765 0.0405426
1690902655005828608 718 0.748268 -0.663321 0.0100264 -1.65479 0.663372 0.748026 -0.0198484 -2.52751 0.00566585 0.0215031 0.999753 0.0382717
1690902655105998336 720 0.7854 -0.618745 0.0173685 -1.62327 0.618851 0.785508 -0.000907695 -2.47054 -0.0130815 0.0114614 0.999849 0.0408299
1690902655205982208 722 0.819793 -0.572637 -0.00509835 -1.59085 0.572607 0.819806 -0.00633027 -2.41683 0.0078046 0.00227017 0.999967 0.0400854
1690902655306262528 724 0.848359 -0.52942 0.00123318 -1.5511 0.529412 0.848355 0.00418368 -2.36073 -0.0032611 -0.00289639 0.99999 0.0357362
1690902655406297344 727 0.877413 -0.479731 0.00214833 -1.5104 0.479734 0.877414 -0.000713979 -2.31622 -0.00154246 0.00165708 0.999997 0.0352076
1690902655556093696 730 0.908851 -0.417072 0.00632332 -1.44476 0.417096 0.908857 -0.00302762 -2.25734 -0.00448427 0.0053891 0.999975 0.0365581
1690902655706520320 732 0.935988 -0.351839 0.0116619 -1.38057 0.351896 0.936034 -0.00313538 -2.20156 -0.00981282 0.00703846 0.999927 0.0360169
1690902655806625024 734 0.954227 -0.298948 0.00904561 -1.33832 0.298953 0.954268 0.000862319 -2.15945 -0.00888973 0.00188136 0.999959 0.0359035
1690902655906660608 737 0.96975 -0.243753 0.0130237 -1.29531 0.243889 0.96975 -0.0101427 -2.12954 -0.0101575 0.0130122 0.999864 0.0323702
1690902656056931840 739 0.984886 -0.173044 0.00739028 -1.21683 0.173082 0.984895 -0.00491617 -2.07753 -0.00642794 0.006121 0.999961 0.0316014
1690902656157187840 742 0.992936 -0.118564 0.00463174 -1.15951 0.118601 0.992903 -0.00881995 -2.04575 -0.00355314 0.00930698 0.99995 0.030547
1690902656307679488 745 0.998922 -0.0463026 0.0033409 -1.08099 0.0463214 0.99891 -0.0057916 -2.01007 -0.00306909 0.00594011 0.999978 0.0269077
1690902656457965056 749 0.999837 0.0166201 0.00706085 -1.01056 -0.0166872 0.999815 0.00956047 -1.98381 -0.00690065 -0.00967674 0.999929 0.025417
