1690902445504928768 31 0.994925 -0.100586 0.00267405 -0.121485 0.10062 0.994662 -0.0228871 -0.0546214 -0.000357657 0.02304 0.999734 0.00389648
1690902445554803968 33 0.993537 -0.113451 0.00366915 -0.135603 0.113507 0.993235 -0.024492 -0.0617034 -0.000865688 0.0247501 0.999693 0.00485494
1690902445654865152 34 0.989282 -0.145684 0.00983027 -0.167126 0.145863 0.989083 -0.0209632 -0.0769703 -0.00666895 0.0221724 0.999732 0.0064825
1690902445704749312 36 0.987018 -0.160295 0.0100182 -0.186973 0.160473 0.986824 -0.0206627 -0.0850075 -0.0065741 0.0220021 0.999736 0.00470194
1690902445804676864 37 0.981725 -0.190301 -0.00123348 -0.229949 0.190206 0.981404 -0.0258367 -0.106575 0.0061273 0.02513 0.999665 0.00975212
1690902445854820352 38 0.97842 -0.206218 0.0129653 -0.249445 0.206468 0.978196 -0.022438 -0.117254 -0.00805551 0.0246307 0.999664 0.0105901
1690902445904775936 39 0.974186 -0.225053 0.0176829 -0.273136 0.225378 0.974082 -0.0192231 -0.130501 -0.0128984 0.0227122 0.999659 0.00378077
1690902445954629888 41 0.968983 -0.246963 0.00902173 -0.295763 0.247092 0.968821 -0.0182166 -0.144017 -0.00424161 0.0198807 0.999793 0.00470026
1690902446054723840 42 0.959464 -0.281798 0.00437095 -0.336919 0.281832 0.959354 -0.0145367 -0.1636 -9.68829e-05 0.0151793 0.999885 0.00551798
1690902446104657408 44 0.954862 -0.297039 0.00244788 -0.357602 0.297048 0.954808 -0.0102054 -0.174561 0.000694157 0.0104719 0.999945 0.0050172
1690902446204683008 45 0.942363 -0.334592 0.000543474 -0.395039 0.334587 0.942339 -0.00704343 -0.198117 0.00184454 0.00681931 0.999975 0.00589862
1690902446254747904 46 0.936143 -0.35162 0.000272975 -0.410964 0.351601 0.936084 -0.0110972 -0.20957 0.00364648 0.0104846 0.999938 0.00573954
1690902446304642048 48 0.931048 -0.364895 -0.00114112 -0.426713 0.364833 0.93094 -0.0157262 -0.221697 0.00680073 0.0142255 0.999876 0.00449405
1690902446404746752 49 0.920937 -0.38971 0.0007543 -0.453064 0.389681 0.920839 -0.0142723 -0.241248 0.00486749 0.0134379 0.999898 0.00792239
1690902446454823424 52 0.915193 -0.403014 -0.000786573 -0.466206 0.402969 0.915117 -0.0132659 -0.250566 0.00606613 0.0118239 0.999912 0.00592105
1690902446604743936 54 0.900809 -0.434211 0.00205803 -0.496153 0.434188 0.900687 -0.0155917 -0.275503 0.00491647 0.0149387 0.999876 0.00834136
1690902446704899072 59 0.891401 -0.453207 0.00292874 -0.513913 0.453194 0.891273 -0.0157634 -0.292673 0.00453376 0.0153788 0.999871 0.00771128
1690902446954787072 60 0.868195 -0.496168 0.00738371 -0.553782 0.496221 0.868136 -0.0101823 -0.32758 -0.00135794 0.0125042 0.999921 0.0099821
1690902447004889344 64 0.863445 -0.504373 0.00837594 -0.560535 0.504435 0.863405 -0.00878069 -0.333971 -0.00280309 0.0118068 0.999926 0.0104212
1690902447205129984 68 0.844909 -0.534747 0.0131816 -0.588053 0.534869 0.844893 -0.00844155 -0.365444 -0.00662296 0.0141828 0.999877 0.0123588
1690902447405199360 72 0.821609 -0.569727 0.0192246 -0.618233 0.569947 0.821637 -0.00854708 -0.403654 -0.0109262 0.0179794 0.999779 0.0127521
1690902447605444096 73 0.789993 -0.613058 0.00843309 -0.660202 0.613115 0.789885 -0.0131166 -0.45431 0.00138008 0.0155325 0.999878 0.0142402
1690902447655601152 76 0.781594 -0.623695 0.0107717 -0.669067 0.623788 0.781479 -0.0133903 -0.46827 -6.64168e-05 0.017185 0.999852 0.0143747
1690902447805774592 79 0.752358 -0.658614 0.0135897 -0.694619 0.658754 0.752175 -0.0166011 -0.511181 0.000711937 0.0214422 0.99977 0.0148335
1690902447956410112 82 0.71805 -0.695967 0.0058213 -0.726175 0.695961 0.717916 -0.0152922 -0.559222 0.00646367 0.015032 0.999866 0.0129338
1690902448106800128 85 0.682484 -0.730885 0.00474412 -0.753415 0.730825 0.682307 -0.0187432 -0.611618 0.0104622 0.0162591 0.999813 0.0132337
1690902448257165568 89 0.644318 -0.764757 -0.00078024 -0.777998 0.764685 0.64427 -0.0131233 -0.657237 0.0105388 0.00785895 0.999914 0.0132724
1690902448457772288 92 0.605202 -0.796069 0.00213814 -0.799362 0.796017 0.605126 -0.0133827 -0.710365 0.00935969 0.00980121 0.999908 0.0169441
1690902448608361728 96 0.574737 -0.81829 0.00892977 -0.810881 0.818316 0.574607 -0.013608 -0.749343 0.00600416 0.0151284 0.999868 0.0164655
1690902448808920832 99 0.529332 -0.848298 0.0140518 -0.824004 0.848383 0.529098 -0.0173579 -0.801984 0.00728991 0.0211095 0.999751 0.0154774
1690902448959269888 103 0.494256 -0.869221 0.0128749 -0.833773 0.869286 0.494058 -0.0157714 -0.838601 0.00734782 0.0189871 0.999793 0.0177461
1690902449160307456 107 0.448275 -0.893716 0.0179186 -0.841686 0.893889 0.448105 -0.0128056 -0.888579 0.00341519 0.0217576 0.999757 0.0181159
1690902449360781824 108 0.395554 -0.918353 0.0128429 -0.853147 0.91841 0.395384 -0.0139266 -0.951218 0.00771167 0.0173038 0.999821 0.0214609
1690902449411104768 111 0.381286 -0.924309 0.0165278 -0.853557 0.924453 0.381169 -0.00987614 -0.967739 0.00282871 0.0190449 0.999815 0.0199671
1690902449561554176 114 0.333351 -0.942747 0.0102635 -0.859682 0.942795 0.333285 -0.00760266 -1.01559 0.00374672 0.0122107 0.999918 0.0207123
1690902449711775232 116 0.2885 -0.957473 0.00352301 -0.862511 0.957457 0.288465 -0.00800395 -1.0708 0.0066473 0.00568227 0.999962 0.0190996
1690902449812389120 117 0.243714 -0.969847 0.00107849 -0.860842 0.969792 0.243688 -0.0109086 -1.11221 0.0103168 0.00370447 0.99994 0.0163293
1690902449862241280 118 0.221165 -0.975233 0.0023994 -0.860924 0.97513 0.221104 -0.0153385 -1.13423 0.0144281 0.00573206 0.999879 0.0197351
1690902449912193024 120 0.203148 -0.979135 0.00512187 -0.859806 0.97906 0.203057 -0.0144877 -1.15391 0.0131454 0.00795777 0.999882 0.0195412
1690902450012292608 122 0.16601 -0.986107 0.0057849 -0.85363 0.986033 0.165912 -0.0145794 -1.19357 0.0134171 0.00812442 0.999877 0.0191513
1690902450112460800 123 0.12214 -0.992506 0.00371489 -0.84976 0.992388 0.122064 -0.0163136 -1.22977 0.0157379 0.00567915 0.99986 0.0240523
1690902450162401280 124 0.102145 -0.994757 0.00501708 -0.84716 0.994681 0.102068 -0.0138179 -1.24552 0.0132334 0.00640183 0.999892 0.0155027
1690902450212444160 126 0.0860275 -0.996247 0.00956112 -0.845673 0.996094 0.0858147 -0.0207983 -1.25779 0.0198997 0.011313 0.999738 0.021348
1690902450312470528 129 0.0555742 -0.998342 0.015008 -0.837783 0.998397 0.0554026 -0.011618 -1.28052 0.0107673 0.0156296 0.99982 0.0185456
1690902450462757376 132 0.000426996 -0.999868 0.0162696 -0.828091 0.999981 0.000325681 -0.00622938 -1.31447 0.00622326 0.016272 0.999848 0.0201925
1690902450612679680 135 -0.0542353 -0.998421 0.0146589 -0.815993 0.998526 -0.0542608 -0.00134505 -1.3535 0.00213833 0.0145643 0.999892 0.018444
1690902450762926336 136 -0.108474 -0.994002 0.0139327 -0.801312 0.994048 -0.1086 -0.0086134 -1.39855 0.0100748 0.0129155 0.999866 0.0207251
1690902450812556800 137 -0.129697 -0.991469 0.0129601 -0.795406 0.99152 -0.129789 -0.00651428 -1.41248 0.00814077 0.0120053 0.999895 0.0196354
1690902450862467840 138 -0.14716 -0.988974 0.016566 -0.790449 0.989059 -0.147305 -0.00792485 -1.42724 0.0102777 0.0152185 0.999831 0.0191947
1690902450912406016 140 -0.160705 -0.98689 0.0148889 -0.785927 0.986944 -0.160841 -0.00843468 -1.44275 0.0107189 0.0133391 0.999854 0.0210239
1690902451012905472 141 -0.186776 -0.982308 0.013647 -0.772116 0.982331 -0.186912 -0.00948124 -1.47382 0.0118643 0.011635 0.999862 0.02086
1690902451063015936 142 -0.202226 -0.979256 0.0127209 -0.763538 0.979252 -0.202364 -0.0106646 -1.49121 0.0130176 0.0103004 0.999862 0.0172957
1690902451112574720 143 -0.220961 -0.975196 0.0130098 -0.754991 0.975129 -0.221143 -0.014815 -1.50598 0.0173245 0.00941266 0.999806 0.0211414
1690902451162880512 145 -0.239046 -0.970973 0.0083066 -0.748372 0.970892 -0.239141 -0.01342 -1.52237 0.0150169 0.00485682 0.999875 0.0193054
1690902451262829056 147 -0.271656 -0.962394 0.00107696 -0.736833 0.962307 -0.271646 -0.0131759 -1.55283 0.012973 -0.00254295 0.999913 0.019928
1690902451362987520 148 -0.297039 -0.954854 0.00471162 -0.723429 0.954782 -0.297075 -0.0117322 -1.57832 0.0126022 0.00101366 0.99992 0.0233412
1690902451412726528 149 -0.308158 -0.951296 0.00861769 -0.714786 0.951242 -0.308242 -0.0112443 -1.59068 0.013353 0.00473248 0.9999 0.0212535
1690902451462410496 151 -0.320497 -0.947182 0.011266 -0.707162 0.947134 -0.320621 -0.0118015 -1.60261 0.0147903 0.00688804 0.999867 0.0230084
1690902451562568192 152 -0.346036 -0.938135 0.0127182 -0.693652 0.938047 -0.346201 -0.0145903 -1.62766 0.0180907 0.00688147 0.999813 0.0219614
1690902451612335104 154 -0.356196 -0.934354 0.0103838 -0.68839 0.934235 -0.356323 -0.0154784 -1.63882 0.0181623 0.00418757 0.999826 0.0232956
1690902451712224768 156 -0.370763 -0.928611 0.0146891 -0.676918 0.928517 -0.370969 -0.0154464 -1.66211 0.0197929 0.00791214 0.999773 0.0229986
1690902451812010496 158 -0.383107 -0.923538 0.0174965 -0.663623 0.92352 -0.38334 -0.0126979 -1.68022 0.0184341 0.0112937 0.999766 0.0225308
1690902451911707136 164 -0.401252 -0.915732 0.0207732 -0.652026 0.915777 -0.401528 -0.0113109 -1.6979 0.0186988 0.0144851 0.99972 0.0227055
1690902452211040256 165 -0.451085 -0.892376 0.0137017 -0.612187 0.8923 -0.45125 -0.013179 -1.75797 0.0179435 0.00628121 0.999819 0.0211156
1690902452260844032 169 -0.46131 -0.887137 0.0134618 -0.605286 0.886998 -0.461485 -0.0162898 -1.76826 0.0206637 0.00442592 0.999777 0.0225819
1690902452460545280 170 -0.500321 -0.865772 0.0108567 -0.573173 0.865714 -0.500423 -0.0107639 -1.80399 0.0147521 0.00401337 0.999883 0.0227076
1690902452510346240 173 -0.513526 -0.858035 0.00815852 -0.562714 0.85796 -0.51359 -0.0114504 -1.81503 0.014015 0.00111959 0.999901 0.0219376
1690902452660110848 174 -0.552525 -0.833355 0.0153525 -0.528121 0.833158 -0.552732 -0.0183132 -1.84581 0.0237472 0.00267255 0.999714 0.0203409
1690902452710081280 176 -0.568038 -0.822839 0.0163901 -0.517197 0.822608 -0.56827 -0.0196533 -1.85536 0.0254855 0.00231884 0.999673 0.0215367
1690902452810046208 179 -0.597215 -0.801805 0.0210639 -0.493015 0.801552 -0.597569 -0.020633 -1.87601 0.0291307 0.00456144 0.999565 0.0224505
1690902452960065536 183 -0.635489 -0.771947 0.0158727 -0.460748 0.771726 -0.635687 -0.0184631 -1.90179 0.0243426 0.000516279 0.999704 0.0230184
1690902453159815424 186 -0.675512 -0.737101 0.0191251 -0.418832 0.736968 -0.67577 -0.0146275 -1.93047 0.0237061 0.00421355 0.99971 0.0205024
1690902453309855488 189 -0.701947 -0.711945 0.0201125 -0.390209 0.711957 -0.70218 -0.00782146 -1.94625 0.019691 0.00882897 0.999767 0.0224384
1690902453459249152 192 -0.733047 -0.679981 0.0163846 -0.359328 0.680073 -0.733144 0.000113745 -1.95953 0.0119349 0.0112261 0.999866 0.023438
1690902453608998656 194 -0.769806 -0.638079 0.0159485 -0.309507 0.638207 -0.769853 0.00432774 -1.98114 0.00951652 0.0135099 0.999863 0.0231075
1690902453708824064 197 -0.793356 -0.608479 0.0184549 -0.27553 0.608658 -0.793411 0.00586715 -1.99273 0.0110723 0.0158875 0.999812 0.0223194
1690902453858298624 198 -0.831272 -0.555421 0.0222326 -0.222699 0.555571 -0.831469 0.000682398 -2.01456 0.0181067 0.012919 0.999753 0.0227777
1690902453908301312 200 -0.842537 -0.538301 0.0190625 -0.201995 0.538458 -0.842643 0.00400052 -2.01963 0.0139094 0.013635 0.99981 0.0199065
1690902454007604992 201 -0.869204 -0.493931 0.0227531 -0.164471 0.494064 -0.869426 0.000262641 -2.02768 0.0196524 0.0114698 0.999741 0.0199048
1690902454057262592 203 -0.881418 -0.471735 0.0238211 -0.146031 0.471748 -0.881717 -0.00542291 -2.03423 0.0235616 0.00645772 0.999702 0.0173206
1690902454156510464 205 -0.901208 -0.432759 0.0233411 -0.10821 0.432649 -0.901509 -0.00981652 -2.0433 0.0252904 0.00125179 0.999679 0.0198107
1690902454255980288 208 -0.919779 -0.391291 0.0299781 -0.0701766 0.391231 -0.920257 -0.00807475 -2.04837 0.0307471 0.00430138 0.999518 0.0220494
1690902454404970496 210 -0.942995 -0.331684 0.0273094 -0.0159283 0.331684 -0.943379 -0.00465945 -2.05317 0.0273086 0.00466425 0.999616 0.0197693
1690902454504524800 213 -0.956253 -0.291303 0.0268981 0.0183274 0.291281 -0.956626 -0.00481725 -2.05339 0.0271346 0.00322837 0.999627 0.0185405
1690902454653582336 216 -0.973404 -0.226772 0.0325364 0.0713651 0.226962 -0.973901 0.00219808 -2.0523 0.0311888 0.00952414 0.999468 0.0203322
1690902454802930432 218 -0.984752 -0.172247 0.0243725 0.115466 0.172529 -0.984954 0.00998374 -2.04739 0.0222861 0.0140365 0.999653 0.0212184
1690902454902912256 221 -0.992411 -0.121743 0.0173043 0.149337 0.12189 -0.992514 0.00769384 -2.04134 0.0162381 0.00974467 0.999821 0.019952
1690902455052547584 223 -0.997904 -0.0632476 0.0136678 0.206054 0.0633253 -0.997979 0.00532288 -2.03281 0.0133035 0.00617724 0.999892 0.0212341
1690902455152449024 226 -0.999743 -0.0133282 0.0183348 0.246261 0.013276 -0.999907 -0.00296552 -2.02384 0.0183727 -0.00272135 0.999828 0.0217103
1690902455301981440 229 -0.998178 0.0553296 0.0240486 0.310236 -0.0554608 -0.998449 -0.00482152 -2.00629 0.0237446 -0.00614649 0.999699 0.0209022
1690902455451623680 232 -0.992204 0.12169 0.0269021 0.363541 -0.121641 -0.992568 0.00345238 -1.98228 0.0271223 0.000153079 0.999632 0.0161906
1690902455601292288 235 -0.983013 0.181272 0.0287434 0.409473 -0.181156 -0.983432 0.00659088 -1.96245 0.029462 0.00127186 0.999565 0.0204325
1690902455751081216 238 -0.972895 0.230182 0.0221894 0.44744 -0.230012 -0.973137 0.00992898 -1.94056 0.0238788 0.00455602 0.999704 0.0198362
1690902455900613120 241 -0.958299 0.285302 0.0163021 0.485779 -0.285237 -0.958437 0.00622037 -1.91745 0.0173992 0.001311 0.999848 0.0179643
1690902456050716928 244 -0.942402 0.334269 0.0119246 0.527344 -0.334104 -0.942434 0.0139167 -1.88745 0.0158901 0.00913113 0.999832 0.0198242
1690902456200704512 247 -0.91964 0.392158 0.0217572 0.5764 -0.391883 -0.919878 0.0159001 -1.85048 0.0262493 0.00609609 0.999637 0.017706
1690902456351119104 250 -0.893768 0.448263 0.0154466 0.618659 -0.448108 -0.893891 0.0125776 -1.81444 0.0194456 0.0043197 0.999802 0.0171767
1690902456501200128 253 -0.865522 0.500059 0.0284944 0.665676 -0.50018 -0.865915 0.00321695 -1.77768 0.0262824 -0.011468 0.999589 0.0179433
1690902456651773952 256 -0.836265 0.547708 0.0260046 0.707622 -0.547946 -0.83651 -0.00246984 -1.73482 0.0204004 -0.0163146 0.999659 0.0188608
1690902456801643008 257 -0.805196 0.592575 0.022684 0.741805 -0.59279 -0.805349 -0.00364062 -1.69304 0.0161112 -0.0163782 0.999736 0.0161864
1690902456851801344 260 -0.794394 0.606959 0.0232187 0.751907 -0.606996 -0.794681 0.00620141 -1.67915 0.0222155 -0.00916732 0.999711 0.0181271
1690902457002120192 263 -0.761661 0.6476 0.0220481 0.77877 -0.647607 -0.761935 0.00780181 -1.63857 0.0218516 -0.00833613 0.999726 0.0198766
1690902457153100544 266 -0.730944 0.682247 0.0161389 0.80079 -0.682155 -0.731117 0.0114864 -1.60026 0.019636 -0.00261333 0.999804 0.0199285
1690902457303759104 268 -0.698322 0.715762 0.00560187 0.82026 -0.715699 -0.698338 0.00993262 -1.56127 0.0110214 0.00292692 0.999935 0.0209102
1690902457404634368 270 -0.672853 0.739767 0.00358713 0.83345 -0.739703 -0.672847 0.0108195 -1.53381 0.0104175 0.00462652 0.999935 0.0182417
1690902457505354752 272 -0.64862 0.761071 0.00799479 0.849035 -0.760931 -0.648659 0.0150354 -1.50292 0.0166289 0.00366877 0.999855 0.0216478
1690902457606246144 275 -0.62102 0.783753 0.00810857 0.859945 -0.78369 -0.621073 0.00992877 -1.47514 0.0128177 -0.000188646 0.999918 0.0206323
1690902457757390080 277 -0.578676 0.815419 0.0150077 0.886892 -0.815369 -0.57884 0.0108344 -1.41752 0.0175217 -0.00596721 0.999829 0.0184265
1690902457858089216 278 -0.553156 0.832888 0.017774 0.898675 -0.832842 -0.553381 0.0119969 -1.37934 0.0198278 -0.00816675 0.99977 0.016544
1690902457908330496 280 -0.536525 0.843631 0.0207072 0.903615 -0.843521 -0.536852 0.0161907 -1.36012 0.0247757 -0.00878024 0.999654 0.0180652
1690902458008742144 281 -0.500842 0.865285 0.0209567 0.915005 -0.865274 -0.501141 0.0125843 -1.33016 0.0213913 -0.0118305 0.999701 0.02133
1690902458058770688 284 -0.486564 0.87336 0.0223045 0.920139 -0.873426 -0.486856 0.00997195 -1.31782 0.0195682 -0.0146293 0.999701 0.020749
1690902458208893952 286 -0.453044 0.891266 0.0199171 0.932105 -0.8913 -0.453294 0.0104387 -1.27669 0.0183319 -0.0130229 0.999747 0.0215307
1690902458308867584 291 -0.430896 0.90222 0.0181055 0.9363 -0.90232 -0.43104 0.00477516 -1.25457 0.0121124 -0.0142793 0.999825 0.0231706
1690902458558565376 296 -0.38285 0.923721 0.0129066 0.944698 -0.923782 -0.38291 0.0025056 -1.20356 0.00725656 -0.0109637 0.999914 0.0258115
1690902458808145408 300 -0.329718 0.944046 0.00792856 0.949491 -0.944068 -0.329744 0.00220501 -1.15327 0.00469603 -0.00675807 0.999966 0.0271696
1690902459007496192 303 -0.277388 0.960745 0.00497114 0.949267 -0.960758 -0.277388 -0.000725048 -1.09913 0.00068235 -0.00497719 0.999987 0.026145
1690902459157303808 306 -0.229025 0.97342 0.000439884 0.95002 -0.97342 -0.229024 -0.00128486 -1.05201 -0.00114997 -0.000722458 0.999999 0.0273168
1690902459306972672 310 -0.179198 0.983796 0.00571738 0.94785 -0.98381 -0.179209 0.00157281 -1.00143 0.00257193 -0.00534297 0.999982 0.026596
1690902459506924544 313 -0.117793 0.992948 0.0134168 0.946475 -0.993018 -0.117867 0.00483998 -0.939366 0.00638724 -0.012753 0.999898 0.0300701
1690902459656983040 317 -0.0748297 0.99717 0.00724486 0.937506 -0.997194 -0.0748122 -0.00265731 -0.897788 -0.00210778 -0.00742338 0.99997 0.0287554
1690902459856712192 321 -0.016123 0.999859 0.00472289 0.930017 -0.999864 -0.0161393 0.00343401 -0.845814 0.00350975 -0.00466688 0.999983 0.0307101
1690902460056751872 326 0.0206889 0.999782 0.00293826 0.922731 -0.999782 0.0206805 0.0028596 -0.798738 0.00279821 -0.00299679 0.999992 0.0321634
1690902460306821120 334 0.0492239 0.998787 -0.00124206 0.914049 -0.998785 0.0492268 0.00242793 -0.745687 0.00248613 0.00112104 0.999996 0.0341876
1690902460706835200 339 0.075808 0.997104 0.00608252 0.903259 -0.997122 0.075802 0.00120539 -0.65663 0.000740836 -0.0061564 0.999981 0.0357048
1690902460956838144 344 0.0994222 0.995045 0.00125693 0.892117 -0.995032 0.0994144 0.0052596 -0.590715 0.00510858 -0.0017736 0.999985 0.0373969
1690902461206840320 351 0.117721 0.993031 0.00561001 0.880509 -0.992994 0.117654 0.0110096 -0.521934 0.0102729 -0.00686676 0.999924 0.037152
1690902461556934656 364 0.137914 0.990399 0.00950232 0.863807 -0.990441 0.137882 0.00393369 -0.440008 0.00258572 -0.009954 0.999947 0.0377764
1690902462207038464 372 0.16735 0.985895 -0.00239289 0.831904 -0.985898 0.167348 -0.000767373 -0.304008 -0.000356103 0.00248756 0.999997 0.0426858
1690902462607085312 376 0.183454 0.983028 0.00103332 0.809012 -0.983028 0.183455 -0.000929959 -0.201683 -0.00110374 -0.000845178 0.999999 0.0433598
1690902462807060992 384 0.194302 0.980939 0.00251363 0.795943 -0.980903 0.19427 0.00940447 -0.143927 0.00873689 -0.00429293 0.999953 0.0432092
1690902463207073024 388 0.212562 0.977091 0.0105037 0.770209 -0.977086 0.212415 0.013561 -0.0426005 0.0110192 -0.0131455 0.999853 0.0461941
1690902463407239168 400 0.218207 0.975812 0.0132689 0.760476 -0.975891 0.218118 0.00783814 -0.00337716 0.00475436 -0.0146593 0.999881 0.0461627
1690902464007437312 436 0.238068 0.971245 0.00245662 0.73088 -0.971248 0.238065 0.00158502 0.0890662 0.00095461 -0.00276333 0.999996 0.0467685
1690902465807297792 450 0.219453 0.975598 0.00704676 0.783513 -0.975611 0.219409 0.00650746 -0.105096 0.00480254 -0.00830298 0.999954 0.0456772
1690902466507243008 452 0.22581 0.97417 -0.00176582 0.830787 -0.974157 0.225796 -0.00590891 -0.305414 -0.00535757 0.00305447 0.999981 0.0426864
1690902466607221504 460 0.222505 0.974931 -0.000886257 0.840513 -0.974932 0.222505 -9.44211e-05 -0.33811 0.000105143 0.000885049 1 0.0426101
1690902467007182848 471 0.216499 0.976216 0.0114588 0.876637 -0.976283 0.216477 0.00316402 -0.472142 0.000608214 -0.011872 0.999929 0.0391912
1690902467557383680 486 0.229248 0.973368 0.000665549 0.913709 -0.973362 0.229249 -0.00331337 -0.638955 -0.0033777 0.000111763 0.999994 0.0364594
1690902468307360256 506 0.226358 0.973963 0.0125941 0.979306 -0.974044 0.226343 0.00256888 -0.885241 -0.000348595 -0.0128487 0.999917 0.0341022
1690902469307264000 519 0.242236 0.970217 0.000376778 1.03873 -0.970199 0.242234 -0.00598171 -1.13867 -0.00589483 0.00108344 0.999982 0.0269805
1690902469956922112 541 0.2229 0.974804 0.00850004 1.07524 -0.974841 0.222902 0.000642984 -1.24896 -0.00126789 -0.0084295 0.999964 0.0232912
1690902471056870400 543 0.274571 0.961552 -0.00542942 1.0428 -0.961566 0.27456 -0.00266844 -1.18816 -0.00107515 0.00595342 0.999982 0.0243307
1690902471156963584 547 0.294768 0.955554 -0.0053483 1.03335 -0.95554 0.29471 -0.00948557 -1.17683 -0.00748778 0.00790656 0.999941 0.026356
1690902471356944128 548 0.346427 0.938073 -0.00264128 1.00667 -0.938076 0.346422 -0.0022563 -1.13499 -0.00120158 0.00325936 0.999994 0.0237439
1690902471407063808 550 0.359175 0.93327 -0.00109152 0.99895 -0.933266 0.35917 -0.00327019 -1.12237 -0.00265993 0.00219325 0.999994 0.0307623
1690902471507076352 552 0.389558 0.920998 0.00270792 0.979241 -0.920962 0.389567 -0.00820056 -1.10007 -0.00860762 0.000700703 0.999963 0.0262421
1690902471607237632 555 0.421857 0.906651 0.00447417 0.960063 -0.906619 0.42188 -0.00771289 -1.07139 -0.00888047 -0.000802634 0.99996 0.0277008
1690902471757390336 557 0.471191 0.882001 0.00733535 0.923274 -0.882031 0.471173 0.00416204 -1.02352 0.00021471 -0.00843112 0.999964 0.0270451
1690902471857582592 560 0.505729 0.862691 0.00108353 0.898288 -0.862683 0.505718 0.00521398 -0.994844 0.0039501 -0.00357161 0.999986 0.0310717
1690902472007499264 563 0.543604 0.839339 -0.00218095 0.862631 -0.839341 0.543605 -0.000219806 -0.956748 0.00100108 0.00195005 0.999998 0.0295367
1690902472157776896 567 0.583704 0.811965 0.00171349 0.830482 -0.811964 0.583706 -0.00141659 -0.925365 -0.0021504 -0.000564419 0.999998 0.0338923
1690902472357743872 570 0.630561 0.776122 0.00527246 0.786241 -0.77609 0.630583 -0.00703042 -0.886033 -0.00878119 0.000341199 0.999961 0.0328495
1690902472507822592 571 0.66487 0.746957 -0.00193477 0.745655 -0.746843 0.664719 -0.0193143 -0.863275 -0.0131409 0.0142865 0.999812 0.0342735
1690902472557863936 573 0.679847 0.733347 -0.00321044 0.730533 -0.733251 0.679672 -0.019737 -0.853092 -0.012292 0.0157722 0.9998 0.0331087
1690902472657693952 574 0.70601 0.708035 -0.0153532 0.69818 -0.708194 0.705939 -0.010562 -0.831955 0.00336018 0.0183299 0.999826 0.0384915
1690902472707541248 575 0.719426 0.694569 0.000935911 0.685136 -0.694426 0.719304 -0.0193165 -0.824302 -0.0140898 0.0132469 0.999813 0.0367735
1690902472757425664 576 0.734063 0.679052 0.00624597 0.671812 -0.678909 0.734054 -0.0157228 -0.814541 -0.0152615 0.00730109 0.999857 0.0316195
1690902472807298816 577 0.747383 0.664387 -0.00296553 0.65628 -0.664394 0.747373 -0.00371366 -0.804024 -0.000250946 0.0047458 0.999989 0.0324872
1690902472857374208 578 0.757349 0.652959 -0.00821869 0.642549 -0.652979 0.757376 0.000251052 -0.795413 0.00638856 0.0051765 0.999966 0.0353661
1690902472907372544 579 0.766017 0.642818 -0.00156272 0.629032 -0.64282 0.766017 -0.000903934 -0.787798 0.000616007 0.00169698 0.999998 0.03717
1690902472957125632 580 0.775493 0.631345 0.00374239 0.615243 -0.631348 0.775499 -0.000401375 -0.780149 -0.00315563 -0.00205149 0.999993 0.0347826
1690902473007155200 583 0.786958 0.617 0.00277406 0.601487 -0.617001 0.786923 0.00788075 -0.772435 0.00267946 -0.00791342 0.999965 0.0359622
1690902473156934912 587 0.81474 0.579825 0.00142827 0.559694 -0.579827 0.814737 0.00202242 -0.751738 8.98366e-06 -0.00247589 0.999997 0.0373337
1690902473356603648 589 0.847196 0.53128 0.000412167 0.5053 -0.53128 0.847196 0.00116404 -0.731133 0.000269247 -0.00120515 0.999999 0.0360434
1690902473456240128 593 0.862246 0.506486 0.00188031 0.481804 -0.506488 0.862247 0.000123513 -0.72126 -0.00155874 -0.00105885 0.999998 0.0370525
1690902473655788288 595 0.887557 0.460694 -0.00174139 0.433917 -0.460697 0.887556 -0.0018733 -0.708939 0.000682558 0.00246491 0.999997 0.0382388
1690902473755756032 599 0.901536 0.43266 0.00614359 0.411582 -0.432626 0.901553 -0.00613188 -0.704228 -0.00819179 0.00287024 0.999962 0.0393766
1690902473955188736 601 0.924823 0.380388 -0.00253989 0.352156 -0.380396 0.924785 -0.00843964 -0.694331 -0.000861492 0.00877134 0.999961 0.0409462
1690902474055054592 603 0.937162 0.348895 0.000176552 0.318995 -0.34887 0.937102 -0.0113523 -0.689232 -0.00412619 0.0105773 0.999936 0.0399186
1690902474155095552 605 0.951033 0.309088 -0.00125747 0.281881 -0.30909 0.951029 -0.00273844 -0.684037 0.000349466 0.00299302 0.999995 0.0382297
1690902474255060736 606 0.962665 0.27046 -0.011274 0.24262 -0.270411 0.962728 0.00564683 -0.678183 0.012381 -0.0023874 0.999921 0.0387347
1690902474305230080 607 0.96648 0.256465 -0.0119102 0.224821 -0.256462 0.966553 0.00182771 -0.678346 0.0119805 0.00128805 0.999927 0.0415637
1690902474355112448 608 0.970244 0.24203 -0.00694576 0.208557 -0.242033 0.970268 0.000420932 -0.678545 0.00684112 0.0012727 0.999976 0.0406208
1690902474405171456 610 0.974118 0.225984 -0.0050217 0.191727 -0.225996 0.974127 -0.001821 -0.678588 0.00448025 0.00290875 0.999986 0.0408376
1690902474505182208 612 0.981675 0.19044 -0.00683997 0.15997 -0.190423 0.981698 0.00295402 -0.677181 0.00727734 -0.0015974 0.999972 0.0416973
1690902474605134336 614 0.986272 0.164966 -0.00735441 0.131853 -0.164941 0.986296 0.00385579 -0.675693 0.0078897 -0.00258981 0.999966 0.0433881
1690902474705169920 616 0.989676 0.143318 -0.000931889 0.105934 -0.143313 0.989671 0.00365563 -0.678361 0.00144618 -0.00348434 0.999993 0.0423589
1690902474805025280 618 0.993068 0.117423 0.00532437 0.0824214 -0.11744 0.993075 0.00313887 -0.67972 -0.00491892 -0.00374241 0.999981 0.0436736
1690902474904763136 621 0.995691 0.0927039 0.00210555 0.0576262 -0.092703 0.995694 -0.000544749 -0.68274 -0.00214698 0.000347211 0.999998 0.0439202
1690902475055081984 623 0.998417 0.056196 0.00214334 0.0180704 -0.0561765 0.998386 -0.0082913 -0.687859 -0.00260582 0.00815777 0.999963 0.0456933
1690902475155079168 625 0.99931 0.0368072 0.005036 -0.00852844 -0.0367515 0.999267 -0.0107347 -0.691641 -0.00542742 0.0105422 0.99993 0.0436164
1690902475254867456 627 0.999829 0.0184177 -0.00178127 -0.0373262 -0.0184345 0.999781 -0.00992326 -0.692957 0.00159811 0.00995439 0.999949 0.0425677
1690902475354785536 628 0.999983 0.00518619 0.00251535 -0.0608373 -0.00515188 0.999896 -0.0134615 -0.696244 -0.0025849 0.0134483 0.999906 0.0469769
1690902475404644352 629 0.999996 0.000726501 0.00270107 -0.0723608 -0.000689998 0.999909 -0.0134906 -0.698098 -0.00271062 0.0134887 0.999905 0.0440084
1690902475454690048 631 0.999973 -0.00603322 -0.00410325 -0.0846749 0.00598299 0.999908 -0.0121452 -0.698839 0.00417615 0.0121203 0.999918 0.046583
1690902475555090944 632 0.999881 -0.0153972 -0.0011021 -0.107941 0.0153912 0.999868 -0.00524967 -0.699063 0.00118279 0.00523208 0.999986 0.0463264
1690902475605041408 633 0.999834 -0.0181463 -0.00170045 -0.11989 0.0181405 0.99983 -0.00334881 -0.699156 0.00176092 0.00331741 0.999993 0.047266
1690902475654933504 634 0.999803 -0.0198696 -0.000267835 -0.132606 0.0198694 0.999802 -0.000713971 -0.699876 0.000281968 0.000708509 1 0.0468055
1690902475704710912 635 0.999767 -0.0215235 -0.00180605 -0.145846 0.0215216 0.999768 -0.00106444 -0.701119 0.00182854 0.00102532 0.999998 0.0459211
1690902475754830848 636 0.999712 -0.0237147 -0.0037305 -0.159322 0.0237134 0.999719 -0.000384338 -0.702021 0.00373857 0.000295764 0.999993 0.0469202
1690902475805135872 637 0.999666 -0.0255497 -0.00390555 -0.172561 0.0255412 0.999671 -0.00220727 -0.703015 0.00396066 0.00210678 0.99999 0.0463537
1690902475854852608 640 0.999589 -0.0272565 -0.00888845 -0.186067 0.0272177 0.99962 -0.00445099 -0.704351 0.00900639 0.00420724 0.999951 0.0467704
1690902476004788224 642 0.99931 -0.0356753 -0.010366 -0.220523 0.0356805 0.999363 0.000316699 -0.705839 0.0103481 -0.000686345 0.999946 0.0477523
1690902476104963584 646 0.999349 -0.0359229 -0.00320417 -0.239943 0.0359356 0.999346 0.00397198 -0.705842 0.00305939 -0.00408454 0.999987 0.0482579
1690902476304815616 647 0.999524 -0.0306715 0.0031842 -0.27696 0.0306893 0.999513 -0.00571413 -0.711034 -0.00300739 0.00580913 0.999979 0.0503487
1690902476354758656 649 0.999474 -0.0319488 0.00564603 -0.284448 0.0319784 0.999475 -0.0052394 -0.711667 -0.00547567 0.00541719 0.99997 0.0499285
1690902476454913792 650 0.999429 -0.0335238 0.00417693 -0.298925 0.0335363 0.999433 -0.00293985 -0.711998 -0.00407601 0.00307825 0.999987 0.0507183
1690902476504777472 651 0.9994 -0.0340418 0.00634176 -0.30561 0.0340577 0.999417 -0.00240867 -0.71253 -0.00625607 0.00262321 0.999977 0.0510017
1690902476554851840 652 0.999361 -0.0352311 0.0060861 -0.311616 0.0352397 0.999378 -0.001315 -0.712665 -0.00603599 0.00152863 0.999981 0.0511427
1690902476604731904 653 0.999327 -0.03619 0.00603127 -0.316459 0.0361956 0.999344 -0.000833761 -0.712571 -0.00599714 0.00105151 0.999981 0.0521099
1690902476654752000 654 0.999296 -0.036692 0.00779399 -0.320711 0.0366966 0.999326 -0.00044783 -0.71283 -0.00777231 0.000733528 0.99997 0.0515536
1690902476704463360 655 0.999294 -0.0368972 0.00701245 -0.323836 0.0368981 0.999319 -1.25046e-06 -0.71295 -0.00700763 0.000259996 0.999975 0.0519169
1690902476754532352 657 0.999292 -0.0368039 0.00777221 -0.326511 0.0368033 0.999323 0.000229206 -0.713382 -0.00777538 5.69988e-05 0.99997 0.0515453
1690902476854578176 660 0.999264 -0.0375651 0.00782477 -0.328536 0.0375658 0.999294 5.99188e-05 -0.713548 -0.0078215 0.000234069 0.999969 0.0515914
1690902477004358656 661 0.99921 -0.038985 0.00765379 -0.324182 0.0389952 0.999239 -0.00119551 -0.713622 -0.00760136 0.00149303 0.99997 0.0515537
1690902477054656512 662 0.999167 -0.0399051 0.00854797 -0.321288 0.0399248 0.9992 -0.00214741 -0.713647 -0.00845544 0.0024869 0.999961 0.0513597
1690902477104493568 663 0.999138 -0.0407436 0.00789443 -0.317844 0.0407697 0.999164 -0.00316788 -0.713594 -0.00775876 0.00348701 0.999964 0.0514952
1690902477154608384 664 0.999111 -0.0412573 0.00863401 -0.313402 0.0412933 0.999139 -0.0040295 -0.713553 -0.00846033 0.00438245 0.999955 0.0513557
1690902477204567040 665 0.999084 -0.0420882 0.007784 -0.308515 0.0421292 0.999099 -0.00518742 -0.713538 -0.00755865 0.0055106 0.999956 0.0514097
1690902477254526976 666 0.999049 -0.0428343 0.00817324 -0.302709 0.0428845 0.999062 -0.00606603 -0.713668 -0.00790574 0.00641077 0.999948 0.0511568
1690902477304488960 667 0.99901 -0.0438034 0.00777343 -0.296242 0.043863 0.999008 -0.00765909 -0.713897 -0.00743022 0.00799247 0.99994 0.0511319
1690902477354734080 668 0.999004 -0.0438812 0.00811812 -0.288759 0.0439551 0.998992 -0.00915605 -0.713795 -0.00770816 0.00950376 0.999925 0.0510565
1690902477404607488 669 0.99906 -0.0427926 0.00694599 -0.281262 0.042855 0.99904 -0.00909869 -0.713611 -0.00654996 0.00938781 0.999934 0.0506344
1690902477454539264 670 0.999114 -0.0416249 0.00623918 -0.27288 0.0416722 0.999102 -0.00766058 -0.712921 -0.00591471 0.00791379 0.999951 0.0501972
1690902477504622592 673 0.999118 -0.0419376 0.0019174 -0.264456 0.041947 0.999107 -0.00513204 -0.711744 -0.00170046 0.00520794 0.999985 0.0498807
1690902477654862848 675 0.998961 -0.0454497 -0.00344812 -0.234062 0.0454634 0.998958 0.00398312 -0.707561 0.0032635 -0.00413574 0.999986 0.0487576
1690902477754827520 682 0.998869 -0.0472529 -0.00536259 -0.212852 0.0472509 0.998883 -0.000501822 -0.707175 0.00538032 0.000247867 0.999985 0.0486326
1690902478104716288 689 0.998243 -0.0592507 0.000784096 -0.134873 0.05925 0.998243 0.000947612 -0.703319 -0.000838865 -0.000899489 0.999999 0.0487964
1690902478454742016 693 0.997264 -0.0739235 0.000581552 -0.0500547 0.0739254 0.997203 -0.0110227 -0.700245 0.000234912 0.0110355 0.999939 0.0464156
1690902478655048960 699 0.996638 -0.0815915 0.0074399 0.0109826 0.081643 0.996638 -0.0069021 -0.694643 -0.00685173 0.00748631 0.999949 0.0450341
1690902478955054848 702 0.996934 -0.0781491 0.00399822 0.106106 0.0781526 0.996941 -0.000712173 -0.685191 -0.00393033 0.00102246 0.999992 0.0446871
1690902479104974592 705 0.996826 -0.0793341 -0.0065765 0.155915 0.0793279 0.996848 -0.00119107 -0.681988 0.00665026 0.000665594 0.999978 0.0405632
1690902479255128576 711 0.995984 -0.0893454 -0.00571669 0.204464 0.0893512 0.996 0.00076202 -0.676616 0.00562574 -0.00126975 0.999983 0.0398546
1690902479555104512 718 0.994674 -0.103059 0.00156494 0.284947 0.103058 0.994675 0.000545122 -0.670737 -0.00161279 -0.000380939 0.999999 0.0416393
1690902479904879104 730 0.993502 -0.113799 0.00190919 0.366808 0.113811 0.993468 -0.00822788 -0.663956 -0.000960392 0.00839171 0.999964 0.0395588
1690902480505196288 752 0.992998 -0.117793 0.00892943 0.476707 0.117763 0.993034 0.00380075 -0.647088 -0.00931493 -0.00272258 0.999953 0.0380193
1690902481604984320 757 0.995471 -0.0950539 -0.00134759 0.308726 0.0950353 0.995421 -0.010232 -0.667988 0.002314 0.0100576 0.999947 0.0408262
1690902481854984960 763 0.996881 -0.0786491 -0.00656185 0.232911 0.0786495 0.996902 -0.000201642 -0.671408 0.00655738 -0.000315073 0.999978 0.0407628
1690902482154935808 765 0.99737 -0.072088 -0.00745537 0.14281 0.0721153 0.99739 0.0034487 -0.677135 0.0071873 -0.00397728 0.999966 0.0420922
1690902482254997248 770 0.99811 -0.0612453 0.00502573 0.116956 0.0612479 0.998123 -0.000360992 -0.681446 -0.00499419 0.000668125 0.999987 0.0442552
1690902482504788992 773 0.998318 -0.0579701 0.00123441 0.0519538 0.0579655 0.998312 0.00350821 -0.683497 -0.0014357 -0.00343075 0.999993 0.0452542
1690902482654778624 776 0.99847 -0.0552145 0.0028607 0.00937529 0.0552339 0.998447 -0.00724224 -0.688996 -0.00245639 0.00738917 0.99997 0.0463556
1690902482804877056 779 0.998783 -0.0493141 2.33287e-05 -0.035588 0.049312 0.998737 -0.00959628 -0.691366 0.000449932 0.00958575 0.999954 0.0438537
1690902482954912000 782 0.999206 -0.0397174 0.0030751 -0.081114 0.0397444 0.999167 -0.00928494 -0.69347 -0.00270376 0.00939979 0.999952 0.0473664
1690902483104665088 786 0.999398 -0.0346975 0.000452037 -0.123248 0.0346985 0.999395 -0.00229123 -0.693942 -0.000372263 0.00230554 0.999997 0.0479408
1690902483304669952 788 0.999703 -0.0236077 -0.00599377 -0.180998 0.0235983 0.99972 -0.00162621 -0.695218 0.00603048 0.00148429 0.999981 0.0465522
1690902483404792832 790 0.99966 -0.023958 -0.0102629 -0.207449 0.0239278 0.999709 -0.00305454 -0.697015 0.0103331 0.00280794 0.999943 0.0493468
1690902483504877056 793 0.999663 -0.0243566 -0.00893069 -0.229573 0.0243907 0.999696 0.00372409 -0.696023 0.00883727 -0.00394066 0.999953 0.0483044
1690902483654697984 796 0.99984 -0.0173158 -0.00455388 -0.25705 0.0173313 0.999844 0.00337377 -0.696015 0.00449475 -0.00345215 0.999984 0.0488266
1690902483804762112 798 0.99997 -0.00716904 0.00288377 -0.277182 0.00717434 0.999973 -0.00183355 -0.697898 -0.00287055 0.00185418 0.999994 0.050103
1690902483904589824 799 0.999949 -0.00854868 0.00533821 -0.286756 0.00856626 0.999958 -0.00327838 -0.698807 -0.00530995 0.00332394 0.99998 0.0505439
1690902483954792704 800 0.99994 -0.00934474 0.0057892 -0.290052 0.00936258 0.999951 -0.00306123 -0.698557 -0.00576031 0.00311524 0.999979 0.0504628
1690902484004647424 801 0.999944 -0.00907428 0.00541807 -0.292742 0.00908769 0.999956 -0.00245621 -0.698358 -0.00539555 0.00250531 0.999982 0.0505735
1690902484054630656 803 0.999951 -0.00813872 0.00556134 -0.294813 0.00814835 0.999965 -0.00171103 -0.698266 -0.00554722 0.00175627 0.999983 0.0506627
1690902484154498304 806 0.999943 -0.00883372 0.00597976 -0.296448 0.00884523 0.999959 -0.00190112 -0.69854 -0.00596272 0.00195391 0.99998 0.0508152
1690902484304668416 807 0.999931 -0.00952268 0.00695076 -0.293733 0.00954305 0.99995 -0.00290377 -0.698892 -0.00692276 0.0029699 0.999972 0.0503121
1690902484354797824 808 0.999922 -0.0106186 0.0066458 -0.292525 0.0106425 0.999937 -0.0035735 -0.699075 -0.00660744 0.00364395 0.999972 0.0505344
1690902484404680960 809 0.99991 -0.0112893 0.00730505 -0.290836 0.0113203 0.999927 -0.00421154 -0.699377 -0.00725697 0.00429386 0.999964 0.0500023
1690902484454544128 810 0.9999 -0.0122255 0.00715399 -0.288697 0.0122623 0.999912 -0.0051222 -0.69968 -0.00709074 0.00520941 0.999961 0.0501574
1690902484504724224 811 0.999886 -0.0132366 0.00728756 -0.286971 0.0132813 0.999893 -0.0061148 -0.700014 -0.00720584 0.00621089 0.999955 0.0497793
1690902484554745344 812 0.999868 -0.0145446 0.00723628 -0.284945 0.0145943 0.99987 -0.00687351 -0.700406 -0.00713536 0.00697821 0.99995 0.0499831
1690902484604627712 813 0.999845 -0.0160684 0.00724354 -0.284084 0.0161246 0.99984 -0.00777211 -0.700532 -0.00711749 0.0078877 0.999944 0.0500441
1690902484654590208 814 0.999824 -0.0175048 0.00680824 -0.281658 0.0175604 0.999812 -0.00819874 -0.700884 -0.00666345 0.00831684 0.999943 0.0499609
1690902484704712704 815 0.999805 -0.0187268 0.00620094 -0.279025 0.0187761 0.999792 -0.00799459 -0.700982 -0.00604994 0.00810947 0.999949 0.0498764
1690902484754702336 816 0.99979 -0.0197897 0.00525974 -0.276195 0.0198281 0.999776 -0.00735223 -0.700958 -0.00511306 0.00745498 0.999959 0.0499553
1690902484804711168 817 0.999768 -0.0210354 0.00463692 -0.2742 0.0210646 0.999758 -0.0063387 -0.700844 -0.00450246 0.0064349 0.999969 0.0499237
1690902484854694400 818 0.99972 -0.0234478 0.00328309 -0.270582 0.0234638 0.999713 -0.00491768 -0.700981 -0.00316684 0.00499334 0.999983 0.0499891
1690902484904743936 820 0.999638 -0.0268659 0.00175685 -0.266475 0.026871 0.999635 -0.00293782 -0.70097 -0.00167728 0.00298396 0.999994 0.0497242
1690902485004679680 824 0.999353 -0.0359515 -0.00142263 -0.257132 0.0359509 0.999353 -0.000473098 -0.701671 0.00143871 0.000421647 0.999999 0.0492752
1690902485204888576 826 0.997963 -0.0636491 -0.0043876 -0.231382 0.0636506 0.997972 0.00020487 -0.704767 0.00436566 -0.000483726 0.99999 0.0488132
1690902485304833024 831 0.996667 -0.0814579 -0.00447026 -0.21656 0.081445 0.996673 -0.00298534 -0.70688 0.00469857 0.00261131 0.999986 0.0485272
1690902485554760960 833 0.990775 -0.135511 -0.00117406 -0.181121 0.135493 0.99073 -0.00982384 -0.712511 0.00249441 0.00957414 0.999951 0.0480078
1690902485654975744 837 0.987887 -0.155172 0.000642662 -0.166377 0.155173 0.987868 -0.00621363 -0.713122 0.000329319 0.00623809 0.99998 0.0481095
1690902485854969344 838 0.978724 -0.205172 0.0020521 -0.134411 0.205182 0.978687 -0.00854075 -0.714603 -0.000256039 0.00878009 0.999961 0.0482216
1690902485904991232 840 0.976337 -0.216208 0.00458178 -0.125658 0.21625 0.976253 -0.0128848 -0.715229 -0.00168718 0.0135707 0.999906 0.0475039
1690902486005294592 843 0.971197 -0.238209 0.00566841 -0.106309 0.238274 0.971015 -0.0188339 -0.716838 -0.00101772 0.019642 0.999807 0.0465694
1690902486154968576 846 0.96062 -0.277839 0.00374197 -0.0743098 0.277863 0.960499 -0.015261 -0.714602 0.000645942 0.0156998 0.999877 0.0460646
1690902486305361664 849 0.946923 -0.321357 0.00810255 -0.0419742 0.321452 0.946767 -0.0173284 -0.712031 -0.00210262 0.0190133 0.999817 0.0463291
1690902486455461376 852 0.933927 -0.357392 0.00713419 -0.00954448 0.357439 0.93391 -0.0069941 -0.705812 -0.00416305 0.00908202 0.99995 0.0466327
1690902486605653504 855 0.915031 -0.403329 0.00668478 0.0253568 0.403376 0.914992 -0.00882002 -0.699798 -0.00255915 0.0107671 0.999939 0.0458237
1690902486755703296 857 0.892018 -0.451999 0.00127533 0.0620264 0.451965 0.891909 -0.0150164 -0.694315 0.0056499 0.0139713 0.999886 0.0414336
1690902486855804672 861 0.874904 -0.484297 -0.000568371 0.0851901 0.484259 0.874849 -0.0114987 -0.68651 0.00606601 0.009785 0.999934 0.0418437
1690902487056444672 864 0.844185 -0.536041 0.0034579 0.145729 0.536047 0.844132 -0.00973373 -0.666551 0.00229875 0.0100707 0.999947 0.0430366
1690902487207007232 867 0.815785 -0.578346 -0.0033568 0.180459 0.578318 0.815784 -0.00665918 -0.651662 0.00658973 0.00349116 0.999972 0.0415529
1690902487357278464 871 0.781748 -0.623572 0.00531367 0.213285 0.623558 0.781581 -0.0174951 -0.639683 0.00675639 0.0169901 0.999833 0.0407468
1690902487557965312 875 0.744825 -0.667077 0.0156408 0.251781 0.667255 0.74452 -0.0214858 -0.620652 0.0026878 0.0264395 0.999647 0.0411227
1690902487758460416 879 0.705043 -0.708987 0.0158692 0.2915 0.709164 0.70489 -0.0147279 -0.594604 -0.000744178 0.0216377 0.999766 0.0412064
