1548883273563596800 45 0 -1 0 0 0 0 -1 0 1 0 0 -0
1548883273563596800 47 0 -1 0 0 0 0 -1 0 1 0 0 -0
1548883273563596800 63 0 -1 0 0 0 0 -1 0 1 0 0 -0
1548883273563596800 69 0 -1 0 0 0 0 -1 0 1 0 0 -0
1548883273563596800 76 0 -1 0 0 0 0 -1 0 1 0 0 -0
1548883273563596800 80 0 -1 0 0 0 0 -1 0 1 0 0 -0
1548883273563596800 81 0 -1 0 0 0 0 -1 0 1 0 0 -0
1548883273563596800 89 0 -1 0 0 0 0 -1 0 1 0 0 -0
1548883273563596800 93 0 -1 0 0 0 0 -1 0 1 0 0 -0
1548883275063794688 97 0.000191012 -1 0.000832212 3.70759e-06 0.00129839 -0.000831963 -0.999999 0.000435462 0.999999 0.000192092 0.00129823 8.21014e-05
1548883275130469632 105 -0.000319484 -0.999998 0.00217459 0.00131649 0.00499781 -0.00217616 -0.999985 0.000529286 0.999987 -0.000308611 0.00499849 -0.0025943
1548883275663873792 107 -0.00137609 -0.999999 0.00102282 0.00231726 -0.00120374 -0.00102116 -0.999999 -0.00847327 0.999998 -0.00137731 -0.00120233 -0.0675896
1548883275863899648 115 -0.0040138 -0.999991 0.0014421 0.00370945 0.0116832 -0.00148891 -0.999931 -0.00735027 0.999924 -0.00399667 0.011689 -0.0887739
1548883276097263616 118 -0.0104849 -0.999923 -0.0065818 -0.00206432 0.019161 0.00638004 -0.999796 -0.00650773 0.999761 -0.0106089 0.0190927 -0.119755
1548883276230614784 127 -0.0184494 -0.999822 -0.00385363 0.00141117 0.0264698 0.0033645 -0.999644 -0.00665211 0.999479 -0.0185448 0.0264031 -0.131825
1548883276263952640 132 -0.0196635 -0.999796 -0.00450733 -0.000414218 0.0279711 0.00395633 -0.999601 -0.00619189 0.999415 -0.0197817 0.0278876 -0.135416
1548883276530653696 142 -0.0350037 -0.999344 -0.00923671 -0.00444327 0.0223627 0.00845684 -0.999714 -0.00755846 0.999137 -0.0352002 0.022052 -0.179633
1548883276664004608 148 -0.0527578 -0.998534 -0.0121306 -0.0100013 0.0264371 0.0107467 -0.999593 -0.00864506 0.998257 -0.053057 0.0258313 -0.197916
1548883276797355776 153 -0.0630798 -0.997981 -0.00743153 -0.007724 0.0269762 0.00573864 -0.99962 -0.0100246 0.997644 -0.0632563 0.0265598 -0.216817
1548883277064057600 157 -0.0739281 -0.997156 -0.0146403 -0.0122237 0.0242353 0.0128797 -0.999623 -0.0134509 0.996969 -0.0742551 0.0232142 -0.260439
1548883277130733824 166 -0.0747401 -0.997081 -0.0155856 -0.013094 0.0222982 0.0139544 -0.999654 -0.0133988 0.996954 -0.0750618 0.0211901 -0.27402
1548883277397434624 173 -0.0767496 -0.996893 -0.0177192 -0.0136514 0.0280587 0.0156051 -0.999484 -0.013219 0.996656 -0.0772072 0.0267738 -0.312657
1548883277497447680 178 -0.0751758 -0.997043 -0.0159044 -0.0116959 0.033619 0.0134063 -0.999345 -0.0134775 0.996603 -0.0756612 0.0325117 -0.325847
1548883277797487616 184 -0.077519 -0.996753 -0.0217746 -0.0118086 0.0302328 0.0194802 -0.999353 -0.0181061 0.996532 -0.0781272 0.0286246 -0.377603
1548883277963278592 194 -0.077953 -0.996715 -0.0219736 -0.00926304 0.0354974 0.0192518 -0.999184 -0.0199665 0.996325 -0.0786694 0.0338801 -0.401414
1548883278296655616 196 -0.0780281 -0.996878 -0.0120982 0.00427514 0.0332874 0.00952334 -0.9994 -0.022316 0.996395 -0.0783841 0.0324404 -0.45656
1548883278495689728 203 -0.0770008 -0.997005 -0.00716611 0.0109739 0.0246407 0.00528231 -0.999682 -0.0231421 0.996726 -0.0771529 0.0241601 -0.494831
1548883278662378752 211 -0.0782899 -0.996912 -0.00612811 0.0127555 0.0293139 0.00384231 -0.999563 -0.0216142 0.9965 -0.0784353 0.0289226 -0.518538
1548883278795729664 215 -0.0788405 -0.996868 -0.00626423 0.013268 0.0262841 0.00420292 -0.999646 -0.0227693 0.996541 -0.0789772 0.0258704 -0.543495
1548883279095768576 227 -0.0818001 -0.996629 -0.00625101 0.0159797 0.0278415 0.00398453 -0.999604 -0.0237702 0.99626 -0.0819418 0.0274217 -0.59302
1548883279327893760 237 -0.0848415 -0.996377 -0.0059715 0.0189612 0.0242427 0.00392714 -0.999698 -0.0259808 0.996099 -0.0849607 0.0238217 -0.634425
1548883279494582784 241 -0.0861368 -0.996277 -0.00353484 0.0248122 0.0195958 0.00185313 -0.999806 -0.0286114 0.996091 -0.0861893 0.0193633 -0.667591
1548883279694608640 250 -0.0894415 -0.99589 -0.0142729 0.0208186 0.0227348 0.0122852 -0.999666 -0.028418 0.995733 -0.0897362 0.0215425 -0.702311
1548883280027986688 255 -0.0909619 -0.995689 -0.0181716 0.0245237 0.0229051 0.0161506 -0.999607 -0.0306202 0.995591 -0.0913424 0.0213373 -0.762591
1548883280094661632 259 -0.0898141 -0.995807 -0.0174007 0.0260851 0.0211006 0.0155649 -0.999656 -0.0307107 0.995735 -0.0901504 0.0196142 -0.773601
1548883280326638592 266 -0.0940055 -0.995396 -0.0186786 0.0311696 0.0178944 0.0170693 -0.999694 -0.033705 0.995411 -0.094311 0.0162074 -0.819265
1548883280593340672 270 -0.0899192 -0.995854 -0.0137577 0.0414669 0.0135078 0.012593 -0.999829 -0.038568 0.995857 -0.0900897 0.0123195 -0.873426
1548883280726691584 276 -0.0902249 -0.995854 -0.0115877 0.0450064 0.0140803 0.0103585 -0.999847 -0.0385413 0.995822 -0.0903743 0.0130874 -0.895191
1548883281125375744 279 -0.0872979 -0.996175 -0.00382347 0.0612159 0.011506 0.00282958 -0.99993 -0.0402222 0.996116 -0.0873357 0.0112149 -0.969365
1548883281458752768 285 -0.0875132 -0.996159 -0.00296421 0.0692604 0.014147 0.00173252 -0.999898 -0.0438549 0.996063 -0.0875462 0.013941 -1.02723
1548883281590590720 291 -0.0853744 -0.996344 -0.00317524 0.0708251 0.0132753 0.00204908 -0.99991 -0.043759 0.99626 -0.0854089 0.0130518 -1.04974
1548883281890629632 297 -0.0870933 -0.996149 -0.0100692 0.0726172 0.00800477 0.00940748 -0.999924 -0.0467543 0.996168 -0.0871673 0.00715461 -1.1052
1548883282057318656 299 -0.0901438 -0.995881 -0.00977821 0.0779931 0.0138626 0.00856255 -0.999867 -0.0471283 0.995832 -0.0902674 0.0130337 -1.13384
1548883282190669824 302 -0.0910412 -0.99579 -0.0106318 0.0799647 0.018231 0.00900773 -0.999793 -0.0482468 0.99568 -0.0912162 0.0173342 -1.15263
1548883282424033792 310 -0.0935245 -0.995513 -0.0143635 0.083632 0.025546 0.0120225 -0.999601 -0.0500331 0.995289 -0.0938541 0.024307 -1.19028
1548883282557384704 314 -0.0927179 -0.995512 -0.0189742 0.0832458 0.0262284 0.0166078 -0.999518 -0.0543172 0.995347 -0.0931709 0.0245708 -1.21609
1548883282757410816 319 -0.0940134 -0.995455 -0.0152141 0.0923783 0.0274024 0.0126887 -0.999544 -0.056726 0.995194 -0.0943874 0.026085 -1.25112
1548883282857423616 323 -0.0984954 -0.994973 -0.0180672 0.0944318 0.0256746 0.0156087 -0.999548 -0.0571255 0.994806 -0.0989148 0.0240082 -1.27154
1548883283057450752 329 -0.0977832 -0.995006 -0.020014 0.0986303 0.0285561 0.0172969 -0.999443 -0.0578437 0.994798 -0.0983002 0.0267222 -1.30704
1548883283257476608 331 -0.102245 -0.994507 -0.0224227 0.102497 0.0338868 0.0190456 -0.999244 -0.0578756 0.994182 -0.102927 0.0317533 -1.344
1548883283457502720 336 -0.111037 -0.993511 -0.0246234 0.103662 0.0339918 0.0209655 -0.999202 -0.0616557 0.993235 -0.111785 0.0314433 -1.38171
1548883283524178688 340 -0.115535 -0.992952 -0.0264076 0.104412 0.0341663 0.0225973 -0.999161 -0.0615756 0.992716 -0.11634 0.0313147 -1.39516
1548883283624191744 348 -0.122658 -0.992162 -0.0238488 0.110362 0.0331218 0.0199244 -0.999253 -0.0622321 0.991896 -0.123356 0.0304183 -1.41524
1548883283890893824 351 -0.141469 -0.989739 -0.0200804 0.117166 0.0412821 0.0143685 -0.999044 -0.0660045 0.989082 -0.142162 0.0388258 -1.45744
1548883284024244736 355 -0.153181 -0.987961 -0.02165 0.12166 0.0440871 0.0150545 -0.998914 -0.0686264 0.987214 -0.153969 0.0412503 -1.48124
1548883284190932736 362 -0.160605 -0.986806 -0.020476 0.129821 0.0463389 0.0131839 -0.998839 -0.0704373 0.98593 -0.161368 0.0436101 -1.51151
1548883284324283648 365 -0.166476 -0.985858 -0.0192383 0.13641 0.0473194 0.0115006 -0.998814 -0.0721153 0.98491 -0.167188 0.0447356 -1.53485
1548883284524309760 372 -0.175081 -0.984454 -0.0140446 0.148233 0.0488535 0.00556077 -0.99879 -0.0748299 0.983341 -0.175555 0.0471204 -1.57039
1548883284590985728 374 -0.177586 -0.983976 -0.0159444 0.147536 0.0484102 0.00744767 -0.9988 -0.075756 0.982914 -0.178144 0.0463119 -1.58276
1548883284757674752 380 -0.17668 -0.98407 -0.0197646 0.149313 0.0463598 0.0117381 -0.998856 -0.0783762 0.983176 -0.177394 0.0435474 -1.61713
1548883284891024640 383 -0.179492 -0.983511 -0.0221252 0.153147 0.0472031 0.0138543 -0.998789 -0.0799002 0.982626 -0.180319 0.043938 -1.64229
1548883285157726720 389 -0.18407 -0.982515 -0.0279785 0.159129 0.0498373 0.019099 -0.998575 -0.0826199 0.981649 -0.185202 0.0454503 -1.69181
1548883285257739776 392 -0.185843 -0.982155 -0.0288872 0.162219 0.0526548 0.0194024 -0.998424 -0.0840837 0.981168 -0.187071 0.0481094 -1.70939
1548883285391090688 400 -0.188324 -0.981729 -0.0272348 0.169484 0.0501797 0.0180763 -0.998577 -0.0824207 0.980824 -0.189423 0.0458587 -1.73763
1548883285624454656 404 -0.193767 -0.980714 -0.0255779 0.177276 0.0481183 0.0165401 -0.998705 -0.0864903 0.979867 -0.194747 0.0439854 -1.78431
1548883285724468736 411 -0.194802 -0.980535 -0.0245538 0.181077 0.0476876 0.0155357 -0.998741 -0.0876546 0.979683 -0.195728 0.043733 -1.80308
1548883285957832704 416 -0.198323 -0.979587 -0.0328341 0.185841 0.0512406 0.0230914 -0.998419 -0.0899425 0.978796 -0.199692 0.045615 -1.84587
1548883286024507648 422 -0.199795 -0.979277 -0.0331497 0.188961 0.0498411 0.0236309 -0.998478 -0.0908714 0.978569 -0.201143 0.0440869 -1.8573
1548883286224533760 424 -0.205299 -0.978031 -0.0361608 0.196364 0.0454715 0.0273761 -0.99859 -0.0960017 0.977642 -0.206654 0.0388523 -1.89811
1548883286324547584 431 -0.207353 -0.97769 -0.033578 0.202914 0.0498954 0.0237097 -0.998473 -0.0972231 0.976993 -0.208712 0.0438659 -1.91306
1548883286524573696 438 -0.213519 -0.976166 -0.038845 0.204741 0.0425437 0.0304332 -0.998631 -0.101143 0.976012 -0.214879 0.0350316 -1.95805
1548883286624586752 441 -0.211482 -0.976697 -0.0365791 0.209661 0.0429672 0.0280989 -0.998681 -0.101536 0.976437 -0.212775 0.0360235 -1.97527
1548883286891288576 446 -0.213857 -0.975965 -0.0419278 0.216228 0.0465384 0.0326932 -0.998381 -0.105596 0.975756 -0.215462 0.0384282 -2.02933
1548883287024639744 450 -0.21189 -0.9766 -0.0368215 0.222793 0.05227 0.0262983 -0.998287 -0.105967 0.975895 -0.213452 0.0454745 -2.0469
1548883287258003712 456 -0.21079 -0.976748 -0.0391224 0.235158 0.0504167 0.0291055 -0.998304 -0.109253 0.97623 -0.212405 0.0431092 -2.0944
1548883287424692736 462 -0.211283 -0.976839 -0.0338512 0.24456 0.0587083 0.0218875 -0.998035 -0.109559 0.97566 -0.212855 0.0527241 -2.11855
1548883287624718592 465 -0.203159 -0.978803 -0.0259102 0.259073 0.0542483 0.0151696 -0.998412 -0.111619 0.977642 -0.204242 0.0500166 -2.16229
1548883287691393792 470 -0.198706 -0.979736 -0.0251538 0.26068 0.0560519 0.0142628 -0.998326 -0.112044 0.978455 -0.199783 0.052082 -2.17423
1548883287924757760 478 -0.193005 -0.980894 -0.0244317 0.271091 0.0511762 0.0148025 -0.99858 -0.117087 0.979862 -0.193981 0.0473415 -2.22668
1548883288158121728 487 -0.177739 -0.983785 -0.0239862 0.281316 0.0409236 0.016964 -0.999018 -0.124416 0.983226 -0.178546 0.0372448 -2.28517
1548883288258135808 495 -0.173864 -0.984597 -0.0184552 0.289928 0.0333462 0.0128436 -0.999361 -0.126763 0.984205 -0.174368 0.0305995 -2.31176
1548883288424823808 502 -0.171192 -0.985196 -0.00906105 0.303247 0.0282005 0.00429321 -0.999593 -0.130903 0.984834 -0.171378 0.027048 -2.35389
1548883288558174720 508 -0.169213 -0.985576 0.00260156 0.31707 0.0195613 -0.00599754 -0.999791 -0.134298 0.985385 -0.169126 0.020294 -2.39063
1548883288758201600 515 -0.169106 -0.985562 0.00845226 0.330127 0.0181842 -0.0116942 -0.999766 -0.138642 0.98543 -0.168913 0.0198992 -2.43915
1548883288958227712 520 -0.167231 -0.985643 0.023276 0.348257 0.00203549 -0.0239536 -0.999711 -0.142976 0.985916 -0.167135 0.00601204 -2.49805
1548883289059753728 530 -0.168202 -0.985465 0.023807 0.35268 0.00257726 -0.0245907 -0.999694 -0.145305 0.985749 -0.168089 0.006676 -2.52254
1548883289226442752 537 -0.164853 -0.986112 0.0201536 0.356218 0.00624757 -0.0214768 -0.99975 -0.145731 0.986298 -0.164686 0.00970133 -2.5627
1548883289493143808 543 -0.163075 -0.986403 0.0203791 0.364793 0.00623612 -0.0216857 -0.999745 -0.147149 0.986594 -0.162906 0.00968772 -2.62955
1548883289793183744 551 -0.162205 -0.986605 0.0173337 0.372216 0.0105317 -0.0192963 -0.999758 -0.149419 0.986701 -0.161983 0.0135206 -2.7044
1548883290059885824 556 -0.15752 -0.987498 0.0059436 0.373944 0.0211899 -0.00939731 -0.999731 -0.149018 0.987288 -0.157351 0.0224052 -2.76487
1548883290293249792 563 -0.147317 -0.989084 0.00338076 0.380129 0.0158408 -0.00577696 -0.999858 -0.153533 0.988962 -0.147243 0.0165189 -2.82365
1548883290493275648 564 -0.145478 -0.989331 0.00778599 0.389006 0.0220712 -0.011113 -0.999695 -0.158096 0.989115 -0.145262 0.0234524 -2.87004
1548883290726639616 574 -0.145986 -0.989065 0.0209518 0.406256 0.0342314 -0.0262163 -0.99907 -0.158769 0.988694 -0.145134 0.0376843 -2.91993
1548883290893328640 583 -0.151881 -0.988178 0.020912 0.411575 0.0455338 -0.0281303 -0.998567 -0.161782 0.987349 -0.150711 0.049268 -2.9527
1548883291226705664 590 -0.165913 -0.985981 0.0177024 0.420007 0.0522148 -0.0267095 -0.998279 -0.167365 0.984757 -0.164703 0.0559143 -3.03358
1548883291460069632 600 -0.187492 -0.982158 0.0146059 0.426029 0.0561005 -0.0255524 -0.998098 -0.16982 0.980663 -0.186316 0.0598904 -3.09396
1548883291660096768 604 -0.214062 -0.976808 0.00490929 0.425277 0.0664709 -0.0195805 -0.997596 -0.171441 0.974556 -0.213221 0.0691207 -3.13745
1548883291926797824 610 -0.232231 -0.972606 -0.0102664 0.424191 0.0615296 -0.0041561 -0.998097 -0.17465 0.970713 -0.232421 0.0608093 -3.20619
1548883292093486592 617 -0.236363 -0.971594 -0.0117511 0.43279 0.060747 -0.00270586 -0.99815 -0.178785 0.969764 -0.23664 0.059661 -3.24698
1548883292326850816 623 -0.240557 -0.970592 -0.00914055 0.444766 0.0583035 -0.00504891 -0.998286 -0.184503 0.968882 -0.240677 0.0578035 -3.2862
1548883292360188672 626 -0.240989 -0.970481 -0.00949575 0.445807 0.0576807 -0.00455502 -0.998325 -0.184215 0.968812 -0.241133 0.0570757 -3.29279
1548883292693565696 633 -0.241803 -0.970323 -0.00233289 0.467735 0.0538456 -0.0110176 -0.998488 -0.193084 0.96883 -0.241563 0.0549117 -3.35408
1548883292993605632 634 -0.239487 -0.970895 0.00305479 0.484819 0.0564112 -0.0170556 -0.998262 -0.19618 0.96926 -0.238898 0.0588539 -3.40952
1548883293226969600 642 -0.237215 -0.971385 0.0118758 0.501756 0.0451936 -0.0232463 -0.998708 -0.199711 0.970405 -0.236371 0.0494148 -3.46469
1548883293560346624 648 -0.241897 -0.969934 0.026708 0.527312 0.0235269 -0.0333804 -0.999166 -0.200433 0.970017 -0.241067 0.0308941 -3.54117
1548883293693697792 653 -0.246545 -0.968838 0.0238639 0.531335 0.021972 -0.0302056 -0.999302 -0.201264 0.968882 -0.245848 0.0287343 -3.56724
1548883293893723648 656 -0.246894 -0.968322 0.0373698 0.550222 -0.00608746 -0.037013 -0.999296 -0.206905 0.969023 -0.246948 0.00324369 -3.62116
1548883294127087616 664 -0.246666 -0.968704 0.0277331 0.556185 -0.0106175 -0.0259143 -0.999608 -0.209374 0.969042 -0.246863 -0.00389306 -3.67428
1548883294327114752 669 -0.247512 -0.968655 0.0210843 0.562061 -0.0162154 -0.0176169 -0.999713 -0.210945 0.968749 -0.247783 -0.0113467 -3.71754
1548883294427127808 675 -0.249018 -0.968383 0.0149742 0.562683 -0.0112012 -0.0125806 -0.999858 -0.211405 0.968434 -0.24915 -0.00771432 -3.73537
1548883294660491776 682 -0.24836 -0.968527 0.0165296 0.57719 -0.0240523 -0.010893 -0.999651 -0.213903 0.968369 -0.248671 -0.0205899 -3.78789
1548883294693829632 689 -0.247838 -0.968688 0.0147974 0.577412 -0.0206221 -0.00999559 -0.999737 -0.213518 0.968582 -0.248078 -0.0174991 -3.79387
1548883294960530688 697 -0.250377 -0.96792 0.0210317 0.595475 -0.031345 -0.0136079 -0.999416 -0.215959 0.967641 -0.250891 -0.0269324 -3.85219
1548883295160557824 703 -0.247036 -0.968718 0.0236275 0.606394 -0.021928 -0.0187884 -0.999583 -0.216694 0.968758 -0.247451 -0.0166006 -3.88548
1548883295327245824 708 -0.245586 -0.969154 0.0207068 0.615444 -0.00502393 -0.0200882 -0.999786 -0.218002 0.969362 -0.245638 6.44345e-05 -3.90985
1548883295427259648 712 -0.244219 -0.969416 0.0242755 0.623523 0.00777826 -0.026991 -0.999605 -0.217591 0.969689 -0.243934 0.0141321 -3.92303
1548883295693960704 715 -0.246028 -0.968885 0.0270639 0.642147 0.0279561 -0.0350038 -0.998996 -0.216917 0.96886 -0.245024 0.0356982 -3.96188
1548883295860649728 722 -0.24661 -0.96873 0.0273018 0.651058 0.0367531 -0.0375004 -0.998621 -0.217353 0.968418 -0.245267 0.0448519 -3.99099
1548883296062044672 727 -0.248277 -0.968386 0.0242343 0.659882 0.0466599 -0.0369439 -0.998227 -0.217409 0.967565 -0.246706 0.0543571 -4.02571
1548883296295408640 736 -0.254664 -0.966463 0.0331007 0.678666 0.0377711 -0.0441442 -0.998311 -0.218281 0.966292 -0.252984 0.0477463 -4.07828
1548883296528772608 746 -0.25061 -0.967853 0.0213253 0.686293 0.0487648 -0.034621 -0.99821 -0.221864 0.966859 -0.249121 0.0558736 -4.12536
1548883296795474688 751 -0.251312 -0.967147 0.0383218 0.711243 0.0417272 -0.0503814 -0.997858 -0.226648 0.967006 -0.249175 0.0530178 -4.18283
1548883296995501824 754 -0.251206 -0.966655 0.0497282 0.731667 0.0339046 -0.0601317 -0.997614 -0.22822 0.96734 -0.248921 0.0478795 -4.23237
1548883297162189824 764 -0.255319 -0.965945 0.0419697 0.734954 0.0356356 -0.0527803 -0.99797 -0.229324 0.9662 -0.253305 0.0478979 -4.26465
1548883297295540736 767 -0.255457 -0.966474 0.0258846 0.731261 0.0356155 -0.0361618 -0.998711 -0.228525 0.966164 -0.254205 0.0436593 -4.29734
1548883297395553792 775 -0.255296 -0.966581 0.0233527 0.736165 0.0319202 -0.0325658 -0.99896 -0.23011 0.966336 -0.254285 0.0391674 -4.32077
1548883297628917760 779 -0.252966 -0.96696 0.0315586 0.756681 0.0174577 -0.0371765 -0.999156 -0.234781 0.967318 -0.252202 0.0262853 -4.38001
1548883297795606784 787 -0.247776 -0.968219 0.0340299 0.767558 0.0149724 -0.0389478 -0.999129 -0.236704 0.968702 -0.247051 0.0241469 -4.41477
1548883298095646720 791 -0.247167 -0.968484 0.0307644 0.780983 0.0218288 -0.0373067 -0.999065 -0.24065 0.968727 -0.246264 0.0303618 -4.47707
1548883298429023744 795 -0.247748 -0.968523 0.0241617 0.792352 0.0143274 -0.0285991 -0.999488 -0.247072 0.968719 -0.247275 0.0209617 -4.55153
1548883298595711744 799 -0.243534 -0.969369 0.0318519 0.807365 0.0107369 -0.0355331 -0.999311 -0.249626 0.969833 -0.243024 0.0190615 -4.59484
1548883298695725824 802 -0.239702 -0.969943 0.0418845 0.81903 0.00684291 -0.0448291 -0.998971 -0.249877 0.970822 -0.239169 0.0173829 -4.61641
1548883299029102592 810 -0.250275 -0.967471 0.036904 0.833424 0.0241422 -0.0443415 -0.998725 -0.253198 0.967874 -0.249065 0.0344545 -4.67084
1548883299129115648 817 -0.255361 -0.9662 0.0353444 0.838353 0.0280293 -0.0439391 -0.998641 -0.253577 0.966439 -0.254023 0.0383022 -4.69211
1548883299395817728 825 -0.254735 -0.966304 0.0369726 0.851941 0.0347909 -0.0473673 -0.998271 -0.255934 0.966385 -0.253009 0.0456847 -4.74197
1548883299529168640 831 -0.250038 -0.96729 0.0427916 0.864152 0.0347558 -0.0531336 -0.997982 -0.258883 0.967612 -0.248046 0.0469044 -4.77281
1548883299795870720 837 -0.253761 -0.965651 0.0558906 0.886316 0.0273137 -0.0649127 -0.997517 -0.264994 0.966881 -0.251605 0.0428479 -4.82873
1548883299929220608 842 -0.255748 -0.965458 0.0498278 0.890654 0.0340533 -0.0605066 -0.997587 -0.266487 0.966143 -0.253434 0.0483515 -4.85549
1548883300062571776 844 -0.253939 -0.9658 0.0524022 0.901731 0.0355707 -0.0634667 -0.99735 -0.267059 0.966566 -0.251403 0.0504709 -4.88
1548883300195922688 852 -0.253744 -0.965314 0.061498 0.920123 0.0241582 -0.0698836 -0.997263 -0.272796 0.96697 -0.251564 0.0410528 -4.91455
1548883300295935744 861 -0.258006 -0.96428 0.0599734 0.924262 0.0254689 -0.0688418 -0.997302 -0.274151 0.965807 -0.255783 0.0423208 -4.93523
1548883300562637824 873 -0.252793 -0.966313 0.0483148 0.934749 0.0466854 -0.0620613 -0.99698 -0.276586 0.966393 -0.249774 0.0608014 -4.9852
1548883300796001792 879 -0.255644 -0.965208 0.0549514 0.952614 0.0503658 -0.0700596 -0.996271 -0.276739 0.965458 -0.251922 0.0665238 -5.03057
1548883301062703616 885 -0.255159 -0.966146 0.0381623 0.954901 0.0591594 -0.0549945 -0.996733 -0.281018 0.965088 -0.252067 0.0711889 -5.08294
1548883301262729728 895 -0.249566 -0.967616 0.0378895 0.966145 0.0586882 -0.0541693 -0.996806 -0.283826 0.966578 -0.246546 0.0703065 -5.12576
1548883301462756608 900 -0.247997 -0.96784 0.0422281 0.981336 0.0631652 -0.0596516 -0.996219 -0.286911 0.966699 -0.244392 0.0759273 -5.16804
1548883301630684672 905 -0.247765 -0.967495 0.0506617 0.996512 0.0533818 -0.0658458 -0.996401 -0.289386 0.967348 -0.244169 0.0679609 -5.21037
1548883301697360640 909 -0.248964 -0.967217 0.0500777 1.00029 0.056967 -0.0662405 -0.996176 -0.290168 0.966836 -0.245159 0.071591 -5.22441
1548883301964062720 919 -0.250278 -0.966981 0.0480429 1.01043 0.0571647 -0.0642947 -0.996292 -0.297979 0.966485 -0.246603 0.0713687 -5.2813
1548883302264101632 927 -0.25544 -0.966282 0.0323934 1.01868 0.0446225 -0.0452521 -0.997978 -0.308938 0.965795 -0.253479 0.0546771 -5.35869
1548883302664154624 933 -0.263379 -0.964104 0.0336881 1.04531 0.0280194 -0.0425515 -0.998701 -0.314601 0.964285 -0.262093 0.0382208 -5.4615
1548883302864180736 939 -0.26446 -0.962999 0.0519026 1.07278 0.0278722 -0.0614284 -0.997722 -0.312927 0.963994 -0.262411 0.0430863 -5.50211
1548883303064207616 946 -0.276411 -0.960257 0.0387744 1.07757 0.033404 -0.0499217 -0.998194 -0.318531 0.960459 -0.274617 0.0458754 -5.54215
1548883303397584640 950 -0.285785 -0.957821 0.0301075 1.09341 0.0248054 -0.0388012 -0.998939 -0.32867 0.957973 -0.284735 0.0348479 -5.62424
1548883303564272640 957 -0.291093 -0.956299 0.0275139 1.10359 0.0147053 -0.0332284 -0.99934 -0.33336 0.956582 -0.290496 0.0237352 -5.66799
1548883303730961664 963 -0.295434 -0.955118 0.0216264 1.11076 0.0120477 -0.0263597 -0.99958 -0.336405 0.955287 -0.295049 0.0192945 -5.70299
1548883303864312832 969 -0.294742 -0.955387 0.019044 1.1214 0.015027 -0.024561 -0.999585 -0.337579 0.955459 -0.294334 0.0215958 -5.73652
1548883304197689600 978 -0.301678 -0.953082 0.0250029 1.14875 0.0284925 -0.0352255 -0.998973 -0.340351 0.952984 -0.300656 0.0377824 -5.79389
1548883304464391680 983 -0.304843 -0.952223 0.0185147 1.16703 0.0287129 -0.0286198 -0.999178 -0.343569 0.95197 -0.304061 0.0360657 -5.85211
1548883304664417792 995 -0.298862 -0.953886 0.0279852 1.19108 0.0328141 -0.0395803 -0.998677 -0.342267 0.953732 -0.297549 0.0431299 -5.89145
1548883304864444672 1001 -0.305667 -0.951891 0.0217163 1.19827 0.0304741 -0.0325769 -0.999005 -0.344046 0.951651 -0.304701 0.0389656 -5.93131
1548883305097808640 1006 -0.304553 -0.952324 0.0180897 1.21125 0.014478 -0.023618 -0.999616 -0.348548 0.952385 -0.304174 0.0209807 -5.98951
1548883305231159808 1015 -0.307202 -0.951339 0.0241058 1.22552 0.0130763 -0.0295481 -0.999478 -0.347284 0.951554 -0.306726 0.0215173 -6.02086
1548883305464523776 1020 -0.310489 -0.950241 0.0252693 1.24059 0.00487751 -0.0281753 -0.999591 -0.347864 0.950565 -0.310238 0.0133829 -6.07196
1548883305664549632 1028 -0.312554 -0.949775 0.0153922 1.24444 0.00157347 -0.0167216 -0.999859 -0.350518 0.949899 -0.312486 0.00672087 -6.11211
1548883305864575744 1036 -0.303409 -0.952757 0.0140263 1.25629 -0.000354271 -0.0146074 -0.999893 -0.352659 0.95286 -0.303382 0.0040945 -6.15633
1548883306164615680 1041 -0.305899 -0.952014 0.00973958 1.26971 -0.0137776 -0.00580235 -0.999888 -0.358349 0.951964 -0.305999 -0.0113416 -6.22079
1548883306331304704 1049 -0.302762 -0.953015 0.00990434 1.2814 -0.0122372 -0.00650401 -0.999904 -0.360446 0.952988 -0.302854 -0.00969311 -6.25172
1548883306731356672 1058 -0.303756 -0.952661 0.0129892 1.30954 -0.0156125 -0.00865442 -0.999841 -0.36095 0.952622 -0.30391 -0.0122446 -6.32973
1548883306931383808 1063 -0.300173 -0.953764 0.0151917 1.32411 0.00328798 -0.0169606 -0.999851 -0.360567 0.953879 -0.300079 0.00822708 -6.35303
1548883307098071808 1074 -0.305605 -0.952096 0.0109036 1.33193 0.00373282 -0.0126494 -0.999913 -0.36321 0.952151 -0.305538 0.00741972 -6.38696
1548883307398111744 1078 -0.307076 -0.951672 0.00493739 1.34561 0.006675 -0.00734168 -0.999951 -0.366425 0.951662 -0.307028 0.00860687 -6.44185
1548883307564799744 1085 -0.304028 -0.952663 -0.000603222 1.35075 0.0066936 -0.00150298 -0.999976 -0.367802 0.95264 -0.304025 0.00683369 -6.47504
1548883307831501824 1088 -0.305786 -0.9521 0.000735322 1.36622 0.0214491 -0.00766092 -0.999741 -0.365859 0.951859 -0.305691 0.0227643 -6.50654
1548883308098203648 1099 -0.308328 -0.951279 0.0017393 1.38107 0.0314954 -0.0120356 -0.999431 -0.366038 0.950759 -0.308098 0.0336718 -6.54756
1548883308264892672 1102 -0.308713 -0.951155 0.000900417 1.38912 0.0311746 -0.0110644 -0.999453 -0.366236 0.950644 -0.308516 0.0330675 -6.57388
1548883308531593728 1109 -0.313005 -0.949747 -0.00303882 1.40146 0.0347122 -0.00824242 -0.999363 -0.368327 0.949117 -0.312911 0.0355477 -6.61655
1548883308831633664 1120 -0.31326 -0.949611 -0.01033 1.41316 0.0447838 -0.00390626 -0.998989 -0.37218 0.948611 -0.313406 0.0437509 -6.66078
1548883308998322688 1121 -0.313879 -0.949385 -0.0122112 1.42201 0.0516107 -0.00421814 -0.998658 -0.373 0.948059 -0.314088 0.0503224 -6.6816
1548883309365037824 1122 -0.311619 -0.94986 -0.025671 1.431 0.0577793 0.00802448 -0.998297 -0.38007 0.948449 -0.312571 0.0523817 -6.74098
1548883309498387712 1123 -0.309773 -0.950479 -0.0250883 1.43805 0.0472054 0.0109795 -0.998825 -0.384474 0.949638 -0.310594 0.0414666 -6.76885
1548883309731752704 1124 -0.316167 -0.948312 -0.0272404 1.44966 0.0544644 0.0105225 -0.99846 -0.385943 0.947139 -0.317164 0.0483224 -6.8037
1548883309831765760 1135 -0.316692 -0.947833 -0.0363159 1.44983 0.0518134 0.0209428 -0.998437 -0.388025 0.947112 -0.318079 0.042478 -6.82492
1548883310198480640 1143 -0.316696 -0.947281 -0.0485933 1.45953 0.0376509 0.0386354 -0.998544 -0.39505 0.947779 -0.318065 0.0234303 -6.8958
1548883310298493696 1158 -0.317775 -0.946591 -0.0546255 1.46063 0.033427 0.0463916 -0.998364 -0.396465 0.947577 -0.319081 0.0168996 -6.91823
1548883310531857664 1164 -0.315108 -0.947355 -0.0567978 1.47146 0.0252885 0.0514441 -0.998356 -0.401284 0.948719 -0.316027 0.00774671 -6.96149
1548883310898572800 1175 -0.312936 -0.947895 -0.0597211 1.48967 0.00574718 0.0609882 -0.998122 -0.408186 0.949757 -0.312691 -0.0136377 -7.04207
1548883310931910656 1181 -0.312989 -0.947894 -0.0594537 1.49342 -0.00181463 0.0631956 -0.998 -0.408253 0.949755 -0.312255 -0.0214996 -7.05287
1548883310964007680 1196 -0.314716 -0.947465 -0.0571275 1.49619 -0.000806723 0.0604527 -0.998171 -0.408544 0.949186 -0.314094 -0.0197898 -7.06005
1548883310997345792 1210 -0.309502 -0.94935 -0.0542437 1.50323 0.000850731 0.0567682 -0.998387 -0.409441 0.950899 -0.309049 -0.0167622 -7.06403
1548883311030683648 1221 -0.309416 -0.949669 -0.0489014 1.50712 0.00432469 0.0500192 -0.998739 -0.41 0.950917 -0.309237 -0.0113697 -7.06685
1548883311397398784 1238 -0.316209 -0.94733 -0.0507778 1.52289 -0.00956682 0.0567056 -0.998345 -0.41557 0.948641 -0.3152 -0.0269938 -7.13157
1548883311664100608 1243 -0.313696 -0.948527 -0.0434925 1.54219 0.0162532 0.0404339 -0.99905 -0.415545 0.949384 -0.314105 0.00273262 -7.15586
1548883312164165632 1252 -0.312419 -0.949381 -0.0326989 1.57879 0.0304615 0.024392 -0.999238 -0.420463 0.949456 -0.313177 0.0212991 -7.22921
1548883312364192768 1258 -0.315627 -0.948205 -0.0358732 1.5861 0.0368982 0.0255125 -0.998993 -0.422055 0.948166 -0.316633 0.0269346 -7.25511
1548883312730907648 1267 -0.317051 -0.948088 -0.0246573 1.61338 0.030737 0.0157131 -0.999404 -0.429247 0.94791 -0.31762 0.0241595 -7.31655
1548883312930933760 1271 -0.319764 -0.947428 -0.0114728 1.63376 0.0221992 0.00461389 -0.999743 -0.433116 0.947237 -0.319936 0.0195568 -7.35383
1548883313430999808 1280 -0.330938 -0.943632 -0.00627085 1.66447 0.0269787 -0.00281862 -0.999632 -0.435848 0.943267 -0.330986 0.0263907 -7.43269
1548883313896358656 1286 -0.343573 -0.938816 -0.0241259 1.67683 0.0417292 0.0104031 -0.999075 -0.436851 0.938199 -0.344261 0.0356018 -7.50281
1548883314263073792 1299 -0.348688 -0.936765 -0.0297877 1.69269 0.0374465 0.0178326 -0.99914 -0.439471 0.93649 -0.349504 0.0288606 -7.5658
1548883314829814784 1310 -0.350514 -0.935705 -0.0399441 1.7176 0.0307856 0.0311156 -0.999042 -0.447379 0.936051 -0.351408 0.0178998 -7.6656
1548883314996503808 1314 -0.3515 -0.935262 -0.0416219 1.72597 0.0155261 0.0386292 -0.999133 -0.450728 0.936059 -0.351841 0.000942802 -7.70642
1548883315296543744 1322 -0.354296 -0.93448 -0.0349358 1.74793 0.000811416 0.037052 -0.999313 -0.456445 0.935133 -0.354081 -0.0123691 -7.76448
1548883315496569600 1331 -0.355036 -0.934496 -0.0258262 1.76588 0.00277189 0.0265736 -0.999643 -0.458063 0.934849 -0.35498 -0.00684425 -7.79215
1548883315795096576 1342 -0.358227 -0.932996 -0.034525 1.77687 -0.00935949 0.0405659 -0.999133 -0.4626 0.933588 -0.357594 -0.0232642 -7.85238
1548883315928446720 1349 -0.358371 -0.93314 -0.0286417 1.78792 -0.00525619 0.0326957 -0.999452 -0.462078 0.933565 -0.358024 -0.0166219 -7.87122
1548883316228486656 1356 -0.363195 -0.931485 -0.0206382 1.81103 0.000912003 0.0217953 -0.999762 -0.462962 0.931713 -0.363127 -0.00706644 -7.91105
1548883316428512768 1367 -0.364442 -0.931033 -0.018975 1.82555 0.0108023 0.0161483 -0.999811 -0.464369 0.931163 -0.364578 0.00417214 -7.93701
1548883316861903616 1380 -0.375005 -0.926764 -0.0219052 1.8501 0.0182381 0.0162493 -0.999702 -0.467335 0.926843 -0.375292 0.0108089 -8.00046
1548883317228618752 1387 -0.386481 -0.922175 -0.0149946 1.87507 0.00558949 0.0139156 -0.999888 -0.471025 0.92228 -0.386522 -0.000223648 -8.06594
1548883317361969664 1399 -0.388186 -0.921432 -0.0165623 1.88249 0.00442167 0.0161092 -0.99986 -0.471194 0.92157 -0.388205 -0.00217909 -8.08849
1548883317628670720 1405 -0.392226 -0.919198 -0.0351217 1.88618 0.0186572 0.0302238 -0.999369 -0.470272 0.91968 -0.392634 0.0052951 -8.125
1548883317928599808 1412 -0.388703 -0.920632 -0.0366947 1.90437 0.027776 0.0280997 -0.999219 -0.470814 0.920944 -0.389418 0.014649 -8.1633
1548883318295314688 1421 -0.396314 -0.917711 -0.0272371 1.93415 0.00941108 0.0256042 -0.999628 -0.469836 0.918067 -0.396423 -0.00151065 -8.23089
1548883318528678656 1424 -0.396337 -0.917573 -0.0312363 1.94735 0.0109805 0.0292828 -0.999511 -0.471978 0.918039 -0.396486 -0.00153048 -8.2664
1548883318762042624 1436 -0.398237 -0.916759 -0.030972 1.96277 0.00148038 0.0331225 -0.99945 -0.473143 0.917281 -0.398064 -0.0118335 -8.30896
1548883319128757760 1452 -0.403181 -0.914737 -0.0264711 1.98878 -0.00125099 0.0294772 -0.999565 -0.475906 0.915119 -0.402972 -0.013029 -8.36551
1548883319562147584 1459 -0.40892 -0.912482 -0.012701 2.02797 -0.00207552 0.0148477 -0.999888 -0.477678 0.912568 -0.408847 -0.00796538 -8.42763
1548883319795511808 1471 -0.413924 -0.910062 -0.0212998 2.03662 -0.0155276 0.0304535 -0.999416 -0.478386 0.910179 -0.413351 -0.0267365 -8.47473
1548883320195564800 1479 -0.421606 -0.906515 -0.0218959 2.06228 -0.0298904 0.0380272 -0.99883 -0.479443 0.906286 -0.420458 -0.0431286 -8.54653
1548883320395591680 1491 -0.435206 -0.900035 -0.0230743 2.0702 -0.0282045 0.0392452 -0.998831 -0.479199 0.899889 -0.434046 -0.0424648 -8.57997
1548883320628955648 1496 -0.433667 -0.900808 -0.02188 2.08987 -0.0259647 0.0367646 -0.998987 -0.478059 0.900699 -0.432659 -0.0393328 -8.61194
1548883320928994816 1508 -0.437388 -0.899158 -0.0143774 2.1157 -0.0217433 0.0265573 -0.999411 -0.478072 0.89901 -0.436818 -0.0311665 -8.65186
1548883321029007616 1513 -0.441573 -0.89707 -0.0166711 2.12033 -0.016037 0.0264691 -0.999521 -0.477612 0.897082 -0.441094 -0.0260743 -8.66173
1548883321429060608 1521 -0.44087 -0.897384 -0.0183215 2.14887 -0.0201711 0.0303128 -0.999337 -0.478616 0.897344 -0.440208 -0.0314653 -8.72302
1548883321962464768 1528 -0.439564 -0.898104 -0.0138831 2.18626 -0.0297116 0.0299864 -0.999109 -0.481645 0.89772 -0.43876 -0.0398651 -8.7987
1548883322195828736 1541 -0.443465 -0.896089 -0.0190768 2.19864 -0.0199691 0.0311569 -0.999315 -0.477722 0.896069 -0.44278 -0.0317111 -8.82773
1548883322595880704 1547 -0.447008 -0.894335 -0.0186725 2.2266 -0.0214848 0.0316019 -0.99927 -0.474902 0.894272 -0.44628 -0.0333409 -8.88231
1548883322862582784 1562 -0.444636 -0.895658 -0.00971194 2.24996 -0.0246331 0.0230659 -0.99943 -0.474871 0.895372 -0.444144 -0.0323188 -8.91685
1548883323262635776 1570 -0.445961 -0.895046 0.00345144 2.28485 -0.0311825 0.0116828 -0.999445 -0.474407 0.894509 -0.445821 -0.0331199 -8.97107
1548883323429324800 1581 -0.446362 -0.894852 0.00137247 2.2933 -0.0241473 0.0105117 -0.999653 -0.474198 0.894527 -0.44624 -0.0263002 -8.98628
1548883323829376768 1588 -0.446738 -0.894548 0.0144403 2.32944 -0.0279766 -0.00216469 -0.999606 -0.476634 0.894227 -0.446966 -0.0240594 -9.0392
1548883323996065792 1601 -0.445319 -0.895105 0.0218758 2.34695 -0.0330509 -0.00798227 -0.999422 -0.477006 0.894762 -0.445785 -0.0260293 -9.0638
1548883324262767616 1614 -0.44456 -0.895101 0.0340678 2.37291 -0.0423821 -0.0169711 -0.998957 -0.478462 0.894746 -0.445541 -0.0303915 -9.09919
1548883324496131584 1626 -0.44319 -0.89563 0.0377959 2.3916 -0.0430238 -0.0208624 -0.998856 -0.479875 0.895395 -0.444309 -0.0292874 -9.131
1548883324929521664 1634 -0.44189 -0.896932 0.0156895 2.40625 -0.0300205 -0.0026943 -0.999546 -0.477987 0.896567 -0.44216 -0.0257358 -9.18678
1548883325129548800 1646 -0.439928 -0.897949 0.0122579 2.41909 -0.0288507 0.000489375 -0.999584 -0.47787 0.89757 -0.440098 -0.0261217 -9.21404
1548883325629613824 1655 -0.434702 -0.900574 -0.000967826 2.44278 -0.0233937 0.0123663 -0.99965 -0.471434 0.90027 -0.434527 -0.0264434 -9.28141
1548883325896315648 1665 -0.431617 -0.902043 0.00501825 2.46325 -0.02681 0.00726724 -0.999614 -0.469422 0.901658 -0.431585 -0.0273205 -9.31804
1548883326263030784 1678 -0.429379 -0.903015 0.014049 2.49245 -0.030048 -0.00126314 -0.999548 -0.46963 0.902624 -0.429607 -0.0265914 -9.36498
1548883326496394752 1688 -0.429012 -0.903186 0.01428 2.50483 -0.0267483 -0.00309961 -0.999637 -0.469721 0.902903 -0.429239 -0.0228289 -9.38925
1548883326929785600 1712 -0.428304 -0.903431 0.0191988 2.52972 -0.0372159 -0.00359259 -0.999301 -0.470817 0.902868 -0.428719 -0.0320833 -9.44353
1548883327363175680 1717 -0.427722 -0.903583 0.024332 2.55476 -0.0409259 -0.0075323 -0.999134 -0.470963 0.902983 -0.428348 -0.0337582 -9.49571
1548883327763228672 1731 -0.430956 -0.901918 0.0286522 2.57706 -0.040788 -0.0122498 -0.999093 -0.470638 0.90145 -0.431734 -0.0315083 -9.53972
1548883328029930752 1740 -0.43354 -0.900789 0.0249598 2.58782 -0.0393762 -0.00873494 -0.999186 -0.469651 0.900274 -0.43417 -0.0316827 -9.56797
1548883328429982720 1747 -0.43716 -0.89912 0.0217694 2.60671 -0.0337169 -0.00780399 -0.999401 -0.469548 0.898751 -0.437632 -0.0269039 -9.60487
1548883328730022656 1756 -0.437226 -0.899034 0.0238868 2.62203 -0.0306394 -0.0116543 -0.999463 -0.467947 0.898829 -0.437723 -0.0224503 -9.63071
1548883329063399680 1761 -0.436727 -0.899136 0.0286969 2.63849 -0.0295019 -0.0175677 -0.99941 -0.467345 0.89911 -0.437316 -0.0188539 -9.65769
1548883329496789760 1771 -0.435155 -0.899894 0.028817 2.65106 -0.0259993 -0.0194335 -0.999473 -0.467296 0.89998 -0.435675 -0.0149401 -9.6818
1548883329830167808 1779 -0.434905 -0.900034 0.028216 2.65183 -0.0240201 -0.019728 -0.999517 -0.469797 0.900156 -0.435372 -0.0130391 -9.68364
1548883330630272768 1784 -0.433485 -0.900707 0.0286042 2.65121 -0.0250876 -0.0196674 -0.999492 -0.468303 0.900811 -0.433982 -0.0140711 -9.68341
1548883330796961792 1789 -0.432276 -0.901295 0.0283516 2.65019 -0.0255515 -0.0191855 -0.999489 -0.467291 0.901379 -0.43278 -0.014736 -9.68221
1548883331263689728 1795 -0.401363 -0.915543 0.0262335 2.65511 -0.0250579 -0.017655 -0.99953 -0.466064 0.915576 -0.401832 -0.0158555 -9.6775
1548883331563728640 1799 -0.367282 -0.929802 0.0239346 2.66012 -0.0249764 -0.0158644 -0.999562 -0.464541 0.929774 -0.367719 -0.0173964 -9.67248
1548883331797093632 1805 -0.342212 -0.939374 0.0216119 2.66443 -0.0227802 -0.0146994 -0.999632 -0.463648 0.939347 -0.342579 -0.0163688 -9.66719
1548883332097132800 1810 -0.308347 -0.951091 0.0186786 2.67123 -0.0215669 -0.0126409 -0.999687 -0.462703 0.95103 -0.308653 -0.0166143 -9.66206
1548883332263821824 1815 -0.289439 -0.957048 0.0168506 2.67427 -0.0220197 -0.0109421 -0.999698 -0.461641 0.956943 -0.289722 -0.0179068 -9.66177
1548883332597198592 1821 -0.253065 -0.967357 0.01338 2.67767 -0.0205736 -0.00844594 -0.999753 -0.460201 0.967231 -0.253277 -0.0177646 -9.66141
1548883332864403712 1832 -0.219175 -0.975606 0.0124399 2.68812 -0.0194183 -0.00838566 -0.999776 -0.459588 0.975492 -0.219368 -0.0171067 -9.65484
1548883333032567808 1843 -0.192034 -0.981331 0.0105837 2.69525 -0.0191377 -0.0070378 -0.999792 -0.458316 0.981202 -0.192196 -0.0174289 -9.65033
1548883333199256576 1851 -0.164513 -0.98633 0.00946184 2.69853 -0.0182873 -0.00654098 -0.999811 -0.457464 0.986205 -0.164655 -0.0169612 -9.64997
1548883333400776704 1855 -0.131135 -0.991339 0.00715081 2.70325 -0.0177182 -0.00486828 -0.999831 -0.457084 0.991206 -0.13124 -0.0169263 -9.65228
1548883333534127616 1862 -0.109849 -0.993931 0.00580921 2.7079 -0.0184508 -0.00380447 -0.999823 -0.457214 0.993777 -0.109936 -0.0179209 -9.65406
1548883333735489792 1863 -0.0793588 -0.996834 0.00484202 2.71683 -0.0181152 -0.0034144 -0.99983 -0.456625 0.996682 -0.079433 -0.0177869 -9.65611
1548883333903246592 1867 -0.0542296 -0.998521 0.00374372 2.72381 -0.0167584 -0.00283858 -0.999856 -0.455355 0.998388 -0.0542845 -0.0165797 -9.65675
1548883334070902784 1871 -0.0298553 -0.999554 0.000195561 2.72952 -0.015707 0.000273523 -0.999877 -0.456012 0.999431 -0.0298547 -0.0157082 -9.65849
1548883334270928640 1876 -0.0178251 -0.999834 -0.00377064 2.72864 -0.0158896 0.00405404 -0.999866 -0.456647 0.999715 -0.0177627 -0.0159592 -9.66831
1548883334637643776 1880 -0.0146424 -0.999887 -0.00338282 2.72861 -0.0169846 0.00363142 -0.999849 -0.45659 0.999749 -0.0145827 -0.0170359 -9.69327
1548883335004358656 1884 0.00931701 -0.999937 -0.0061921 2.72974 -0.014083 0.00606054 -0.999882 -0.456834 0.999857 0.00940312 -0.0140257 -9.71357
1548883335271060736 1888 0.0392255 -0.999201 -0.0076972 2.72865 -0.0170972 0.00703086 -0.999829 -0.457626 0.999084 0.0393504 -0.0168077 -9.73063
1548883335405286656 1892 0.0566693 -0.998344 -0.00992868 2.72849 -0.0138558 0.00915729 -0.999862 -0.458024 0.998297 0.056799 -0.0133139 -9.73502
1548883335638650624 1896 0.0913342 -0.995782 -0.00871944 2.73529 -0.0174695 0.00715249 -0.999822 -0.458542 0.995667 0.0914703 -0.0167425 -9.74662
1548883335671988736 1900 0.100416 -0.994912 -0.00817651 2.73764 -0.0192302 0.00627574 -0.999795 -0.457699 0.99476 0.100553 -0.0185022 -9.74826
1548883335806132736 1905 0.130484 -0.991422 -0.00751686 2.74685 -0.0194231 0.00502404 -0.999799 -0.456561 0.99126 0.130604 -0.0186009 -9.7529
1548883335939482624 1910 0.162428 -0.986684 -0.00842219 2.75513 -0.0158596 0.00592382 -0.999857 -0.455784 0.986593 0.162539 -0.0146862 -9.75453
1548883336107058688 1915 0.199209 -0.979916 -0.00897334 2.76532 -0.0128388 0.00654627 -0.999896 -0.455957 0.979873 0.199304 -0.0112769 -9.75673
1548883336240409600 1921 0.229505 -0.973271 -0.00838343 2.77361 -0.0120125 0.00578024 -0.999911 -0.455468 0.973233 0.229586 -0.0103648 -9.75898
1548883336374469632 1923 0.261219 -0.965243 -0.00835966 2.78253 -0.0124848 0.00528118 -0.999908 -0.455628 0.965199 0.261299 -0.0106713 -9.76222
1548883336507820800 1930 0.294654 -0.955574 -0.00754066 2.79118 -0.0134033 0.00375754 -0.999903 -0.454888 0.95551 0.294726 -0.0117006 -9.76465
