1552661322027269632 1 -0.000686664 -1 -0.00037825 0.00105449 -0.000565613 0.000378639 -1 -0.000506907 1 -0.00068645 -0.000565873 -9.74579e-05
1552661322060606464 2 -0.000483211 -1 -0.000175175 0.000649423 -0.0011498 0.00017573 -0.999999 -7.0809e-05 0.999999 -0.00048301 -0.00114989 -3.91491e-05
1552661322093944576 3 -0.000516967 -1 -0.000297727 0.000713898 -0.000982473 0.000298235 -0.999999 -0.000118924 0.999999 -0.000516675 -0.000982627 -2.97826e-05
1552661322127282432 4 -0.000490422 -1 -1.65908e-05 0.000654498 -0.00142947 1.72919e-05 -0.999999 -6.16132e-05 0.999999 -0.000490398 -0.00142947 -5.96306e-05
1552661322160620544 5 -0.000837904 -1 -8.68185e-05 0.00122567 -0.00112251 8.7759e-05 -0.999999 -0.000381637 0.999999 -0.000837806 -0.00112259 -0.000135074
1552661322193957632 6 -0.00064146 -1 0.000288514 0.000814742 -0.00148671 -0.00028756 -0.999999 -0.000126042 0.999999 -0.000641888 -0.00148652 -6.14817e-05
1552661322227295488 7 -0.0010316 -0.99999 0.00426805 0.00133696 -0.00397905 -0.00426392 -0.999983 -0.000804167 0.999992 -0.00104857 -0.00397462 7.42285e-06
1552661322260633600 8 -0.00135103 -0.999949 0.0100539 0.0016395 -0.00868682 -0.0100418 -0.999912 -0.00114549 0.999961 -0.00143825 -0.00867281 -0.000178377
1552661322293971456 9 -0.00121922 -0.999978 0.00655519 0.00133293 -0.00648292 -0.00654715 -0.999958 -0.00108013 0.999978 -0.00126167 -0.00647479 -0.000173181
1552661322327308544 10 -0.00129712 -0.999999 0.000649917 0.00106994 -0.0015625 -0.00064789 -0.999999 -0.000545486 0.999998 -0.00129814 -0.00156166 -0.000191879
1552661322360646656 11 -0.00107544 -0.999999 -0.000931285 0.000646021 0.000379758 0.000930878 -0.999999 -7.90721e-05 0.999999 -0.0010758 0.000378757 5.35833e-05
1552661322393984512 12 -0.00129959 -0.999996 0.0023505 0.00127042 -0.00236574 -0.00234743 -0.999994 -0.000511437 0.999996 -0.00130514 -0.00236268 -2.88629e-05
1552661322427321600 13 -0.00106287 -0.999996 0.00271413 0.000720524 -0.0031968 -0.00271072 -0.999991 -0.000136576 0.999994 -0.00107153 -0.00319391 -3.66705e-05
1552661322460659456 14 -0.00110214 -0.999999 0.000315779 0.000616108 -0.00165808 -0.000313951 -0.999999 -0.00010767 0.999998 -0.00110266 -0.00165773 -3.51231e-05
1552661322493997568 15 -0.00138871 -0.999999 0.000303717 0.00115118 -0.000932103 -0.000302423 -1 -0.000308434 0.999999 -0.00138899 -0.000931682 -9.14661e-05
1552661322527335424 16 -0.00131861 -0.999997 0.00224953 0.00116485 -0.00240774 -0.00224635 -0.999995 -0.000553495 0.999996 -0.00132402 -0.00240477 -7.43256e-05
1552661322560672512 17 -0.00140853 -0.99999 0.00417655 0.00121965 -0.00391467 -0.00417101 -0.999984 -0.000848258 0.999991 -0.00142486 -0.00390876 -0.000178409
1552661322594010624 18 -0.00146611 -0.999978 0.00641131 0.00115241 -0.00554411 -0.00640309 -0.999964 -0.00101409 0.999984 -0.0015016 -0.0055346 -0.000262745
1552661322627348480 19 -0.00157722 -0.999942 0.0106467 0.0013946 -0.00856997 -0.0106328 -0.999907 -0.00130033 0.999962 -0.00166832 -0.00855271 -0.00018553
1552661322660686592 20 -0.00142066 -0.999916 0.0128941 0.00148413 -0.00932379 -0.0128803 -0.999874 -0.00142352 0.999956 -0.0015407 -0.0093047 -0.000169903
1552661322694023424 21 -0.00144249 -0.999927 0.0119896 0.0014244 -0.00814865 -0.0119775 -0.999895 -0.00153904 0.999966 -0.00154004 -0.00813078 -0.000167037
1552661322727361536 22 -0.00130421 -0.999951 0.00979552 0.00122206 -0.00613499 -0.00978734 -0.999933 -0.00161285 0.99998 -0.00136422 -0.00612192 -0.000255001
1552661322760699648 23 -0.00048672 -0.999977 0.00682614 0.00105234 -0.00306526 -0.00682461 -0.999972 -0.0011216 0.999995 -0.00050763 -0.00306187 -0.0001225
1552661322794036480 24 0.00398201 -0.999974 0.00605363 0.000992612 0.000115933 -0.00605322 -0.999982 -0.000956947 0.999992 0.00398264 9.18256e-05 0.000517912
1552661322827374592 25 0.0100465 -0.99989 0.0109107 0.000199818 0.00318038 -0.0108793 -0.999936 -0.00100071 0.999944 0.0100805 0.00307073 0.00164985
1552661322860712448 26 0.0135605 -0.999757 0.0173939 -0.00180578 0.0131566 -0.0172156 -0.999765 -0.00215823 0.999821 0.0137862 0.0129199 0.00234638
1552661322894050560 27 0.0190474 -0.999484 0.0258459 -0.00390847 0.0289824 -0.0252877 -0.99926 -0.00366357 0.999398 0.0197824 0.0284858 0.00314678
1552661322927387648 28 0.0283606 -0.998921 0.0367856 -0.00454334 0.0442566 -0.0355095 -0.998389 -0.00416517 0.998618 0.0299429 0.0432018 0.00487644
1552661322960725504 29 0.0442878 -0.997432 0.056278 -0.0203298 0.061587 -0.0535002 -0.996667 -0.0144667 0.997119 0.0476061 0.0590594 -0.0622146
1552661322994063616 30 0.0625876 -0.995305 0.0738256 -0.0373136 0.0694412 -0.0694486 -0.995166 -0.0284739 0.995621 0.0674116 0.0647685 -0.105656
1552661323027401472 31 0.0811912 -0.993455 0.0803487 -0.0410246 0.0638489 -0.0752651 -0.995117 -0.0278665 0.994651 0.085925 0.0573202 -0.136636
1552661323060738560 32 0.10264 -0.991928 0.0744569 -0.0367592 0.058455 -0.0687081 -0.995923 -0.0325954 0.993 0.106574 0.050931 -0.132193
1552661323094076416 33 0.12338 -0.990092 0.0670481 -0.0325914 0.057698 -0.0602928 -0.996512 -0.0351103 0.990681 0.126818 0.0496874 -0.127171
1552661323127414528 34 0.140434 -0.988357 0.0585626 -0.0298846 0.0646353 -0.0498708 -0.996662 -0.0411975 0.987978 0.14375 0.0568792 -0.12207
1552661323160751616 35 0.144822 -0.986548 0.0758253 -0.0315157 0.0831088 -0.0642339 -0.994468 -0.0642111 0.985961 0.150323 0.0726883 -0.123975
1552661323194089472 36 0.151616 -0.986145 0.067308 -0.0292574 0.0879911 -0.0543593 -0.994637 -0.0676766 0.984515 0.156726 0.0785302 -0.118166
1552661323227427584 37 0.153712 -0.98628 0.0601971 -0.0270975 0.0888524 -0.046878 -0.994941 -0.0691909 0.984113 0.158283 0.0804277 -0.112243
1552661323260765440 38 0.154789 -0.986395 0.0553675 -0.0265222 0.0908999 -0.0415857 -0.994991 -0.0727501 0.983757 0.159046 0.0832262 -0.10563
1552661323294102528 39 0.156244 -0.986393 0.0511603 -0.0254585 0.0941617 -0.0366854 -0.994881 -0.0773793 0.98322 0.160261 0.0871485 -0.0989029
1552661323327440640 40 0.157819 -0.986328 0.0474259 -0.0248391 0.0996975 -0.0318669 -0.994507 -0.0796598 0.982422 0.161681 0.0933053 -0.0917744
1552661323360778496 41 0.158982 -0.986339 0.0431325 -0.0228774 0.107646 -0.0261101 -0.993846 -0.0832016 0.981396 0.162646 0.102024 -0.0844843
1552661323394115584 42 0.16067 -0.98617 0.04068 -0.0229927 0.115908 -0.0220783 -0.993015 -0.087411 0.980179 0.164262 0.110758 -0.0771769
1552661323427453440 43 0.160048 -0.986356 0.0385533 -0.0212943 0.118602 -0.0195585 -0.992749 -0.0904524 0.979958 0.16346 0.113854 -0.0695916
1552661323460791552 44 0.160424 -0.986286 0.0387911 -0.0207931 0.119158 -0.0196611 -0.992681 -0.0935036 0.979829 0.163872 0.114369 -0.0617414
1552661323494129664 45 0.16054 -0.986153 0.0415887 -0.0188629 0.118117 -0.0226379 -0.992742 -0.0966152 0.979936 0.164287 0.112847 -0.0534353
1552661323527466496 46 0.163984 -0.985326 0.0473446 -0.0198817 0.116533 -0.0283089 -0.992783 -0.0968165 0.979556 0.168317 0.110181 -0.0457565
1552661323560804608 47 0.167919 -0.984437 0.0518403 -0.0200362 0.120744 -0.0316523 -0.992179 -0.10042 0.978378 0.172865 0.11355 -0.0367044
1552661323594142464 48 0.171141 -0.983628 0.0564547 -0.0192861 0.12573 -0.0350277 -0.991446 -0.102229 0.977191 0.176775 0.117677 -0.0286906
1552661323627480576 49 0.173578 -0.982852 0.0622373 -0.0211295 0.132239 -0.0393633 -0.990436 -0.104749 0.975901 0.180148 0.123139 -0.019824
1552661323660817408 50 0.173037 -0.982761 0.0651117 -0.0203885 0.135638 -0.0417014 -0.989881 -0.106464 0.975531 0.180118 0.126083 -0.0114447
1552661323694155520 51 0.17245 -0.982817 0.0658082 -0.0209746 0.142902 -0.0411399 -0.988881 -0.107492 0.974597 0.179937 0.133352 -0.00260434
1552661323727493632 52 0.171413 -0.982975 0.0661702 -0.0207596 0.15014 -0.0403162 -0.987842 -0.105979 0.973692 0.179264 0.140673 0.00616655
1552661323760830464 53 0.171985 -0.982969 0.0647629 -0.0224145 0.157562 -0.0374475 -0.986799 -0.108408 0.972417 0.179918 0.148439 0.0163056
1552661323794168576 54 0.172226 -0.982989 0.0638083 -0.0241352 0.159872 -0.0360242 -0.98648 -0.107276 0.971997 0.180099 0.150948 0.0266077
1552661323827859456 55 0.174425 -0.982623 0.0634666 -0.0251524 0.159903 -0.0353328 -0.9865 -0.106918 0.9716 0.182218 0.150961 0.0376727
1552661323861197568 56 0.180249 -0.981509 0.0644218 -0.027211 0.1623 -0.034919 -0.986123 -0.109803 0.970139 0.188204 0.153005 0.0500452
1552661323894534656 57 0.187146 -0.98006 0.066773 -0.0267937 0.158729 -0.0369109 -0.986632 -0.109239 0.969423 0.195243 0.148656 0.0619856
1552661323927872512 58 0.19582 -0.978218 0.068875 -0.0281135 0.155143 -0.0384468 -0.987144 -0.110319 0.96829 0.203988 0.144235 0.0749373
1552661323961210624 59 0.202928 -0.976684 0.070059 -0.0282693 0.150649 -0.0395554 -0.987796 -0.112668 0.967536 0.211005 0.139109 0.087594
1552661323994548480 60 0.208584 -0.975554 0.0691935 -0.0284748 0.144185 -0.0393026 -0.98877 -0.112355 0.967318 0.216218 0.132463 0.100373
1552661324027885568 61 0.212149 -0.97492 0.0672586 -0.0273761 0.140552 -0.0376694 -0.989356 -0.114561 0.967077 0.219344 0.129036 0.112661
1552661324061223424 62 0.21669 -0.973962 0.0666518 -0.0296231 0.136254 -0.0374328 -0.989966 -0.115101 0.966685 0.223598 0.124595 0.125435
1552661324094561536 63 0.216915 -0.974022 0.0650308 -0.0257129 0.132289 -0.0366723 -0.990533 -0.115522 0.967185 0.223465 0.120897 0.136108
1552661324128294656 64 0.221749 -0.973029 0.0635754 -0.0266714 0.132118 -0.0346163 -0.990629 -0.115441 0.966112 0.228071 0.120878 0.14784
1552661324161632512 65 0.22477 -0.972448 0.0618381 -0.0259751 0.132306 -0.0324164 -0.990679 -0.11256 0.965388 0.230856 0.121374 0.15821
1552661324194970624 66 0.226106 -0.972031 0.0635041 -0.0242638 0.139095 -0.0323068 -0.989752 -0.114537 0.964121 0.232622 0.1279 0.167661
1552661324228308480 67 0.228708 -0.971176 0.0671569 -0.0229816 0.142034 -0.0349579 -0.989244 -0.108768 0.963078 0.235787 0.129945 0.176909
1552661324261645568 68 0.235337 -0.969462 0.0689857 -0.0240153 0.152259 -0.0333282 -0.987779 -0.10757 0.959913 0.242965 0.139766 0.186526
1552661324294983424 69 0.240077 -0.968375 0.0679136 -0.0212575 0.16187 -0.0290463 -0.986385 -0.106411 0.957163 0.247802 0.149777 0.194402
1552661324328603648 70 0.244191 -0.96747 0.0661209 -0.0197424 0.169362 -0.0245886 -0.985247 -0.10313 0.954823 0.251787 0.157849 0.203121
1552661324361941504 71 0.246084 -0.967109 0.0643651 -0.019201 0.173678 -0.0213345 -0.984571 -0.0997318 0.953561 0.253466 0.162715 0.211656
1552661324395278592 72 0.24535 -0.96745 0.0620036 -0.0179613 0.17417 -0.0189282 -0.984534 -0.0959814 0.95366 0.252354 0.163856 0.220041
1552661324428616448 73 0.243401 -0.968149 0.0586842 -0.0176782 0.172045 -0.0164492 -0.984952 -0.0938911 0.954545 0.249834 0.162561 0.228896
1552661324461954560 74 0.240118 -0.96914 0.055773 -0.0181833 0.167237 -0.0152963 -0.985798 -0.0922104 0.95623 0.246035 0.158403 0.237988
1552661324495291648 75 0.235515 -0.970296 0.0553093 -0.0196736 0.164298 -0.0163411 -0.986275 -0.0917232 0.957882 0.24137 0.155569 0.248182
1552661324528629504 76 0.229295 -0.971846 0.0542212 -0.0199701 0.161061 -0.017055 -0.986797 -0.0906513 0.959939 0.235 0.152616 0.257083
1552661324561967616 77 0.224011 -0.973114 0.0535483 -0.0209197 0.159884 -0.0175058 -0.986981 -0.0890286 0.961382 0.229656 0.151664 0.26658
1552661324595305472 78 0.221571 -0.973666 0.0536727 -0.0255149 0.159107 -0.0182058 -0.987093 -0.0866743 0.962077 0.227251 0.150884 0.276201
1552661324628959488 79 0.215872 -0.974827 0.055772 -0.0258026 0.159751 -0.0210883 -0.986932 -0.0867268 0.963265 0.221961 0.151177 0.28537
1552661324662297600 80 0.212733 -0.975392 0.0579193 -0.0276187 0.160237 -0.0236486 -0.986795 -0.0860422 0.963882 0.219205 0.151263 0.294484
1552661324695635456 81 0.211301 -0.975445 0.0621223 -0.0289014 0.160992 -0.027956 -0.98656 -0.084307 0.964071 0.218462 0.151132 0.302617
1552661324728972544 82 0.212524 -0.974714 0.0690311 -0.0318764 0.16273 -0.0343543 -0.986072 -0.0834996 0.963511 0.220797 0.151314 0.31199
1552661324762310656 83 0.210221 -0.97474 0.0754243 -0.0306017 0.164393 -0.0408064 -0.985551 -0.0827672 0.963733 0.219583 0.151662 0.319611
1552661324795648512 84 0.211155 -0.974212 0.0795301 -0.0306846 0.163811 -0.0449439 -0.985467 -0.0817029 0.963628 0.221114 0.150096 0.327387
1552661324829265408 85 0.212581 -0.973775 0.081069 -0.0311109 0.165277 -0.0459373 -0.985177 -0.0822212 0.963064 0.222829 0.151177 0.335077
1552661324862602496 86 0.214198 -0.973461 0.0805737 -0.0313615 0.166052 -0.0449985 -0.98509 -0.0810212 0.962573 0.224384 0.152007 0.34175
1552661324895940608 87 0.214928 -0.973208 0.0816818 -0.0320958 0.169543 -0.0451858 -0.984486 -0.0811728 0.961801 0.225442 0.155288 0.348441
1552661324929278464 88 0.211704 -0.973895 0.0819199 -0.0310467 0.169691 -0.0459187 -0.984427 -0.0766704 0.96249 0.222308 0.15554 0.353564
1552661324962616576 89 0.209235 -0.97437 0.0826093 -0.0325839 0.176046 -0.0455648 -0.983327 -0.0769249 0.961888 0.220289 0.162 0.360246
1552661324995953664 90 0.205052 -0.975136 0.08405 -0.0328122 0.180486 -0.0467293 -0.982467 -0.0751735 0.961966 0.216626 0.166416 0.365918
1552661325029490432 91 0.2007 -0.975841 0.0863345 -0.0318769 0.181621 -0.0495364 -0.98212 -0.0734581 0.96267 0.212792 0.167291 0.370382
1552661325062828544 92 0.196919 -0.976432 0.0883337 -0.0308349 0.184854 -0.0515047 -0.981416 -0.0722912 0.962835 0.209588 0.170355 0.374892
1552661325096165632 93 0.194142 -0.976932 0.0889569 -0.0303464 0.189852 -0.0515494 -0.980458 -0.0717482 0.962427 0.207237 0.175465 0.378973
1552661325129706496 94 0.191804 -0.977304 0.0899329 -0.0292529 0.196457 -0.051547 -0.979157 -0.0725438 0.961569 0.205474 0.182111 0.383278
1552661325163044608 95 0.191329 -0.977248 0.0915408 -0.0288636 0.200702 -0.0523408 -0.978253 -0.0728351 0.960787 0.205541 0.186121 0.387449
1552661325196382464 96 0.188221 -0.977684 0.0933108 -0.0247745 0.200754 -0.0547032 -0.978113 -0.0727361 0.96139 0.202834 0.185978 0.391274
1552661325229719552 97 0.191988 -0.976936 0.0934719 -0.0272793 0.203705 -0.0535003 -0.977569 -0.0768271 0.960023 0.206722 0.188735 0.39664
1552661325263057408 98 0.192661 -0.977023 0.091148 -0.0244291 0.201936 -0.0514235 -0.978048 -0.0782856 0.960262 0.206838 0.187389 0.400084
1552661325296395520 99 0.197266 -0.976474 0.0870922 -0.0221283 0.20247 -0.0463427 -0.978191 -0.0818488 0.959214 0.210598 0.188565 0.403834
1552661325329733632 100 0.204372 -0.975491 0.0815389 -0.0199516 0.201187 -0.0396611 -0.97875 -0.0835887 0.957996 0.216434 0.188151 0.407322
1552661325363070464 101 0.209308 -0.974799 0.0771797 -0.0167916 0.20167 -0.0341987 -0.978856 -0.0865152 0.956828 0.220447 0.189429 0.410205
1552661325396408576 102 0.210548 -0.974428 0.0784822 -0.0154094 0.202432 -0.0350834 -0.978668 -0.0888569 0.956395 0.221944 0.189869 0.413401
1552661325429746432 103 0.207592 -0.974747 0.0822998 -0.014874 0.204117 -0.0391176 -0.978165 -0.0906802 0.956683 0.219858 0.190842 0.416657
1552661325463083520 104 0.206031 -0.97481 0.0854167 -0.0169131 0.209978 -0.0412145 -0.976837 -0.0949795 0.955751 0.219194 0.196197 0.421035
1552661325496421632 105 0.203133 -0.975127 0.0886824 -0.0166179 0.212537 -0.0445 -0.976139 -0.0976746 0.955806 0.217134 0.198211 0.42368
1552661325529759488 106 0.200575 -0.975496 0.0904282 -0.0170329 0.211827 -0.0469372 -0.976179 -0.0969683 0.956504 0.214953 0.197222 0.425855
1552661325563097600 107 0.199113 -0.976216 0.0857657 -0.018422 0.216558 -0.0415228 -0.975386 -0.100939 0.955749 0.212785 0.20314 0.429112
1552661325596434432 108 0.197958 -0.977143 0.07749 -0.0194106 0.219775 -0.0327961 -0.974999 -0.103501 0.955255 0.21004 0.208259 0.431865
1552661325629933568 109 0.196155 -0.978146 0.0689515 -0.020107 0.218229 -0.0250074 -0.975577 -0.10297 0.955981 0.206411 0.208554 0.43327
1552661325663271424 110 0.191761 -0.979225 0.0659299 -0.020302 0.219293 -0.0227279 -0.975394 -0.105806 0.956629 0.201501 0.210379 0.435033
1552661325696609536 111 0.186458 -0.980021 0.0692307 -0.0226137 0.216156 -0.0278185 -0.975963 -0.105976 0.958389 0.19694 0.20665 0.436487
1552661325729946624 112 0.175081 -0.981646 0.0756117 -0.0196636 0.210361 -0.037727 -0.976895 -0.106621 0.961819 0.186941 0.199895 0.43815
1552661325763284480 113 0.175708 -0.980756 0.0851106 -0.0270391 0.208574 -0.047405 -0.976857 -0.111028 0.962093 0.189394 0.196231 0.440774
1552661325796622592 114 0.172035 -0.980328 0.0967516 -0.0276648 0.205518 -0.0603369 -0.976792 -0.113047 0.963414 0.187926 0.191095 0.441635
1552661325829959424 115 0.169932 -0.979316 0.109829 -0.0288466 0.206177 -0.0736521 -0.975739 -0.114016 0.963646 0.188453 0.189397 0.442026
1552661325863297536 116 0.16947 -0.978097 0.120858 -0.0295966 0.210332 -0.0839116 -0.974022 -0.115859 0.962829 0.190488 0.191505 0.442703
1552661325896635648 117 0.171014 -0.976684 0.12978 -0.0293406 0.216349 -0.0912804 -0.97204 -0.117889 0.961222 0.194311 0.195694 0.44283
1552661325929973504 118 0.173692 -0.975392 0.135803 -0.0277004 0.218463 -0.0963007 -0.971082 -0.115203 0.960263 0.198337 0.196361 0.441601
1552661325963310592 119 0.175436 -0.974454 0.140219 -0.0253027 0.227449 -0.0984566 -0.9688 -0.119318 0.957856 0.201856 0.204366 0.441392
1552661325996648448 120 0.174562 -0.973846 0.145437 -0.0214669 0.23046 -0.103194 -0.967594 -0.11889 0.957296 0.202423 0.206419 0.43999
1552661326029986560 121 0.171295 -0.973154 0.153716 -0.0176359 0.230981 -0.112006 -0.96649 -0.119301 0.957761 0.201061 0.205594 0.438544
1552661326063323648 122 0.164713 -0.972788 0.162953 -0.0142446 0.229419 -0.122894 -0.965538 -0.119995 0.95929 0.196421 0.202933 0.43737
1552661326096661504 123 0.155355 -0.973009 0.17064 -0.0127891 0.227042 -0.132944 -0.964768 -0.119933 0.961414 0.188623 0.20026 0.437118
1552661326129999616 124 0.1408 -0.97437 0.17544 -0.00772653 0.223033 -0.141433 -0.964496 -0.119747 0.964589 0.17493 0.197402 0.434871
1552661326163337472 125 0.124595 -0.976244 0.177266 -0.00335919 0.218549 -0.147268 -0.964649 -0.118042 0.967839 0.158932 0.195009 0.432414
1552661326196674560 126 0.107781 -0.978809 0.174117 0.000376173 0.216472 -0.14783 -0.965032 -0.118261 0.970321 0.141703 0.195952 0.430565
1552661326230012416 127 0.0886155 -0.981903 0.167375 0.00738126 0.212317 -0.145554 -0.9663 -0.116763 0.973175 0.121166 0.195576 0.426906
1552661326263350528 128 0.0694664 -0.984567 0.160633 0.0144076 0.206291 -0.143364 -0.967931 -0.114844 0.976022 0.100376 0.193148 0.423603
1552661326296688640 129 0.0503375 -0.986391 0.15652 0.019714 0.200293 -0.143565 -0.96916 -0.112654 0.978442 0.080135 0.19034 0.42028
1552661326330025472 130 0.0279861 -0.987782 0.153306 0.0267103 0.193995 -0.145083 -0.970215 -0.112571 0.980603 0.056893 0.187564 0.416819
1552661326363363584 131 0.00292659 -0.989331 0.145655 0.034042 0.189215 -0.142476 -0.971544 -0.112642 0.981931 0.0304033 0.186779 0.412185
1552661326396701440 132 -0.019751 -0.990477 0.136256 0.0412979 0.182757 -0.137563 -0.973487 -0.110148 0.98296 0.00567457 0.183734 0.407132
1552661326430038528 133 -0.0408603 -0.990806 0.12897 0.0518149 0.177587 -0.134224 -0.974909 -0.108309 0.983257 -0.0169317 0.181439 0.401553
1552661326463376640 134 -0.0601197 -0.990672 0.122288 0.0631116 0.172752 -0.130988 -0.976217 -0.107559 0.983129 -0.0375643 0.179016 0.396235
1552661326496714496 135 -0.0745303 -0.990562 0.115035 0.0709391 0.171455 -0.126366 -0.977054 -0.106458 0.982369 -0.0530969 0.179254 0.38987
1552661326530052608 136 -0.0897118 -0.989767 0.110961 0.081213 0.173444 -0.125234 -0.976849 -0.105188 0.980749 -0.0683893 0.182905 0.383792
1552661326563389440 137 -0.105607 -0.988432 0.108856 0.0925289 0.179867 -0.12665 -0.975504 -0.10156 0.978006 -0.0834402 0.191162 0.377008
1552661326596727552 138 -0.121984 -0.986837 0.106171 0.105314 0.186975 -0.127902 -0.974003 -0.0968074 0.974762 -0.0989612 0.200116 0.370399
1552661326630065664 139 -0.133157 -0.98571 0.103172 0.114465 0.194772 -0.128095 -0.972448 -0.0918726 0.971768 -0.109393 0.209046 0.363306
1552661326663403520 140 -0.145588 -0.984525 0.0975438 0.126583 0.205158 -0.126494 -0.97052 -0.0895048 0.96784 -0.121285 0.220399 0.35703
1552661326696740608 141 -0.157721 -0.982995 0.0940468 0.138035 0.214116 -0.127016 -0.968515 -0.0856798 0.963991 -0.132618 0.230508 0.350554
1552661326730078464 142 -0.171081 -0.98106 0.0908432 0.150742 0.219894 -0.127897 -0.967104 -0.0816756 0.960405 -0.145477 0.237609 0.344825
1552661326763416576 143 -0.180927 -0.979717 0.0861418 0.162579 0.226155 -0.126685 -0.965818 -0.0774712 0.957141 -0.155262 0.244488 0.338834
1552661326796753408 144 -0.184179 -0.979574 0.080697 0.171774 0.235646 -0.123714 -0.963932 -0.0775924 0.954227 -0.15852 0.253619 0.333739
1552661326830091520 145 -0.19112 -0.97862 0.0760047 0.187966 0.234636 -0.120736 -0.964556 -0.0697758 0.95311 -0.166513 0.252694 0.329293
1552661326863429632 146 -0.193208 -0.97854 0.0716189 0.201383 0.238173 -0.117587 -0.964078 -0.0675703 0.951811 -0.16921 0.25578 0.325783
1552661326896767488 147 -0.19311 -0.978571 0.0714649 0.214253 0.237762 -0.117336 -0.96421 -0.0619234 0.951934 -0.169207 0.255326 0.322213
1552661326930104576 148 -0.193181 -0.97862 0.0705928 0.23017 0.236558 -0.116281 -0.964634 -0.0585629 0.952219 -0.16965 0.253963 0.32028
1552661326963442432 149 -0.189993 -0.979451 0.0676576 0.244768 0.236472 -0.112537 -0.965099 -0.0554684 0.952882 -0.167363 0.252994 0.318633
1552661326996780544 150 -0.183319 -0.980949 0.064288 0.257147 0.238928 -0.107895 -0.965025 -0.054248 0.953576 -0.161547 0.254155 0.317171
1552661327030118656 151 -0.17786 -0.982134 0.061464 0.27323 0.237051 -0.103382 -0.965981 -0.0515817 0.955077 -0.15724 0.251203 0.317049
1552661327063455488 152 -0.170268 -0.983654 0.0586003 0.288152 0.235955 -0.0984374 -0.966765 -0.0497794 0.956731 -0.150782 0.248859 0.317172
1552661327096793600 153 -0.163677 -0.98499 0.0548168 0.30375 0.235837 -0.0930233 -0.96733 -0.0480282 0.95791 -0.145402 0.247523 0.318014
1552661327130131456 154 -0.15877 -0.985908 0.0526949 0.319246 0.231494 -0.0890576 -0.968751 -0.0464695 0.959793 -0.14161 0.242371 0.318838
1552661327163468544 155 -0.154227 -0.986772 0.0499591 0.333146 0.227074 -0.0846103 -0.970195 -0.0450244 0.961588 -0.138286 0.237119 0.319511
1552661327196806656 156 -0.149939 -0.987641 0.0456376 0.346169 0.224747 -0.0789982 -0.97121 -0.045498 0.962812 -0.135365 0.233814 0.320976
1552661327230144512 157 -0.149263 -0.987893 0.0422917 0.361535 0.21899 -0.0747359 -0.972861 -0.0457163 0.964243 -0.13595 0.227494 0.322437
1552661327263482624 158 -0.147598 -0.988227 0.0402729 0.374132 0.213723 -0.0716246 -0.974265 -0.0449839 0.96568 -0.135192 0.221778 0.323317
1552661327296819456 159 -0.144543 -0.988735 0.0388718 0.382689 0.211981 -0.069314 -0.974813 -0.0467352 0.966525 -0.132662 0.219612 0.32336
1552661327330157568 160 -0.146035 -0.988628 0.0358993 0.396399 0.209064 -0.0663099 -0.975651 -0.0475509 0.966936 -0.134974 0.21637 0.324653
1552661327363495424 161 -0.144236 -0.98904 0.0315594 0.408201 0.208562 -0.061561 -0.97607 -0.046388 0.967315 -0.134203 0.215155 0.324875
1552661327396832512 162 -0.142899 -0.989395 0.0260164 0.419979 0.210359 -0.0560469 -0.976016 -0.0460803 0.967124 -0.133999 0.216138 0.325257
1552661327430170624 163 -0.140675 -0.98985 0.0202048 0.429231 0.213539 -0.0502623 -0.975641 -0.0463023 0.966753 -0.132934 0.218442 0.325236
1552661327463508480 164 -0.142711 -0.989665 0.0140578 0.44171 0.213562 -0.0446583 -0.975908 -0.0454343 0.96645 -0.136271 0.217728 0.325519
1552661327496846592 165 -0.143921 -0.989543 0.00952709 0.451888 0.215633 -0.0407552 -0.975624 -0.0457791 0.96581 -0.138359 0.219243 0.325423
1552661327530183424 166 -0.145058 -0.989406 0.00589292 0.461912 0.216992 -0.0376233 -0.975448 -0.04529 0.965335 -0.140218 0.220151 0.325288
1552661327563521536 167 -0.143493 -0.989647 0.00303179 0.469203 0.220385 -0.0349408 -0.974787 -0.0461909 0.964801 -0.139207 0.223117 0.324864
1552661327596859648 168 -0.144848 -0.989453 0.00114102 0.479744 0.220468 -0.0333989 -0.974822 -0.0453525 0.964579 -0.14095 0.22298 0.32464
1552661327630197504 169 -0.144987 -0.989433 0.00046667 0.489019 0.222158 -0.0330136 -0.974452 -0.0449675 0.96417 -0.141179 0.224597 0.324477
1552661327663534592 170 -0.143508 -0.989649 0.000840974 0.49852 0.223662 -0.0332607 -0.974099 -0.044549 0.964044 -0.139603 0.22612 0.32438
1552661327696872448 171 -0.137178 -0.990544 0.00203857 0.504353 0.226044 -0.0333078 -0.973548 -0.0448035 0.96441 -0.133088 0.228476 0.323295
1552661327730049536 172 -0.133751 -0.991013 0.00176907 0.514775 0.226197 -0.0322663 -0.973547 -0.0442087 0.964855 -0.129813 0.22848 0.323269
1552661327763386624 173 -0.129124 -0.991624 0.00287195 0.524845 0.226534 -0.0323173 -0.973467 -0.0437434 0.965406 -0.125047 0.228809 0.323284
1552661327796724480 174 -0.125038 -0.992142 0.00450161 0.534662 0.226172 -0.0329213 -0.973531 -0.0439575 0.966029 -0.12071 0.228511 0.323183
1552661327830062592 175 -0.119312 -0.992848 0.00425992 0.541318 0.226406 -0.0313846 -0.973527 -0.043427 0.966698 -0.115189 0.228531 0.32239
1552661327863400448 176 -0.116067 -0.99324 0.00193384 0.550867 0.224948 -0.028183 -0.973963 -0.04317 0.967433 -0.11261 0.226699 0.321796
1552661327896737536 177 -0.114358 -0.993438 -0.00165959 0.561679 0.224894 -0.0242612 -0.974081 -0.0435498 0.967649 -0.111768 0.226193 0.322158
1552661327930075648 178 -0.111519 -0.993758 -0.00299339 0.570245 0.223016 -0.0220912 -0.974564 -0.0420945 0.968415 -0.10935 0.224087 0.32168
1552661327963413504 179 -0.106807 -0.994274 -0.00344395 0.576232 0.221874 -0.0204576 -0.974861 -0.0401793 0.969208 -0.104887 0.222789 0.320935
1552661327996751616 180 -0.106126 -0.994329 -0.00688231 0.586504 0.220046 -0.016735 -0.975346 -0.0398 0.969699 -0.105024 0.220574 0.320861
1552661328030088448 181 -0.10401 -0.994519 -0.0107153 0.593879 0.218959 -0.0123873 -0.975656 -0.0393824 0.970175 -0.103824 0.219047 0.320354
1552661328063426560 182 -0.103581 -0.994517 -0.014411 0.601578 0.218567 -0.00862482 -0.975784 -0.0390543 0.970309 -0.104223 0.218262 0.320247
1552661328096764416 183 -0.104677 -0.994344 -0.0179384 0.608918 0.217245 -0.00526056 -0.976103 -0.0382589 0.970488 -0.106073 0.216567 0.320204
1552661328130101504 184 -0.103101 -0.99447 -0.0199637 0.611956 0.215482 -0.00273702 -0.976504 -0.037864 0.97105 -0.104981 0.214573 0.319089
1552661328163439616 185 -0.104055 -0.994307 -0.0229435 0.619042 0.213368 0.000214333 -0.976972 -0.040014 0.971415 -0.106554 0.212131 0.318906
1552661328196777472 186 -0.10365 -0.994235 -0.027439 0.624965 0.210745 0.00500755 -0.977528 -0.0392958 0.972031 -0.107103 0.209011 0.318374
1552661328230115584 187 -0.103021 -0.994122 -0.0332988 0.628205 0.20842 0.0111594 -0.977976 -0.0387208 0.972598 -0.107692 0.206045 0.316834
1552661328263452416 188 -0.106893 -0.993531 -0.0383516 0.632204 0.206337 0.0155662 -0.978357 -0.0390767 0.972625 -0.112493 0.203338 0.316576
1552661328296790528 189 -0.111044 -0.992896 -0.0427296 0.633383 0.205459 0.0191309 -0.978479 -0.0405001 0.972346 -0.117433 0.201875 0.315573
1552661328330128640 190 -0.113231 -0.992434 -0.0474652 0.630922 0.205737 0.0233171 -0.978329 -0.0414034 0.972034 -0.120543 0.20154 0.314089
1552661328363466496 191 -0.118531 -0.991524 -0.0532017 0.633501 0.205246 0.0279566 -0.978311 -0.043521 0.971506 -0.12688 0.200193 0.313832
1552661328396803584 192 -0.117349 -0.991425 -0.057496 0.629921 0.206679 0.0322468 -0.977877 -0.0466201 0.971346 -0.126636 0.201123 0.31207
1552661328430141440 193 -0.114992 -0.991578 -0.0595864 0.626264 0.207093 0.0347363 -0.977704 -0.0473533 0.97154 -0.124768 0.201355 0.3104
1552661328463479552 194 -0.110586 -0.992052 -0.0600248 0.621693 0.210915 0.0355942 -0.976856 -0.0503188 0.971229 -0.120687 0.205303 0.309109
1552661328496816640 195 -0.104885 -0.99279 -0.0580315 0.614854 0.214373 0.0344107 -0.976145 -0.0520459 0.971104 -0.114824 0.209218 0.307439
1552661328530154496 196 -0.100337 -0.993473 -0.0542615 0.609137 0.217232 0.0313465 -0.975617 -0.0529728 0.970949 -0.109678 0.212669 0.306368
1552661328563492608 197 -0.0940528 -0.994257 -0.0510555 0.601733 0.219122 0.0293517 -0.975256 -0.0529562 0.971154 -0.102913 0.215103 0.304992
1552661328596830464 198 -0.0899048 -0.994737 -0.0491519 0.595268 0.221241 0.0281715 -0.974812 -0.0537617 0.971066 -0.0985147 0.217544 0.304774
1552661328630167552 199 -0.085043 -0.995307 -0.0461619 0.584864 0.221763 0.02626 -0.974747 -0.0552488 0.971385 -0.0931323 0.218489 0.303779
1552661328663505408 200 -0.0835752 -0.995604 -0.0422777 0.57479 0.22057 0.0228915 -0.975102 -0.0560806 0.971784 -0.0908196 0.217688 0.303318
1552661328696843520 201 -0.083217 -0.995863 -0.0364822 0.565286 0.219128 0.0174268 -0.975541 -0.0557526 0.972141 -0.0891759 0.216771 0.303057
1552661328730180608 202 -0.0815696 -0.996226 -0.0296763 0.55585 0.218484 0.011178 -0.975777 -0.0549808 0.972425 -0.0860775 0.216747 0.302698
1552661328763518464 203 -0.0791536 -0.996591 -0.0232429 0.545785 0.218885 0.00537166 -0.975736 -0.0543903 0.972535 -0.0823205 0.217714 0.30214
1552661328796856576 204 -0.078938 -0.996719 -0.0178957 0.537729 0.220832 2.19496e-05 -0.975312 -0.0557767 0.972112 -0.0809411 0.220106 0.303021
1552661328830194432 205 -0.077794 -0.996882 -0.0132069 0.528731 0.22186 -0.00439546 -0.975069 -0.0568662 0.97197 -0.0787846 0.22151 0.303179
1552661328863531520 206 -0.0792012 -0.99681 -0.00987327 0.522691 0.218437 -0.00769048 -0.975821 -0.053712 0.972632 -0.0794429 0.218349 0.304897
1552661328896869632 207 -0.073814 -0.997243 -0.00766968 0.510434 0.21841 -0.00866135 -0.975819 -0.0563219 0.973062 -0.0737042 0.218447 0.304019
1552661328930207488 208 -0.0715731 -0.997422 -0.00510098 0.501795 0.216525 -0.0105449 -0.97622 -0.0583969 0.97365 -0.0709756 0.216721 0.30486
1552661328963545600 209 -0.0701697 -0.997534 -0.00148766 0.493354 0.212805 -0.0135124 -0.977001 -0.0593765 0.974572 -0.0688725 0.213229 0.305657
1552661328996882432 210 -0.0684201 -0.997655 0.00151186 0.484273 0.212105 -0.0160271 -0.977116 -0.0630275 0.974849 -0.0665337 0.212704 0.306535
1552661329030220544 211 -0.0654152 -0.99785 0.0040187 0.473749 0.210673 -0.0177472 -0.977395 -0.0644117 0.975365 -0.0630899 0.211381 0.307027
1552661329063558656 212 -0.0644552 -0.99791 0.00466242 0.465625 0.208754 -0.0180519 -0.977802 -0.066781 0.975842 -0.0620511 0.209481 0.307903
1552661329096895488 213 -0.0623912 -0.998043 0.0042869 0.455761 0.210659 -0.0173673 -0.977405 -0.0708959 0.975566 -0.0600784 0.211331 0.308741
1552661329130233600 214 -0.0642382 -0.997921 0.0051886 0.448912 0.206666 -0.0183898 -0.978239 -0.0691282 0.9763 -0.061768 0.207418 0.309104
1552661329163571456 215 -0.0591561 -0.998227 0.00653408 0.435928 0.205978 -0.0186106 -0.97838 -0.0705922 0.976767 -0.0565312 0.206714 0.30931
1552661329196909568 216 -0.0584951 -0.998264 0.00690912 0.428353 0.20728 -0.0189155 -0.978099 -0.073338 0.976531 -0.0557818 0.208026 0.310471
1552661329230246656 217 -0.0569543 -0.998342 0.00828961 0.420353 0.206534 -0.0199052 -0.978237 -0.0715983 0.97678 -0.0540027 0.207326 0.310585
1552661329263584512 218 -0.0509018 -0.99865 0.0103522 0.409088 0.210478 -0.0208599 -0.977376 -0.0749183 0.976273 -0.0475713 0.211256 0.311688
1552661329296922624 219 -0.0450353 -0.998879 0.0145725 0.397725 0.212699 -0.0238404 -0.976827 -0.0774375 0.976079 -0.0408921 0.213534 0.313156
1552661329330260480 220 -0.0381336 -0.999072 0.0200075 0.387428 0.20707 -0.027488 -0.97794 -0.0739676 0.977583 -0.0331494 0.207926 0.313263
1552661329363597568 221 -0.0337619 -0.999058 0.027253 0.380763 0.199055 -0.0334441 -0.979417 -0.0709573 0.979407 -0.0276422 0.199997 0.313296
1552661329396935424 222 -0.0282569 -0.999024 0.033949 0.370754 0.19182 -0.0387507 -0.980665 -0.0719375 0.981023 -0.0211985 0.192728 0.314777
1552661329430273536 223 -0.0238709 -0.998944 0.039244 0.362014 0.188736 -0.0430524 -0.981084 -0.0759719 0.981738 -0.0160126 0.189564 0.315917
1552661329463610624 224 -0.0179331 -0.998842 0.0446432 0.350412 0.182617 -0.0471714 -0.982052 -0.074916 0.983021 -0.00945868 0.183251 0.31659
1552661329496948480 225 -0.0149251 -0.998801 0.0466164 0.339962 0.182817 -0.0485616 -0.981947 -0.0776109 0.983034 -0.00613341 0.183323 0.317311
1552661329530286592 226 -0.0142053 -0.998852 0.045744 0.333493 0.181334 -0.0475635 -0.982271 -0.0772256 0.983319 -0.00565856 0.181801 0.317419
1552661329563624448 227 -0.00641997 -0.998856 0.0473882 0.319872 0.181684 -0.0477656 -0.982196 -0.0784977 0.983336 0.00230401 0.181783 0.318022
1552661329596961536 228 -0.00332037 -0.998789 0.0490901 0.310744 0.182704 -0.04887 -0.981953 -0.0800227 0.983162 0.00570851 0.182645 0.317982
1552661329630299648 229 0.00294639 -0.998628 0.0522826 0.298627 0.184733 -0.0508394 -0.981473 -0.0813398 0.982784 0.0125501 0.184329 0.319004
1552661329663637504 230 0.00599413 -0.998364 0.0568677 0.29033 0.185686 -0.0547684 -0.981082 -0.0792342 0.982591 0.0164403 0.185054 0.317246
1552661329696975616 231 0.00952078 -0.998155 0.0599701 0.280946 0.188595 -0.0571041 -0.980393 -0.0796589 0.982009 0.0206442 0.187703 0.317109
1552661329730312448 232 0.0139911 -0.997948 0.0624901 0.270615 0.193724 -0.0586067 -0.979304 -0.0799604 0.980956 0.0258074 0.192506 0.317015
1552661329763650560 233 0.0171809 -0.997712 0.0653909 0.260387 0.20168 -0.0605981 -0.977575 -0.0832499 0.979301 0.0299837 0.200178 0.316662
1552661329796988416 234 0.0184523 -0.997537 0.0676705 0.250607 0.204934 -0.0624715 -0.97678 -0.0832788 0.978602 0.0318918 0.203277 0.316452
1552661329830325504 235 0.0189565 -0.997408 0.0694095 0.24088 0.20666 -0.064014 -0.976316 -0.0836827 0.978229 0.0328518 0.204911 0.31615
1552661329863663616 236 0.0186824 -0.997256 0.0716377 0.232118 0.205213 -0.0663001 -0.976469 -0.081999 0.978539 0.0329437 0.203411 0.315787
1552661329897001472 237 0.0195217 -0.9971 0.0735603 0.223045 0.203481 -0.0680722 -0.97671 -0.0814797 0.978884 0.0340351 0.201562 0.314918
1552661329930339584 238 0.0246243 -0.996953 0.0740123 0.211218 0.20472 -0.067437 -0.976495 -0.0850615 0.978511 0.0391974 0.202436 0.316228
1552661329963676416 239 0.028907 -0.996866 0.0736363 0.20256 0.201565 -0.0663405 -0.977226 -0.0830979 0.979048 0.0430912 0.199016 0.315375
1552661329997014528 240 0.0339222 -0.996788 0.0725414 0.194839 0.199756 -0.0643564 -0.97773 -0.0841712 0.979258 0.0476574 0.196931 0.315578
1552661330030352640 241 0.0395382 -0.996573 0.0726591 0.186166 0.198921 -0.0634101 -0.977962 -0.0849945 0.979218 0.0531203 0.195732 0.315364
1552661330063690496 242 0.0473783 -0.996281 0.0719671 0.175501 0.199128 -0.0611814 -0.978062 -0.0862371 0.978827 0.0606696 0.195489 0.316077
1552661330097027584 243 0.0535387 -0.995958 0.07212 0.167224 0.200581 -0.0600253 -0.977836 -0.0886228 0.978213 0.066818 0.196557 0.316052
1552661330130365440 244 0.059712 -0.995487 0.0737611 0.15811 0.200603 -0.0604184 -0.977808 -0.0900528 0.977851 0.0731835 0.19609 0.316367
1552661330163703552 245 0.0659758 -0.994983 0.0752096 0.148949 0.198814 -0.0607544 -0.978152 -0.0903318 0.977814 0.0794871 0.193808 0.316393
1552661330197040640 246 0.0725943 -0.994302 0.0780664 0.140789 0.196577 -0.0624734 -0.978496 -0.0910101 0.977797 0.0863793 0.190921 0.316082
1552661330230378496 247 0.082464 -0.993145 0.082839 0.128203 0.196688 -0.0652684 -0.978291 -0.0924049 0.976992 0.0969672 0.189957 0.316577
1552661330263716608 248 0.0875724 -0.992378 0.0866983 0.119384 0.195704 -0.0681975 -0.978289 -0.0933982 0.976745 0.102638 0.18824 0.31677
1552661330297054464 249 0.0945857 -0.991399 0.0904555 0.108411 0.197647 -0.0703531 -0.977746 -0.0954907 0.975699 0.110359 0.189292 0.317245
1552661330330391552 250 0.1021 -0.990315 0.094088 0.0988619 0.198445 -0.0724049 -0.977434 -0.0961573 0.97478 0.118467 0.189131 0.317214
1552661330363729408 251 0.11146 -0.989065 0.0965781 0.0890213 0.197807 -0.0731583 -0.977507 -0.0967057 0.973883 0.128057 0.18749 0.317379
1552661330397067520 252 0.120662 -0.98788 0.0976401 0.077657 0.196784 -0.0726036 -0.977755 -0.0977273 0.972994 0.137192 0.185639 0.318491
1552661330430404608 253 0.127579 -0.986919 0.0985572 0.0662241 0.198786 -0.0719096 -0.977401 -0.101144 0.971703 0.144288 0.187011 0.319108
1552661330463742464 254 0.129614 -0.986649 0.0986138 0.0599231 0.196932 -0.071857 -0.97778 -0.099041 0.971812 0.146154 0.184989 0.317611
1552661330497080576 255 0.135629 -0.985874 0.0982718 0.0485348 0.197549 -0.0702868 -0.97777 -0.0986153 0.970865 0.152027 0.185225 0.318331
1552661330530418432 256 0.139747 -0.985152 0.0997343 0.0359242 0.200187 -0.0705338 -0.977216 -0.0998708 0.96974 0.156528 0.187357 0.319196
1552661330563755520 257 0.141209 -0.984907 0.100091 0.025954 0.200973 -0.0704792 -0.977058 -0.101203 0.969366 0.158085 0.187987 0.319985
1552661330597093632 258 0.144808 -0.984065 0.103182 0.0141482 0.200872 -0.0728724 -0.976903 -0.10156 0.968855 0.16219 0.187119 0.321422
1552661330630431488 259 0.147039 -0.983286 0.107367 0.00403915 0.200137 -0.0767257 -0.976759 -0.101794 0.968672 0.16511 0.185511 0.321831
1552661330663769600 260 0.150969 -0.982345 0.110485 -0.00703284 0.202046 -0.078744 -0.976205 -0.104826 0.96767 0.1697 0.186591 0.322987
1552661330697106432 261 0.153551 -0.981747 0.112225 -0.0176733 0.202447 -0.079907 -0.976028 -0.106644 0.96718 0.17259 0.186482 0.324138
1552661330730444544 262 0.15515 -0.981236 0.114476 -0.0289992 0.202633 -0.0818059 -0.975832 -0.10884 0.966886 0.174597 0.186138 0.325056
1552661330763782656 263 0.156054 -0.981055 0.114794 -0.0396766 0.203999 -0.0817012 -0.975556 -0.111994 0.966453 0.175657 0.187384 0.326636
1552661330797119488 264 0.157358 -0.981061 0.112954 -0.0524486 0.204237 -0.0795759 -0.975682 -0.112306 0.966191 0.176601 0.187847 0.327463
1552661330830457600 265 0.155768 -0.981509 0.111248 -0.0615645 0.20479 -0.0780875 -0.975686 -0.114872 0.966332 0.174763 0.188839 0.328194
1552661330863795456 266 0.155658 -0.981298 0.11325 -0.0731571 0.206399 -0.0798075 -0.975208 -0.116854 0.966007 0.175173 0.190117 0.329898
1552661330897133568 267 0.15317 -0.981215 0.117288 -0.0838851 0.210199 -0.083622 -0.974076 -0.120403 0.965585 0.173853 0.193442 0.330911
1552661330930470656 268 0.151956 -0.980832 0.121977 -0.0940388 0.211333 -0.0883135 -0.973416 -0.122184 0.96553 0.173694 0.193862 0.332002
1552661330963808512 269 0.151833 -0.980243 0.126772 -0.102294 0.208151 -0.0936723 -0.973601 -0.121096 0.96624 0.174212 0.189816 0.332138
1552661330997146624 270 0.154652 -0.979376 0.130017 -0.112271 0.208952 -0.0961993 -0.973183 -0.125474 0.96562 0.177672 0.189765 0.334182
1552661331030484480 271 0.157318 -0.978733 0.131652 -0.119965 0.206951 -0.0976783 -0.973463 -0.127422 0.96562 0.180389 0.187183 0.334721
1552661331063821568 272 0.164066 -0.977766 0.130598 -0.129163 0.205886 -0.0955352 -0.973901 -0.130822 0.964725 0.186672 0.185634 0.336079
1552661331097159424 273 0.171719 -0.976516 0.13011 -0.139817 0.206527 -0.0934525 -0.973968 -0.134168 0.963254 0.19412 0.18563 0.337675
1552661331130497536 274 0.176381 -0.975787 0.129339 -0.147727 0.20496 -0.0921111 -0.974427 -0.135702 0.962747 0.19838 0.18375 0.338606
1552661331163834624 275 0.180011 -0.975087 0.12962 -0.155968 0.206122 -0.0914554 -0.974243 -0.138452 0.961826 0.202092 0.184524 0.339216
1552661331197172480 276 0.182863 -0.974455 0.130381 -0.165068 0.210221 -0.0907944 -0.973429 -0.142602 0.9604 0.205412 0.188248 0.340253
1552661331230510592 277 0.185129 -0.973961 0.130871 -0.173765 0.2148 -0.0898482 -0.972516 -0.144213 0.958952 0.208152 0.192573 0.341368
1552661331263848448 278 0.185427 -0.973586 0.133217 -0.181682 0.218913 -0.0912333 -0.97147 -0.144185 0.957963 0.209299 0.196214 0.340732
1552661331297185536 279 0.186545 -0.972891 0.136687 -0.190539 0.22359 -0.0934359 -0.970194 -0.145605 0.956665 0.211547 0.200099 0.342661
1552661331330523648 280 0.188957 -0.97169 0.14182 -0.200131 0.229687 -0.0966821 -0.968451 -0.151189 0.954746 0.215569 0.204915 0.344228
1552661331363861504 281 0.189865 -0.970779 0.146765 -0.206017 0.22762 -0.101889 -0.968405 -0.149755 0.95506 0.217273 0.201623 0.343337
1552661331397198592 282 0.195486 -0.969189 0.149861 -0.215298 0.22987 -0.103269 -0.967727 -0.153673 0.953386 0.223626 0.2026 0.345514
1552661331430536448 283 0.196795 -0.968677 0.151447 -0.221019 0.229244 -0.104724 -0.967719 -0.154181 0.953268 0.22516 0.201454 0.345501
