1548881154352190720 37 0.000565811 -1 6.70472e-05 0.00235202 -0.00107315 -6.76544e-05 -0.999999 0.000637191 0.999999 0.000565739 -0.00107319 -0.000908197
1548881154518879744 42 0.00087422 -0.999999 -0.00128848 0.0151983 -0.00138187 0.00128727 -0.999998 -0.00038768 0.999999 0.000875999 -0.00138075 -0.000875676
1548881155018945792 57 0.00087811 -1 -0.000265833 0.0616673 -9.77265e-05 0.000265747 -1 0.00141492 1 0.000878136 -9.74931e-05 -0.00227701
1548881155285646592 65 0.00400508 -0.99999 0.00182388 0.107114 0.000904467 -0.00182027 -0.999998 0.00211699 0.999992 0.00400672 0.000897168 -0.00288086
1548881155585686784 74 0.0153476 -0.99988 0.00223513 0.170283 0.00257203 -0.0021959 -0.999994 0.00468061 0.999879 0.0153532 0.00253802 -0.00801285
1548881155785712640 80 0.0282731 -0.9996 -1.14328e-05 0.225608 0.00339469 0.000107454 -0.999994 0.00596189 0.999594 0.0282729 0.00339637 -0.0094016
1548881156052414720 88 0.0427826 -0.999081 0.00277108 0.296305 0.00317182 -0.00263778 -0.999991 0.00611443 0.999079 0.0427911 0.00305606 -0.0132279
1548881156385791744 98 0.0555534 -0.998432 0.00684299 0.384244 0.006597 -0.00648638 -0.999957 0.0084441 0.998434 0.0555961 0.00622632 -0.0196828
1548881156652493824 106 0.0432004 -0.998998 0.0116501 0.450766 0.00251668 -0.0115521 -0.99993 0.0108185 0.999063 0.0432267 0.0020151 -0.0214774
1548881156852520704 112 0.00299684 -0.999951 0.00948452 0.510843 0.00620917 -0.00946577 -0.999936 0.012658 0.999976 0.00305554 0.00618049 -0.030562
1548881157019208704 117 -0.0283987 -0.999443 0.0175381 0.548175 0.00417731 -0.0176637 -0.999835 0.014441 0.999588 -0.0283207 0.00467661 -0.0316729
1548881157152559616 121 -0.0364899 -0.999236 0.0139664 0.590691 0.00666612 -0.0142188 -0.999877 0.0158541 0.999312 -0.0363923 0.00717987 -0.0342498
1548881157252572672 124 -0.05057 -0.998614 0.0146044 0.622813 0.00435683 -0.0148435 -0.99988 0.0159719 0.998711 -0.0505004 0.00510143 -0.0317921
1548881157485936640 131 -0.0719004 -0.997405 0.00381661 0.707194 0.0015502 -0.00393826 -0.999991 0.0172098 0.997411 -0.0718938 0.00182934 -0.0229404
1548881157652625664 136 -0.0880417 -0.995738 -0.0274678 0.784776 -0.0278134 0.0300214 -0.999162 0.0140905 0.995728 -0.087204 -0.030338 0.00313251
1548881157785976832 140 -0.10294 -0.993286 -0.0527809 0.847987 -0.0380844 0.0569597 -0.99765 0.0129868 0.993958 -0.100688 -0.0436922 0.0204756
1548881157919327744 144 -0.110774 -0.99263 -0.0491365 0.886357 -0.0278934 0.0525265 -0.99823 0.0130771 0.993454 -0.109207 -0.0335064 0.0181568
1548881158053387776 148 -0.134541 -0.988697 -0.0661525 0.942457 -0.0248018 0.0700986 -0.997232 0.00551886 0.990598 -0.132528 -0.0339526 0.0260431
1548881158153400832 151 -0.135369 -0.985982 -0.0975418 0.997315 -0.0336263 0.102963 -0.994117 0.00238217 0.990225 -0.131292 -0.0470929 0.0389921
1548881158354068736 157 -0.1402 -0.9828 -0.120198 1.07735 -0.0429439 0.127319 -0.990932 -0.00124345 0.989191 -0.133767 -0.0600554 0.0556557
1548881158487419648 161 -0.14068 -0.980545 -0.136893 1.12522 -0.0458815 0.144577 -0.988429 -0.0051064 0.988991 -0.132771 -0.0653279 0.0649465
1548881158620770816 165 -0.133492 -0.981294 -0.138717 1.16497 -0.0365959 0.144755 -0.988791 -0.0057272 0.990374 -0.126919 -0.0552349 0.0635012
1548881158787459584 170 -0.110876 -0.980167 -0.164251 1.21864 -0.0591162 0.171482 -0.983412 -0.00829343 0.992074 -0.0993269 -0.076957 0.0811183
1548881158954147584 175 -0.0854749 -0.983556 -0.159095 1.26691 -0.0592449 0.164414 -0.984611 -0.0118549 0.994577 -0.0747339 -0.072324 0.086338
1548881159087498752 179 -0.0745351 -0.989466 -0.124099 1.28928 -0.0609064 0.12873 -0.989808 -0.0197904 0.995357 -0.0662169 -0.0698598 0.0875632
1548881159320220672 186 -0.0394179 -0.990461 -0.132032 1.34754 -0.0654461 0.13441 -0.988762 -0.0188981 0.997077 -0.0303339 -0.07012 0.0937868
1548881159520247808 192 -0.0134002 -0.994876 -0.100211 1.37491 -0.0633753 0.100864 -0.99288 -0.0219211 0.9979 -0.00695392 -0.0644022 0.0924458
1548881159752902656 199 0.00235157 -0.997545 -0.0699847 1.41629 -0.0699418 0.0696494 -0.995117 -0.0238984 0.997548 0.00723495 -0.0696064 0.100411
1548881160119617792 210 0.0113471 -0.999161 -0.0393486 1.49592 -0.0710641 0.0384458 -0.996731 -0.0250335 0.997407 0.0141063 -0.0705682 0.103806
1548881160452994816 220 0.010059 -0.999923 -0.00722908 1.56842 -0.0755635 0.00644866 -0.99712 -0.0249511 0.99709 0.0105763 -0.0754929 0.103488
1548881160753033728 229 0.0219503 -0.999699 0.0109503 1.63565 -0.0848394 -0.012776 -0.996313 -0.0258494 0.996153 0.0209403 -0.0850943 0.111744
1548881161119748608 240 0.0247425 -0.99895 0.0385507 1.71695 -0.0779077 -0.040372 -0.996143 -0.0193638 0.996653 0.0216437 -0.0788248 0.10404
1548881161353112576 247 0.0242596 -0.998791 0.0427626 1.77906 -0.0810654 -0.0445997 -0.99571 -0.0151817 0.996414 0.020689 -0.0820493 0.107032
1548881161753165824 259 0.0309014 -0.99806 0.0540403 1.8811 -0.084573 -0.056483 -0.994815 -0.00490234 0.995938 0.0261709 -0.0861544 0.107494
1548881162053205760 268 0.0279641 -0.998183 0.0533695 1.9656 -0.0865598 -0.0556079 -0.994694 0.00123046 0.995854 0.0231961 -0.0879576 0.10667
1548881162386582784 278 0.0356866 -0.99788 0.0544219 2.05973 -0.081565 -0.0571832 -0.995026 0.0056075 0.996029 0.0310702 -0.0834327 0.100319
1548881162653284608 286 0.034661 -0.998262 0.0476671 2.13979 -0.0802061 -0.0503204 -0.995507 0.0116846 0.996175 0.0306821 -0.0818108 0.0982281
1548881162953323776 295 0.0358704 -0.99868 0.0367507 2.22989 -0.0757867 -0.0393869 -0.996346 0.018171 0.996479 0.0329541 -0.0770996 0.0931546
1548881163153350656 301 0.0324438 -0.99863 0.0410472 2.28327 -0.0834847 -0.043633 -0.995553 0.0235126 0.995981 0.0288727 -0.084786 0.0984261
1548881163486727680 311 0.0232715 -0.998815 0.0427508 2.37807 -0.08349 -0.0445547 -0.995512 0.0319845 0.996237 0.0195978 -0.0844279 0.094624
1548881163753429760 319 0.0211877 -0.999105 0.036606 2.45669 -0.0816746 -0.0382215 -0.995926 0.0366694 0.996434 0.0181116 -0.0824113 0.0918401
1548881163986793728 326 0.0156178 -0.99915 0.0381581 2.51972 -0.0794158 -0.0392818 -0.996067 0.038767 0.996719 0.012526 -0.0799618 0.0889529
1548881164253494784 334 0.0153305 -0.999096 0.0396471 2.59591 -0.0757394 -0.0406981 -0.996297 0.0427811 0.99701 0.0122709 -0.0762948 0.0853096
1548881164520196608 342 0.00888663 -0.999264 0.0373171 2.67306 -0.0705254 -0.037852 -0.996792 0.0455694 0.99747 0.00622632 -0.0708098 0.0823392
1548881164720223744 348 0.00316685 -0.999346 0.036009 2.72999 -0.0669431 -0.0361402 -0.997102 0.04883 0.997752 0.000747115 -0.0670138 0.0792116
1548881164987633664 356 -0.00771386 -0.999014 0.043729 2.79959 -0.0712769 -0.0430698 -0.996526 0.055726 0.997427 -0.0108039 -0.0708744 0.081771
1548881165287673600 365 -0.0301147 -0.998401 0.0478303 2.88048 -0.0805395 -0.0452727 -0.995723 0.0632001 0.996296 -0.0338382 -0.0790474 0.0863826
1548881165488341760 371 -0.0407855 -0.997605 0.0558693 2.93162 -0.076864 -0.0526175 -0.995652 0.0674794 0.996207 -0.0449025 -0.0745339 0.0850384
1548881165821719808 381 -0.0445769 -0.996555 0.0699383 3.01264 -0.0778472 -0.0663299 -0.994756 0.0751252 0.995968 -0.0497876 -0.0746222 0.0905071
1548881166055083776 388 -0.047443 -0.996286 0.0718519 3.07333 -0.0713227 -0.0683705 -0.995107 0.0768746 0.996324 -0.0523355 -0.0678141 0.0909014
1548881166388460800 398 -0.0500239 -0.995164 0.0845325 3.15653 -0.0671124 -0.0810978 -0.994444 0.0835563 0.996491 -0.0554191 -0.062731 0.0926565
1548881166621824768 405 -0.0480482 -0.995784 0.0781379 3.2252 -0.0690089 -0.0747319 -0.994813 0.0886638 0.996458 -0.0531912 -0.0651272 0.0987317
1548881166821850624 411 -0.0479083 -0.995948 0.0761059 3.28085 -0.0699446 -0.0726613 -0.994901 0.0963149 0.9964 -0.0529872 -0.0661801 0.102377
1548881167121890816 420 -0.0477684 -0.996807 0.0639897 3.36872 -0.0672058 -0.0607103 -0.99589 0.10328 0.996595 -0.0518726 -0.0640911 0.104515
1548881167221903616 423 -0.0507381 -0.996884 0.0603938 3.39709 -0.060492 -0.0572931 -0.996523 0.105686 0.996878 -0.054215 -0.0573966 0.101371
1548881167422510592 429 -0.0459703 -0.997707 0.0496793 3.45948 -0.0560511 -0.0470773 -0.997317 0.111305 0.997369 -0.0486315 -0.0537584 0.101281
1548881167655874816 436 -0.027738 -0.998277 0.0517063 3.51914 -0.0602066 -0.0499639 -0.996935 0.11616 0.9978 -0.030766 -0.0587169 0.107777
1548881167922576640 444 -0.0142943 -0.998508 0.0526986 3.59095 -0.063399 -0.0516928 -0.996649 0.120562 0.997886 -0.0175874 -0.0625655 0.111903
1548881168222616576 453 -0.0191428 -0.999131 0.0370217 3.68139 -0.0597283 -0.0358196 -0.997572 0.125853 0.998031 -0.0213075 -0.0589907 0.112334
1548881168355967744 457 -0.014658 -0.999256 0.0356599 3.71872 -0.0587321 -0.0347417 -0.997669 0.127047 0.998166 -0.0167182 -0.0581792 0.110432
1548881168555993600 463 -0.0231686 -0.999351 0.0275922 3.77916 -0.0549606 -0.0262846 -0.998142 0.128354 0.99822 -0.0246421 -0.054316 0.11045
1548881168756019712 469 -0.037783 -0.999088 0.0199055 3.84349 -0.0495807 -0.018021 -0.998608 0.129784 0.998055 -0.0387173 -0.0488546 0.106671
1548881168956046592 475 -0.0511896 -0.998603 0.0131369 3.90216 -0.0497176 -0.0105897 -0.998707 0.131001 0.997451 -0.0517766 -0.0491061 0.107899
1548881169122734592 480 -0.0510969 -0.998667 0.0072766 3.94932 -0.0453689 -0.00495742 -0.998958 0.133596 0.997663 -0.0513738 -0.0450551 0.108079
1548881169356098816 487 -0.0517775 -0.998632 -0.00730205 4.02275 -0.0471638 0.00974894 -0.99884 0.135547 0.997544 -0.0513731 -0.047604 0.113759
1548881169589462784 494 -0.0590707 -0.998248 -0.0034057 4.08326 -0.0514287 0.00645036 -0.998656 0.139081 0.996928 -0.0588162 -0.0517196 0.121997
1548881169822827776 501 -0.0548349 -0.998344 -0.0173631 4.15813 -0.0416764 0.0196625 -0.998938 0.139103 0.997625 -0.054053 -0.0426856 0.118394
1548881169989515776 506 -0.0552149 -0.998385 -0.0134015 4.20246 -0.0438016 0.015831 -0.998915 0.142052 0.997513 -0.054568 -0.044605 0.122974
1548881170289555712 515 -0.0627991 -0.998006 -0.00635763 4.28418 -0.0562243 0.00989784 -0.998369 0.142618 0.996441 -0.0623392 -0.0567338 0.132756
1548881170622932736 525 -0.0659835 -0.997621 0.0199424 4.35203 -0.0413031 -0.0172381 -0.998998 0.14626 0.996966 -0.066741 -0.0400675 0.1278
1548881170922971648 534 -0.068749 -0.99688 0.038769 4.4231 -0.061363 -0.0345619 -0.997517 0.155563 0.995745 -0.0709573 -0.0587954 0.148068
1548881171256349696 544 -0.0706445 -0.996385 0.0471854 4.51135 -0.0556454 -0.0432934 -0.997512 0.15967 0.995948 -0.0730944 -0.0523858 0.149443
1548881171456375808 550 -0.0800386 -0.996103 0.0370542 4.57135 -0.0689585 -0.0315512 -0.99712 0.160994 0.994404 -0.0823633 -0.0661644 0.163996
1548881171623064576 555 -0.0749903 -0.995867 0.0512384 4.61103 -0.0634122 -0.0465166 -0.996903 0.161837 0.995166 -0.0780071 -0.0596619 0.163597
1548881171823090688 561 -0.073669 -0.994551 0.0737626 4.64543 -0.050006 -0.0701868 -0.99628 0.163718 0.996028 -0.0770835 -0.0445629 0.155334
1548881171989779712 566 -0.0758631 -0.995378 0.0588916 4.70226 -0.0614693 -0.0542809 -0.996632 0.167109 0.995222 -0.0792276 -0.0570673 0.167942
1548881172156467712 571 -0.0904731 -0.994277 0.0568205 4.74573 -0.0629042 -0.0512353 -0.996704 0.167934 0.99391 -0.0937491 -0.0579087 0.17059
1548881172389831680 578 -0.0929091 -0.994665 0.0448257 4.82069 -0.0517974 -0.040131 -0.997851 0.1735 0.994326 -0.0950312 -0.0477926 0.176571
1548881172556520704 583 -0.0845909 -0.995834 0.0340451 4.87317 -0.0570986 -0.0292669 -0.997939 0.175019 0.994778 -0.0863605 -0.054385 0.188825
1548881172756546816 589 -0.0848555 -0.996042 0.0264531 4.93127 -0.0573892 -0.0216191 -0.998118 0.176125 0.994739 -0.0862139 -0.0553275 0.191141
1548881172956573696 595 -0.0873114 -0.996054 0.0159285 4.99266 -0.0564038 -0.011021 -0.998347 0.180573 0.994583 -0.0880655 -0.0552189 0.195139
1548881173189937664 602 -0.0831242 -0.996361 0.0188443 5.06051 -0.0655677 -0.0134006 -0.997758 0.182758 0.99438 -0.0841734 -0.0642152 0.206267
1548881173356044800 607 -0.0816344 -0.996661 -0.00183941 5.12383 -0.0586314 0.00664473 -0.998258 0.187052 0.994936 -0.0813843 -0.058978 0.204421
1548881173522733824 612 -0.0768495 -0.997037 -0.00328928 5.177 -0.0556782 0.0075854 -0.99842 0.19034 0.995487 -0.0765449 -0.0560962 0.204016
1548881173789435648 620 -0.0802177 -0.996777 0.00050002 5.25225 -0.0594249 0.00428159 -0.998224 0.191273 0.995004 -0.0801049 -0.0595768 0.217024
1548881174022799616 627 -0.0841576 -0.996446 -0.00360949 5.32236 -0.0560261 0.00834838 -0.998394 0.192284 0.994876 -0.0838203 -0.0565296 0.219413
1548881174289501696 635 -0.0883541 -0.996089 -0.000956567 5.40201 -0.0550788 0.00584439 -0.998465 0.196069 0.994565 -0.0881657 -0.0553797 0.224956
1548881174556202752 643 -0.0951997 -0.995443 -0.00553941 5.47928 -0.0483183 0.0101789 -0.99878 0.197996 0.994285 -0.094816 -0.0490671 0.226481
1548881174722891776 648 -0.101156 -0.994848 -0.00675775 5.52827 -0.0460295 0.0114654 -0.998874 0.198617 0.993805 -0.100732 -0.0469521 0.227799
1548881174956255744 655 -0.102442 -0.994702 0.00857842 5.59031 -0.0553235 -0.00291323 -0.998464 0.204482 0.993199 -0.102759 -0.0547319 0.245582
1548881175222315776 663 -0.119473 -0.99274 0.0138847 5.66133 -0.0504184 -0.00790034 -0.998697 0.206144 0.991556 -0.120017 -0.0491085 0.25005
1548881175389004800 668 -0.12637 -0.991852 0.0161028 5.71617 -0.050122 -0.0098279 -0.998695 0.202856 0.990716 -0.127012 -0.0484717 0.25337
1548881175622368768 675 -0.130517 -0.991344 0.0142595 5.78365 -0.0439816 -0.00857915 -0.998996 0.207915 0.99047 -0.131013 -0.0424812 0.254196
1548881175789056768 680 -0.129214 -0.991266 0.0263792 5.82607 -0.0584161 -0.0189467 -0.998113 0.208668 0.989895 -0.130511 -0.0554577 0.270702
1548881176055758592 688 -0.138649 -0.989882 0.030176 5.90388 -0.0456752 -0.0240462 -0.998667 0.216059 0.989288 -0.139843 -0.041879 0.271406
1548881176289122816 695 -0.142405 -0.989323 0.0309952 5.97553 -0.0435031 -0.0250283 -0.99874 0.217488 0.988852 -0.143574 -0.0394744 0.279893
1548881176489149696 701 -0.14392 -0.989347 0.0218732 6.04013 -0.0378214 -0.016588 -0.999147 0.221009 0.988866 -0.144625 -0.0350312 0.287491
1548881176789188608 710 -0.14407 -0.989016 0.0330271 6.12718 -0.0331986 -0.0285259 -0.999042 0.223999 0.989011 -0.145028 -0.0287242 0.298526
1548881176989214720 716 -0.152337 -0.987735 0.0342462 6.19229 -0.0336889 -0.0294409 -0.998999 0.226192 0.987754 -0.153339 -0.0287908 0.302751
1548881177222578688 723 -0.142681 -0.989478 0.0240051 6.27209 -0.0362982 -0.0190059 -0.99916 0.229222 0.989103 -0.143433 -0.0332045 0.313995
1548881177389267712 728 -0.144466 -0.989473 0.00848572 6.33755 -0.0285018 -0.00441108 -0.999584 0.230226 0.989099 -0.144648 -0.0275645 0.31645
1548881177622631680 735 -0.13605 -0.990669 0.00808666 6.40249 -0.0368485 -0.00309678 -0.999316 0.234582 0.990016 -0.136255 -0.0360833 0.332546
1548881177855995648 742 -0.13953 -0.990185 0.00808147 6.47426 -0.0350762 -0.0032138 -0.999379 0.238926 0.989596 -0.139727 -0.0342835 0.341164
1548881178089359616 749 -0.137473 -0.990409 -0.0138152 6.56537 -0.0228622 0.0171167 -0.999592 0.242984 0.990242 -0.137101 -0.0249961 0.345139
1548881178289386752 755 -0.139168 -0.990158 -0.014825 6.62857 -0.0230299 0.0182028 -0.999569 0.243774 0.990001 -0.138767 -0.0253365 0.353406
1548881178589425664 764 -0.141856 -0.989787 -0.0141018 6.72056 -0.0300607 0.0185467 -0.999376 0.244694 0.989431 -0.141343 -0.0323846 0.367025
1548881178822080768 771 -0.134433 -0.990885 -0.00859135 6.7858 -0.0236013 0.0118693 -0.999651 0.24584 0.990642 -0.134183 -0.0249818 0.372924
1548881178922093824 774 -0.132394 -0.991097 -0.0141296 6.8187 -0.0235948 0.0174023 -0.99957 0.247353 0.990916 -0.132003 -0.0256886 0.375524
1548881179122120704 780 -0.132411 -0.991171 -0.00691568 6.87844 -0.0196337 0.00959849 -0.999761 0.248364 0.991 -0.132244 -0.0207313 0.380656
1548881179355484672 787 -0.125256 -0.992122 0.0022067 6.949 -0.0229108 0.000668866 -0.999737 0.249204 0.99186 -0.125273 -0.0228141 0.378757
1548881179522173696 792 -0.124933 -0.992163 0.00213147 7.00328 -0.0221006 0.000635129 -0.999756 0.25352 0.991919 -0.12495 -0.0220067 0.386483
1548881179722199808 798 -0.125905 -0.992026 0.00559805 7.06826 -0.0203929 -0.00305363 -0.999787 0.25331 0.991833 -0.125993 -0.0198458 0.391912
1548881179955563776 805 -0.11842 -0.992895 0.0116576 7.13362 -0.0060295 -0.011021 -0.999921 0.256793 0.992945 -0.118481 -0.00468156 0.389681
1548881180121469696 810 -0.121113 -0.992183 0.0300623 7.17748 -0.0191494 -0.0279442 -0.999426 0.25734 0.992454 -0.121619 -0.0156153 0.402019
1548881180221482752 813 -0.115904 -0.992794 0.0304494 7.19957 -0.0142766 -0.0289877 -0.999478 0.259037 0.993158 -0.116278 -0.0108139 0.401654
1548881180354833664 817 -0.120013 -0.992424 0.0263099 7.24488 -0.00859036 -0.0254624 -0.999639 0.262089 0.992735 -0.120196 -0.00546945 0.401845
1548881180554859776 823 -0.125703 -0.991082 0.0442235 7.29359 -0.0234693 -0.0415938 -0.998859 0.266663 0.99179 -0.126598 -0.0180315 0.416322
1548881180821561600 831 -0.124234 -0.991521 0.038114 7.38762 -0.021249 -0.0357443 -0.999135 0.272207 0.992025 -0.124937 -0.0166282 0.422419
1548881180988249600 836 -0.124618 -0.99127 0.043048 7.43466 -0.0141782 -0.0416027 -0.999034 0.276087 0.992103 -0.125108 -0.00886996 0.41908
1548881181188276736 842 -0.124047 -0.991583 0.0370756 7.5019 -0.00827974 -0.0363285 -0.999306 0.277901 0.992242 -0.124268 -0.00370362 0.42285
1548881181420775680 849 -0.120412 -0.991699 0.0451068 7.56682 -0.0157448 -0.0435239 -0.998928 0.283691 0.992599 -0.120993 -0.0103733 0.437701
1548881181620801792 855 -0.114383 -0.992834 0.0345897 7.63842 -0.0242433 -0.0320182 -0.999193 0.290941 0.993141 -0.115129 -0.0204073 0.446568
1548881181887503616 863 -0.119642 -0.992031 0.0394967 7.71902 -0.0157184 -0.0378848 -0.999158 0.29496 0.992693 -0.120162 -0.0110606 0.450133
1548881182154205696 871 -0.131335 -0.990974 0.0268508 7.77031 -0.0298287 -0.0231228 -0.999288 0.296767 0.990889 -0.132042 -0.0265226 0.462418
1548881182420907776 879 -0.126972 -0.991433 0.0306245 7.75718 -0.0292742 -0.0271154 -0.999204 0.296249 0.991474 -0.127767 -0.0255806 0.460637
1548881184621196800 945 -0.127295 -0.991392 0.0306149 7.75985 -0.0296559 -0.027048 -0.999194 0.296037 0.991421 -0.1281 -0.0259575 0.461537
1548881184721210624 948 -0.127428 -0.991403 0.0296891 7.76544 -0.0301458 -0.026048 -0.999206 0.296214 0.99139 -0.128222 -0.0265674 0.462943
1548881185221275648 963 -0.118327 -0.992604 0.0271285 7.81973 -0.0299961 -0.0237348 -0.999268 0.300631 0.992522 -0.119054 -0.0269658 0.467633
1548881185421302784 969 -0.110204 -0.993405 0.0316533 7.85758 -0.0223816 -0.0293589 -0.999318 0.304386 0.993657 -0.110837 -0.0189985 0.466512
1548881185688004608 977 -0.0954315 -0.995224 0.0205338 7.92726 -0.0252373 -0.0182024 -0.999516 0.30948 0.995116 -0.0959035 -0.0233797 0.47233
1548881185921368576 984 -0.0858944 -0.995842 0.030349 7.97209 -0.0360602 -0.0273342 -0.998976 0.312283 0.995651 -0.0869008 -0.0335624 0.48054
1548881186221407744 993 -0.0699545 -0.996806 0.0385182 8.03309 -0.0424439 -0.0356036 -0.998464 0.316781 0.996647 -0.0714819 -0.0398177 0.494058
1548881186453816832 1000 -0.0685615 -0.99689 0.0388431 8.08709 -0.0388451 -0.0362376 -0.998588 0.320643 0.99689 -0.0699735 -0.0362398 0.491289
1548881186753856768 1009 -0.0777847 -0.996344 0.0353237 8.15606 -0.0358544 -0.0326124 -0.998825 0.321426 0.996325 -0.0789598 -0.0331866 0.49021
1548881187053895680 1018 -0.0887244 -0.995633 0.0290495 8.2279 -0.04464 -0.0251606 -0.998686 0.326768 0.995055 -0.0899046 -0.0422126 0.496699
1548881187320597760 1026 -0.0917 -0.995237 0.0330893 8.28555 -0.0494429 -0.0286377 -0.998366 0.329372 0.994558 -0.0931862 -0.0465813 0.504129
1548881187587299584 1034 -0.0892093 -0.995612 0.0282553 8.35194 -0.0507447 -0.0237883 -0.998428 0.333486 0.994719 -0.0905028 -0.0483999 0.510997
1548881187854001664 1042 -0.0877388 -0.995617 0.0323978 8.40737 -0.0488959 -0.0281796 -0.998406 0.334674 0.994943 -0.0891831 -0.0462091 0.512957
1548881188120703744 1050 -0.0953108 -0.995129 0.0251849 8.47161 -0.0558471 -0.0199148 -0.998241 0.336496 0.99388 -0.0965496 -0.053677 0.524597
1548881188486363648 1061 -0.108577 -0.993895 0.0195794 8.55945 -0.0560421 -0.0135447 -0.998337 0.342773 0.992507 -0.109494 -0.0542293 0.529954
1548881188619713792 1065 -0.114238 -0.992923 0.0324456 8.57939 -0.0422728 -0.0277714 -0.99872 0.346325 0.992554 -0.115463 -0.0388011 0.521993
1548881189019766784 1077 -0.116349 -0.992631 0.0338536 8.66839 -0.0395146 -0.0294319 -0.998785 0.352645 0.992422 -0.117545 -0.0357991 0.530768
1548881189486494720 1091 -0.118489 -0.992314 0.0356863 8.77519 -0.0674277 -0.0278155 -0.997336 0.355738 0.990663 -0.12058 -0.0636136 0.562628
1548881189852043776 1102 -0.12033 -0.991678 0.0457694 8.85836 -0.0694534 -0.0375819 -0.996877 0.362852 0.990301 -0.123133 -0.0643532 0.569955
1548881190185421824 1112 -0.134421 -0.989786 0.0474804 8.93335 -0.0644869 -0.039076 -0.997153 0.366706 0.988824 -0.1371 -0.0585756 0.578781
1548881190485460736 1121 -0.13463 -0.989604 0.0505914 9.00857 -0.0728177 -0.0410375 -0.996501 0.371512 0.988217 -0.137843 -0.0665358 0.593697
1548881190685486592 1127 -0.144645 -0.988875 0.0346888 9.0676 -0.0580071 -0.0265228 -0.997964 0.382129 0.987782 -0.146362 -0.0535254 0.589326
1548881191052201728 1138 -0.145072 -0.988343 0.0461804 9.15579 -0.0665043 -0.0368282 -0.997106 0.381659 0.987184 -0.147723 -0.0603863 0.602283
1548881191284278784 1145 -0.140955 -0.988513 0.0545236 9.20423 -0.0810376 -0.0433683 -0.995767 0.385576 0.986694 -0.144777 -0.0739938 0.620643
1548881191417629696 1149 -0.144732 -0.988062 0.0527903 9.24096 -0.0796959 -0.041538 -0.995953 0.392231 0.986256 -0.148354 -0.0727326 0.62226
1548881191617656832 1155 -0.136762 -0.988921 0.0577117 9.2852 -0.0809504 -0.0469074 -0.995614 0.394259 0.987291 -0.140834 -0.0736384 0.630925
1548881191784344576 1160 -0.13594 -0.989039 0.057633 9.32768 -0.0809988 -0.0468829 -0.995611 0.399272 0.9874 -0.140012 -0.0737377 0.637082
1548881192017708800 1167 -0.129177 -0.990931 0.037007 9.40061 -0.0611511 -0.0292881 -0.997699 0.404403 0.989734 -0.131143 -0.0568132 0.636244
1548881192184397824 1172 -0.129266 -0.990129 0.0541744 9.43177 -0.0744855 -0.044783 -0.996216 0.404857 0.988808 -0.132812 -0.0679613 0.648345
1548881192351086592 1177 -0.132877 -0.989958 0.0482364 9.4791 -0.0693901 -0.0392567 -0.996817 0.406841 0.9887 -0.135802 -0.063477 0.649152
1548881192484437760 1181 -0.137096 -0.988726 0.0602072 9.50541 -0.0684175 -0.0511843 -0.996343 0.410498 0.988192 -0.140714 -0.060629 0.653251
1548881192717801728 1188 -0.136953 -0.988456 0.0647973 9.55995 -0.0728498 -0.0551862 -0.995815 0.416291 0.987895 -0.141101 -0.0644509 0.662356
1548881192884489728 1193 -0.133428 -0.98891 0.0652217 9.60284 -0.0759114 -0.0554189 -0.995573 0.418902 0.988147 -0.137789 -0.0676751 0.667895
1548881193151191808 1201 -0.133847 -0.988014 0.0769022 9.66141 -0.0853963 -0.0658128 -0.994171 0.425639 0.987316 -0.139634 -0.0755639 0.681982
1548881193317880832 1206 -0.136047 -0.988314 0.0687543 9.70854 -0.0740652 -0.059059 -0.995503 0.428038 0.98793 -0.140527 -0.0651648 0.681178
1548881193517906688 1212 -0.13412 -0.988923 0.0635796 9.75894 -0.0762787 -0.0536664 -0.995641 0.430825 0.988025 -0.138385 -0.068236 0.688087
1548881193784608768 1220 -0.140721 -0.987483 0.0712346 9.82265 -0.0740302 -0.0612541 -0.995373 0.438845 0.987278 -0.145343 -0.0644839 0.696998
1548881193951296768 1225 -0.144059 -0.986632 0.0761802 9.86161 -0.0745353 -0.0659461 -0.995035 0.439125 0.986758 -0.149022 -0.0640388 0.707445
1548881194117985792 1230 -0.141414 -0.98713 0.0746745 9.90456 -0.0811188 -0.0636241 -0.994672 0.446168 0.986621 -0.146718 -0.0710774 0.717428
1548881194318011648 1236 -0.142219 -0.987546 0.0672878 9.96018 -0.0854889 -0.0554702 -0.994794 0.450263 0.986137 -0.147231 -0.0765353 0.730069
1548881194484700672 1241 -0.144364 -0.987372 0.0652384 10.0035 -0.0857784 -0.0531936 -0.994893 0.455595 0.9858 -0.149223 -0.0770159 0.734989
1548881194684726784 1247 -0.142744 -0.988086 0.0575413 10.0605 -0.0940641 -0.0443304 -0.994579 0.459004 0.98528 -0.147383 -0.0866155 0.753749
1548881194884753664 1253 -0.140486 -0.988486 0.0562064 10.1115 -0.0956088 -0.0429597 -0.994492 0.463487 0.985456 -0.145086 -0.0884727 0.760633
1548881195084779776 1259 -0.140688 -0.988742 0.0509559 10.1637 -0.10017 -0.0369883 -0.994283 0.466485 0.984974 -0.144988 -0.0938387 0.772871
1548881195351481600 1267 -0.140628 -0.988767 0.0506354 10.2331 -0.102625 -0.0363104 -0.994057 0.470005 0.984729 -0.144989 -0.0963657 0.783909
1548881195651520768 1276 -0.140699 -0.989198 0.0411209 10.3146 -0.107497 -0.0260251 -0.993865 0.472266 0.984199 -0.144256 -0.102674 0.798233
1548881196018235648 1287 -0.14163 -0.989469 0.0298491 10.4148 -0.116059 -0.0133479 -0.993153 0.472928 0.983093 -0.144125 -0.112946 0.818947
1548881196184924672 1292 -0.146925 -0.988768 0.027418 10.464 -0.11047 -0.0111428 -0.993817 0.472946 0.982959 -0.149046 -0.107592 0.824039
1548881196384950784 1298 -0.142593 -0.989622 0.0177704 10.5172 -0.108869 -0.00216315 -0.994054 0.474428 0.983776 -0.14368 -0.107431 0.830143
1548881196451626752 1300 -0.141205 -0.989762 0.0208156 10.537 -0.109442 -0.00529069 -0.993979 0.475213 0.983912 -0.142633 -0.107574 0.830501
1548881196618314752 1305 -0.142748 -0.989693 0.0114387 10.5839 -0.107683 0.00404107 -0.994177 0.476041 0.983884 -0.143148 -0.10715 0.83662
1548881196785003776 1310 -0.142735 -0.989751 0.00448728 10.6335 -0.106867 0.0109042 -0.994213 0.479487 0.983975 -0.142389 -0.107329 0.842699
1548881196885016576 1313 -0.142628 -0.989767 0.00432746 10.6615 -0.105051 0.0107904 -0.994408 0.479855 0.984186 -0.142285 -0.105515 0.845954
1548881197118380800 1320 -0.144181 -0.98953 0.00648982 10.718 -0.114463 0.010163 -0.993375 0.484749 0.982909 -0.143969 -0.11473 0.860536
1548881197285069824 1325 -0.147008 -0.989081 0.0103892 10.7579 -0.119295 0.0073024 -0.992832 0.486386 0.981915 -0.147194 -0.119066 0.869186
1548881197518433792 1332 -0.152505 -0.988267 0.00834856 10.8216 -0.119687 0.0100831 -0.99276 0.487333 0.981029 -0.152401 -0.11982 0.881335
1548881197751797760 1339 -0.156958 -0.987491 0.0150023 10.8768 -0.121724 0.00426832 -0.992555 0.489112 0.980075 -0.157616 -0.120871 0.893692
1548881197951823616 1345 -0.160494 -0.986853 0.0190355 10.9268 -0.119001 0.000201342 -0.992894 0.489643 0.979837 -0.161619 -0.117469 0.90011
1548881198018499584 1347 -0.163273 -0.986395 0.0191575 10.9435 -0.122843 0.00105894 -0.992426 0.49322 0.978903 -0.16439 -0.121345 0.90338
1548881198251863808 1354 -0.166757 -0.985648 0.0262844 11.0004 -0.129578 -0.00451944 -0.991559 0.493969 0.977447 -0.168755 -0.126964 0.920352
1548881198453176832 1360 -0.167732 -0.985206 0.0351475 11.0451 -0.135349 -0.0123009 -0.990722 0.495414 0.976497 -0.170933 -0.131284 0.932794
1548881198653203712 1366 -0.172152 -0.984046 0.0449214 11.0961 -0.129691 -0.022564 -0.991298 0.497849 0.976496 -0.17648 -0.123737 0.936573
1548881198886567680 1373 -0.174749 -0.983123 0.0541489 11.1509 -0.129395 -0.0315878 -0.99109 0.499861 0.976074 -0.180198 -0.121692 0.945365
1548881199053255680 1378 -0.177411 -0.982802 0.051239 11.2001 -0.132965 -0.0276504 -0.990735 0.501525 0.975113 -0.182581 -0.125772 0.958669
1548881199287785728 1385 -0.179786 -0.982178 0.0548014 11.2605 -0.12766 -0.0319427 -0.991304 0.502047 0.975387 -0.185218 -0.119642 0.964885
1548881199554487808 1393 -0.178101 -0.982512 0.054317 11.3323 -0.125058 -0.0321515 -0.991628 0.507266 0.976033 -0.183403 -0.117145 0.975465
1548881199821189632 1401 -0.180941 -0.98162 0.0606875 11.3996 -0.125821 -0.0380948 -0.991321 0.511641 0.975412 -0.187006 -0.116616 0.989992
1548881200021215744 1407 -0.18478 -0.980596 0.0654844 11.4489 -0.126669 -0.042313 -0.991042 0.518086 0.974583 -0.191419 -0.116392 0.999215
1548881200287917824 1415 -0.1873 -0.97979 0.0702176 11.5157 -0.129283 -0.0462728 -0.990527 0.524957 0.973758 -0.194604 -0.118004 1.01411
1548881200521281792 1422 -0.189607 -0.978892 0.0762873 11.5744 -0.135865 -0.0507916 -0.989424 0.530217 0.972414 -0.197967 -0.123367 1.03186
1548881200689025792 1427 -0.190963 -0.978701 0.0753528 11.62 -0.131972 -0.05047 -0.989968 0.532544 0.972685 -0.198992 -0.119523 1.03713
1548881200922389760 1434 -0.190397 -0.978304 0.0816688 11.6768 -0.129684 -0.0573973 -0.989893 0.534831 0.973104 -0.199064 -0.115942 1.04722
1548881201055740672 1438 -0.189752 -0.978116 0.0853407 11.7122 -0.128058 -0.0615221 -0.989857 0.539032 0.973445 -0.198755 -0.113582 1.05291
1548881201289104640 1445 -0.193793 -0.977394 0.0845324 11.7749 -0.123859 -0.0611006 -0.990417 0.543837 0.973192 -0.202406 -0.109218 1.06437
1548881201489130752 1451 -0.196587 -0.977064 0.0818534 11.8314 -0.119709 -0.05894 -0.991058 0.550031 0.973151 -0.204628 -0.105377 1.07466
1548881201689157632 1457 -0.196119 -0.977412 0.0787618 11.8858 -0.121107 -0.0555633 -0.991083 0.554361 0.973073 -0.203909 -0.107474 1.08649
1548881201889183744 1463 -0.199232 -0.976904 0.0772287 11.9398 -0.125244 -0.0527784 -0.990721 0.559863 0.971916 -0.207056 -0.111837 1.10174
1548881202122547712 1470 -0.197833 -0.977483 0.0734061 12.0042 -0.130646 -0.0479249 -0.99027 0.564788 0.97149 -0.205498 -0.118223 1.12142
1548881202322573824 1476 -0.201618 -0.97711 0.0678647 12.0588 -0.132448 -0.0414529 -0.990323 0.567837 0.970468 -0.208655 -0.121059 1.1352
1548881202522600704 1482 -0.201977 -0.977084 0.0671705 12.1131 -0.131294 -0.0409524 -0.990497 0.570521 0.97055 -0.208877 -0.120013 1.146
1548881202755964672 1489 -0.197229 -0.978197 0.0650528 12.1787 -0.129045 -0.0398746 -0.990837 0.572857 0.971827 -0.203817 -0.118367 1.1587
1548881202889315584 1493 -0.181105 -0.981942 0.0546932 12.2251 -0.127415 -0.0317169 -0.991342 0.574314 0.975175 -0.186506 -0.11937 1.1686
1548881203056003584 1498 -0.145542 -0.988109 0.0495821 12.2726 -0.124263 -0.0314617 -0.99175 0.576671 0.981517 -0.150503 -0.118206 1.17916
1548881203222692608 1503 -0.108987 -0.993368 0.0366214 12.3238 -0.122553 -0.0231322 -0.992192 0.57842 0.98646 -0.112624 -0.119219 1.18949
1548881203456056832 1510 -0.0837744 -0.996169 0.0250932 12.3907 -0.117489 -0.0151319 -0.992959 0.578768 0.989534 -0.0861327 -0.115771 1.19621
1548881203622745600 1515 -0.0797914 -0.996731 0.0127111 12.4484 -0.12119 -0.00295707 -0.992625 0.580908 0.989417 -0.0807434 -0.120558 1.20373
1548881203822771712 1521 -0.0769648 -0.997032 0.00213402 12.5155 -0.127041 0.00768381 -0.991868 0.584022 0.988907 -0.07661 -0.127255 1.21459
1548881204022797824 1527 -0.072754 -0.997337 -0.00512406 12.5812 -0.124001 0.0141432 -0.992181 0.587863 0.989611 -0.0715498 -0.124699 1.21906
1548881204256161792 1534 -0.0711849 -0.997316 -0.0171532 12.6627 -0.119739 0.0256165 -0.992475 0.5877 0.99025 -0.0685953 -0.121242 1.22244
1548881204456188672 1540 -0.0680103 -0.997453 -0.0215072 12.724 -0.117667 0.0294259 -0.992617 0.590136 0.990722 -0.0649775 -0.119368 1.2245
1548881204622876672 1545 -0.067943 -0.997529 -0.0178824 12.7726 -0.11865 0.0258754 -0.992599 0.590517 0.990609 -0.0653184 -0.120115 1.22823
1548881204922916608 1554 -0.0715886 -0.997367 -0.0115797 12.8588 -0.115846 0.0198449 -0.993069 0.590076 0.990684 -0.0697509 -0.116962 1.23578
1548881205189618688 1562 -0.07028 -0.997504 -0.00675897 12.9364 -0.114663 0.0148092 -0.993294 0.592396 0.990915 -0.0690337 -0.115418 1.23873
1548881205456320768 1570 -0.0759966 -0.997108 -0.000717359 13.0143 -0.110533 0.00913947 -0.99383 0.594887 0.990963 -0.0754485 -0.110908 1.243
1548881205689684736 1577 -0.0798428 -0.996804 0.00272099 13.0837 -0.103057 0.00553962 -0.99466 0.595838 0.991466 -0.0796969 -0.10317 1.24239
1548881205889710592 1583 -0.0845431 -0.996396 0.00692605 13.1417 -0.0984381 0.00143503 -0.995142 0.598111 0.991545 -0.0848142 -0.0982046 1.24379
1548881206189750784 1592 -0.092416 -0.995708 0.00503097 13.2353 -0.0889741 0.00322549 -0.996029 0.602364 0.991737 -0.0924967 -0.0888903 1.247
1548881206456451584 1600 -0.0974369 -0.995118 0.0157215 13.3071 -0.10082 -0.00584611 -0.994888 0.601281 0.990122 -0.0985238 -0.0997578 1.26346
1548881206656478720 1606 -0.104155 -0.994559 0.00209357 13.3753 -0.0887593 0.0071986 -0.996027 0.605437 0.990593 -0.103927 -0.0890261 1.26316
1548881206889842688 1613 -0.104723 -0.994445 0.0106413 13.4398 -0.0903731 -0.00113999 -0.995907 0.608655 0.990387 -0.105256 -0.0897517 1.27002
1548881207256557824 1624 -0.116266 -0.993095 0.0156182 13.5467 -0.0838985 -0.00584869 -0.996457 0.614967 0.989668 -0.117164 -0.0826392 1.27527
1548881207423245824 1629 -0.121942 -0.992407 0.0160572 13.5973 -0.0814368 -0.0061194 -0.99666 0.614552 0.989191 -0.122843 -0.0800722 1.28215
1548881207623272704 1635 -0.126789 -0.991737 0.0195428 13.6568 -0.0804054 -0.00936144 -0.996718 0.617116 0.988665 -0.127945 -0.0785541 1.28865
1548881207856636672 1642 -0.129839 -0.991143 0.0278945 13.7214 -0.0779978 -0.0178359 -0.996794 0.619681 0.988462 -0.131599 -0.0749912 1.29512
1548881208090000640 1649 -0.130838 -0.991028 0.0272922 13.7959 -0.0757141 -0.01746 -0.996977 0.621359 0.988508 -0.132509 -0.0727504 1.30249
1548881208190013696 1652 -0.119476 -0.992497 0.0259934 13.8263 -0.0766159 -0.0168862 -0.996918 0.622088 0.989876 -0.121099 -0.0740235 1.30673
1548881208356702720 1657 -0.0915097 -0.99541 0.0280336 13.8779 -0.0735781 -0.021316 -0.997062 0.622596 0.993082 -0.0933034 -0.0712897 1.31721
1548881208523390720 1662 -0.0571044 -0.998002 0.027031 13.9286 -0.0668573 -0.0231918 -0.997493 0.627519 0.996127 -0.0587684 -0.0653994 1.3216
1548881208657696768 1666 -0.0423466 -0.998536 0.0336477 13.9633 -0.0773601 -0.0302998 -0.996543 0.628805 0.996104 -0.0448032 -0.0759637 1.33081
1548881208824385792 1671 -0.0389644 -0.998908 0.0257702 14.0191 -0.0867599 -0.0223104 -0.995979 0.629006 0.995467 -0.0410436 -0.0857959 1.33893
1548881209024411648 1677 -0.0392796 -0.998771 0.0302387 14.0782 -0.0911053 -0.0265563 -0.995487 0.630027 0.995066 -0.0418573 -0.0899502 1.34141
1548881209124424704 1680 -0.0349894 -0.999093 0.0242796 14.1103 -0.0909293 -0.0210112 -0.995636 0.63259 0.995242 -0.0370444 -0.0901116 1.34328
1548881209291113728 1685 -0.0307368 -0.999195 0.0257694 14.152 -0.0891647 -0.0229377 -0.995753 0.635555 0.995543 -0.032904 -0.088388 1.34314
1548881209491139584 1691 -0.0290404 -0.999266 0.0249739 14.2163 -0.0884772 -0.0223167 -0.995828 0.640895 0.995655 -0.0311289 -0.0877642 1.34613
1548881209691166720 1697 -0.0266663 -0.999301 0.0262023 14.2711 -0.0954206 -0.0235474 -0.995158 0.643568 0.99508 -0.0290374 -0.094726 1.35541
1548881209891192832 1703 -0.0276315 -0.999103 0.0320905 14.3271 -0.0934155 -0.0293814 -0.995194 0.647928 0.995244 -0.0304965 -0.0925199 1.35725
1548881210124556800 1710 -0.0186745 -0.998895 0.0431205 14.3886 -0.0931483 -0.0412023 -0.994799 0.65182 0.995477 -0.022594 -0.092276 1.3608
1548881210291245824 1715 -0.0192628 -0.998215 0.0565313 14.4346 -0.0926726 -0.0545158 -0.994203 0.65315 0.99551 -0.02439 -0.091457 1.36295
1548881210491271680 1721 -0.022521 -0.998159 0.056312 14.5008 -0.0950933 -0.0539321 -0.994006 0.658737 0.995214 -0.0277409 -0.0937037 1.36906
1548881210724635648 1728 -0.0306013 -0.997355 0.0659294 14.5711 -0.0973595 -0.0626724 -0.993274 0.664477 0.994779 -0.0368143 -0.0951841 1.37453
1548881210991337728 1736 -0.0455268 -0.996274 0.0732457 14.6545 -0.101293 -0.0683399 -0.992507 0.670715 0.993814 -0.0526049 -0.0978039 1.38041
1548881211224701696 1743 -0.0568007 -0.99534 0.0779167 14.7286 -0.103001 -0.0717842 -0.992088 0.677613 0.993058 -0.0643767 -0.0984435 1.3864
1548881211458065664 1750 -0.0721774 -0.994276 0.0787817 14.8045 -0.103876 -0.0710645 -0.992048 0.684519 0.991968 -0.079787 -0.0981516 1.38814
1548881211658091776 1756 -0.0728971 -0.994629 0.0734841 14.8738 -0.0980147 -0.0661789 -0.992982 0.690813 0.992512 -0.0795881 -0.0926639 1.38846
1548881211891455744 1763 -0.0768643 -0.994037 0.0773416 14.9473 -0.0951973 -0.0698998 -0.993001 0.696097 0.992486 -0.083689 -0.0892568 1.39428
1548881212091482624 1769 -0.0791582 -0.994602 0.0670889 15.019 -0.0849138 -0.060328 -0.99456 0.702053 0.993239 -0.0844244 -0.07968 1.39284
1548881212324846592 1776 -0.0785037 -0.995805 0.0470099 15.1065 -0.0717358 -0.0413905 -0.996564 0.712566 0.994329 -0.0816063 -0.0681856 1.39084
1548881212558210816 1783 -0.0780552 -0.995317 0.0570235 15.1758 -0.0777002 -0.0509505 -0.995674 0.719474 0.993917 -0.0821482 -0.0733594 1.39848
1548881212724899584 1788 -0.0760139 -0.996475 0.0355005 15.2431 -0.0588233 -0.03106 -0.997785 0.726052 0.99537 -0.0779338 -0.0562549 1.39161
1548881212891587584 1793 -0.0768705 -0.996535 0.0317499 15.3005 -0.0532852 -0.0276925 -0.998195 0.730624 0.995616 -0.0784235 -0.0509719 1.39002
1548881213091614720 1799 -0.0765843 -0.996737 0.0254898 15.3712 -0.0485617 -0.0218058 -0.998582 0.738248 0.99588 -0.0777135 -0.0467333 1.39482
1548881213357360640 1807 -0.0765984 -0.996465 0.0344921 15.4547 -0.0564398 -0.030205 -0.997949 0.741634 0.995463 -0.078388 -0.0539266 1.40497
1548881213690738688 1817 -0.0749251 -0.995965 0.0493933 15.5498 -0.0647473 -0.0445691 -0.996906 0.743343 0.995085 -0.0778914 -0.0611468 1.4168
1548881213857426688 1822 -0.0791724 -0.995659 0.0489437 15.6084 -0.0662021 -0.0437379 -0.996847 0.750033 0.99466 -0.0821629 -0.0624519 1.42268
1548881214057453824 1828 -0.0866757 -0.995386 0.0411541 15.679 -0.0622921 -0.0358138 -0.997415 0.754323 0.994287 -0.0890153 -0.0589005 1.42576
1548881214324154624 1836 -0.0929193 -0.995243 0.0292787 15.7732 -0.0656664 -0.0232163 -0.997572 0.758542 0.993506 -0.0946163 -0.0631968 1.43665
1548881214524181760 1842 -0.093177 -0.995379 0.0232077 15.8467 -0.0637482 -0.0172971 -0.997816 0.762778 0.993607 -0.0944529 -0.061842 1.4416
1548881214757545728 1849 -0.0893868 -0.995611 0.0277399 15.9203 -0.0552459 -0.0228524 -0.998211 0.765406 0.994464 -0.0907594 -0.0529607 1.44484
1548881214957571584 1855 -0.0877273 -0.995758 0.0277434 15.9883 -0.0534507 -0.0231053 -0.998303 0.769012 0.994709 -0.0890613 -0.051197 1.44851
1548881215124260608 1860 -0.0881429 -0.995807 0.0244609 16.042 -0.0558547 -0.0195769 -0.998247 0.77149 0.994541 -0.0893547 -0.053895 1.45656
1548881215424299776 1869 -0.0932598 -0.994898 0.0384794 16.134 -0.0637291 -0.0326036 -0.997435 0.778163 0.9936 -0.0954728 -0.0603634 1.46789
1548881215691001600 1877 -0.0960014 -0.994527 0.0412323 16.2187 -0.0648306 -0.0350883 -0.997279 0.78129 0.993268 -0.0984133 -0.0611072 1.47881
1548881215956648704 1885 -0.103172 -0.99335 0.0511104 16.3022 -0.0732032 -0.0436623 -0.996361 0.785732 0.991966 -0.106538 -0.0682116 1.49504
1548881216156674816 1891 -0.109038 -0.992937 0.0467728 16.3708 -0.0737738 -0.0388401 -0.996518 0.788215 0.991296 -0.112109 -0.0690177 1.5027
1548881216323363584 1896 -0.112196 -0.992619 0.0460355 16.4286 -0.0702064 -0.0382938 -0.996797 0.789766 0.991203 -0.115069 -0.0653917 1.50392
1548881216523389696 1902 -0.111009 -0.992806 0.044858 16.492 -0.0651918 -0.0377653 -0.997158 0.793409 0.991679 -0.113618 -0.0605305 1.51027
1548881216723416576 1908 -0.116626 -0.992882 0.0241779 16.5699 -0.0874551 -0.0139829 -0.99607 0.798928 0.989318 -0.118282 -0.0852018 1.53143
1548881216923442688 1914 -0.122079 -0.992244 0.0234242 16.6372 -0.0900876 -0.0124258 -0.995856 0.800493 0.988424 -0.123683 -0.087872 1.54131
1548881217256819712 1924 -0.13189 -0.991154 0.0148238 16.7525 -0.0899838 -0.00292153 -0.995939 0.801674 0.987172 -0.132688 -0.0888024 1.55552
1548881217490183680 1931 -0.141381 -0.989826 0.0160197 16.828 -0.090908 -0.00313246 -0.995854 0.804614 0.985772 -0.142251 -0.0895402 1.56778
1548881217723547648 1938 -0.152385 -0.988296 0.00705224 16.9106 -0.0893771 0.00667398 -0.995975 0.806556 0.984272 -0.152402 -0.089348 1.57927
1548881217890236672 1943 -0.160776 -0.986947 0.00936263 16.967 -0.0944645 0.00594459 -0.99551 0.808556 0.98246 -0.160938 -0.0941871 1.59381
1548881218190276608 1952 -0.171434 -0.985146 0.00986698 17.0627 -0.0955748 0.00666212 -0.9954 0.811623 0.980549 -0.171588 -0.0952973 1.60819
1548881218290289664 1955 -0.171138 -0.985165 0.0127439 17.0965 -0.102776 0.00498648 -0.994692 0.811054 0.979872 -0.171539 -0.102104 1.62
1548881218456977664 1960 -0.171364 -0.985038 0.0182826 17.1503 -0.100534 -0.00097676 -0.994933 0.812886 0.980065 -0.172333 -0.0988621 1.63016
1548881218657004800 1966 -0.169226 -0.985333 0.0219254 17.2136 -0.0943131 -0.00595435 -0.995525 0.816428 0.981054 -0.170537 -0.0919222 1.63438
