1548883275063794688 90 -0.000157913 -1 0.00076147 0.000559669 0.00149296 -0.000761705 -0.999999 0.000223064 0.999999 -0.000156776 0.00149308 -0.000338373
1548883275130469632 93 -0.000600326 -0.999997 0.00221803 0.00174759 0.00478923 -0.00222088 -0.999986 0.000679947 0.999988 -0.000589695 0.00479055 -0.00261377
1548883275497184768 100 -0.00167078 -0.99998 0.00605124 0.00595114 0.000444521 -0.00605199 -0.999982 -0.00404048 0.999999 -0.00166806 0.000454623 -0.0436403
1548883275597197824 104 -0.00201409 -0.999997 0.00148436 0.00294956 -0.00325632 -0.0014778 -0.999994 -0.00711383 0.999993 -0.00201891 -0.00325333 -0.0601823
1548883275863899648 105 -0.00512967 -0.999984 0.00219139 0.00517525 0.0115814 -0.00225068 -0.99993 -0.00675702 0.99992 -0.00510394 0.0115927 -0.0899206
1548883275997250816 118 -0.00812901 -0.999963 -0.00284275 0.00140607 0.0152665 0.00271841 -0.99988 -0.00576131 0.99985 -0.00817144 0.0152439 -0.107942
1548883276163938816 121 -0.0161153 -0.999868 -0.00215547 0.00140303 0.0287627 0.00169128 -0.999585 -0.00431428 0.999456 -0.0161706 0.0287316 -0.125075
1548883276397303808 131 -0.0286702 -0.999562 -0.00729769 -0.00236387 0.0209834 0.00669725 -0.999757 -0.00556804 0.999369 -0.0288164 0.0207822 -0.162639
1548883276530653696 133 -0.0336655 -0.999399 -0.00827453 -0.007117 0.022235 0.00752822 -0.999724 -0.00649898 0.999186 -0.0338402 0.0219682 -0.178931
1548883276697342720 139 -0.052143 -0.998595 -0.00947748 -0.0114487 0.0243366 0.00821692 -0.99967 -0.00766855 0.998343 -0.0523564 0.0238739 -0.20196
1548883276797355776 148 -0.0627069 -0.998018 -0.00533144 -0.00910319 0.0262299 0.0036921 -0.999649 -0.00754599 0.997687 -0.0628248 0.0259463 -0.216912
1548883277030719744 152 -0.0730488 -0.997275 -0.0103163 -0.0129255 0.0255055 0.00847248 -0.999639 -0.00940152 0.997002 -0.0732855 0.0248171 -0.253649
1548883277164070656 158 -0.0768287 -0.996957 -0.0132207 -0.0116666 0.0228367 0.0114968 -0.999673 -0.0106641 0.996783 -0.0771055 0.0218839 -0.28052
1548883277197408768 164 -0.0744738 -0.99714 -0.0128828 -0.0140646 0.0246276 0.0110756 -0.999635 -0.00949425 0.996919 -0.0747639 0.0237323 -0.284005
1548883277630798592 167 -0.079764 -0.9967 -0.0150303 -0.00900697 0.0265464 0.0129491 -0.999564 -0.0146653 0.99646 -0.0801282 0.025426 -0.351892
1548883277730812672 175 -0.0808909 -0.996522 -0.0200345 -0.0107471 0.0253466 0.0180372 -0.999516 -0.0167508 0.996401 -0.0813596 0.0237993 -0.370278
1548883278063291648 183 -0.0827165 -0.996454 -0.0154383 -0.000764698 0.0340831 0.0126538 -0.999339 -0.0175062 0.99599 -0.083188 0.0329156 -0.417806
1548883278129966592 193 -0.0822852 -0.996521 -0.0132287 0.00251602 0.0325681 0.0105779 -0.999414 -0.016986 0.996077 -0.0826678 0.0315844 -0.429629
1548883278329993728 198 -0.0839261 -0.996454 -0.00605001 0.0117437 0.0317822 0.00339159 -0.999489 -0.0196083 0.995965 -0.0840755 0.0313848 -0.462221
1548883278629040640 206 -0.0852898 -0.996352 -0.00303643 0.020333 0.0329323 0.000226817 -0.999458 -0.0212918 0.995812 -0.0853436 0.0327928 -0.510421
1548883278762391808 213 -0.0884519 -0.996077 -0.00266484 0.0235148 0.0285725 0.000136993 -0.999592 -0.0216434 0.995671 -0.0884919 0.0284483 -0.535705
1548883278962417664 218 -0.090575 -0.995887 -0.00224098 0.0274144 0.031484 -0.000614318 -0.999504 -0.0213586 0.995392 -0.0906007 0.0314101 -0.565825
1548883279162444800 221 -0.0940072 -0.995571 -0.000837454 0.0325761 0.0299694 -0.00198908 -0.999549 -0.0235739 0.99512 -0.0939899 0.0300237 -0.602087
1548883279261218816 230 -0.0972669 -0.995256 -0.00199839 0.0335843 0.0289339 -0.000820656 -0.999581 -0.0246361 0.994838 -0.097284 0.0288765 -0.620768
1548883279527920640 238 -0.0961557 -0.995365 0.00149873 0.0405389 0.0213595 -0.00356876 -0.999765 -0.0281733 0.995137 -0.0961011 0.0216036 -0.671188
1548883279794622720 245 -0.100073 -0.994924 -0.0105544 0.035287 0.0281637 0.00777089 -0.999573 -0.0304332 0.994581 -0.100328 0.0272431 -0.714149
1548883280127999744 247 -0.100625 -0.994839 -0.0130511 0.0403044 0.0260305 0.0104807 -0.999606 -0.0336353 0.994584 -0.100925 0.0248415 -0.776503
1548883280293300736 257 -0.101894 -0.994691 -0.0144313 0.0433646 0.0224888 0.0121999 -0.999673 -0.0361655 0.994541 -0.102185 0.0211263 -0.810617
1548883280560002816 259 -0.100744 -0.994866 -0.00956155 0.0540737 0.0174811 0.00783891 -0.999816 -0.0391773 0.994759 -0.100893 0.0166016 -0.862964
1548883280793366784 271 -0.100129 -0.994963 -0.00474951 0.0639999 0.0193168 0.00282868 -0.999809 -0.041118 0.994787 -0.100202 0.0189363 -0.901744
1548883280958686720 278 -0.0984007 -0.995146 -0.00107663 0.0720289 0.0172821 -0.000627147 -0.99985 -0.0402339 0.994997 -0.0984046 0.0172599 -0.93529
1548883281058699776 282 -0.09921 -0.995064 0.00222164 0.076479 0.0147648 -0.00370448 -0.999884 -0.0388748 0.994957 -0.0991657 0.0150595 -0.953194
1548883281358739712 285 -0.0990525 -0.995073 0.00421856 0.083644 0.015716 -0.00580326 -0.99986 -0.0416223 0.994958 -0.0989723 0.0162134 -1.00366
1548883281623927808 291 -0.0976226 -0.995214 0.00439071 0.0890558 0.019433 -0.00631713 -0.999791 -0.0455656 0.995034 -0.0975169 0.0199567 -1.04854
1548883281857291776 294 -0.0979929 -0.995187 -0.001039 0.0908878 0.0142959 -0.000363756 -0.999898 -0.0493602 0.995084 -0.0979977 0.0142627 -1.09431
1548883281923967744 299 -0.0986425 -0.995118 -0.0030401 0.0912223 0.0115144 0.00191343 -0.999932 -0.0494855 0.995056 -0.0986708 0.0112695 -1.10946
1548883282257344768 301 -0.105304 -0.994434 -0.00345078 0.0993109 0.0276374 0.000542148 -0.999618 -0.0516624 0.994056 -0.105359 0.0274264 -1.15985
1548883282324020736 304 -0.105361 -0.994415 -0.00615463 0.0992624 0.0322859 0.00276517 -0.999475 -0.0521068 0.99391 -0.105504 0.0318142 -1.17087
1548883282724072704 313 -0.105664 -0.994371 -0.00788408 0.110104 0.0355022 0.00415109 -0.999361 -0.0573241 0.993768 -0.105877 0.0348637 -1.24216
1548883282957436672 315 -0.108815 -0.994009 -0.0102359 0.116044 0.0390421 0.00601557 -0.999219 -0.0583203 0.993295 -0.109129 0.0381536 -1.28507
1548883283090787584 321 -0.108742 -0.99399 -0.0125742 0.118124 0.0322981 0.0091097 -0.999437 -0.0602557 0.993545 -0.109087 0.0311134 -1.31189
1548883283190800640 326 -0.112235 -0.993586 -0.0137778 0.120075 0.0339178 0.0100268 -0.999374 -0.0608602 0.993103 -0.112632 0.0325749 -1.33013
1548883283390827776 329 -0.119712 -0.992668 -0.016728 0.123443 0.0379333 0.0122636 -0.999205 -0.0632204 0.992084 -0.120251 0.0361871 -1.36565
1548883283490840576 336 -0.126587 -0.99178 -0.018654 0.125416 0.0407743 0.013587 -0.999076 -0.0642137 0.991117 -0.12723 0.0387192 -1.38313
1548883283657529600 342 -0.136903 -0.990467 -0.015253 0.133555 0.0396869 0.00990143 -0.999163 -0.0674274 0.989789 -0.137393 0.037953 -1.41538
1548883283724204800 346 -0.141026 -0.989853 -0.0174167 0.13452 0.0420066 0.0115937 -0.99905 -0.0671744 0.989114 -0.141624 0.0399453 -1.42776
1548883283824217600 354 -0.147918 -0.988878 -0.0155148 0.138501 0.0449534 0.00894862 -0.998949 -0.0669938 0.987977 -0.14846 0.0431298 -1.44412
1548883284124257792 356 -0.16921 -0.98548 -0.0140347 0.14972 0.050226 0.00559931 -0.998722 -0.0714083 0.984299 -0.169698 0.0485493 -1.49647
1548883284190932736 359 -0.172413 -0.984948 -0.0123284 0.1527 0.0509462 0.00358252 -0.998695 -0.0709611 0.983706 -0.172816 0.0495616 -1.50822
1548883284390959616 364 -0.178822 -0.983848 -0.00813813 0.163946 0.0493995 -0.000717118 -0.998779 -0.0730354 0.98264 -0.179006 0.0487298 -1.54515
1548883284557647616 368 -0.188396 -0.982072 -0.00645197 0.172648 0.0530617 -0.00361865 -0.998585 -0.0746841 0.980659 -0.188472 0.0527921 -1.57348
1548883284657660672 374 -0.190338 -0.981627 -0.0134119 0.174366 0.0521193 0.00353831 -0.998635 -0.0750832 0.980334 -0.190777 0.0504882 -1.59474
1548883284891024640 378 -0.195242 -0.980654 -0.0140566 0.185848 0.0517113 0.00401925 -0.998654 -0.0805134 0.979391 -0.195706 0.0499262 -1.63696
1548883285091051776 383 -0.198063 -0.980023 -0.0180433 0.191546 0.054618 0.00734476 -0.99848 -0.0830003 0.978666 -0.198747 0.0520722 -1.67116
1548883285224402688 387 -0.201665 -0.979241 -0.0204409 0.195583 0.0567105 0.00916073 -0.998349 -0.0846328 0.977811 -0.202491 0.0536858 -1.69416
1548883285491103744 396 -0.205737 -0.978436 -0.0183316 0.204732 0.0547682 0.0071908 -0.998473 -0.0880481 0.977074 -0.206427 0.0521077 -1.746
1548883285557779712 408 -0.208403 -0.977906 -0.0163773 0.207896 0.05389 0.00523815 -0.998533 -0.0872392 0.976557 -0.20898 0.0516077 -1.75905
1548883285657792768 416 -0.20968 -0.977616 -0.0173838 0.211594 0.0536418 0.00625075 -0.998541 -0.0889181 0.976298 -0.210306 0.0511304 -1.77725
1548883285824481792 424 -0.212737 -0.976914 -0.0195482 0.218316 0.0542038 0.00817642 -0.998496 -0.0927734 0.975605 -0.213477 0.0512131 -1.80768
1548883285957832704 430 -0.214271 -0.976456 -0.0249471 0.219345 0.0582374 0.0127237 -0.998222 -0.0937665 0.975036 -0.215343 0.0541399 -1.83103
1548883286157858816 438 -0.217699 -0.97564 -0.0270731 0.223853 0.052125 0.0160769 -0.998511 -0.0983721 0.974623 -0.218786 0.0473554 -1.87284
1548883286291209728 443 -0.220838 -0.974936 -0.0270462 0.228497 0.0556862 0.0150815 -0.998334 -0.100643 0.97372 -0.221976 0.0509599 -1.89565
1548883286457898752 454 -0.224834 -0.974003 -0.0276983 0.236016 0.0515629 0.0164934 -0.998534 -0.104145 0.973032 -0.225932 0.0465142 -1.93007
1548883286591248640 458 -0.226104 -0.973686 -0.0285191 0.241101 0.0479222 0.0181232 -0.998687 -0.106182 0.972924 -0.227173 0.0425634 -1.95692
1548883286891288576 461 -0.229555 -0.972697 -0.0341213 0.251555 0.0541184 0.0222471 -0.998287 -0.111182 0.97179 -0.231009 0.0475339 -2.01559
1548883287291341824 467 -0.225386 -0.973802 -0.0301666 0.270661 0.0589622 0.0172729 -0.998111 -0.115157 0.972484 -0.226739 0.0535244 -2.0856
1548883287558042624 472 -0.220984 -0.975026 -0.0221238 0.287235 0.0618718 0.00862324 -0.998047 -0.117795 0.973313 -0.221921 0.058421 -2.1341
1548883287824744704 478 -0.210054 -0.977516 -0.0184357 0.305275 0.0642374 0.00501688 -0.997922 -0.121745 0.975577 -0.210802 0.0617393 -2.18654
1548883288024771584 481 -0.20143 -0.979327 -0.0185456 0.31366 0.0559664 0.00739564 -0.998405 -0.126848 0.977903 -0.202147 0.0533197 -2.2352
1548883288291472640 486 -0.188319 -0.982068 -0.00890097 0.334837 0.0421202 0.00097857 -0.999112 -0.133914 0.981204 -0.188527 0.0411806 -2.30319
1548883288458161664 492 -0.187259 -0.982303 0.00375489 0.35187 0.034671 -0.0104295 -0.999344 -0.138985 0.981698 -0.187006 0.0360105 -2.34515
1548883288824876800 501 -0.18565 -0.982406 0.020298 0.380842 0.0228455 -0.0249669 -0.999427 -0.150395 0.98235 -0.18508 0.0270786 -2.43887
1548883288958227712 505 -0.185274 -0.982204 0.0308137 0.395937 0.0120689 -0.0336286 -0.999362 -0.153857 0.982613 -0.184784 0.0180846 -2.47932
1548883289059753728 514 -0.187203 -0.981811 0.0316702 0.402751 0.0130692 -0.0347267 -0.999311 -0.156757 0.982234 -0.18666 0.0193325 -2.50312
1548883289259779584 519 -0.187202 -0.981902 0.0286875 0.409328 0.0139655 -0.0318611 -0.999395 -0.158665 0.982222 -0.186688 0.0196773 -2.5519
1548883289426468608 527 -0.184608 -0.982366 0.0296189 0.418535 0.0163657 -0.0332054 -0.999315 -0.158878 0.982676 -0.183997 0.0222071 -2.59251
1548883289626494720 536 -0.183958 -0.982579 0.0264299 0.425444 0.0201698 -0.0306565 -0.999326 -0.159376 0.982727 -0.183301 0.0254579 -2.64036
1548883289726508800 537 -0.184947 -0.982384 0.0267546 0.430157 0.0186595 -0.0307296 -0.999354 -0.159797 0.982571 -0.184328 0.0240142 -2.66603
1548883289893196800 542 -0.183011 -0.982727 0.027479 0.439273 0.0212575 -0.0319001 -0.999265 -0.16158 0.982881 -0.182292 0.0267284 -2.70587
1548883290093223680 549 -0.176345 -0.984214 0.0150296 0.438205 0.0320463 -0.0210013 -0.999266 -0.162313 0.983807 -0.175734 0.0352439 -2.75164
1548883290393262592 562 -0.16935 -0.985516 0.00884545 0.445694 0.0245637 -0.0131929 -0.999611 -0.171944 0.98525 -0.169066 0.0264421 -2.83337
1548883290526613760 573 -0.167696 -0.985692 0.0170409 0.455744 0.0320824 -0.0227331 -0.999227 -0.173487 0.985317 -0.167019 0.0354356 -2.8596
1548883290826652672 585 -0.168716 -0.985371 0.0240441 0.473947 0.0501173 -0.0329382 -0.9982 -0.178419 0.98439 -0.167207 0.0549413 -2.92286
1548883290993341696 595 -0.171698 -0.984807 0.0259743 0.482633 0.0535598 -0.0356583 -0.997928 -0.181689 0.983693 -0.169951 0.0588686 -2.96641
1548883291260043776 606 -0.188466 -0.981834 0.0219502 0.49002 0.0682976 -0.0354 -0.997037 -0.185946 0.979702 -0.186408 0.0737286 -3.02717
1548883291560082688 614 -0.22054 -0.9752 0.0186053 0.500005 0.0715091 -0.0351895 -0.996819 -0.190659 0.972753 -0.218508 0.0774964 -3.1021
1548883291593420800 620 -0.22205 -0.97489 0.0168133 0.495987 0.0727956 -0.0337714 -0.996775 -0.19008 0.972314 -0.22011 0.0784666 -3.10953
1548883291760109824 629 -0.241728 -0.970339 0.00321938 0.492973 0.0785014 -0.0228628 -0.996652 -0.192145 0.967163 -0.240666 0.0816995 -3.14843
1548883291993473792 634 -0.25413 -0.967158 -0.00494194 0.497166 0.0728576 -0.0140483 -0.997243 -0.198354 0.964422 -0.253789 0.0740348 -3.20829
1548883292426863616 641 -0.256862 -0.966448 -0.00090984 0.520145 0.0628162 -0.0157558 -0.997901 -0.211287 0.964405 -0.25638 0.0647556 -3.29402
1548883292793578752 647 -0.254764 -0.96697 0.00802788 0.542101 0.0576382 -0.0234717 -0.998062 -0.219201 0.965284 -0.253807 0.0617141 -3.36452
1548883293193631744 653 -0.252959 -0.967281 0.0194932 0.57112 0.0553809 -0.0345925 -0.997866 -0.223651 0.965891 -0.251339 0.0623194 -3.44291
1548883293527008768 658 -0.256578 -0.965898 0.0347657 0.598546 0.0387322 -0.0462163 -0.99818 -0.226081 0.965747 -0.254764 0.0492694 -3.51665
1548883293893723648 665 -0.261125 -0.964226 0.045619 0.622036 0.0064322 -0.0489956 -0.998778 -0.234034 0.965284 -0.260513 0.0189961 -3.60575
1548883294160425728 669 -0.263482 -0.964082 0.0335083 0.628046 0.00267364 -0.0354654 -0.999367 -0.236575 0.964661 -0.263226 0.0119221 -3.66638
1548883294360451584 677 -0.262051 -0.964613 0.0291871 0.63393 -0.0057059 -0.0286948 -0.999572 -0.239155 0.965037 -0.262105 0.0020155 -3.70982
1548883294660491776 684 -0.259708 -0.965344 0.0257576 0.646538 -0.0107856 -0.0237715 -0.999659 -0.243473 0.965627 -0.259897 -0.00423813 -3.77446
1548883294827179776 691 -0.259054 -0.965533 0.025241 0.654541 -0.0119821 -0.0229185 -0.999666 -0.245906 0.965788 -0.25927 -0.00563196 -3.80646
1548883295060544768 695 -0.258876 -0.96536 0.0325963 0.675035 -0.0159321 -0.0294746 -0.999439 -0.24874 0.965779 -0.25925 -0.00774995 -3.85834
1548883295260570624 703 -0.260656 -0.964971 0.0298147 0.68398 0.0052402 -0.0322959 -0.999465 -0.250979 0.965417 -0.26036 0.0134748 -3.88234
1548883295460596736 710 -0.256779 -0.965872 0.0339927 0.697676 0.0248979 -0.0417713 -0.998817 -0.253126 0.966149 -0.255629 0.0347742 -3.91159
1548883295627285760 715 -0.257852 -0.965553 0.0349247 0.707934 0.0374361 -0.0461042 -0.998235 -0.252609 0.965459 -0.256089 0.0480346 -3.93423
1548883295860649728 723 -0.257132 -0.965688 0.0364691 0.719546 0.0525269 -0.0516486 -0.997283 -0.254791 0.964948 -0.254518 0.0640051 -3.97484
1548883295994000640 732 -0.258954 -0.965282 0.0342683 0.723257 0.0574127 -0.0507983 -0.997057 -0.254725 0.964182 -0.256224 0.0685739 -3.99869
1548883296262071808 741 -0.258482 -0.965334 0.036286 0.739909 0.0622945 -0.0541411 -0.996588 -0.258277 0.964005 -0.25534 0.0741295 -4.05347
1548883296495435776 749 -0.260188 -0.964901 0.0356223 0.75028 0.0615186 -0.0533842 -0.996677 -0.262981 0.963596 -0.257133 0.0732493 -4.10403
1548883296728799744 757 -0.260038 -0.965032 0.0330707 0.759049 0.066853 -0.0521598 -0.996399 -0.267361 0.963281 -0.256891 0.0780788 -4.14886
1548883296862150656 766 -0.256322 -0.964842 0.0581296 0.784495 0.0517797 -0.0737586 -0.995931 -0.270592 0.965204 -0.252269 0.0688651 -4.18366
1548883297128852736 767 -0.261582 -0.963657 0.0542227 0.795845 0.0543407 -0.0707937 -0.99601 -0.275109 0.96365 -0.257592 0.0708842 -4.23885
1548883297362216704 776 -0.260429 -0.964952 0.032314 0.792155 0.0551675 -0.0482866 -0.997309 -0.278116 0.963916 -0.257945 0.0658092 -4.29458
1548883297528904704 778 -0.252727 -0.966844 0.0366289 0.802873 0.039761 -0.0482042 -0.998046 -0.282246 0.96672 -0.250776 0.0506252 -4.3357
1548883297795606784 785 -0.24982 -0.967279 0.044286 0.82167 0.0343368 -0.054557 -0.99792 -0.286739 0.967683 -0.24778 0.0468427 -4.39726
1548883298095646720 791 -0.248889 -0.967656 0.0411884 0.834498 0.0417577 -0.0532081 -0.99771 -0.292695 0.967631 -0.246599 0.05365 -4.46
1548883298395685632 800 -0.248215 -0.968021 0.0363892 0.843678 0.0363383 -0.0468428 -0.998241 -0.299576 0.968023 -0.246456 0.0468033 -4.52683
1548883298662387712 803 -0.241876 -0.969107 0.0482519 0.868085 0.0270254 -0.0564376 -0.99804 -0.303201 0.969931 -0.240098 0.0398414 -4.59515
1548883298929089792 811 -0.250427 -0.96687 0.0494933 0.879926 0.0386226 -0.061059 -0.997387 -0.3062 0.967365 -0.247861 0.0526339 -4.63925
1548883299229128704 823 -0.257895 -0.965364 0.0395389 0.891537 0.0559988 -0.0557893 -0.996871 -0.313387 0.964549 -0.254874 0.068447 -4.69753
1548883299262466816 828 -0.255655 -0.965932 0.0401958 0.892971 0.0582127 -0.0568827 -0.996682 -0.313396 0.965014 -0.252467 0.0707718 -4.70244
1548883299562505728 834 -0.256424 -0.964645 0.0608873 0.928453 0.0520258 -0.0766769 -0.995698 -0.322231 0.965163 -0.252153 0.0698482 -4.77008
1548883299629181696 839 -0.256361 -0.964596 0.061918 0.932326 0.0532458 -0.0780546 -0.995526 -0.32337 0.965113 -0.251917 0.0713709 -4.78267
1548883299862545664 844 -0.256142 -0.964128 0.0696309 0.952811 0.0503983 -0.085256 -0.995084 -0.331469 0.965324 -0.251374 0.0704281 -4.83539
1548883300062571776 851 -0.256491 -0.96442 0.0640853 0.962068 0.0614292 -0.0824348 -0.994701 -0.335521 0.964592 -0.251196 0.0803874 -4.87336
1548883300362611712 856 -0.255579 -0.96402 0.0731063 0.986217 0.0506967 -0.0888774 -0.994752 -0.343942 0.965458 -0.250531 0.0715878 -4.94428
1548883300462624768 862 -0.259256 -0.96304 0.0730784 0.992117 0.0503175 -0.089031 -0.994757 -0.346488 0.964497 -0.25422 0.0715396 -4.96857
1548883300729326592 872 -0.254123 -0.964469 0.0722605 1.00691 0.0712697 -0.0931837 -0.993095 -0.344313 0.964542 -0.247218 0.0924175 -5.01452
1548883301129379584 879 -0.252465 -0.966196 0.0522203 1.01445 0.0842642 -0.0757175 -0.993562 -0.354205 0.96393 -0.24644 0.100532 -5.08992
1548883301296067584 890 -0.248791 -0.967172 0.0517827 1.02562 0.0844901 -0.0749317 -0.993603 -0.358357 0.964865 -0.242824 0.100359 -5.12756
1548883301496093696 895 -0.247333 -0.967212 0.0576775 1.04139 0.0882841 -0.0817752 -0.992733 -0.362339 0.9649 -0.240444 0.105615 -5.16808
1548883301664022784 899 -0.249808 -0.96635 0.061344 1.05232 0.0805736 -0.0838781 -0.993213 -0.365898 0.964937 -0.24317 0.0988157 -5.21208
1548883301830711808 905 -0.251183 -0.965809 0.0641846 1.06381 0.0813527 -0.0871407 -0.992869 -0.3696 0.964515 -0.24417 0.10046 -5.24691
1548883302064075776 915 -0.258864 -0.964319 0.0554905 1.0728 0.081201 -0.0789711 -0.993564 -0.380017 0.962495 -0.252692 0.0987464 -5.29694
1548883302230763776 922 -0.260104 -0.964542 0.0447734 1.07817 0.0715566 -0.0654968 -0.995284 -0.388419 0.962926 -0.255673 0.0860553 -5.34177
1548883302430790656 929 -0.26341 -0.964048 0.0350333 1.08468 0.0625472 -0.0533069 -0.996617 -0.394574 0.962654 -0.260328 0.0743401 -5.39798
1548883302764167680 937 -0.264596 -0.962978 0.0516029 1.11901 0.0473023 -0.0664055 -0.996671 -0.398846 0.963199 -0.261274 0.0631217 -5.48044
1548883302997531648 946 -0.278016 -0.958898 0.0567622 1.13749 0.05276 -0.074246 -0.995843 -0.40171 0.959127 -0.273865 0.071233 -5.5231
1548883303364246784 951 -0.286249 -0.957127 0.0443787 1.15403 0.0514484 -0.0616037 -0.996774 -0.415464 0.956773 -0.283042 0.0668767 -5.60979
1548883303530935808 956 -0.289825 -0.95619 0.0412504 1.16245 0.0442547 -0.0564431 -0.997425 -0.420902 0.956056 -0.287253 0.0586746 -5.65202
1548883303664286720 961 -0.290172 -0.956214 0.0381347 1.16684 0.042371 -0.0526476 -0.997714 -0.424558 0.956036 -0.287893 0.0557927 -5.68066
1548883303864312832 968 -0.294375 -0.955087 0.0339422 1.17936 0.0408732 -0.0480654 -0.998008 -0.427643 0.954815 -0.292401 0.0531867 -5.73034
1548883304197689600 972 -0.300575 -0.952956 0.0391183 1.20463 0.0542826 -0.0580411 -0.996837 -0.431376 0.952212 -0.297501 0.0691746 -5.78786
1548883304431053824 980 -0.301733 -0.952812 0.0332613 1.21152 0.056305 -0.0526352 -0.997025 -0.435621 0.951728 -0.298963 0.0695299 -5.84082
1548883304664417792 989 -0.291534 -0.955621 0.0423787 1.23507 0.0605976 -0.0626646 -0.996193 -0.437889 0.954639 -0.287856 0.0761772 -5.88797
1548883304931119616 998 -0.293297 -0.955259 0.0381781 1.24735 0.056198 -0.0570925 -0.996786 -0.443465 0.954368 -0.290209 0.0704287 -5.94248
1548883305231159808 1006 -0.298257 -0.953752 0.0374288 1.26571 0.0422541 -0.0523685 -0.997733 -0.448755 0.95355 -0.295999 0.0559191 -6.01671
1548883305397847808 1010 -0.299903 -0.953089 0.040981 1.2778 0.0315841 -0.0528549 -0.998103 -0.451343 0.953447 -0.29804 0.0459538 -6.05668
1548883305564536832 1020 -0.301652 -0.952849 0.0329439 1.28085 0.0332631 -0.0450502 -0.998431 -0.454103 0.952838 -0.300083 0.0452842 -6.08547
1548883305731225600 1026 -0.302554 -0.952705 0.0285234 1.28806 0.0299307 -0.0394079 -0.998775 -0.456509 0.952662 -0.301329 0.0404382 -6.12379
1548883305964589824 1034 -0.295648 -0.95491 0.0271967 1.30233 0.0297117 -0.0376472 -0.998849 -0.459932 0.954835 -0.2945 0.0395023 -6.16866
1548883306097940736 1039 -0.297955 -0.954289 0.0235573 1.30672 0.0220998 -0.0315675 -0.999257 -0.464146 0.954324 -0.297213 0.0304953 -6.19754
1548883306364641792 1042 -0.296081 -0.954885 0.0230233 1.32501 0.0178464 -0.0296302 -0.999402 -0.471546 0.954996 -0.295493 0.0258142 -6.24941
1548883306664681728 1045 -0.290071 -0.956594 0.0280371 1.34741 0.0196408 -0.0352411 -0.999186 -0.473731 0.956803 -0.289284 0.0290108 -6.30898
1548883306964720640 1051 -0.291757 -0.956041 0.0293769 1.36485 0.036258 -0.0417455 -0.99847 -0.475603 0.955805 -0.290245 0.0468436 -6.35174
1548883307231422720 1059 -0.296495 -0.954676 0.0261432 1.38008 0.0388187 -0.0393984 -0.998469 -0.480848 0.954245 -0.295027 0.0487407 -6.40057
1548883307364773632 1064 -0.29987 -0.953742 0.0213108 1.38541 0.0406442 -0.0350913 -0.998557 -0.483014 0.953114 -0.298571 0.049287 -6.42565
1548883307698150656 1072 -0.299545 -0.953946 0.0161221 1.40234 0.0495106 -0.0324175 -0.998247 -0.48579 0.952797 -0.298222 0.056941 -6.48211
1548883307898177792 1082 -0.300906 -0.953497 0.0173112 1.4138 0.0581582 -0.0364663 -0.997641 -0.485207 0.951879 -0.29919 0.0664266 -6.50568
1548883308164878592 1088 -0.302515 -0.95299 0.0171432 1.42939 0.0644434 -0.0383949 -0.997182 -0.48741 0.950964 -0.300558 0.073029 -6.54983
1548883308331567616 1097 -0.304434 -0.952427 0.0142171 1.43396 0.0665553 -0.0361581 -0.997127 -0.490598 0.950205 -0.302613 0.0743968 -6.57517
1548883308431580672 1104 -0.304294 -0.952483 0.0134659 1.43939 0.067136 -0.035545 -0.99711 -0.492242 0.950209 -0.302511 0.074762 -6.5928
1548883308531593728 1115 -0.307454 -0.951498 0.0110948 1.44229 0.068547 -0.0337756 -0.997076 -0.494396 0.949091 -0.305795 0.0756068 -6.60818
1548883308731620608 1123 -0.310427 -0.950574 0.00659414 1.45036 0.0747816 -0.0313354 -0.996707 -0.497925 0.947651 -0.308911 0.0808128 -6.63657
1548883308998322688 1131 -0.30851 -0.951219 0.00212489 1.46223 0.0853706 -0.0299131 -0.9959 -0.501257 0.947382 -0.307064 0.0904346 -6.67293
1548883309165010688 1141 -0.306946 -0.951707 -0.00620247 1.46591 0.0914914 -0.0230198 -0.99554 -0.505477 0.947319 -0.306144 0.0941388 -6.69577
1548883309431712768 1149 -0.306148 -0.951922 -0.0109079 1.47866 0.0845216 -0.0157666 -0.996297 -0.512022 0.948225 -0.305936 0.0852849 -6.7439
1548883309765089792 1161 -0.315116 -0.948944 -0.0143926 1.49497 0.085067 -0.0131375 -0.996289 -0.516726 0.945233 -0.315171 0.0848637 -6.79982
1548883309965116672 1169 -0.313466 -0.94934 -0.0222113 1.5004 0.0895292 -0.0062598 -0.995965 -0.519249 0.94537 -0.31419 0.0869558 -6.82947
1548883310265155584 1177 -0.315496 -0.948211 -0.0368614 1.50618 0.0654136 0.0170209 -0.997713 -0.528539 0.94667 -0.317186 0.0566559 -6.89898
1548883310498519808 1186 -0.314179 -0.948451 -0.0416245 1.51545 0.0605028 0.0237522 -0.997885 -0.534301 0.947434 -0.316033 0.0499215 -6.93943
1548883310865234688 1192 -0.311625 -0.949204 -0.0436184 1.53389 0.0399456 0.032777 -0.998664 -0.542625 0.949365 -0.312951 0.0277024 -7.01408
1548883311130696704 1199 -0.305716 -0.951735 -0.0271667 1.56005 0.0417078 0.0151189 -0.999015 -0.545794 0.951209 -0.306548 0.0350727 -7.05302
1548883311397398784 1211 -0.312731 -0.949186 -0.0352832 1.56492 0.0178171 0.0312777 -0.999352 -0.551359 0.949675 -0.313157 0.0071302 -7.11187
1548883311730775808 1212 -0.308717 -0.950713 -0.0289693 1.5838 0.0507154 0.0139606 -0.998616 -0.552726 0.949801 -0.309759 0.0439058 -7.1469
1548883311997477632 1223 -0.306289 -0.95162 -0.0246099 1.59821 0.0526838 0.0088673 -0.998572 -0.557314 0.95048 -0.307148 0.047419 -7.1867
1548883312397530624 1225 -0.306878 -0.951516 -0.0210291 1.61966 0.066664 0.000551346 -0.997775 -0.561932 0.949411 -0.307598 0.0632627 -7.24279
1548883312664231680 1236 -0.308904 -0.950938 -0.0172134 1.63339 0.0626452 -0.00228388 -0.998033 -0.566577 0.949028 -0.309374 0.0602772 -7.28836
1548883312930933760 1238 -0.308877 -0.951095 0.00368407 1.65904 0.0500418 -0.0201194 -0.998544 -0.574196 0.949785 -0.308243 0.0538089 -7.33754
1548883313230973696 1245 -0.310787 -0.950338 0.0164147 1.68041 0.0420779 -0.0310095 -0.998633 -0.580016 0.949548 -0.309671 0.0496255 -7.39104
1548883313430999808 1255 -0.317957 -0.948066 0.00867758 1.68456 0.0551652 -0.0276365 -0.998095 -0.579698 0.946499 -0.316872 0.0610874 -7.41737
1548883313664363776 1264 -0.325064 -0.945672 -0.00616414 1.68528 0.0674638 -0.0166874 -0.997582 -0.579201 0.943282 -0.324694 0.0692231 -7.45103
1548883314063047680 1278 -0.336228 -0.941618 -0.0174752 1.70125 0.0731122 -0.0075981 -0.997295 -0.58364 0.938938 -0.336596 0.0713985 -7.51267
1548883314096385792 1293 -0.337084 -0.941288 -0.0187476 1.70221 0.0740261 -0.00664759 -0.997234 -0.584388 0.93856 -0.33754 0.0719207 -7.51755
1548883314463100672 1305 -0.343096 -0.938995 -0.0239442 1.7199 0.0698378 -8.0288e-05 -0.997558 -0.58971 0.9367 -0.343931 0.0656049 -7.58015
1548883314529775616 1313 -0.343394 -0.938784 -0.0276635 1.72075 0.0714494 0.0032567 -0.997439 -0.589429 0.93647 -0.344491 0.0659573 -7.59115
1548883314896490752 1320 -0.342209 -0.939256 -0.0262796 1.74135 0.0501344 0.00967668 -0.998696 -0.598657 0.938285 -0.34308 0.0437776 -7.66539
1548883314963165696 1326 -0.341032 -0.9397 -0.025724 1.74369 0.0439218 0.0114066 -0.99897 -0.600483 0.939025 -0.341811 0.0373833 -7.68167
1548883315196529664 1338 -0.343141 -0.939029 -0.0218881 1.75926 0.0302035 0.0122599 -0.999469 -0.605643 0.938798 -0.34362 0.0241551 -7.72796
1548883315529907712 1346 -0.346056 -0.938174 -0.00866225 1.78764 0.031771 -0.00249071 -0.999492 -0.609949 0.937676 -0.346156 0.0306687 -7.77702
1548883315828433664 1356 -0.348448 -0.937158 -0.0178465 1.7991 0.0186329 0.0121105 -0.999753 -0.615487 0.937143 -0.348694 0.013242 -7.83807
1548883316295161600 1357 -0.348578 -0.937261 -0.00588341 1.82383 0.0294429 -0.00467572 -0.999556 -0.621797 0.936817 -0.348597 0.0292256 -7.90544
1548883316795227648 1373 -0.353332 -0.93549 -0.00400702 1.84511 0.0466635 -0.0133464 -0.998821 -0.627481 0.934334 -0.353102 0.048369 -7.9756
1548883317195280640 1374 -0.368059 -0.929797 -0.00318103 1.86858 0.0387883 -0.0119359 -0.999176 -0.634022 0.928993 -0.367879 0.0404584 -8.04531
1548883317461982720 1386 -0.371772 -0.928294 -0.00750135 1.88356 0.0388895 -0.0075004 -0.999215 -0.636138 0.927509 -0.371772 0.0388893 -8.08745
1548883317695346688 1392 -0.373687 -0.927233 -0.0244462 1.88571 0.0502147 0.00609375 -0.99872 -0.636151 0.926195 -0.374436 0.0442836 -8.12012
1548883317895261696 1401 -0.372462 -0.927712 -0.0249565 1.89837 0.0581172 0.00352237 -0.998304 -0.637621 0.926226 -0.373281 0.0526041 -8.14432
1548883318295314688 1411 -0.380116 -0.924863 -0.0118511 1.93266 0.0380799 -0.0028462 -0.999271 -0.638794 0.924155 -0.38029 0.0363006 -8.21654
1548883318562016768 1412 -0.378768 -0.925358 -0.0157403 1.94657 0.0389805 0.00104153 -0.999239 -0.641987 0.92467 -0.379094 0.0356764 -8.25774
1548883318895393792 1414 -0.383496 -0.923465 -0.0119559 1.97406 0.0241657 0.00290739 -0.999704 -0.648401 0.923226 -0.383672 0.0212012 -8.31753
1548883318928731648 1415 -0.384579 -0.923013 -0.0120733 1.97438 0.0227053 0.0036166 -0.999736 -0.649069 0.922813 -0.384752 0.0195664 -8.32424
1548883319462134784 1421 -0.392733 -0.919652 -0.000746226 2.01974 0.0316553 -0.0127073 -0.999418 -0.655959 0.919107 -0.392528 0.0341024 -8.39368
1548883319495472640 1429 -0.392932 -0.919567 0.000770934 2.02079 0.0298206 -0.0135803 -0.999463 -0.655553 0.919084 -0.392698 0.0327582 -8.40068
1548883319895525632 1434 -0.399755 -0.916605 -0.00561045 2.04124 0.00357151 0.00456317 -0.999983 -0.66 0.916615 -0.399769 0.0014495 -8.48272
1548883320095551744 1442 -0.405033 -0.914283 -0.00598036 2.05304 0.00699476 0.00344212 -0.99997 -0.658937 0.914275 -0.405062 0.00500101 -8.50998
1548883320395591680 1451 -0.420702 -0.907149 -0.00950957 2.0669 -9.88045e-05 0.0105282 -0.999945 -0.660329 0.907199 -0.420677 -0.00451884 -8.56471
1548883320728968704 1457 -0.420935 -0.907072 -0.00582601 2.09288 0.00389026 0.00461744 -0.999982 -0.657757 0.907082 -0.42095 0.0015851 -8.61051
1548883320762306816 1462 -0.423686 -0.905789 -0.00600372 2.09653 0.00361933 0.00493509 -0.999981 -0.657559 0.905802 -0.4237 0.00118742 -8.61571
1548883320828981760 1468 -0.422072 -0.906551 -0.00454749 2.10236 0.00157964 0.00428075 -0.99999 -0.657327 0.906561 -0.422075 -0.000374756 -8.6281
1548883320862319616 1476 -0.421227 -0.906948 -0.00353 2.10474 0.00119697 0.00333622 -0.999994 -0.657568 0.906954 -0.421229 -0.000319717 -8.63416
1548883321062345728 1483 -0.428497 -0.903525 -0.00577568 2.11793 0.0122146 0.000599134 -0.999925 -0.657766 0.90346 -0.428536 0.0107795 -8.65666
1548883321329047808 1494 -0.425138 -0.905119 -0.00406259 2.13483 0.00729359 0.00106251 -0.999973 -0.659801 0.905099 -0.425156 0.00614985 -8.7012
1548883321495735808 1502 -0.422449 -0.906371 -0.00535298 2.14452 0.00617949 0.00302562 -0.999976 -0.661533 0.906366 -0.422472 0.00432275 -8.72522
1548883321762437632 1514 -0.421671 -0.906748 -0.00104259 2.16193 -7.9813e-05 0.00118693 -0.999999 -0.663785 0.906749 -0.42167 -0.000572864 -8.76639
1548883322062477824 1522 -0.424168 -0.905583 0.000874996 2.18358 0.00137972 -0.00161248 -0.999998 -0.665109 0.905582 -0.424166 0.00193342 -8.80917
1548883322262503680 1529 -0.425372 -0.904995 -0.00652845 2.19022 0.00849868 0.00321889 -0.999959 -0.663135 0.904979 -0.42541 0.00632204 -8.83395
1548883322429192704 1535 -0.425525 -0.904935 -0.0045446 2.20064 0.00855897 0.000997163 -0.999963 -0.663904 0.904906 -0.425548 0.007321 -8.85568
1548883322629218816 1541 -0.428282 -0.903621 -0.00659267 2.21235 0.00635318 0.00428445 -0.999971 -0.663605 0.903623 -0.428312 0.00390591 -8.8874
1548883322895920640 1551 -0.425685 -0.904843 0.00718608 2.23677 0.000212351 -0.00804145 -0.999968 -0.664595 0.904871 -0.42567 0.00361527 -8.92535
1548883323129284608 1558 -0.426187 -0.904604 0.0074994 2.24963 0.00365936 -0.0100138 -0.999943 -0.664293 0.904628 -0.426135 0.00757804 -8.95232
1548883323495999744 1578 -0.42552 -0.904786 0.0171777 2.27719 0.00377836 -0.0207581 -0.999777 -0.666345 0.904941 -0.42536 0.0122516 -8.9985
1548883323762701824 1583 -0.423777 -0.905306 0.0288622 2.30091 -0.0027409 -0.0305831 -0.999528 -0.667675 0.905762 -0.423657 0.0104791 -9.03525
1548883324162753792 1590 -0.422412 -0.905221 0.0462842 2.3373 -0.0139287 -0.0445748 -0.998909 -0.671977 0.906297 -0.422596 0.00622033 -9.09245
1548883324429455616 1601 -0.421959 -0.905153 0.0514642 2.35702 -0.017358 -0.0486891 -0.998663 -0.671784 0.906449 -0.422289 0.00483317 -9.12894
1548883324662819584 1608 -0.420183 -0.906207 0.0472773 2.36737 -0.0101979 -0.0473807 -0.998825 -0.67307 0.907382 -0.420172 0.0106672 -9.15474
1548883324862846720 1616 -0.417861 -0.907922 0.0327188 2.37136 -0.00374428 -0.0342923 -0.999405 -0.673102 0.908503 -0.417735 0.0109299 -9.18417
1548883325062872576 1632 -0.416488 -0.908687 0.0287545 2.38066 -0.00212143 -0.0306567 -0.999528 -0.672507 0.909139 -0.416352 0.0108404 -9.2111
1548883325396249600 1637 -0.413176 -0.910518 0.0155621 2.39175 0.00252873 -0.0182361 -0.999831 -0.668709 0.910647 -0.413067 0.00983718 -9.25675
1548883325629613824 1651 -0.410402 -0.911795 0.0141658 2.40507 0.00301539 -0.0168912 -0.999853 -0.666861 0.9119 -0.410299 0.00968158 -9.28851
1548883326296368640 1655 -0.404697 -0.913988 0.0290938 2.45332 -0.00286865 -0.0305465 -0.999529 -0.667873 0.914446 -0.40459 0.00974019 -9.37646
1548883326463057664 1663 -0.404425 -0.914063 0.0304883 2.46277 -0.00125283 -0.0327824 -0.999462 -0.666499 0.91457 -0.404245 0.0121129 -9.39312
1548883326696421632 1683 -0.401725 -0.915101 0.0347331 2.47661 -0.00454587 -0.035935 -0.999344 -0.667666 0.915749 -0.40162 0.0102761 -9.42236
1548883327063136768 1705 -0.401946 -0.914911 0.0371002 2.49741 -0.0138076 -0.0344566 -0.999311 -0.669688 0.915559 -0.402182 0.00121703 -9.46925
1548883327296500736 1712 -0.403913 -0.913919 0.0400764 2.51126 -0.0182729 -0.03574 -0.999194 -0.669169 0.914615 -0.40432 -0.00226412 -9.49807
1548883327563201792 1725 -0.40237 -0.914454 0.0432706 2.52374 -0.018779 -0.0390111 -0.999062 -0.671275 0.915284 -0.402806 -0.00147559 -9.52676
1548883328096605696 1734 -0.410392 -0.911095 0.0385294 2.54586 -0.0110394 -0.0372846 -0.999244 -0.670943 0.911842 -0.410507 0.00524332 -9.58302
1548883328263294720 1743 -0.411992 -0.910484 0.0357928 2.55134 -0.00730362 -0.0359805 -0.999326 -0.670824 0.911158 -0.411976 0.00817385 -9.59754
1548883328730022656 1752 -0.413032 -0.909848 0.0397603 2.57605 -0.00507877 -0.0413564 -0.999132 -0.670269 0.910703 -0.412875 0.0124606 -9.6412
1548883328863373824 1759 -0.411605 -0.910361 0.0427244 2.582 -0.00557365 -0.0443643 -0.999 -0.669842 0.911346 -0.411431 0.0131865 -9.65442
1548883329130075648 1768 -0.411717 -0.910216 0.044686 2.59256 -0.00367764 -0.0473749 -0.99887 -0.669337 0.911304 -0.411416 0.0161576 -9.67483
1548883329796829696 1775 -0.410217 -0.910869 0.0451508 2.60385 0.000622165 -0.0497877 -0.99876 -0.671796 0.911988 -0.40968 0.0209905 -9.69606
1548883330530259712 1781 -0.409568 -0.911182 0.0447316 2.60281 0.000772411 -0.0493792 -0.99878 -0.670324 0.912279 -0.409034 0.020928 -9.6957
1548883330763623680 1787 -0.408312 -0.911742 0.0448044 2.6018 0.000114227 -0.0491333 -0.998792 -0.669253 0.912842 -0.407814 0.0201659 -9.69498
1548883331197013760 1794 -0.383936 -0.922355 0.0430715 2.60586 0.00124674 -0.0471643 -0.998886 -0.668622 0.923359 -0.383455 0.019258 -9.69129
1548883331497053696 1800 -0.349893 -0.935892 0.0409888 2.61104 0.00261811 -0.0447313 -0.998996 -0.667008 0.936786 -0.349434 0.0181014 -9.68673
1548883331797093632 1804 -0.316859 -0.947722 0.037728 2.61729 0.00600805 -0.0417823 -0.999109 -0.66587 0.948453 -0.31635 0.0189331 -9.68025
1548883332097132800 1811 -0.282209 -0.958727 0.0346361 2.62334 0.00863831 -0.0386416 -0.999216 -0.665319 0.959314 -0.281689 0.0191868 -9.67636
1548883332330496768 1816 -0.256231 -0.966084 0.0320572 2.62731 0.00903855 -0.0355576 -0.999327 -0.66327 0.966573 -0.255769 0.017843 -9.67616
1548883332630536704 1825 -0.223203 -0.974337 0.0291155 2.63128 0.0103171 -0.0322287 -0.999427 -0.66192 0.974717 -0.222775 0.0172458 -9.67507
1548883332864403712 1833 -0.191451 -0.981095 0.0282531 2.63865 0.0120669 -0.0311361 -0.999442 -0.660007 0.981428 -0.191004 0.0177998 -9.67107
1548883333065905664 1840 -0.158702 -0.986963 0.0268076 2.64618 0.0138482 -0.0293742 -0.999473 -0.659523 0.987229 -0.158247 0.0183294 -9.6676
1548883333267425792 1849 -0.127189 -0.99156 0.0251431 2.65351 0.0152876 -0.0273057 -0.99951 -0.657894 0.991761 -0.126743 0.0186315 -9.66526
1548883333500789760 1854 -0.0890801 -0.995778 0.0221732 2.65918 0.0158014 -0.0236718 -0.999595 -0.657634 0.995899 -0.0886937 0.0178434 -9.66963
1548883333702151680 1857 -0.0572828 -0.998144 0.0206519 2.66761 0.0160087 -0.0216015 -0.999638 -0.656997 0.99823 -0.0569315 0.0172164 -9.67124
1548883333836571648 1861 -0.0360204 -0.99917 0.018999 2.67253 0.0164603 -0.0196019 -0.999672 -0.655694 0.999215 -0.0356959 0.0171527 -9.67226
1548883334070902784 1865 -0.00110276 -0.999862 0.0165515 2.67929 0.0198331 -0.0165701 -0.999666 -0.655134 0.999803 -0.000774128 0.0198486 -9.67549
1548883334237590784 1870 0.00859724 -0.999866 0.0139421 2.67971 0.0188322 -0.0137782 -0.999728 -0.654752 0.999786 0.00885746 0.0187112 -9.68204
1548883334537630720 1874 0.0117199 -0.999836 0.0138086 2.67799 0.0184949 -0.0135904 -0.999737 -0.656395 0.99976 0.0119722 0.0183325 -9.70261
1548883334804332800 1878 0.0201622 -0.999725 0.0120045 2.67597 0.0201656 -0.0115979 -0.999729 -0.657134 0.999593 0.0203988 0.0199262 -9.7204
1548883335037696768 1882 0.0425506 -0.999055 0.00890431 2.67602 0.0217242 -0.00798509 -0.999732 -0.65693 0.998858 0.0427326 0.0213639 -9.73023
1548883335337735680 1886 0.0789069 -0.996861 0.00647173 2.67327 0.0206141 -0.00485894 -0.999776 -0.657373 0.996669 0.0790226 0.020166 -9.74731
1548883335505299712 1890 0.103108 -0.994654 0.00562544 2.67413 0.0212126 -0.00345542 -0.999769 -0.657031 0.994444 0.103203 0.0207429 -9.75492
1548883335605312768 1894 0.118293 -0.992959 0.00624186 2.67666 0.018571 -0.00407258 -0.999819 -0.656033 0.992805 0.118388 0.0179585 -9.76097
1548883335738663680 1898 0.148261 -0.988911 0.00859495 2.68563 0.0174106 -0.0060796 -0.99983 -0.656298 0.988795 0.148385 0.0163162 -9.76698
1548883335872807680 1902 0.180249 -0.983588 0.00801221 2.69178 0.0186178 -0.00473255 -0.999815 -0.655919 0.983445 0.180365 0.0174593 -9.77146
1548883336039496704 1906 0.217416 -0.976057 0.00653131 2.70048 0.0228445 -0.0016012 -0.999738 -0.655075 0.975812 0.217508 0.0219494 -9.77288
1548883336173733632 1911 0.249364 -0.968385 0.00694168 2.70804 0.0251609 -0.000686958 -0.999683 -0.654779 0.968083 0.24946 0.0241941 -9.77445
1548883336307084800 1917 0.280417 -0.959851 0.00723987 2.71487 0.0250953 -0.000208833 -0.999685 -0.65396 0.95955 0.28051 0.0240292 -9.778
1548883336441144832 1922 0.314849 -0.949107 0.00808801 2.72213 0.0255206 -5.29305e-05 -0.999674 -0.654506 0.948799 0.314952 0.0242052 -9.78011
1548883336574495744 1929 0.348901 -0.937107 0.00993596 2.73199 0.0260287 -0.000908278 -0.999661 -0.654457 0.936798 0.349041 0.0240748 -9.78338
1548883336708546816 1942 0.385077 -0.922817 0.0111232 2.73685 0.0265034 -0.000989827 -0.999648 -0.655437 0.922504 0.385237 0.0240766 -9.78597
1548883336841897728 1953 0.415022 -0.909712 0.013455 2.74479 0.0275552 -0.00221375 -0.999618 -0.655901 0.909394 0.415234 0.0241485 -9.79127
1548883336975808768 1958 0.43914 -0.898302 0.0145039 2.74929 0.027949 -0.00247649 -0.999606 -0.655223 0.897984 0.439372 0.0240191 -9.79585
1548883337109159680 1962 0.465434 -0.884911 0.0174534 2.75737 0.0295998 -0.00414608 -0.999553 -0.655174 0.884588 0.465743 0.0242634 -9.80086
1548883337242510592 1968 0.494435 -0.86902 0.0183749 2.76058 0.0292834 -0.00447413 -0.999561 -0.655768 0.868721 0.494756 0.0232357 -9.8056
1548883337409198592 1971 0.53174 -0.846724 0.0176473 2.76242 0.0308201 -0.00147694 -0.999524 -0.657002 0.846347 0.532031 0.0253108 -9.8066
1548883337609672704 1976 0.56071 -0.827887 0.0144125 2.76755 0.0269721 0.000865154 -0.999636 -0.659215 0.827573 0.560894 0.0228149 -9.81578
1548883337776360704 1979 0.586882 -0.809432 0.0197301 2.77489 0.0317217 -0.00136293 -0.999496 -0.658561 0.809051 0.587212 0.0248767 -9.81889
1548883338009724672 1983 0.618243 -0.785874 0.0133138 2.77721 0.0252687 0.00294279 -0.999676 -0.658252 0.78558 0.61838 0.0216774 -9.82102
1548883338443115776 1988 0.644853 -0.764214 0.0118722 2.78974 0.0219774 0.00301345 -0.999754 -0.65876 0.76399 0.644956 0.0187386 -9.80926
1548883338809830656 1994 0.662844 -0.748709 0.00848099 2.79751 0.0181062 0.00470419 -0.999825 -0.658179 0.748538 0.662882 0.0166744 -9.79897
1548883338976518656 2000 0.68613 -0.727392 0.0112591 2.80287 0.0199656 0.0033574 -0.999795 -0.658496 0.727205 0.686214 0.0168264 -9.80553
1548883339109869824 2006 0.712711 -0.701415 0.00767108 2.80548 0.0175397 0.00688757 -0.999822 -0.65984 0.701238 0.712719 0.0172115 -9.81116
