1548881153385396736 10 1.00000 0.00001 -0.00000 0.00002 -0.00001 1.00000 0.00002 -0.00000 0.00000 -0.00002 1.00000 -0.00002
1548881153418734592 11 1.00000 0.00000 -0.00000 0.00000 -0.00000 1.00000 0.00002 0.00000 0.00000 -0.00002 1.00000 -0.00001
1548881153452072704 12 1.00000 0.00001 -0.00000 0.00001 -0.00001 1.00000 0.00002 0.00000 0.00000 -0.00002 1.00000 -0.00001
1548881153485409792 13 1.00000 0.00001 0.00000 0.00001 -0.00001 1.00000 0.00002 -0.00000 -0.00000 -0.00002 1.00000 -0.00001
1548881153518747648 14 1.00000 0.00000 -0.00000 -0.00000 -0.00000 1.00000 0.00002 -0.00000 0.00000 -0.00002 1.00000 -0.00002
1548881153552085760 15 1.00000 0.00001 0.00000 0.00001 -0.00001 1.00000 0.00002 -0.00000 -0.00000 -0.00002 1.00000 -0.00001
1548881153585422592 16 1.00000 0.00001 0.00000 0.00000 -0.00001 1.00000 0.00002 0.00000 -0.00000 -0.00002 1.00000 -0.00001
1548881153618760704 17 1.00000 0.00001 -0.00000 0.00001 -0.00001 1.00000 0.00002 -0.00001 0.00000 -0.00002 1.00000 -0.00001
1548881153652098816 18 1.00000 0.00001 -0.00000 0.00002 -0.00001 1.00000 0.00002 -0.00001 0.00000 -0.00002 1.00000 -0.00001
1548881153685436672 19 1.00000 0.00001 -0.00001 0.00002 -0.00001 1.00000 0.00003 -0.00001 0.00001 -0.00003 1.00000 -0.00001
1548881153718773760 20 1.00000 0.00001 -0.00000 0.00002 -0.00001 1.00000 0.00003 -0.00001 0.00000 -0.00003 1.00000 -0.00002
1548881153752111616 21 1.00000 0.00001 -0.00000 0.00002 -0.00001 1.00000 0.00002 -0.00001 0.00000 -0.00002 1.00000 -0.00001
1548881153785449728 22 1.00000 0.00001 0.00000 0.00001 -0.00001 1.00000 0.00003 -0.00001 -0.00000 -0.00003 1.00000 -0.00001
1548881153818787584 23 1.00000 0.00001 -0.00001 0.00002 -0.00001 1.00000 0.00003 -0.00001 0.00001 -0.00003 1.00000 -0.00002
1548881153852124672 24 1.00000 0.00001 -0.00000 0.00001 -0.00001 1.00000 0.00003 -0.00000 0.00000 -0.00003 1.00000 -0.00001
1548881153885462784 25 1.00000 0.00001 -0.00000 0.00001 -0.00001 1.00000 0.00003 -0.00001 0.00000 -0.00003 1.00000 -0.00001
1548881153918800640 26 1.00000 0.00001 -0.00000 0.00001 -0.00001 1.00000 0.00003 -0.00001 0.00000 -0.00003 1.00000 -0.00002
1548881153952137728 27 1.00000 0.00002 -0.00001 0.00002 -0.00002 1.00000 0.00003 -0.00001 0.00001 -0.00003 1.00000 -0.00001
1548881153985475584 28 1.00000 0.00001 -0.00000 0.00002 -0.00001 1.00000 0.00003 -0.00001 0.00000 -0.00003 1.00000 -0.00002
1548881154018813696 29 1.00000 0.00001 -0.00000 0.00001 -0.00001 1.00000 0.00003 -0.00000 0.00000 -0.00003 1.00000 -0.00001
1548881154052151808 30 1.00000 0.00002 -0.00000 0.00002 -0.00002 1.00000 0.00003 -0.00001 0.00000 -0.00003 1.00000 -0.00001
1548881154085488640 31 1.00000 0.00001 -0.00001 0.00002 -0.00001 1.00000 0.00003 -0.00001 0.00001 -0.00003 1.00000 -0.00002
1548881154118826752 32 1.00000 0.00001 -0.00000 0.00001 -0.00001 1.00000 0.00003 -0.00001 0.00000 -0.00003 1.00000 -0.00001
1548881154152164608 33 1.00000 0.00001 -0.00001 0.00002 -0.00001 1.00000 0.00004 -0.00001 0.00001 -0.00004 1.00000 -0.00002
1548881154185502720 34 1.00000 0.00002 -0.00001 0.00002 -0.00002 1.00000 0.00004 -0.00001 0.00001 -0.00004 1.00000 -0.00003
1548881154218839808 35 1.00000 -0.00002 -0.00002 0.00002 0.00002 1.00000 0.00009 -0.00001 0.00002 -0.00009 1.00000 -0.00002
1548881154252177664 36 1.00000 -0.00029 0.00004 0.00039 0.00029 1.00000 0.00047 0.00018 -0.00004 -0.00047 1.00000 -0.00014
1548881154285515776 37 1.00000 0.00016 0.00006 0.00029 -0.00016 1.00000 0.00014 0.00083 -0.00006 -0.00014 1.00000 -0.00017
1548881154318852608 38 1.00000 -0.00012 -0.00001 0.00038 0.00012 1.00000 0.00023 0.00163 0.00001 -0.00023 1.00000 -0.00024
1548881154352190720 39 1.00000 0.00039 0.00003 0.00035 -0.00039 1.00000 -0.00012 0.00242 -0.00003 0.00012 1.00000 -0.00021
1548881154385528832 40 1.00000 -0.00015 0.00027 0.00027 0.00015 1.00000 0.00146 0.00343 -0.00027 -0.00146 1.00000 -0.00034
1548881154418866688 41 1.00000 -0.00028 0.00052 0.00015 0.00028 1.00000 0.00129 0.00568 -0.00052 -0.00129 1.00000 -0.00047
1548881154452203776 42 1.00000 -0.00026 0.00049 0.00024 0.00026 1.00000 0.00079 0.00930 -0.00049 -0.00079 1.00000 -0.00071
1548881154485541632 43 1.00000 -0.00007 0.00030 0.00035 0.00007 1.00000 -0.00020 0.01331 -0.00030 0.00020 1.00000 -0.00087
1548881154518879744 44 1.00000 0.00079 0.00027 0.00046 -0.00079 1.00000 -0.00042 0.01694 -0.00027 0.00042 1.00000 -0.00101
1548881154552216576 45 1.00000 0.00086 0.00026 0.00055 -0.00086 1.00000 -0.00035 0.02012 -0.00026 0.00035 1.00000 -0.00115
1548881154585554688 46 1.00000 0.00030 0.00030 0.00069 -0.00030 1.00000 -0.00077 0.02295 -0.00030 0.00076 1.00000 -0.00127
1548881154618892800 47 1.00000 0.00062 0.00038 0.00077 -0.00062 1.00000 -0.00021 0.02532 -0.00038 0.00021 1.00000 -0.00136
1548881154652230656 48 1.00000 -0.00053 0.00052 0.00084 0.00053 1.00000 0.00023 0.02796 -0.00053 -0.00023 1.00000 -0.00139
1548881154685567744 49 1.00000 -0.00024 0.00062 0.00075 0.00024 1.00000 0.00004 0.03102 -0.00062 -0.00004 1.00000 -0.00149
1548881154718905600 50 1.00000 -0.00052 0.00071 0.00081 0.00052 1.00000 0.00020 0.03443 -0.00071 -0.00020 1.00000 -0.00155
1548881154752243712 51 1.00000 0.00004 0.00065 0.00104 -0.00004 1.00000 -0.00018 0.03796 -0.00065 0.00018 1.00000 -0.00152
1548881154785581824 52 1.00000 -0.00041 0.00061 0.00081 0.00041 1.00000 0.00013 0.04135 -0.00061 -0.00013 1.00000 -0.00160
1548881154818918656 53 1.00000 -0.00047 0.00039 0.00131 0.00047 1.00000 0.00056 0.04423 -0.00039 -0.00056 1.00000 -0.00180
1548881154852256768 54 1.00000 -0.00083 -0.00000 0.00173 0.00083 1.00000 0.00137 0.04707 -0.00000 -0.00137 1.00000 -0.00183
1548881154885594624 55 1.00000 -0.00036 -0.00036 0.00210 0.00036 1.00000 0.00177 0.05061 0.00036 -0.00177 1.00000 -0.00197
1548881154918931712 56 1.00000 -0.00008 -0.00090 0.00251 0.00008 1.00000 0.00081 0.05495 0.00090 -0.00081 1.00000 -0.00207
1548881154952269824 57 1.00000 0.00023 -0.00102 0.00287 -0.00023 1.00000 0.00072 0.05927 0.00102 -0.00072 1.00000 -0.00213
1548881154985607680 58 1.00000 0.00053 -0.00121 0.00289 -0.00053 1.00000 0.00082 0.06385 0.00121 -0.00082 1.00000 -0.00219
1548881155018945792 59 1.00000 0.00089 -0.00113 0.00295 -0.00089 1.00000 -0.00001 0.06872 0.00113 0.00001 1.00000 -0.00236
1548881155052282624 60 1.00000 0.00124 -0.00071 0.00266 -0.00124 1.00000 0.00130 0.07373 0.00071 -0.00130 1.00000 -0.00267
1548881155085620736 61 1.00000 0.00262 0.00004 0.00237 -0.00262 0.99999 0.00184 0.07968 -0.00004 -0.00184 1.00000 -0.00315
1548881155118958592 62 0.99999 0.00320 -0.00032 0.00257 -0.00320 0.99999 0.00001 0.08639 0.00032 -0.00001 1.00000 -0.00347
1548881155152296704 63 0.99999 0.00413 -0.00025 0.00309 -0.00413 0.99999 0.00113 0.09291 0.00025 -0.00113 1.00000 -0.00368
1548881155185633792 64 0.99999 0.00407 0.00001 0.00348 -0.00407 0.99999 0.00024 0.09987 -0.00001 -0.00024 1.00000 -0.00378
1548881155218971648 65 0.99999 0.00423 -0.00058 0.00386 -0.00423 0.99999 0.00001 0.10683 0.00058 -0.00000 1.00000 -0.00415
1548881155252309760 66 0.99999 0.00353 -0.00087 0.00454 -0.00353 0.99999 0.00163 0.11319 0.00088 -0.00162 1.00000 -0.00443
1548881155285646592 67 0.99999 0.00410 -0.00115 0.00488 -0.00410 0.99999 0.00250 0.11962 0.00116 -0.00249 1.00000 -0.00443
1548881155318984704 68 0.99999 0.00308 -0.00084 0.00497 -0.00308 0.99999 0.00329 0.12651 0.00085 -0.00329 0.99999 -0.00459
1548881155352322816 69 0.99999 0.00463 -0.00091 0.00502 -0.00463 0.99998 0.00361 0.13381 0.00093 -0.00361 0.99999 -0.00494
1548881155385660672 70 0.99998 0.00616 -0.00117 0.00546 -0.00616 0.99998 0.00281 0.14197 0.00118 -0.00281 1.00000 -0.00490
1548881155418997760 71 0.99997 0.00747 -0.00204 0.00606 -0.00747 0.99997 -0.00043 0.15037 0.00204 0.00045 1.00000 -0.00531
1548881155452335616 72 0.99996 0.00871 -0.00283 0.00687 -0.00870 0.99996 0.00115 0.15827 0.00284 -0.00112 1.00000 -0.00554
1548881155485673728 73 0.99994 0.01063 -0.00313 0.00717 -0.01063 0.99994 -0.00053 0.16632 0.00313 0.00056 0.99999 -0.00580
1548881155519011584 74 0.99993 0.01147 -0.00375 0.00808 -0.01147 0.99993 0.00035 0.17364 0.00376 -0.00031 0.99999 -0.00635
1548881155552348672 75 0.99989 0.01478 -0.00341 0.00824 -0.01477 0.99989 0.00343 0.18106 0.00346 -0.00338 0.99999 -0.00661
1548881155585686784 76 0.99989 0.01432 -0.00361 0.00893 -0.01431 0.99989 0.00272 0.19014 0.00365 -0.00267 0.99999 -0.00680
1548881155619024640 77 0.99984 0.01760 -0.00405 0.00925 -0.01759 0.99984 0.00229 0.19975 0.00408 -0.00222 0.99999 -0.00674
1548881155652361728 78 0.99984 0.01765 -0.00381 0.00938 -0.01763 0.99984 0.00327 0.20955 0.00386 -0.00320 0.99999 -0.00678
1548881155685699584 79 0.99980 0.01985 -0.00369 0.00892 -0.01984 0.99980 0.00121 0.21997 0.00371 -0.00113 0.99999 -0.00742
1548881155719037696 80 0.99977 0.02107 -0.00412 0.00937 -0.02107 0.99978 0.00086 0.23014 0.00414 -0.00078 0.99999 -0.00794
1548881155752375808 81 0.99970 0.02433 -0.00421 0.00989 -0.02432 0.99970 0.00222 0.24010 0.00426 -0.00212 0.99999 -0.00842
1548881155785712640 82 0.99962 0.02712 -0.00448 0.01059 -0.02712 0.99963 0.00093 0.25040 0.00450 -0.00081 0.99999 -0.00868
1548881155819050752 83 0.99959 0.02822 -0.00426 0.01047 -0.02821 0.99960 0.00302 0.25965 0.00434 -0.00290 0.99999 -0.00885
1548881155852388608 84 0.99959 0.02862 -0.00286 0.01022 -0.02861 0.99958 0.00380 0.26936 0.00296 -0.00372 0.99999 -0.00889
1548881155885725696 85 0.99955 0.03004 -0.00267 0.01027 -0.03003 0.99954 0.00345 0.27967 0.00277 -0.00337 0.99999 -0.00878
1548881155919063808 86 0.99949 0.03155 -0.00423 0.01143 -0.03153 0.99950 0.00347 0.29041 0.00434 -0.00334 0.99999 -0.00927
1548881155952401664 87 0.99942 0.03362 -0.00566 0.01270 -0.03361 0.99943 0.00231 0.30096 0.00573 -0.00212 0.99998 -0.00982
1548881155985739776 88 0.99929 0.03742 -0.00510 0.01324 -0.03740 0.99929 0.00371 0.31053 0.00523 -0.00352 0.99998 -0.01010
1548881156019076608 89 0.99921 0.03944 -0.00455 0.01347 -0.03943 0.99921 0.00393 0.32011 0.00470 -0.00375 0.99998 -0.01029
1548881156052414720 90 0.99915 0.04090 -0.00422 0.01417 -0.04088 0.99915 0.00455 0.32978 0.00441 -0.00437 0.99998 -0.01069
1548881156085752832 91 0.99908 0.04264 -0.00472 0.01485 -0.04262 0.99908 0.00524 0.33941 0.00493 -0.00503 0.99998 -0.01089
1548881156119090688 92 0.99904 0.04353 -0.00494 0.01556 -0.04350 0.99904 0.00597 0.34952 0.00519 -0.00575 0.99997 -0.01120
1548881156152427776 93 0.99895 0.04536 -0.00604 0.01652 -0.04533 0.99896 0.00499 0.35982 0.00626 -0.00471 0.99997 -0.01151
1548881156185765632 94 0.99878 0.04882 -0.00791 0.01851 -0.04879 0.99880 0.00509 0.37031 0.00815 -0.00469 0.99996 -0.01171
1548881156219103744 95 0.99857 0.05287 -0.00837 0.01968 -0.05282 0.99859 0.00585 0.37999 0.00867 -0.00540 0.99995 -0.01229
1548881156252440576 96 0.99855 0.05350 -0.00620 0.01963 -0.05346 0.99854 0.00719 0.38954 0.00658 -0.00685 0.99995 -0.01269
1548881156285778688 97 0.99859 0.05264 -0.00617 0.01956 -0.05260 0.99859 0.00668 0.39951 0.00651 -0.00635 0.99996 -0.01300
1548881156319116800 98 0.99856 0.05338 -0.00482 0.01969 -0.05335 0.99855 0.00730 0.40982 0.00520 -0.00703 0.99996 -0.01314
1548881156352454656 99 0.99859 0.05260 -0.00688 0.02135 -0.05255 0.99859 0.00741 0.41985 0.00726 -0.00704 0.99995 -0.01373
1548881156385791744 100 0.99857 0.05306 -0.00716 0.02216 -0.05299 0.99855 0.00895 0.42905 0.00763 -0.00856 0.99993 -0.01425
1548881156419129600 101 0.99857 0.05319 -0.00462 0.02174 -0.05314 0.99852 0.01178 0.43766 0.00524 -0.01151 0.99992 -0.01468
1548881156452467712 102 0.99877 0.04922 -0.00573 0.02216 -0.04915 0.99873 0.01072 0.44722 0.00625 -0.01043 0.99993 -0.01514
1548881156485805824 103 0.99872 0.05027 -0.00579 0.02343 -0.05022 0.99870 0.00870 0.45756 0.00622 -0.00840 0.99995 -0.01553
1548881156519142656 104 0.99871 0.05042 -0.00542 0.02407 -0.05037 0.99869 0.00908 0.46712 0.00587 -0.00880 0.99994 -0.01552
1548881156552480768 105 0.99867 0.05133 -0.00501 0.02445 -0.05128 0.99864 0.00939 0.47631 0.00549 -0.00913 0.99994 -0.01577
1548881156585818624 106 0.99902 0.04399 -0.00439 0.02516 -0.04394 0.99897 0.01124 0.48541 0.00488 -0.01104 0.99993 -0.01674
1548881156619155712 107 0.99900 0.04442 -0.00415 0.02499 -0.04437 0.99895 0.01158 0.49408 0.00466 -0.01139 0.99992 -0.01641
1548881156652493824 108 0.99916 0.04080 -0.00357 0.02560 -0.04075 0.99907 0.01374 0.50252 0.00413 -0.01358 0.99990 -0.01707
1548881156685831680 109 0.99927 0.03805 -0.00286 0.02592 -0.03800 0.99915 0.01581 0.51188 0.00346 -0.01569 0.99987 -0.01768
1548881156719169792 110 0.99949 0.03165 -0.00374 0.02654 -0.03159 0.99940 0.01404 0.52348 0.00419 -0.01391 0.99989 -0.01789
1548881156752506624 111 0.99964 0.02660 -0.00279 0.02794 -0.02657 0.99958 0.01191 0.53585 0.00310 -0.01183 0.99993 -0.01819
1548881156785844736 112 0.99983 0.01800 -0.00504 0.03019 -0.01795 0.99980 0.00883 0.54847 0.00520 -0.00873 0.99995 -0.01814
1548881156819182592 113 0.99993 0.01043 -0.00629 0.03384 -0.01037 0.99991 0.00901 0.55918 0.00638 -0.00895 0.99994 -0.01811
1548881156852520704 114 0.99997 -0.00014 -0.00820 0.03680 0.00023 0.99994 0.01069 0.56898 0.00820 -0.01069 0.99991 -0.01862
1548881156885857792 115 0.99996 -0.00415 -0.00802 0.03727 0.00423 0.99995 0.00938 0.57967 0.00798 -0.00941 0.99992 -0.01904
1548881156919195648 116 0.99994 -0.01072 -0.00372 0.03638 0.01075 0.99991 0.00853 0.58960 0.00363 -0.00857 0.99996 -0.02075
1548881156952533760 117 0.99982 -0.01845 -0.00322 0.03657 0.01847 0.99981 0.00610 0.59861 0.00311 -0.00616 0.99998 -0.02200
1548881156985870592 118 0.99966 -0.02604 0.00036 0.03839 0.02604 0.99964 0.00625 0.60546 -0.00053 -0.00624 0.99998 -0.02269
1548881157019208704 119 0.99952 -0.03024 -0.00662 0.04234 0.03036 0.99936 0.01873 0.60892 0.00605 -0.01892 0.99980 -0.02167
1548881157052546816 120 0.99928 -0.03757 -0.00431 0.04366 0.03765 0.99909 0.01979 0.61837 0.00356 -0.01994 0.99979 -0.02304
1548881157085884672 121 0.99954 -0.03022 -0.00281 0.04102 0.03024 0.99948 0.01108 0.63258 0.00248 -0.01116 0.99993 -0.02255
1548881157119221760 122 0.99902 -0.04412 -0.00315 0.04217 0.04414 0.99899 0.00804 0.64559 0.00279 -0.00817 0.99996 -0.02121
1548881157152559616 123 0.99919 -0.03905 -0.00958 0.04484 0.03918 0.99913 0.01444 0.65553 0.00900 -0.01480 0.99985 -0.02228
1548881157185897728 124 0.99887 -0.04591 -0.01254 0.04763 0.04608 0.99885 0.01322 0.66688 0.01192 -0.01379 0.99983 -0.02190
1548881157219234816 125 0.99877 -0.04887 -0.00864 0.04598 0.04897 0.99873 0.01156 0.67970 0.00807 -0.01197 0.99990 -0.02262
1548881157252572672 126 0.99860 -0.05255 -0.00670 0.04386 0.05264 0.99850 0.01511 0.69201 0.00589 -0.01544 0.99986 -0.02342
1548881157285910784 127 0.99833 -0.05735 -0.00740 0.04326 0.05743 0.99828 0.01189 0.70451 0.00670 -0.01229 0.99990 -0.02393
1548881157319248640 128 0.99843 -0.05574 -0.00584 0.04146 0.05581 0.99836 0.01276 0.71676 0.00512 -0.01307 0.99990 -0.02366
1548881157352585728 129 0.99811 -0.06124 -0.00472 0.04056 0.06129 0.99805 0.01195 0.72869 0.00397 -0.01221 0.99992 -0.02430
1548881157385923584 130 0.99804 -0.06230 -0.00565 0.03999 0.06237 0.99797 0.01295 0.74141 0.00484 -0.01328 0.99990 -0.02446
1548881157419261696 131 0.99779 -0.06615 -0.00680 0.03943 0.06623 0.99774 0.01111 0.75560 0.00605 -0.01154 0.99992 -0.02397
1548881157452599808 132 0.99751 -0.07007 -0.00735 0.03905 0.07014 0.99750 0.00899 0.77084 0.00670 -0.00948 0.99993 -0.02330
1548881157485936640 133 0.99730 -0.07333 -0.00391 0.03625 0.07335 0.99730 0.00301 0.78698 0.00368 -0.00329 0.99999 -0.02326
1548881157519274752 134 0.99714 -0.07561 -0.00156 0.03442 0.07561 0.99714 0.00139 0.80123 0.00145 -0.00151 1.00000 -0.02243
1548881157552612608 135 0.99673 -0.08081 -0.00034 0.03168 0.08081 0.99673 -0.00216 0.81681 0.00051 0.00213 1.00000 -0.02213
1548881157585949696 136 0.99709 -0.07585 0.00798 0.02401 0.07596 0.99702 -0.01381 0.83542 -0.00691 0.01438 0.99987 -0.02212
1548881157619287808 137 0.99577 -0.09010 0.01793 0.01587 0.09045 0.99571 -0.01963 0.85391 -0.01608 0.02117 0.99965 -0.02113
1548881157652625664 138 0.99570 -0.08817 0.02826 0.00598 0.08898 0.99562 -0.02865 0.87411 -0.02561 0.03104 0.99919 -0.02173
1548881157685963776 139 0.99482 -0.09453 0.03748 -0.00283 0.09608 0.99448 -0.04214 0.89526 -0.03329 0.04553 0.99841 -0.02200
1548881157719300608 140 0.99497 -0.08962 0.04482 -0.01126 0.09183 0.99453 -0.04977 0.91510 -0.04012 0.05364 0.99775 -0.02210
1548881157752638720 141 0.99434 -0.09586 0.04572 -0.01435 0.09822 0.99378 -0.05252 0.93168 -0.04040 0.05671 0.99757 -0.02194
1548881157785976832 142 0.99400 -0.10119 0.04149 -0.01335 0.10337 0.99316 -0.05420 0.94650 -0.03572 0.05817 0.99767 -0.02092
1548881157819314688 143 0.99331 -0.10936 0.03718 -0.01029 0.11123 0.99239 -0.05278 0.95835 -0.03113 0.05656 0.99791 -0.02023
1548881157852651776 144 0.99344 -0.10954 0.03294 -0.00782 0.11117 0.99241 -0.05258 0.96822 -0.02693 0.05590 0.99807 -0.01983
1548881157885989632 145 0.99372 -0.10714 0.03226 -0.00938 0.10863 0.99289 -0.04869 0.97743 -0.02681 0.05189 0.99829 -0.02007
1548881157919327744 146 0.99351 -0.10953 0.03061 -0.00977 0.11098 0.99254 -0.05055 0.98843 -0.02485 0.05362 0.99825 -0.02036
1548881157952664576 147 0.99307 -0.11427 0.02739 -0.01009 0.11558 0.99193 -0.05207 1.00137 -0.02122 0.05487 0.99827 -0.01908
1548881157986711808 148 0.99170 -0.12585 0.02624 -0.01105 0.12715 0.99032 -0.05570 1.01663 -0.01897 0.05857 0.99810 -0.01660
1548881158020049664 149 0.99106 -0.13089 0.02565 -0.01433 0.13224 0.98934 -0.06093 1.03312 -0.01740 0.06378 0.99781 -0.01502
1548881158053387776 150 0.99067 -0.13270 0.03122 -0.01757 0.13454 0.98862 -0.06724 1.05262 -0.02194 0.07081 0.99725 -0.01336
1548881158086724608 151 0.99108 -0.12890 0.03394 -0.02280 0.13131 0.98792 -0.08225 1.07368 -0.02293 0.08597 0.99603 -0.01159
1548881158120062720 152 0.99130 -0.12601 0.03794 -0.02785 0.12901 0.98741 -0.09149 1.09502 -0.02594 0.09559 0.99508 -0.01032
1548881158153400832 153 0.99034 -0.13173 0.04333 -0.03414 0.13546 0.98581 -0.09913 1.11492 -0.02966 0.10405 0.99413 -0.00949
1548881158186738688 154 0.98993 -0.13213 0.05071 -0.04038 0.13701 0.98451 -0.10936 1.13503 -0.03548 0.11520 0.99271 -0.00762
1548881158220075776 155 0.98957 -0.13459 0.05139 -0.04226 0.13980 0.98328 -0.11670 1.15242 -0.03483 0.12267 0.99184 -0.00630
1548881158253413632 156 0.98964 -0.13434 0.05057 -0.04358 0.13957 0.98288 -0.12028 1.16721 -0.03355 0.12610 0.99145 -0.00610
1548881158287393792 157 0.98969 -0.13253 0.05437 -0.04797 0.13819 0.98324 -0.11888 1.17889 -0.03770 0.12517 0.99142 -0.00600
1548881158320730624 158 0.98965 -0.13290 0.05414 -0.05011 0.13858 0.98306 -0.11996 1.19036 -0.03728 0.12623 0.99130 -0.00647
1548881158354068736 159 0.98954 -0.13324 0.05527 -0.05128 0.13915 0.98271 -0.12217 1.20257 -0.03804 0.12859 0.99097 -0.00601
1548881158387406592 160 0.98956 -0.13335 0.05471 -0.05214 0.13932 0.98222 -0.12584 1.21398 -0.03696 0.13215 0.99054 -0.00491
1548881158420744704 161 0.98952 -0.13372 0.05457 -0.05299 0.13962 0.98232 -0.12472 1.22594 -0.03692 0.13104 0.99069 -0.00401
1548881158454081792 162 0.98933 -0.13455 0.05586 -0.05579 0.14088 0.98126 -0.13144 1.23976 -0.03713 0.13791 0.98975 -0.00324
1548881158487419648 163 0.98951 -0.13138 0.06014 -0.05959 0.13863 0.98056 -0.13886 1.25333 -0.04072 0.14574 0.98848 -0.00239
1548881158520757760 164 0.98998 -0.12770 0.06033 -0.06197 0.13511 0.98073 -0.14110 1.26537 -0.04115 0.14783 0.98816 -0.00301
1548881158554094592 165 0.99031 -0.12713 0.05586 -0.06045 0.13375 0.98141 -0.13765 1.27552 -0.03732 0.14378 0.98891 -0.00344
1548881158587432704 166 0.99086 -0.12425 0.05246 -0.05866 0.13041 0.98185 -0.13769 1.28649 -0.03440 0.14327 0.98909 -0.00276
1548881158620770816 167 0.99085 -0.12550 0.04964 -0.05735 0.13132 0.98138 -0.14018 1.29850 -0.03113 0.14541 0.98888 -0.00208
1548881158654108672 168 0.99197 -0.11655 0.04904 -0.05841 0.12251 0.98188 -0.14455 1.31035 -0.03131 0.14940 0.98828 -0.00181
1548881158687445760 169 0.99218 -0.11315 0.05271 -0.06130 0.11982 0.98170 -0.14803 1.32139 -0.03499 0.15319 0.98758 -0.00143
1548881158720783616 170 0.99287 -0.10428 0.05767 -0.06652 0.11191 0.98223 -0.15067 1.33264 -0.04094 0.15605 0.98690 -0.00088
1548881158754121728 171 0.99271 -0.10313 0.06236 -0.07206 0.11178 0.98132 -0.15655 1.34543 -0.04505 0.16238 0.98570 -0.00024
1548881158787459584 172 0.99288 -0.09707 0.06910 -0.07761 0.10736 0.98038 -0.16532 1.35911 -0.05170 0.17156 0.98382 -0.00007
1548881158820796672 173 0.99356 -0.09205 0.06608 -0.07967 0.10179 0.98129 -0.16345 1.37195 -0.04980 0.16912 0.98434 -0.00071
1548881158854134784 174 0.99462 -0.08020 0.06550 -0.08064 0.09018 0.98179 -0.16721 1.38453 -0.05090 0.17222 0.98374 -0.00036
1548881158887472640 175 0.99481 -0.07888 0.06431 -0.08078 0.08869 0.98186 -0.16759 1.39649 -0.04992 0.17242 0.98376 0.00034
1548881158920809728 176 0.99546 -0.07065 0.06383 -0.08208 0.08032 0.98309 -0.16456 1.40577 -0.05113 0.16893 0.98430 0.00135
1548881158954147584 177 0.99537 -0.07183 0.06387 -0.08170 0.08123 0.98386 -0.15942 1.41315 -0.05139 0.16387 0.98514 0.00354
1548881158987485696 178 0.99612 -0.06337 0.06112 -0.08097 0.07213 0.98545 -0.15390 1.42023 -0.05048 0.15771 0.98619 0.00570
1548881159020823808 179 0.99599 -0.06576 0.06060 -0.08015 0.07405 0.98641 -0.14669 1.42612 -0.05013 0.15059 0.98732 0.00771
1548881159054160640 180 0.99624 -0.06020 0.06223 -0.08163 0.06825 0.98828 -0.13655 1.43036 -0.05328 0.14028 0.98868 0.01054
1548881159087498752 181 0.99602 -0.06315 0.06287 -0.08181 0.07060 0.98972 -0.12437 1.43545 -0.05437 0.12831 0.99024 0.01294
1548881159120836608 182 0.99667 -0.05340 0.06168 -0.08387 0.06100 0.98982 -0.12860 1.44173 -0.05419 0.13193 0.98978 0.01342
1548881159154174720 183 0.99700 -0.04436 0.06344 -0.08558 0.05194 0.99101 -0.12331 1.44813 -0.05740 0.12624 0.99034 0.01284
1548881159186869760 184 0.99721 -0.04080 0.06252 -0.08452 0.04833 0.99108 -0.12416 1.45506 -0.05689 0.12683 0.99029 0.01335
1548881159220207616 185 0.99719 -0.04294 0.06136 -0.08256 0.05026 0.99109 -0.12331 1.46483 -0.05552 0.12605 0.99047 0.01397
1548881159253545728 186 0.99738 -0.04000 0.06028 -0.08221 0.04744 0.99070 -0.12755 1.47650 -0.05461 0.13008 0.99000 0.01348
1548881159286882816 187 0.99757 -0.03295 0.06137 -0.08386 0.04063 0.99089 -0.12837 1.48919 -0.05658 0.13055 0.98983 0.01276
1548881159320220672 188 0.99767 -0.02660 0.06284 -0.08740 0.03477 0.99055 -0.13266 1.50074 -0.05872 0.13453 0.98917 0.01290
1548881159353558784 189 0.99770 -0.02081 0.06456 -0.09087 0.02898 0.99132 -0.12826 1.50923 -0.06133 0.12983 0.98964 0.01339
1548881159386896640 190 0.99771 -0.01362 0.06620 -0.09257 0.02187 0.99183 -0.12566 1.51577 -0.06395 0.12682 0.98986 0.01415
1548881159420233728 191 0.99806 -0.01203 0.06117 -0.08964 0.01917 0.99289 -0.11751 1.52032 -0.05932 0.11845 0.99119 0.01432
1548881159453571584 192 0.99841 -0.00940 0.05551 -0.08667 0.01558 0.99359 -0.11199 1.52394 -0.05410 0.11268 0.99216 0.01421
1548881159486909696 193 0.99833 -0.00807 0.05715 -0.08593 0.01397 0.99452 -0.10362 1.52709 -0.05600 0.10425 0.99297 0.01463
1548881159520247808 194 0.99833 -0.00445 0.05754 -0.08742 0.01017 0.99498 -0.09952 1.53000 -0.05680 0.09994 0.99337 0.01518
1548881159553584640 195 0.99824 -0.00582 0.05902 -0.08984 0.01134 0.99554 -0.09362 1.53247 -0.05821 0.09413 0.99386 0.01632
1548881159586213632 196 0.99808 0.00269 0.06189 -0.09250 0.00255 0.99643 -0.08442 1.53491 -0.06190 0.08442 0.99451 0.01757
1548881159619551744 197 0.99808 0.00091 0.06186 -0.09239 0.00423 0.99655 -0.08291 1.54183 -0.06172 0.08302 0.99464 0.01707
1548881159652888576 198 0.99821 0.00824 0.05918 -0.09246 -0.00325 0.99647 -0.08387 1.55153 -0.05966 0.08353 0.99472 0.01704
1548881159686226688 199 0.99814 0.00500 0.06069 -0.09242 -0.00022 0.99691 -0.07854 1.56026 -0.06089 0.07839 0.99506 0.01761
1548881159719564800 200 0.99813 0.00903 0.06049 -0.09389 -0.00432 0.99698 -0.07756 1.56797 -0.06101 0.07716 0.99515 0.01806
1548881159752902656 201 0.99792 0.00963 0.06378 -0.09588 -0.00518 0.99756 -0.06960 1.57354 -0.06430 0.06913 0.99553 0.01828
1548881159786239744 202 0.99787 0.01173 0.06417 -0.09716 -0.00737 0.99767 -0.06778 1.57922 -0.06481 0.06716 0.99563 0.01821
1548881159819577600 203 0.99792 0.01113 0.06346 -0.09656 -0.00695 0.99782 -0.06570 1.58574 -0.06406 0.06512 0.99582 0.01799
1548881159852915712 204 0.99786 0.01473 0.06377 -0.09626 -0.01065 0.99790 -0.06387 1.59214 -0.06458 0.06305 0.99592 0.01777
1548881159886252800 205 0.99803 0.01589 0.06068 -0.09476 -0.01239 0.99825 -0.05775 1.59897 -0.06149 0.05688 0.99649 0.01766
1548881159919590656 206 0.99802 0.01850 0.06013 -0.09370 -0.01524 0.99841 -0.05419 1.60649 -0.06104 0.05317 0.99672 0.01801
1548881159952928768 207 0.99814 0.01344 0.05945 -0.09238 -0.01051 0.99873 -0.04924 1.61539 -0.06003 0.04853 0.99702 0.01870
1548881159986266624 208 0.99801 0.01437 0.06143 -0.09310 -0.01147 0.99881 -0.04733 1.62445 -0.06204 0.04653 0.99699 0.01923
1548881160019603712 209 0.99766 0.01294 0.06707 -0.09532 -0.01004 0.99900 -0.04346 1.63437 -0.06757 0.04269 0.99680 0.01887
1548881160052941824 210 0.99760 0.01569 0.06744 -0.09726 -0.01244 0.99876 -0.04830 1.64477 -0.06811 0.04734 0.99655 0.01870
1548881160086279680 211 0.99737 0.01522 0.07084 -0.09796 -0.01206 0.99893 -0.04475 1.65283 -0.07144 0.04378 0.99648 0.01840
1548881160119617792 212 0.99765 0.01676 0.06651 -0.09628 -0.01421 0.99915 -0.03860 1.65947 -0.06710 0.03756 0.99704 0.01842
1548881160152954624 213 0.99783 0.01347 0.06440 -0.09277 -0.01120 0.99931 -0.03542 1.66661 -0.06483 0.03462 0.99730 0.01891
1548881160186292736 214 0.99795 0.01098 0.06307 -0.09064 -0.00890 0.99941 -0.03319 1.67397 -0.06339 0.03256 0.99746 0.01866
1548881160219630592 215 0.99794 0.01004 0.06339 -0.08989 -0.00826 0.99956 -0.02835 1.68138 -0.06364 0.02777 0.99759 0.01877
1548881160252967680 216 0.99786 0.01074 0.06447 -0.09028 -0.00898 0.99958 -0.02744 1.68967 -0.06474 0.02681 0.99754 0.01918
1548881160286305792 217 0.99763 0.01262 0.06768 -0.09166 -0.01094 0.99962 -0.02518 1.69878 -0.06797 0.02438 0.99739 0.01920
1548881160319643648 218 0.99756 0.01136 0.06889 -0.09185 -0.00977 0.99968 -0.02330 1.70766 -0.06914 0.02257 0.99735 0.01929
1548881160352981760 219 0.99768 0.01041 0.06724 -0.09139 -0.00927 0.99981 -0.01724 1.71595 -0.06741 0.01658 0.99759 0.01930
1548881160386318592 220 0.99758 0.01264 0.06844 -0.09152 -0.01156 0.99980 -0.01608 1.72436 -0.06863 0.01525 0.99753 0.01963
1548881160419656704 221 0.99753 0.01336 0.06890 -0.09244 -0.01247 0.99983 -0.01338 1.73168 -0.06907 0.01248 0.99753 0.01988
1548881160452994816 222 0.99735 0.01292 0.07154 -0.09396 -0.01244 0.99990 -0.00715 1.73832 -0.07162 0.00624 0.99741 0.02036
1548881160486332672 223 0.99738 0.01335 0.07106 -0.09399 -0.01281 0.99989 -0.00811 1.74596 -0.07116 0.00718 0.99744 0.02010
1548881160519669760 224 0.99728 0.01300 0.07258 -0.09456 -0.01258 0.99990 -0.00628 1.75398 -0.07266 0.00535 0.99734 0.02021
1548881160553007616 225 0.99710 0.01379 0.07478 -0.09507 -0.01345 0.99990 -0.00500 1.76212 -0.07484 0.00398 0.99719 0.02011
1548881160586345728 226 0.99724 0.01130 0.07340 -0.09466 -0.01099 0.99993 -0.00470 1.77075 -0.07345 0.00388 0.99729 0.01977
1548881160619682816 227 0.99715 0.01452 0.07409 -0.09498 -0.01442 0.99989 -0.00186 1.77979 -0.07411 0.00078 0.99725 0.01995
1548881160653020672 228 0.99709 0.01400 0.07497 -0.09504 -0.01395 0.99990 -0.00126 1.78882 -0.07498 0.00021 0.99719 0.01992
1548881160686358784 229 0.99681 0.01699 0.07794 -0.09751 -0.01716 0.99985 0.00160 1.79785 -0.07790 -0.00293 0.99696 0.02017
1548881160719696640 230 0.99647 0.01822 0.08201 -0.10058 -0.01866 0.99981 0.00468 1.80588 -0.08191 -0.00620 0.99662 0.02071
1548881160753033728 231 0.99636 0.02313 0.08202 -0.10249 -0.02410 0.99965 0.01091 1.81206 -0.08174 -0.01285 0.99657 0.02090
1548881160786371584 232 0.99620 0.02756 0.08260 -0.10321 -0.02928 0.99938 0.01963 1.81801 -0.08200 -0.02197 0.99639 0.02132
1548881160819709696 233 0.99628 0.02729 0.08173 -0.10257 -0.02876 0.99944 0.01688 1.82528 -0.08123 -0.01916 0.99651 0.02078
1548881160853047808 234 0.99639 0.02436 0.08133 -0.10146 -0.02599 0.99948 0.01900 1.83252 -0.08082 -0.02104 0.99651 0.02100
1548881160886384640 235 0.99653 0.02224 0.08015 -0.09922 -0.02447 0.99934 0.02699 1.83887 -0.07950 -0.02886 0.99642 0.02139
1548881160919722752 236 0.99694 0.02111 0.07527 -0.09606 -0.02300 0.99944 0.02433 1.84685 -0.07471 -0.02599 0.99687 0.02059
1548881160953060608 237 0.99694 0.02190 0.07503 -0.09500 -0.02418 0.99927 0.02962 1.85415 -0.07433 -0.03134 0.99674 0.01974
1548881160986397696 238 0.99698 0.02187 0.07446 -0.09399 -0.02426 0.99921 0.03144 1.86180 -0.07371 -0.03316 0.99673 0.01903
1548881161019735808 239 0.99704 0.02428 0.07297 -0.09310 -0.02687 0.99904 0.03463 1.86980 -0.07206 -0.03649 0.99673 0.01838
1548881161053073664 240 0.99695 0.02355 0.07443 -0.09313 -0.02635 0.99898 0.03678 1.87838 -0.07349 -0.03863 0.99655 0.01821
1548881161086411776 241 0.99698 0.02289 0.07425 -0.09270 -0.02571 0.99898 0.03723 1.88803 -0.07332 -0.03903 0.99654 0.01819
1548881161119748608 242 0.99689 0.02315 0.07533 -0.09333 -0.02598 0.99898 0.03682 1.89806 -0.07441 -0.03866 0.99648 0.01819
1548881161153086720 243 0.99687 0.01956 0.07664 -0.09355 -0.02231 0.99913 0.03530 1.90907 -0.07588 -0.03690 0.99643 0.01666
1548881161186424832 244 0.99671 0.02321 0.07771 -0.09433 -0.02591 0.99909 0.03393 1.92003 -0.07685 -0.03583 0.99640 0.01568
1548881161219761664 245 0.99673 0.02210 0.07777 -0.09427 -0.02484 0.99910 0.03438 1.93025 -0.07694 -0.03620 0.99638 0.01464
1548881161253099776 246 0.99648 0.02596 0.07974 -0.09514 -0.02889 0.99894 0.03583 1.93986 -0.07872 -0.03800 0.99617 0.01375
1548881161286437632 247 0.99651 0.02339 0.08011 -0.09529 -0.02636 0.99900 0.03624 1.94891 -0.07919 -0.03822 0.99613 0.01368
1548881161319775744 248 0.99641 0.02497 0.08088 -0.09546 -0.02819 0.99884 0.03900 1.95772 -0.07981 -0.04114 0.99596 0.01377
1548881161353112576 249 0.99658 0.02252 0.07946 -0.09369 -0.02582 0.99883 0.04081 1.96760 -0.07845 -0.04272 0.99600 0.01349
1548881161386450688 250 0.99666 0.02330 0.07833 -0.09288 -0.02616 0.99902 0.03563 1.97787 -0.07742 -0.03756 0.99629 0.01221
1548881161419788800 251 0.99626 0.02393 0.08303 -0.09450 -0.02737 0.99880 0.04051 1.98683 -0.08196 -0.04263 0.99572 0.01089
1548881161453126656 252 0.99622 0.02731 0.08242 -0.09546 -0.03060 0.99877 0.03892 1.99576 -0.08126 -0.04130 0.99584 0.00992
1548881161486463744 253 0.99599 0.02642 0.08542 -0.09674 -0.02996 0.99873 0.04045 2.00536 -0.08424 -0.04285 0.99552 0.00934
1548881161519801600 254 0.99580 0.02679 0.08755 -0.09776 -0.03045 0.99871 0.04072 2.01478 -0.08635 -0.04321 0.99533 0.00905
1548881161553139712 255 0.99589 0.02588 0.08678 -0.09714 -0.02986 0.99854 0.04494 2.02373 -0.08549 -0.04735 0.99521 0.00885
1548881161586476800 256 0.99606 0.02599 0.08477 -0.09515 -0.02990 0.99853 0.04526 2.03375 -0.08346 -0.04761 0.99537 0.00820
1548881161619814656 257 0.99620 0.02388 0.08375 -0.09366 -0.02749 0.99873 0.04220 2.04356 -0.08264 -0.04434 0.99559 0.00765
1548881161653152768 258 0.99617 0.02551 0.08368 -0.09322 -0.02963 0.99839 0.04842 2.05197 -0.08231 -0.05072 0.99532 0.00682
1548881161686490624 259 0.99634 0.02513 0.08168 -0.09195 -0.02914 0.99841 0.04824 2.06099 -0.08033 -0.05044 0.99549 0.00594
1548881161719827712 260 0.99628 0.02613 0.08218 -0.09143 -0.03039 0.99823 0.05113 2.07002 -0.08070 -0.05344 0.99531 0.00538
1548881161753165824 261 0.99612 0.02769 0.08349 -0.09249 -0.03207 0.99816 0.05153 2.07985 -0.08191 -0.05401 0.99518 0.00469
1548881161786503680 262 0.99587 0.02837 0.08621 -0.09457 -0.03282 0.99818 0.05068 2.09098 -0.08462 -0.05330 0.99499 0.00453
1548881161819841792 263 0.99607 0.02436 0.08512 -0.09347 -0.02855 0.99843 0.04828 2.10286 -0.08381 -0.05052 0.99520 0.00375
1548881161853178624 264 0.99628 0.02601 0.08220 -0.09101 -0.02993 0.99845 0.04687 2.11473 -0.08085 -0.04916 0.99551 0.00328
1548881161886516736 265 0.99643 0.02603 0.08025 -0.08919 -0.02987 0.99845 0.04703 2.12447 -0.07890 -0.04926 0.99566 0.00224
1548881161919854592 266 0.99635 0.02629 0.08118 -0.08923 -0.03059 0.99817 0.05210 2.13238 -0.07966 -0.05439 0.99534 0.00185
1548881161953191680 267 0.99635 0.02708 0.08100 -0.08923 -0.03147 0.99807 0.05347 2.14075 -0.07940 -0.05582 0.99528 0.00174
1548881161986529792 268 0.99626 0.02557 0.08258 -0.08987 -0.03019 0.99802 0.05517 2.14969 -0.08100 -0.05746 0.99506 0.00133
1548881162019867648 269 0.99603 0.02696 0.08484 -0.09105 -0.03177 0.99794 0.05579 2.16026 -0.08316 -0.05827 0.99483 0.00105
1548881162053205760 270 0.99611 0.02462 0.08461 -0.09018 -0.02896 0.99831 0.05039 2.17259 -0.08322 -0.05264 0.99514 0.00012
1548881162086542592 271 0.99634 0.02651 0.08130 -0.08827 -0.03078 0.99819 0.05172 2.18336 -0.07978 -0.05403 0.99535 -0.00080
1548881162119880704 272 0.99650 0.02573 0.07953 -0.08627 -0.02994 0.99818 0.05229 2.19347 -0.07804 -0.05449 0.99546 -0.00182
1548881162153218816 273 0.99638 0.02869 0.07998 -0.08621 -0.03304 0.99802 0.05361 2.20252 -0.07828 -0.05606 0.99535 -0.00248
1548881162186556672 274 0.99628 0.02655 0.08198 -0.08700 -0.03122 0.99793 0.05621 2.21134 -0.08032 -0.05856 0.99505 -0.00278
1548881162219893760 275 0.99620 0.02724 0.08274 -0.08733 -0.03179 0.99803 0.05416 2.22164 -0.08110 -0.05659 0.99510 -0.00362
1548881162253231616 276 0.99618 0.02884 0.08240 -0.08662 -0.03325 0.99806 0.05257 2.23359 -0.08072 -0.05510 0.99521 -0.00427
1548881162286569728 277 0.99628 0.02791 0.08158 -0.08506 -0.03214 0.99818 0.05098 2.24586 -0.08001 -0.05341 0.99536 -0.00475
1548881162319906816 278 0.99641 0.02947 0.07940 -0.08326 -0.03344 0.99823 0.04913 2.25706 -0.07781 -0.05161 0.99563 -0.00555
1548881162353244672 279 0.99648 0.02885 0.07877 -0.08182 -0.03294 0.99815 0.05117 2.26595 -0.07715 -0.05358 0.99558 -0.00549
1548881162386582784 280 0.99626 0.03199 0.08027 -0.08220 -0.03624 0.99798 0.05214 2.27501 -0.07844 -0.05485 0.99541 -0.00592
1548881162419920640 281 0.99614 0.03093 0.08210 -0.08274 -0.03530 0.99801 0.05229 2.28479 -0.08032 -0.05498 0.99525 -0.00681
1548881162453257728 282 0.99622 0.03155 0.08088 -0.08190 -0.03579 0.99803 0.05161 2.29590 -0.07910 -0.05431 0.99539 -0.00777
1548881162486595584 283 0.99632 0.03248 0.07938 -0.08030 -0.03641 0.99815 0.04861 2.30837 -0.07765 -0.05132 0.99566 -0.00856
1548881162519933696 284 0.99641 0.03225 0.07827 -0.07880 -0.03593 0.99830 0.04600 2.32033 -0.07665 -0.04865 0.99587 -0.00878
1548881162553270784 285 0.99648 0.03325 0.07692 -0.07777 -0.03674 0.99834 0.04437 2.33172 -0.07531 -0.04704 0.99605 -0.00934
1548881162586608640 286 0.99633 0.03385 0.07861 -0.07785 -0.03759 0.99820 0.04664 2.34156 -0.07689 -0.04943 0.99581 -0.01000
1548881162619946752 287 0.99626 0.03415 0.07943 -0.07777 -0.03786 0.99824 0.04574 2.35124 -0.07773 -0.04858 0.99579 -0.01116
1548881162653284608 288 0.99641 0.03236 0.07828 -0.07645 -0.03596 0.99834 0.04500 2.36119 -0.07669 -0.04765 0.99592 -0.01168
1548881162686621696 289 0.99638 0.03519 0.07743 -0.07503 -0.03865 0.99830 0.04365 2.37330 -0.07576 -0.04648 0.99604 -0.01244
1548881162719959808 290 0.99654 0.03328 0.07622 -0.07402 -0.03630 0.99860 0.03858 2.38711 -0.07483 -0.04121 0.99634 -0.01347
1548881162753297664 291 0.99660 0.03478 0.07466 -0.07269 -0.03767 0.99858 0.03762 2.39938 -0.07325 -0.04031 0.99650 -0.01433
1548881162786635776 292 0.99660 0.03429 0.07486 -0.07174 -0.03703 0.99868 0.03558 2.40975 -0.07354 -0.03823 0.99656 -0.01502
1548881162819972608 293 0.99647 0.03526 0.07621 -0.07187 -0.03809 0.99863 0.03600 2.41940 -0.07483 -0.03878 0.99644 -0.01577
1548881162853310720 294 0.99650 0.03414 0.07627 -0.07134 -0.03726 0.99851 0.03988 2.42840 -0.07479 -0.04259 0.99629 -0.01635
1548881162886648832 295 0.99642 0.03685 0.07605 -0.07058 -0.03967 0.99857 0.03589 2.43926 -0.07462 -0.03878 0.99646 -0.01719
1548881162919985664 296 0.99653 0.03676 0.07464 -0.06918 -0.03949 0.99859 0.03536 2.45089 -0.07323 -0.03818 0.99658 -0.01803
1548881162953323776 297 0.99669 0.03483 0.07341 -0.06828 -0.03741 0.99872 0.03417 2.46190 -0.07212 -0.03680 0.99672 -0.01920
1548881162986661632 298 0.99659 0.03588 0.07427 -0.06857 -0.03858 0.99864 0.03521 2.47149 -0.07290 -0.03795 0.99662 -0.01995
1548881163019999744 299 0.99638 0.03449 0.07774 -0.07050 -0.03753 0.99857 0.03803 2.47965 -0.07631 -0.04081 0.99625 -0.02059
1548881163053336576 300 0.99614 0.03380 0.08102 -0.07230 -0.03706 0.99855 0.03908 2.48816 -0.07958 -0.04193 0.99595 -0.02162
1548881163086674688 301 0.99612 0.03278 0.08167 -0.07309 -0.03622 0.99851 0.04092 2.49700 -0.08020 -0.04372 0.99582 -0.02280
1548881163120012800 302 0.99599 0.03162 0.08369 -0.07337 -0.03522 0.99850 0.04195 2.50737 -0.08224 -0.04473 0.99561 -0.02383
1548881163153350656 303 0.99621 0.03076 0.08137 -0.07239 -0.03396 0.99869 0.03821 2.51940 -0.08009 -0.04083 0.99595 -0.02435
1548881163186687744 304 0.99645 0.02941 0.07891 -0.06998 -0.03245 0.99877 0.03760 2.53115 -0.07770 -0.04003 0.99617 -0.02517
1548881163220025600 305 0.99639 0.03282 0.07830 -0.06823 -0.03589 0.99863 0.03815 2.54247 -0.07694 -0.04082 0.99620 -0.02622
1548881163253363712 306 0.99659 0.03145 0.07622 -0.06650 -0.03414 0.99883 0.03428 2.55444 -0.07505 -0.03676 0.99650 -0.02700
1548881163286700800 307 0.99670 0.02938 0.07563 -0.06416 -0.03189 0.99897 0.03228 2.56610 -0.07461 -0.03458 0.99661 -0.02828
1548881163320038656 308 0.99694 0.02880 0.07273 -0.06203 -0.03109 0.99905 0.03052 2.57775 -0.07178 -0.03269 0.99688 -0.02979
1548881163353376768 309 0.99706 0.02784 0.07141 -0.06097 -0.02999 0.99912 0.02920 2.58948 -0.07054 -0.03126 0.99702 -0.03025
1548881163386714624 310 0.99712 0.02726 0.07080 -0.05974 -0.02941 0.99913 0.02943 2.60013 -0.06993 -0.03143 0.99706 -0.03075
1548881163420051712 311 0.99730 0.02619 0.06853 -0.05890 -0.02821 0.99919 0.02862 2.61025 -0.06773 -0.03047 0.99724 -0.03156
1548881163453389824 312 0.99694 0.02719 0.07327 -0.06140 -0.02962 0.99904 0.03234 2.61765 -0.07232 -0.03441 0.99679 -0.03234
1548881163486727680 313 0.99652 0.02110 0.08063 -0.06627 -0.02434 0.99893 0.03937 2.62282 -0.07971 -0.04120 0.99597 -0.03268
1548881163520065792 314 0.99594 0.02111 0.08752 -0.07054 -0.02507 0.99870 0.04435 2.62915 -0.08647 -0.04636 0.99518 -0.03325
1548881163553402624 315 0.99601 0.01669 0.08771 -0.07166 -0.02050 0.99888 0.04266 2.63818 -0.08690 -0.04429 0.99523 -0.03386
1548881163586740736 316 0.99610 0.01736 0.08653 -0.07019 -0.02123 0.99880 0.04406 2.64879 -0.08566 -0.04573 0.99527 -0.03455
1548881163620078592 317 0.99630 0.01697 0.08426 -0.06835 -0.02052 0.99893 0.04134 2.66131 -0.08347 -0.04291 0.99559 -0.03486
1548881163653415680 318 0.99636 0.01691 0.08352 -0.06719 -0.02014 0.99907 0.03800 2.67425 -0.08280 -0.03955 0.99578 -0.03516
1548881163686753792 319 0.99649 0.01694 0.08199 -0.06578 -0.02004 0.99911 0.03714 2.68647 -0.08129 -0.03865 0.99594 -0.03559
1548881163720091648 320 0.99658 0.01695 0.08090 -0.06407 -0.01968 0.99926 0.03308 2.69768 -0.08028 -0.03456 0.99617 -0.03632
1548881163753429760 321 0.99671 0.01956 0.07863 -0.06183 -0.02222 0.99921 0.03307 2.70901 -0.07792 -0.03470 0.99636 -0.03713
1548881163786766592 322 0.99706 0.01719 0.07462 -0.05895 -0.01939 0.99939 0.02891 2.72165 -0.07407 -0.03028 0.99679 -0.03809
1548881163820104704 323 0.99715 0.01799 0.07330 -0.05717 -0.01998 0.99945 0.02655 2.73365 -0.07278 -0.02794 0.99696 -0.03853
1548881163853442816 324 0.99716 0.01736 0.07333 -0.05709 -0.01950 0.99940 0.02859 2.74365 -0.07279 -0.02994 0.99690 -0.03859
1548881163886779648 325 0.99695 0.01643 0.07623 -0.05823 -0.01892 0.99931 0.03208 2.75214 -0.07565 -0.03343 0.99657 -0.03849
1548881163920117760 326 0.99699 0.01386 0.07623 -0.05844 -0.01647 0.99929 0.03374 2.76047 -0.07571 -0.03489 0.99652 -0.03924
1548881163953455616 327 0.99697 0.01820 0.07560 -0.05772 -0.02072 0.99925 0.03264 2.76878 -0.07495 -0.03411 0.99660 -0.03989
1548881163986793728 328 0.99703 0.01384 0.07571 -0.05752 -0.01652 0.99925 0.03490 2.77768 -0.07517 -0.03605 0.99652 -0.04039
1548881164020130816 329 0.99697 0.01389 0.07652 -0.05730 -0.01664 0.99924 0.03532 2.78750 -0.07597 -0.03649 0.99644 -0.04126
1548881164053468672 330 0.99702 0.01449 0.07575 -0.05650 -0.01705 0.99930 0.03321 2.79941 -0.07522 -0.03440 0.99657 -0.04165
1548881164086806784 331 0.99721 0.01248 0.07357 -0.05437 -0.01484 0.99939 0.03173 2.81138 -0.07313 -0.03273 0.99679 -0.04199
