1548883672808683008 10 1.00000 -0.00001 -0.00001 -0.00000 0.00001 1.00000 0.00001 -0.00000 0.00001 -0.00001 1.00000 -0.00000
1548883672842019840 11 1.00000 -0.00000 -0.00000 -0.00001 0.00000 1.00000 0.00000 -0.00001 0.00000 -0.00000 1.00000 0.00000
1548883672875357952 12 1.00000 -0.00001 0.00000 -0.00002 0.00001 1.00000 0.00000 -0.00002 -0.00000 -0.00000 1.00000 0.00000
1548883672908696064 13 1.00000 -0.00001 -0.00001 0.00000 0.00001 1.00000 0.00001 0.00000 0.00001 -0.00001 1.00000 -0.00000
1548883672942032896 14 1.00000 -0.00001 -0.00000 0.00001 0.00001 1.00000 0.00001 0.00000 0.00000 -0.00001 1.00000 -0.00000
1548883672975371008 15 1.00000 -0.00001 -0.00000 -0.00001 0.00001 1.00000 0.00001 -0.00001 0.00000 -0.00001 1.00000 0.00000
1548883673008708864 16 1.00000 -0.00001 -0.00001 -0.00000 0.00001 1.00000 0.00001 -0.00000 0.00001 -0.00001 1.00000 -0.00000
1548883673042046976 17 1.00000 -0.00001 -0.00002 0.00000 0.00001 1.00000 0.00001 0.00000 0.00002 -0.00001 1.00000 -0.00000
1548883673075384064 18 1.00000 -0.00002 -0.00000 -0.00001 0.00002 1.00000 0.00001 -0.00000 0.00000 -0.00001 1.00000 0.00000
1548883673108721920 19 1.00000 -0.00002 -0.00001 -0.00003 0.00002 1.00000 0.00000 -0.00002 0.00001 -0.00000 1.00000 0.00000
1548883673142060032 20 1.00000 0.00001 -0.00004 0.00006 -0.00001 1.00000 0.00002 0.00006 0.00004 -0.00002 1.00000 -0.00001
1548883673175397888 21 1.00000 -0.00002 -0.00002 -0.00002 0.00002 1.00000 -0.00001 -0.00002 0.00002 0.00001 1.00000 0.00003
1548883673208734976 22 1.00000 -0.00001 -0.00000 -0.00002 0.00001 1.00000 0.00001 -0.00002 0.00000 -0.00001 1.00000 -0.00002
1548883673242073088 23 1.00000 -0.00003 -0.00001 -0.00003 0.00003 1.00000 0.00001 0.00000 0.00001 -0.00001 1.00000 -0.00001
1548883673275410944 24 1.00000 -0.00001 -0.00001 -0.00000 0.00001 1.00000 -0.00000 0.00000 0.00001 0.00000 1.00000 0.00000
1548883673308748032 25 1.00000 -0.00003 0.00001 -0.00003 0.00003 1.00000 0.00002 -0.00002 -0.00001 -0.00002 1.00000 -0.00003
1548883673342085888 26 1.00000 -0.00002 -0.00001 -0.00003 0.00002 1.00000 0.00001 -0.00002 0.00001 -0.00001 1.00000 -0.00000
1548883673375424000 27 1.00000 -0.00002 -0.00001 -0.00001 0.00002 1.00000 0.00000 -0.00001 0.00001 -0.00000 1.00000 -0.00001
1548883673408761856 28 1.00000 -0.00002 -0.00001 -0.00001 0.00002 1.00000 0.00000 0.00001 0.00001 -0.00000 1.00000 0.00000
1548883673442098944 29 1.00000 -0.00001 -0.00000 -0.00000 0.00001 1.00000 0.00001 -0.00001 0.00000 -0.00001 1.00000 -0.00000
1548883673475437056 30 1.00000 0.00009 -0.00012 0.00024 -0.00009 1.00000 -0.00009 0.00011 0.00012 0.00009 1.00000 0.00019
1548883673508774912 31 1.00000 0.00011 -0.00012 0.00025 -0.00011 1.00000 -0.00010 0.00008 0.00012 0.00010 1.00000 0.00020
1548883673542112000 32 1.00000 0.00009 -0.00012 0.00022 -0.00009 1.00000 -0.00009 0.00007 0.00012 0.00009 1.00000 0.00020
1548883673575449856 33 1.00000 0.00009 -0.00012 0.00024 -0.00009 1.00000 -0.00010 0.00009 0.00012 0.00010 1.00000 0.00021
1548883673608787968 34 1.00000 0.00009 -0.00012 0.00023 -0.00009 1.00000 -0.00010 0.00009 0.00012 0.00010 1.00000 0.00021
1548883673642126080 35 1.00000 0.00006 -0.00013 0.00019 -0.00006 1.00000 -0.00010 0.00008 0.00013 0.00010 1.00000 0.00022
1548883673675462912 36 1.00000 0.00009 -0.00013 0.00025 -0.00009 1.00000 -0.00011 0.00008 0.00013 0.00011 1.00000 0.00022
1548883673708801024 37 1.00000 0.00004 -0.00009 0.00024 -0.00004 1.00000 -0.00016 0.00007 0.00009 0.00016 1.00000 0.00020
1548883673742138880 38 1.00000 0.00036 -0.00016 0.00025 -0.00036 1.00000 0.00021 0.00007 0.00016 -0.00021 1.00000 0.00020
1548883673775476992 39 1.00000 0.00039 -0.00022 0.00037 -0.00039 1.00000 0.00003 0.00029 0.00022 -0.00003 1.00000 0.00018
1548883673808814080 40 1.00000 0.00133 -0.00029 0.00050 -0.00132 1.00000 0.00119 0.00072 0.00029 -0.00119 1.00000 0.00024
1548883673842151936 41 1.00000 0.00211 -0.00116 0.00099 -0.00210 1.00000 0.00179 0.00215 0.00117 -0.00178 1.00000 0.00013
1548883673875490048 42 1.00000 0.00138 -0.00133 0.00146 -0.00138 1.00000 0.00124 0.00468 0.00133 -0.00124 1.00000 0.00023
1548883673908826880 43 1.00000 0.00181 -0.00130 0.00156 -0.00181 1.00000 0.00177 0.00782 0.00131 -0.00177 1.00000 0.00027
1548883673942164992 44 0.99999 0.00395 -0.00163 0.00167 -0.00394 0.99999 0.00183 0.01199 0.00163 -0.00182 1.00000 0.00021
1548883673975502848 45 0.99999 0.00425 -0.00168 0.00210 -0.00425 0.99999 0.00071 0.01739 0.00168 -0.00070 1.00000 0.00036
1548883674008840960 46 0.99999 0.00488 -0.00155 0.00230 -0.00488 0.99999 0.00167 0.02318 0.00156 -0.00166 1.00000 0.00017
1548883674042178048 47 0.99997 0.00728 -0.00115 0.00181 -0.00728 0.99997 0.00228 0.03001 0.00117 -0.00228 1.00000 -0.00020
1548883674075515904 48 0.99995 0.00961 0.00082 0.00037 -0.00961 0.99995 -0.00045 0.03835 -0.00082 0.00044 1.00000 -0.00063
1548883674108854016 49 0.99994 0.01004 0.00447 -0.00204 -0.01003 0.99995 -0.00236 0.04681 -0.00449 0.00232 0.99999 -0.00127
1548883674142191872 50 0.99990 0.01209 0.00677 -0.00384 -0.01207 0.99992 -0.00285 0.05619 -0.00681 0.00277 0.99997 -0.00181
1548883674175528960 51 0.99990 0.01229 0.00767 -0.00435 -0.01223 0.99990 -0.00673 0.06697 -0.00775 0.00663 0.99995 -0.00243
1548883674208867072 52 0.99983 0.01564 0.00929 -0.00519 -0.01555 0.99984 -0.00930 0.07849 -0.00944 0.00915 0.99991 -0.00250
1548883674242204928 53 0.99972 0.02097 0.01140 -0.00715 -0.02083 0.99971 -0.01166 0.09054 -0.01164 0.01142 0.99987 -0.00222
1548883674275542016 54 0.99952 0.02671 0.01555 -0.01010 -0.02649 0.99955 -0.01419 0.10355 -0.01592 0.01377 0.99978 -0.00205
1548883674308879872 55 0.99941 0.03046 0.01600 -0.01095 -0.03015 0.99936 -0.01943 0.11691 -0.01658 0.01894 0.99968 -0.00287
1548883674342217984 56 0.99934 0.03328 0.01445 -0.01014 -0.03305 0.99933 -0.01579 0.12775 -0.01497 0.01530 0.99977 -0.00261
1548883674375555840 57 0.99915 0.03899 0.01319 -0.00964 -0.03880 0.99914 -0.01482 0.13960 -0.01375 0.01429 0.99980 -0.00215
1548883674408892928 58 0.99911 0.03883 0.01658 -0.01149 -0.03853 0.99910 -0.01789 0.14995 -0.01726 0.01723 0.99970 -0.00315
1548883674442231040 59 0.99884 0.04407 0.01938 -0.01272 -0.04366 0.99883 -0.02089 0.16235 -0.02028 0.02002 0.99959 -0.00323
1548883674475568896 60 0.99867 0.04834 0.01784 -0.01215 -0.04800 0.99867 -0.01901 0.17286 -0.01874 0.01813 0.99966 -0.00355
1548883674508907008 61 0.99853 0.05146 0.01707 -0.01089 -0.05113 0.99850 -0.01950 0.18446 -0.01805 0.01860 0.99966 -0.00442
1548883674542243840 62 0.99847 0.05289 0.01631 -0.00898 -0.05248 0.99831 -0.02494 0.19872 -0.01761 0.02405 0.99956 -0.00404
1548883674575581952 63 0.99832 0.05516 0.01758 -0.00831 -0.05475 0.99824 -0.02291 0.21227 -0.01882 0.02191 0.99958 -0.00362
1548883674608920064 64 0.99808 0.05894 0.01911 -0.00942 -0.05847 0.99800 -0.02400 0.22433 -0.02049 0.02283 0.99953 -0.00407
1548883674642256896 65 0.99774 0.06508 0.01667 -0.00916 -0.06468 0.99763 -0.02325 0.23556 -0.01815 0.02212 0.99959 -0.00426
1548883674675595008 66 0.99729 0.07148 0.01729 -0.00891 -0.07108 0.99721 -0.02301 0.24560 -0.01889 0.02172 0.99959 -0.00443
1548883674708932864 67 0.99702 0.07522 0.01726 -0.00865 -0.07483 0.99695 -0.02198 0.25491 -0.01886 0.02062 0.99961 -0.00488
1548883674742270976 68 0.99712 0.07407 0.01639 -0.00687 -0.07369 0.99702 -0.02288 0.26664 -0.01804 0.02160 0.99960 -0.00465
1548883674775608064 69 0.99703 0.07535 0.01581 -0.00516 -0.07492 0.99685 -0.02586 0.27958 -0.01771 0.02459 0.99954 -0.00435
1548883674808945920 70 0.99675 0.07914 0.01518 -0.00338 -0.07867 0.99648 -0.02890 0.29441 -0.01741 0.02761 0.99947 -0.00347
1548883674842284032 71 0.99663 0.08097 0.01321 -0.00154 -0.08050 0.99621 -0.03290 0.30781 -0.01583 0.03173 0.99937 -0.00305
1548883674875620864 72 0.99678 0.07924 0.01251 0.00033 -0.07877 0.99630 -0.03437 0.31934 -0.01519 0.03327 0.99933 -0.00311
1548883674908958976 73 0.99662 0.08111 0.01306 0.00132 -0.08064 0.99619 -0.03312 0.32832 -0.01569 0.03195 0.99937 -0.00326
1548883674942297088 74 0.99673 0.08011 0.01104 0.00334 -0.07973 0.99633 -0.03124 0.33694 -0.01350 0.03026 0.99945 -0.00323
1548883674975634944 75 0.99658 0.08200 0.01025 0.00536 -0.08166 0.99619 -0.03056 0.34608 -0.01272 0.02962 0.99948 -0.00334
1548883675008972032 76 0.99658 0.08215 0.00862 0.00758 -0.08187 0.99622 -0.02907 0.35611 -0.01097 0.02826 0.99954 -0.00294
1548883675042309888 77 0.99651 0.08315 0.00718 0.00992 -0.08291 0.99613 -0.02921 0.36703 -0.00958 0.02852 0.99955 -0.00217
1548883675075648000 78 0.99653 0.08300 0.00669 0.01174 -0.08278 0.99616 -0.02835 0.37783 -0.00902 0.02770 0.99958 -0.00232
1548883675108985856 79 0.99651 0.08313 0.00779 0.01222 -0.08288 0.99615 -0.02853 0.38825 -0.01013 0.02778 0.99956 -0.00322
1548883675142322944 80 0.99643 0.08392 0.00864 0.01229 -0.08363 0.99604 -0.03010 0.39833 -0.01114 0.02927 0.99951 -0.00380
1548883675175661056 81 0.99642 0.08402 0.00913 0.01273 -0.08370 0.99603 -0.03042 0.40874 -0.01165 0.02954 0.99950 -0.00425
1548883675208998912 82 0.99644 0.08380 0.00947 0.01339 -0.08347 0.99602 -0.03120 0.41990 -0.01205 0.03030 0.99947 -0.00447
1548883675242336000 83 0.99659 0.08194 0.00927 0.01468 -0.08160 0.99614 -0.03220 0.43166 -0.01188 0.03134 0.99944 -0.00410
1548883675275673856 84 0.99663 0.08153 0.00846 0.01673 -0.08121 0.99614 -0.03317 0.44314 -0.01113 0.03237 0.99941 -0.00348
1548883675309011968 85 0.99668 0.08130 0.00470 0.02049 -0.08112 0.99626 -0.02964 0.45346 -0.00710 0.02916 0.99955 -0.00258
1548883675342350080 86 0.99680 0.07983 0.00275 0.02237 -0.07971 0.99636 -0.03037 0.46334 -0.00516 0.03005 0.99954 -0.00256
1548883675375686912 87 0.99678 0.07992 0.00602 0.02208 -0.07970 0.99633 -0.03121 0.47456 -0.00850 0.03063 0.99949 -0.00306
1548883675409025024 88 0.99664 0.08159 0.00766 0.02170 -0.08128 0.99609 -0.03457 0.48598 -0.01045 0.03383 0.99937 -0.00387
1548883675442362880 89 0.99658 0.08210 0.00940 0.02148 -0.08172 0.99603 -0.03519 0.49558 -0.01225 0.03431 0.99934 -0.00423
1548883675475700992 90 0.99656 0.08249 0.00753 0.02382 -0.08220 0.99606 -0.03342 0.50408 -0.01025 0.03269 0.99941 -0.00416
1548883675509038080 91 0.99678 0.08001 0.00448 0.02693 -0.07985 0.99641 -0.02827 0.51234 -0.00673 0.02782 0.99959 -0.00369
1548883675542375936 92 0.99666 0.08155 0.00462 0.02823 -0.08138 0.99625 -0.02922 0.52170 -0.00699 0.02875 0.99956 -0.00446
1548883675575714048 93 0.99669 0.08096 0.00709 0.02763 -0.08072 0.99630 -0.02946 0.53245 -0.00945 0.02879 0.99954 -0.00484
1548883675609050880 94 0.99666 0.08116 0.00918 0.02746 -0.08085 0.99628 -0.02995 0.54209 -0.01158 0.02910 0.99951 -0.00554
1548883675642388992 95 0.99659 0.08177 0.01074 0.02808 -0.08144 0.99627 -0.02849 0.55223 -0.01303 0.02752 0.99954 -0.00562
1548883675675726848 96 0.99667 0.08070 0.01129 0.02869 -0.08036 0.99637 -0.02820 0.56364 -0.01352 0.02719 0.99954 -0.00546
1548883675709064960 97 0.99672 0.07987 0.01278 0.02904 -0.07946 0.99639 -0.03004 0.57570 -0.01513 0.02893 0.99947 -0.00567
1548883675742402048 98 0.99668 0.08022 0.01364 0.02945 -0.07979 0.99637 -0.02951 0.58755 -0.01596 0.02832 0.99947 -0.00464
1548883675775739904 99 0.99680 0.07869 0.01414 0.02928 -0.07826 0.99651 -0.02912 0.59911 -0.01638 0.02792 0.99948 -0.00448
1548883675809078016 100 0.99670 0.07971 0.01510 0.02960 -0.07927 0.99647 -0.02777 0.61041 -0.01726 0.02648 0.99950 -0.00386
1548883675842415872 101 0.99689 0.07711 0.01632 0.02990 -0.07665 0.99669 -0.02695 0.62186 -0.01834 0.02562 0.99950 -0.00422
1548883675875752960 102 0.99705 0.07508 0.01569 0.03156 -0.07457 0.99674 -0.03089 0.63440 -0.01795 0.02963 0.99940 -0.00389
1548883675909091072 103 0.99714 0.07413 0.01486 0.03339 -0.07365 0.99682 -0.03031 0.64622 -0.01706 0.02913 0.99943 -0.00345
1548883675942428928 104 0.99708 0.07519 0.01344 0.03601 -0.07476 0.99675 -0.03008 0.65721 -0.01565 0.02899 0.99946 -0.00393
1548883675975766016 105 0.99719 0.07347 0.01484 0.03633 -0.07299 0.99686 -0.03060 0.66908 -0.01704 0.02943 0.99942 -0.00397
1548883676009103872 106 0.99716 0.07331 0.01716 0.03497 -0.07275 0.99685 -0.03148 0.68032 -0.01942 0.03014 0.99936 -0.00368
1548883676042441984 107 0.99740 0.06920 0.02010 0.03416 -0.06860 0.99721 -0.02933 0.69146 -0.02207 0.02788 0.99937 -0.00394
1548883676075779840 108 0.99755 0.06721 0.01959 0.03470 -0.06655 0.99726 -0.03246 0.70370 -0.02172 0.03107 0.99928 -0.00398
1548883676109116928 109 0.99771 0.06447 0.02024 0.03577 -0.06377 0.99741 -0.03338 0.71624 -0.02234 0.03201 0.99924 -0.00375
1548883676142455040 110 0.99773 0.06467 0.01879 0.03724 -0.06401 0.99738 -0.03357 0.72823 -0.02091 0.03229 0.99926 -0.00390
1548883676175792896 111 0.99794 0.06160 0.01806 0.03842 -0.06096 0.99757 -0.03371 0.73889 -0.02010 0.03254 0.99927 -0.00455
1548883676209129984 112 0.99796 0.06144 0.01757 0.03915 -0.06080 0.99754 -0.03491 0.75046 -0.01967 0.03377 0.99924 -0.00287
1548883676242467840 113 0.99812 0.05862 0.01810 0.03941 -0.05794 0.99768 -0.03585 0.76265 -0.02016 0.03474 0.99919 -0.00244
1548883676275805952 114 0.99820 0.05678 0.01912 0.03989 -0.05606 0.99775 -0.03668 0.77481 -0.02116 0.03555 0.99914 -0.00207
1548883676309144064 115 0.99842 0.05341 0.01760 0.04085 -0.05270 0.99787 -0.03845 0.78652 -0.01962 0.03746 0.99911 -0.00137
1548883676342480896 116 0.99853 0.05177 0.01597 0.04234 -0.05114 0.99798 -0.03769 0.79750 -0.01789 0.03682 0.99916 -0.00083
1548883676375819008 117 0.99859 0.05078 0.01517 0.04329 -0.05020 0.99808 -0.03638 0.80779 -0.01698 0.03556 0.99922 -0.00071
1548883676409156864 118 0.99866 0.04860 0.01794 0.04302 -0.04798 0.99828 -0.03370 0.81616 -0.01955 0.03279 0.99927 -0.00255
1548883676442494976 119 0.99873 0.04611 0.02046 0.04114 -0.04545 0.99846 -0.03168 0.82569 -0.02189 0.03071 0.99929 -0.00184
1548883676475832064 120 0.99883 0.04395 0.02021 0.04155 -0.04331 0.99858 -0.03106 0.83688 -0.02155 0.03015 0.99931 -0.00158
1548883676509169920 121 0.99902 0.04008 0.01890 0.04387 -0.03943 0.99866 -0.03358 0.85008 -0.02022 0.03280 0.99926 -0.00132
1548883676542508032 122 0.99926 0.03401 0.01778 0.04610 -0.03335 0.99879 -0.03616 0.86306 -0.01899 0.03554 0.99919 -0.00100
1548883676575844864 123 0.99944 0.02929 0.01636 0.04889 -0.02877 0.99909 -0.03157 0.87395 -0.01727 0.03108 0.99937 -0.00134
1548883676609182976 124 0.99947 0.02815 0.01644 0.04974 -0.02757 0.99902 -0.03462 0.88368 -0.01740 0.03414 0.99927 -0.00100
1548883676642521088 125 0.99924 0.03400 0.01901 0.04871 -0.03334 0.99886 -0.03409 0.89464 -0.02015 0.03343 0.99924 -0.00191
1548883676675858944 126 0.99936 0.03045 0.01891 0.04835 -0.02979 0.99896 -0.03448 0.90600 -0.01994 0.03389 0.99923 -0.00112
1548883676709196032 127 0.99936 0.03086 0.01802 0.04923 -0.03016 0.99883 -0.03788 0.91949 -0.01917 0.03732 0.99912 -0.00075
1548883676742533888 128 0.99942 0.02861 0.01841 0.04947 -0.02787 0.99885 -0.03913 0.93234 -0.01951 0.03860 0.99906 -0.00120
1548883676775872000 129 0.99944 0.02647 0.02059 0.04814 -0.02568 0.99896 -0.03760 0.94409 -0.02157 0.03705 0.99908 -0.00102
1548883676809209856 130 0.99948 0.02507 0.02010 0.04836 -0.02429 0.99897 -0.03824 0.95621 -0.02104 0.03773 0.99907 -0.00157
1548883676842546944 131 0.99948 0.02647 0.01866 0.05062 -0.02581 0.99906 -0.03480 0.96608 -0.01956 0.03430 0.99922 -0.00147
1548883676875885056 132 0.99947 0.02699 0.01831 0.05061 -0.02639 0.99913 -0.03220 0.97728 -0.01916 0.03170 0.99931 -0.00180
1548883676909222912 133 0.99936 0.02852 0.02139 0.04907 -0.02776 0.99900 -0.03493 0.98870 -0.02237 0.03431 0.99916 -0.00237
1548883676942560000 134 0.99933 0.02815 0.02351 0.04745 -0.02736 0.99908 -0.03309 1.00009 -0.02442 0.03243 0.99918 -0.00237
1548883676975897856 135 0.99920 0.03091 0.02548 0.04589 -0.02997 0.99889 -0.03641 1.01199 -0.02658 0.03561 0.99901 -0.00248
1548883677009235968 136 0.99918 0.02945 0.02781 0.04475 -0.02842 0.99891 -0.03695 1.02233 -0.02886 0.03613 0.99893 -0.00276
1548883677042574080 137 0.99891 0.03810 0.02710 0.04688 -0.03730 0.99888 -0.02928 1.03240 -0.02819 0.02824 0.99920 -0.00327
1548883677075910912 138 0.99897 0.03552 0.02830 0.04429 -0.03477 0.99904 -0.02655 1.04022 -0.02921 0.02554 0.99925 -0.00467
1548883677109249024 139 0.99883 0.03768 0.03017 0.04366 -0.03672 0.99882 -0.03175 1.05275 -0.03134 0.03061 0.99904 -0.00531
1548883677142586880 140 0.99883 0.03640 0.03170 0.04336 -0.03540 0.99888 -0.03143 1.06402 -0.03280 0.03027 0.99900 -0.00683
1548883677175923968 141 0.99854 0.04408 0.03128 0.04325 -0.04327 0.99872 -0.02625 1.07743 -0.03240 0.02486 0.99917 -0.00582
1548883677209262080 142 0.99846 0.04386 0.03388 0.04361 -0.04300 0.99874 -0.02575 1.09361 -0.03496 0.02425 0.99909 -0.00638
1548883677242599936 143 0.99850 0.04404 0.03258 0.04724 -0.04306 0.99862 -0.03004 1.11150 -0.03385 0.02859 0.99902 -0.00646
1548883677275938048 144 0.99836 0.04911 0.02955 0.04860 -0.04808 0.99824 -0.03473 1.12890 -0.03120 0.03325 0.99896 -0.00822
1548883677309274880 145 0.99824 0.05220 0.02803 0.05139 -0.05118 0.99804 -0.03593 1.14177 -0.02985 0.03443 0.99896 -0.00807
1548883677342612992 146 0.99799 0.05922 0.02246 0.05506 -0.05856 0.99787 -0.02883 1.15079 -0.02412 0.02746 0.99933 -0.00774
1548883677375950848 147 0.99757 0.06618 0.02166 0.05497 -0.06572 0.99761 -0.02117 1.15512 -0.02301 0.01970 0.99954 -0.00208
1548883677409288960 148 0.99746 0.06739 0.02311 0.05486 -0.06700 0.99760 -0.01730 1.16057 -0.02422 0.01571 0.99958 -0.00303
1548883677442626048 149 0.99701 0.07406 0.02206 0.05761 -0.07368 0.99713 -0.01765 1.17116 -0.02330 0.01597 0.99960 -0.00413
1548883677475963904 150 0.99696 0.07430 0.02365 0.05848 -0.07393 0.99713 -0.01625 1.18228 -0.02479 0.01446 0.99959 -0.00461
1548883677509302016 151 0.99603 0.08494 0.02670 0.05879 -0.08450 0.99627 -0.01733 1.19618 -0.02807 0.01501 0.99949 -0.00523
1548883677542638848 152 0.99592 0.08656 0.02547 0.05949 -0.08622 0.99618 -0.01391 1.20759 -0.02658 0.01165 0.99958 -0.00518
1548883677575976960 153 0.99567 0.08874 0.02767 0.05642 -0.08846 0.99602 -0.01124 1.21922 -0.02856 0.00874 0.99955 -0.00556
1548883677609315072 154 0.99558 0.08963 0.02793 0.05754 -0.08926 0.99591 -0.01417 1.23167 -0.02908 0.01161 0.99951 -0.00593
1548883677642652928 155 0.99513 0.09525 0.02529 0.06012 -0.09498 0.99541 -0.01162 1.24264 -0.02628 0.00916 0.99961 -0.00607
1548883677675990016 156 0.99471 0.09985 0.02416 0.06268 -0.09973 0.99499 -0.00625 1.25166 -0.02467 0.00381 0.99969 -0.00535
1548883677709327872 157 0.99447 0.10254 0.02248 0.06402 -0.10248 0.99473 -0.00365 1.25922 -0.02274 0.00132 0.99974 -0.00370
1548883677742665984 158 0.99406 0.10692 0.02056 0.06682 -0.10687 0.99427 -0.00343 1.26902 -0.02081 0.00121 0.99978 -0.00391
1548883677776003840 159 0.99350 0.11180 0.02122 0.06783 -0.11177 0.99373 -0.00258 1.27954 -0.02138 0.00019 0.99977 -0.00472
1548883677809340928 160 0.99304 0.11554 0.02282 0.06777 -0.11552 0.99330 -0.00256 1.29032 -0.02296 -0.00009 0.99974 -0.00571
1548883677842679040 161 0.99294 0.11574 0.02605 0.06807 -0.11577 0.99328 -0.00046 1.30204 -0.02593 -0.00256 0.99966 -0.00645
1548883677876016896 162 0.99292 0.11569 0.02710 0.06927 -0.11572 0.99328 -0.00066 1.31466 -0.02700 -0.00248 0.99963 -0.00653
1548883677909353984 163 0.99295 0.11583 0.02535 0.07175 -0.11596 0.99325 0.00404 1.32651 -0.02471 -0.00695 0.99967 -0.00647
1548883677942691840 164 0.99298 0.11565 0.02464 0.07461 -0.11571 0.99328 0.00097 1.33976 -0.02437 -0.00382 0.99970 -0.00709
1548883677976029952 165 0.99279 0.11733 0.02440 0.07498 -0.11731 0.99309 -0.00223 1.35119 -0.02450 -0.00065 0.99970 -0.00664
1548883678009368064 166 0.99280 0.11654 0.02755 0.07512 -0.11671 0.99316 0.00462 1.36135 -0.02682 -0.00780 0.99961 -0.00661
1548883678042704896 167 0.99252 0.11885 0.02790 0.07148 -0.11903 0.99288 0.00492 1.37024 -0.02712 -0.00820 0.99960 -0.00807
1548883678076043008 168 0.99264 0.11795 0.02731 0.07342 -0.11826 0.99293 0.00978 1.37921 -0.02596 -0.01294 0.99958 -0.00695
1548883678109380864 169 0.99269 0.11771 0.02652 0.07627 -0.11816 0.99286 0.01621 1.38906 -0.02442 -0.01922 0.99952 -0.00755
1548883678142718976 170 0.99293 0.11610 0.02468 0.07924 -0.11640 0.99314 0.01084 1.40178 -0.02325 -0.01364 0.99964 -0.00834
1548883678176056064 171 0.99270 0.11773 0.02612 0.07845 -0.11809 0.99293 0.01241 1.41357 -0.02447 -0.01540 0.99958 -0.00820
1548883678209393920 172 0.99266 0.11804 0.02640 0.07894 -0.11839 0.99289 0.01209 1.42565 -0.02479 -0.01513 0.99958 -0.00905
1548883678242732032 173 0.99259 0.11837 0.02731 0.07970 -0.11881 0.99280 0.01526 1.43611 -0.02531 -0.01839 0.99951 -0.00850
1548883678276068864 174 0.99262 0.11825 0.02691 0.08192 -0.11883 0.99269 0.02107 1.44673 -0.02422 -0.02411 0.99942 -0.00809
1548883678309406976 175 0.99251 0.11925 0.02637 0.08343 -0.11971 0.99267 0.01652 1.45875 -0.02421 -0.01955 0.99952 -0.00905
1548883678342745088 176 0.99227 0.12130 0.02623 0.08524 -0.12173 0.99244 0.01581 1.47193 -0.02411 -0.01888 0.99953 -0.00891
1548883678376082944 177 0.99247 0.12001 0.02461 0.08655 -0.12036 0.99265 0.01300 1.48506 -0.02286 -0.01587 0.99961 -0.00964
1548883678409420032 178 0.99211 0.12278 0.02530 0.08695 -0.12316 0.99229 0.01403 1.49868 -0.02339 -0.01703 0.99958 -0.01170
1548883678442757888 179 0.99185 0.12459 0.02669 0.08653 -0.12482 0.99216 0.00698 1.51281 -0.02561 -0.01026 0.99962 -0.01131
1548883678476096000 180 0.99107 0.12959 0.03144 0.08532 -0.12976 0.99154 0.00329 1.52732 -0.03075 -0.00734 0.99950 -0.01216
1548883678509433856 181 0.99128 0.12754 0.03317 0.08543 -0.12783 0.99177 0.00663 1.53944 -0.03205 -0.01082 0.99943 -0.01310
1548883678542770944 182 0.99131 0.12795 0.03062 0.08764 -0.12814 0.99174 0.00459 1.55098 -0.02978 -0.00848 0.99952 -0.01162
1548883678576109056 183 0.99074 0.13255 0.02930 0.08988 -0.13265 0.99116 0.00128 1.56466 -0.02887 -0.00516 0.99957 -0.01182
1548883678609446912 184 0.98997 0.13853 0.02780 0.09116 -0.13852 0.99036 -0.00212 1.57794 -0.02782 -0.00175 0.99961 -0.01222
1548883678642784000 185 0.98925 0.14332 0.02923 0.09077 -0.14335 0.98967 -0.00086 1.58902 -0.02905 -0.00334 0.99957 -0.01265
1548883678676121856 186 0.98903 0.14347 0.03513 0.09072 -0.14369 0.98962 0.00368 1.60011 -0.03424 -0.00869 0.99938 -0.01275
1548883678709459968 187 0.99018 0.13595 0.03268 0.09180 -0.13594 0.99071 -0.00228 1.61416 -0.03269 -0.00219 0.99946 -0.01286
1548883678742798080 188 0.99022 0.13619 0.03039 0.09541 -0.13612 0.99068 -0.00446 1.62699 -0.03072 0.00028 0.99953 -0.01330
1548883678776134912 189 0.99041 0.13563 0.02642 0.10007 -0.13566 0.99075 -0.00035 1.63810 -0.02622 -0.00324 0.99965 -0.01317
1548883678809473024 190 0.99049 0.13570 0.02257 0.10404 -0.13578 0.99074 0.00178 1.64831 -0.02212 -0.00483 0.99974 -0.01263
1548883678842810880 191 0.99109 0.13117 0.02317 0.10639 -0.13139 0.99130 0.00802 1.65906 -0.02192 -0.01099 0.99970 -0.01228
1548883678876147968 192 0.99134 0.12927 0.02299 0.10715 -0.12940 0.99158 0.00407 1.67197 -0.02227 -0.00701 0.99973 -0.01290
1548883678909486080 193 0.99056 0.13483 0.02463 0.10772 -0.13480 0.99087 -0.00271 1.68663 -0.02477 -0.00063 0.99969 -0.01416
1548883678942823936 194 0.99050 0.13460 0.02826 0.10706 -0.13452 0.99090 -0.00455 1.70034 -0.02862 0.00070 0.99959 -0.01521
1548883678976162048 195 0.99029 0.13522 0.03218 0.10443 -0.13492 0.99079 -0.01118 1.71623 -0.03340 0.00673 0.99942 -0.01629
1548883679009498880 196 0.99041 0.13343 0.03595 0.10263 -0.13305 0.99103 -0.01278 1.72908 -0.03733 0.00787 0.99927 -0.01477
1548883679042836992 197 0.99017 0.13438 0.03881 0.10219 -0.13413 0.99092 -0.00902 1.74111 -0.03967 0.00373 0.99921 -0.01567
1548883679076174848 198 0.99030 0.13281 0.04093 0.10310 -0.13261 0.99114 -0.00753 1.75282 -0.04157 0.00203 0.99913 -0.01669
1548883679109512960 199 0.99098 0.12793 0.03990 0.10469 -0.12762 0.99177 -0.01023 1.76432 -0.04088 0.00505 0.99915 -0.01743
1548883679142850048 200 0.99113 0.12684 0.03961 0.10534 -0.12671 0.99192 -0.00583 1.77251 -0.04002 0.00076 0.99920 -0.01637
1548883679176187904 201 0.99153 0.12459 0.03665 0.10864 -0.12461 0.99220 -0.00185 1.78128 -0.03660 -0.00273 0.99933 -0.01624
1548883679209526016 202 0.99147 0.12525 0.03603 0.11092 -0.12545 0.99209 0.00332 1.79051 -0.03533 -0.00781 0.99935 -0.01621
1548883679242862848 203 0.99165 0.12384 0.03593 0.11244 -0.12404 0.99227 0.00336 1.80204 -0.03524 -0.00779 0.99935 -0.01644
1548883679276200960 204 0.99159 0.12402 0.03705 0.11328 -0.12406 0.99227 -0.00117 1.81553 -0.03691 -0.00344 0.99931 -0.01745
1548883679309539072 205 0.99163 0.12373 0.03692 0.11293 -0.12368 0.99232 -0.00344 1.82809 -0.03707 -0.00115 0.99931 -0.01655
1548883679342876928 206 0.99175 0.12311 0.03575 0.11452 -0.12302 0.99239 -0.00448 1.83991 -0.03603 0.00005 0.99935 -0.01693
1548883679376214016 207 0.99163 0.12362 0.03720 0.11545 -0.12376 0.99231 0.00148 1.85014 -0.03673 -0.00607 0.99931 -0.01778
1548883679409551872 208 0.99161 0.12357 0.03793 0.11679 -0.12383 0.99229 0.00466 1.86070 -0.03707 -0.00931 0.99927 -0.01878
1548883679442889984 209 0.99175 0.12265 0.03730 0.11878 -0.12279 0.99243 0.00136 1.87336 -0.03685 -0.00593 0.99930 -0.01936
1548883679476227840 210 0.99201 0.12009 0.03862 0.11828 -0.12023 0.99275 0.00128 1.88533 -0.03819 -0.00592 0.99925 -0.01820
1548883679509564928 211 0.99241 0.11740 0.03659 0.12174 -0.11741 0.99308 -0.00183 1.89897 -0.03655 -0.00248 0.99933 -0.01894
1548883679542903040 212 0.99201 0.12019 0.03835 0.12204 -0.12015 0.99275 -0.00330 1.91259 -0.03847 -0.00133 0.99926 -0.01996
1548883679576240896 213 0.99180 0.12058 0.04223 0.12130 -0.12055 0.99270 -0.00339 1.92559 -0.04234 -0.00172 0.99910 -0.02094
1548883679609577984 214 0.99161 0.12192 0.04294 0.12035 -0.12180 0.99254 -0.00536 1.93855 -0.04327 0.00008 0.99906 -0.02110
1548883679642915840 215 0.99172 0.12041 0.04457 0.12206 -0.12026 0.99272 -0.00605 1.95180 -0.04497 0.00064 0.99899 -0.02181
1548883679676253952 216 0.99194 0.11927 0.04280 0.12545 -0.11917 0.99286 -0.00494 1.96434 -0.04308 -0.00020 0.99907 -0.02152
1548883679709592064 217 0.99222 0.11748 0.04122 0.12698 -0.11737 0.99308 -0.00516 1.97639 -0.04154 0.00029 0.99914 -0.02149
1548883679742928896 218 0.99207 0.11771 0.04407 0.12696 -0.11764 0.99305 -0.00419 1.98853 -0.04425 -0.00102 0.99902 -0.02223
1548883679776267008 219 0.99202 0.11787 0.04470 0.12702 -0.11764 0.99303 -0.00770 1.99989 -0.04530 0.00238 0.99897 -0.02271
1548883679809604864 220 0.99193 0.11816 0.04607 0.12857 -0.11790 0.99299 -0.00840 2.01137 -0.04674 0.00290 0.99890 -0.02352
1548883679842941952 221 0.99228 0.11565 0.04468 0.13143 -0.11550 0.99329 -0.00583 2.02218 -0.04506 0.00063 0.99898 -0.02383
1548883679876280064 222 0.99248 0.11479 0.04261 0.13447 -0.11476 0.99339 -0.00314 2.03214 -0.04269 -0.00177 0.99909 -0.02374
1548883679909617920 223 0.99233 0.11568 0.04356 0.13608 -0.11593 0.99325 0.00312 2.04213 -0.04290 -0.00814 0.99905 -0.02435
1548883679942956032 224 0.99249 0.11494 0.04188 0.13845 -0.11517 0.99334 0.00310 2.05353 -0.04125 -0.00790 0.99912 -0.02466
1548883679976292864 225 0.99265 0.11396 0.04082 0.13884 -0.11403 0.99348 -0.00057 2.06589 -0.04061 -0.00409 0.99917 -0.02330
1548883680009630976 226 0.99279 0.11172 0.04341 0.13871 -0.11174 0.99374 -0.00206 2.07831 -0.04337 -0.00280 0.99906 -0.02278
1548883680042969088 227 0.99277 0.11151 0.04435 0.13876 -0.11160 0.99375 -0.00041 2.09034 -0.04412 -0.00454 0.99902 -0.02327
1548883680076306944 228 0.99256 0.11178 0.04822 0.13739 -0.11195 0.99371 0.00085 2.10190 -0.04782 -0.00624 0.99884 -0.02409
1548883680109644032 229 0.99240 0.11160 0.05185 0.13609 -0.11185 0.99372 0.00185 2.11295 -0.05131 -0.00764 0.99865 -0.02574
1548883680142981888 230 0.99251 0.11064 0.05180 0.13383 -0.11093 0.99382 0.00273 2.12193 -0.05118 -0.00846 0.99865 -0.02635
1548883680176320000 231 0.99261 0.10898 0.05342 0.13454 -0.10950 0.99396 0.00687 2.13012 -0.05235 -0.01267 0.99855 -0.02605
1548883680209656832 232 0.99270 0.10924 0.05117 0.13698 -0.11005 0.99384 0.01331 2.13847 -0.04940 -0.01884 0.99860 -0.02583
1548883680242994944 233 0.99295 0.10817 0.04838 0.14040 -0.10888 0.99398 0.01227 2.14903 -0.04676 -0.01745 0.99875 -0.02598
1548883680276333056 234 0.99327 0.10610 0.04650 0.14372 -0.10668 0.99424 0.01008 2.16128 -0.04517 -0.01497 0.99887 -0.02572
1548883680309670912 235 0.99338 0.10644 0.04317 0.14733 -0.10704 0.99419 0.01172 2.17249 -0.04167 -0.01626 0.99900 -0.02642
1548883680343008000 236 0.99364 0.10422 0.04273 0.15112 -0.10499 0.99434 0.01618 2.18393 -0.04080 -0.02056 0.99896 -0.02679
1548883680376345856 237 0.99345 0.10633 0.04194 0.15183 -0.10716 0.99408 0.01813 2.19601 -0.03976 -0.02251 0.99896 -0.02706
1548883680409683968 238 0.99359 0.10424 0.04372 0.15316 -0.10496 0.99437 0.01459 2.20947 -0.04195 -0.01909 0.99894 -0.02752
1548883680443022080 239 0.99300 0.10988 0.04337 0.15351 -0.11062 0.99375 0.01504 2.22292 -0.04144 -0.01973 0.99895 -0.02851
1548883680476358912 240 0.99345 0.10699 0.04005 0.15738 -0.10753 0.99413 0.01154 2.23437 -0.03858 -0.01577 0.99913 -0.03013
1548883680509697024 241 0.99298 0.11070 0.04172 0.15471 -0.11133 0.99370 0.01309 2.24388 -0.04001 -0.01765 0.99904 -0.03150
1548883680543034880 242 0.99360 0.10453 0.04270 0.15572 -0.10526 0.99433 0.01533 2.25548 -0.04086 -0.01973 0.99897 -0.03145
1548883680576371968 243 0.99333 0.10650 0.04419 0.15630 -0.10721 0.99414 0.01408 2.26886 -0.04243 -0.01873 0.99892 -0.03095
1548883680609710080 244 0.99335 0.10683 0.04287 0.15815 -0.10761 0.99406 0.01627 2.28223 -0.04088 -0.02077 0.99895 -0.03063
1548883680643047936 245 0.99347 0.10673 0.04023 0.16332 -0.10730 0.99415 0.01241 2.29643 -0.03867 -0.01665 0.99911 -0.03054
1548883680676386048 246 0.99315 0.11082 0.03698 0.16485 -0.11114 0.99378 0.00688 2.31235 -0.03599 -0.01095 0.99929 -0.03157
1548883680709722880 247 0.99320 0.10983 0.03858 0.16657 -0.11010 0.99391 0.00515 2.32552 -0.03778 -0.00936 0.99924 -0.03184
1548883680743060992 248 0.99287 0.11261 0.03920 0.16634 -0.11295 0.99358 0.00649 2.33811 -0.03821 -0.01088 0.99921 -0.03258
1548883680776398848 249 0.99293 0.11240 0.03814 0.16920 -0.11275 0.99360 0.00727 2.35021 -0.03708 -0.01152 0.99925 -0.03269
1548883680809736960 250 0.99299 0.11214 0.03727 0.17108 -0.11242 0.99365 0.00551 2.36280 -0.03642 -0.00966 0.99929 -0.03314
1548883680843074048 251 0.99340 0.10923 0.03488 0.17397 -0.10951 0.99397 0.00622 2.37585 -0.03399 -0.01000 0.99937 -0.03336
1548883680876411904 252 0.99330 0.11033 0.03425 0.17629 -0.11046 0.99388 0.00194 2.38866 -0.03382 -0.00571 0.99941 -0.03354
1548883680909750016 253 0.99297 0.11345 0.03376 0.17795 -0.11363 0.99352 0.00341 2.40098 -0.03316 -0.00722 0.99942 -0.03430
1548883680943086848 254 0.99313 0.11203 0.03374 0.17979 -0.11220 0.99368 0.00328 2.41422 -0.03316 -0.00704 0.99943 -0.03438
1548883680976424960 255 0.99313 0.11222 0.03319 0.18241 -0.11230 0.99367 0.00058 2.42824 -0.03292 -0.00430 0.99945 -0.03475
1548883681009763072 256 0.99344 0.11133 0.02629 0.18838 -0.11136 0.99378 -0.00038 2.44200 -0.02617 -0.00255 0.99965 -0.03533
1548883681043100928 257 0.99367 0.10977 0.02380 0.19279 -0.10966 0.99395 -0.00594 2.45716 -0.02431 0.00329 0.99970 -0.03648
1548883681076438016 258 0.99348 0.11212 0.02057 0.19530 -0.11194 0.99367 -0.00986 2.47126 -0.02154 0.00749 0.99974 -0.03705
1548883681109775872 259 0.99359 0.11131 0.01985 0.19841 -0.11119 0.99377 -0.00721 2.48392 -0.02053 0.00495 0.99978 -0.03760
1548883681143113984 260 0.99350 0.11200 0.02029 0.20005 -0.11179 0.99367 -0.01104 2.49744 -0.02140 0.00870 0.99973 -0.03843
1548883681176451072 261 0.99385 0.10943 0.01697 0.20400 -0.10927 0.99396 -0.00984 2.50992 -0.01795 0.00792 0.99981 -0.03936
1548883681209788928 262 0.99379 0.11028 0.01481 0.20728 -0.11013 0.99387 -0.01001 2.52190 -0.01582 0.00832 0.99984 -0.03982
1548883681243127040 263 0.99351 0.11306 0.01259 0.21147 -0.11290 0.99352 -0.01306 2.53537 -0.01399 0.01155 0.99984 -0.04023
1548883681276464896 264 0.99345 0.11374 0.01113 0.21476 -0.11354 0.99338 -0.01740 2.55080 -0.01304 0.01603 0.99979 -0.04096
1548883681309801984 265 0.99359 0.11280 0.00725 0.21910 -0.11264 0.99343 -0.02027 2.56616 -0.00949 0.01932 0.99977 -0.04146
1548883681343139840 266 0.99372 0.11193 -0.00037 0.22484 -0.11190 0.99342 -0.02440 2.58158 -0.00236 0.02429 0.99970 -0.04236
1548883681376477952 267 0.99364 0.11248 -0.00475 0.23188 -0.11256 0.99331 -0.02586 2.59486 0.00181 0.02623 0.99965 -0.04288
1548883681409816064 268 0.99362 0.11239 -0.00926 0.23388 -0.11262 0.99319 -0.02981 2.61233 0.00585 0.03066 0.99951 -0.04436
1548883681443152896 269 0.99358 0.11251 -0.01186 0.24012 -0.11288 0.99291 -0.03713 2.62716 0.00760 0.03823 0.99924 -0.04395
1548883681476491008 270 0.99361 0.11242 -0.01022 0.23997 -0.11273 0.99290 -0.03808 2.64161 0.00586 0.03899 0.99922 -0.04482
1548883681509828864 271 0.99364 0.11216 -0.00960 0.24084 -0.11242 0.99310 -0.03326 2.65352 0.00580 0.03413 0.99940 -0.04561
1548883681543165952 272 0.99352 0.11338 -0.00764 0.24055 -0.11357 0.99301 -0.03203 2.66562 0.00395 0.03269 0.99946 -0.04671
1548883681576504064 273 0.99369 0.11192 -0.00762 0.24210 -0.11212 0.99306 -0.03553 2.67761 0.00359 0.03617 0.99934 -0.04715
1548883681609841920 274 0.99352 0.11329 -0.00862 0.24344 -0.11353 0.99283 -0.03741 2.68927 0.00432 0.03815 0.99926 -0.04734
1548883681643180032 275 0.99352 0.11328 -0.00925 0.24587 -0.11354 0.99292 -0.03487 2.70046 0.00524 0.03569 0.99935 -0.04766
1548883681676516864 276 0.99362 0.11248 -0.00838 0.24697 -0.11271 0.99302 -0.03485 2.71323 0.00440 0.03557 0.99936 -0.04807
1548883681709854976 277 0.99363 0.11227 -0.00963 0.24911 -0.11256 0.99289 -0.03863 2.72750 0.00523 0.03947 0.99921 -0.04772
1548883681743193088 278 0.99371 0.11116 -0.01368 0.25263 -0.11161 0.99300 -0.03867 2.74185 0.00929 0.03995 0.99916 -0.04764
1548883681776530944 279 0.99375 0.11036 -0.01700 0.25797 -0.11097 0.99299 -0.04074 2.75662 0.01238 0.04237 0.99903 -0.04771
1548883681809868032 280 0.99321 0.11377 -0.02429 0.26365 -0.11491 0.99202 -0.05198 2.77374 0.01819 0.05442 0.99835 -0.04844
1548883681843205888 281 0.99316 0.11391 -0.02576 0.26849 -0.11513 0.99197 -0.05243 2.78631 0.01958 0.05503 0.99829 -0.04831
1548883681876544000 282 0.99353 0.11162 -0.02103 0.26730 -0.11255 0.99237 -0.05032 2.79908 0.01525 0.05237 0.99851 -0.04827
1548883681909880832 283 0.99349 0.11249 -0.01822 0.26652 -0.11327 0.99233 -0.04956 2.81169 0.01251 0.05130 0.99860 -0.04772
1548883681943218944 284 0.99383 0.10987 -0.01500 0.26578 -0.11048 0.99268 -0.04884 2.82457 0.00952 0.05020 0.99869 -0.04670
1548883681976557056 285 0.99376 0.11087 -0.01214 0.26516 -0.11132 0.99272 -0.04595 2.83705 0.00695 0.04702 0.99887 -0.04658
1548883682009894912 286 0.99395 0.10910 -0.01281 0.26799 -0.10960 0.99280 -0.04831 2.85005 0.00745 0.04942 0.99875 -0.04692
1548883682043232000 287 0.99367 0.11147 -0.01419 0.26994 -0.11203 0.99254 -0.04818 2.86140 0.00872 0.04946 0.99874 -0.04619
1548883682076569856 288 0.99389 0.10966 -0.01238 0.27023 -0.11012 0.99283 -0.04659 2.87317 0.00718 0.04766 0.99884 -0.04539
1548883682109907968 289 0.99387 0.11006 -0.00994 0.27053 -0.11040 0.99289 -0.04460 2.88483 0.00496 0.04542 0.99896 -0.04397
1548883682143246080 290 0.99393 0.10988 -0.00562 0.26968 -0.11002 0.99290 -0.04519 2.89692 0.00061 0.04554 0.99896 -0.04371
1548883682176582912 291 0.99376 0.11145 -0.00444 0.26885 -0.11153 0.99276 -0.04465 2.90817 -0.00057 0.04487 0.99899 -0.04385
1548883682209921024 292 0.99380 0.11109 -0.00433 0.27014 -0.11117 0.99293 -0.04150 2.91879 -0.00031 0.04173 0.99913 -0.04360
1548883682243258880 293 0.99378 0.11130 -0.00425 0.27187 -0.11138 0.99282 -0.04353 2.93041 -0.00062 0.04373 0.99904 -0.04323
1548883682276595968 294 0.99410 0.10827 -0.00592 0.27415 -0.10843 0.99313 -0.04404 2.94280 0.00111 0.04442 0.99901 -0.04229
1548883682309934080 295 0.99414 0.10798 -0.00493 0.27499 -0.10809 0.99317 -0.04395 2.95524 0.00015 0.04422 0.99902 -0.04101
1548883682343271936 296 0.99403 0.10907 -0.00069 0.27421 -0.10900 0.99313 -0.04262 2.96752 -0.00397 0.04244 0.99909 -0.04075
1548883682376610048 297 0.99373 0.11183 0.00004 0.27406 -0.11173 0.99290 -0.04073 2.97876 -0.00459 0.04047 0.99917 -0.04150
1548883682409946880 298 0.99385 0.11075 -0.00045 0.27625 -0.11067 0.99297 -0.04205 2.99131 -0.00421 0.04184 0.99912 -0.04160
1548883682443284992 299 0.99392 0.11006 -0.00205 0.27944 -0.11004 0.99298 -0.04330 3.00353 -0.00273 0.04326 0.99906 -0.04142
1548883682476622848 300 0.99434 0.10623 -0.00220 0.28076 -0.10622 0.99336 -0.04430 3.01548 -0.00252 0.04428 0.99902 -0.04114
1548883682509960960 301 0.99431 0.10639 0.00443 0.27835 -0.10615 0.99365 -0.03733 3.02563 -0.00837 0.03665 0.99929 -0.04179
1548883682543298048 302 0.99455 0.10414 0.00512 0.27876 -0.10391 0.99400 -0.03407 3.03626 -0.00864 0.03335 0.99941 -0.04198
1548883682576635904 303 0.99445 0.10515 0.00231 0.28124 -0.10497 0.99368 -0.03979 3.04909 -0.00648 0.03933 0.99921 -0.04250
1548883682609974016 304 0.99472 0.10261 0.00074 0.28378 -0.10251 0.99401 -0.03780 3.06040 -0.00461 0.03753 0.99928 -0.04299
1548883682643310848 305 0.99471 0.10265 0.00276 0.28390 -0.10250 0.99416 -0.03381 3.06981 -0.00621 0.03335 0.99942 -0.04367
1548883682676648960 306 0.99507 0.09897 0.00581 0.28393 -0.09876 0.99467 -0.02964 3.07982 -0.00871 0.02892 0.99954 -0.04456
1548883682709987072 307 0.99500 0.09980 0.00477 0.28536 -0.09961 0.99457 -0.03004 3.09095 -0.00774 0.02941 0.99954 -0.04554
1548883682743324928 308 0.99482 0.10158 0.00379 0.28776 -0.10143 0.99443 -0.02860 3.10190 -0.00668 0.02807 0.99958 -0.04671
1548883682776662016 309 0.99483 0.10151 0.00187 0.29073 -0.10142 0.99444 -0.02817 3.11378 -0.00472 0.02783 0.99960 -0.04719
1548883682809999872 310 0.99499 0.09996 -0.00034 0.29424 -0.09993 0.99461 -0.02762 3.12566 -0.00242 0.02752 0.99962 -0.04752
1548883682843337984 311 0.99498 0.10001 -0.00204 0.29701 -0.10003 0.99468 -0.02463 3.13613 -0.00043 0.02471 0.99969 -0.04863
1548883682876675072 312 0.99508 0.09902 -0.00152 0.29832 -0.09903 0.99492 -0.01825 3.14560 -0.00029 0.01831 0.99983 -0.04946
1548883682910012928 313 0.99499 0.09990 -0.00300 0.30075 -0.09993 0.99485 -0.01710 3.15588 0.00128 0.01731 0.99985 -0.04990
1548883682943351040 314 0.99484 0.10133 -0.00402 0.30251 -0.10139 0.99471 -0.01661 3.16669 0.00232 0.01693 0.99985 -0.05047
1548883682976688896 315 0.99484 0.10132 -0.00529 0.30503 -0.10139 0.99472 -0.01597 3.17852 0.00365 0.01642 0.99986 -0.05091
1548883683010025984 316 0.99493 0.10028 -0.00712 0.30829 -0.10038 0.99480 -0.01694 3.19041 0.00538 0.01757 0.99983 -0.05105
1548883683043363840 317 0.99477 0.10180 -0.00780 0.31097 -0.10189 0.99472 -0.01231 3.20074 0.00651 0.01304 0.99989 -0.05265
1548883683076701952 318 0.99508 0.09883 -0.00763 0.31305 -0.09889 0.99507 -0.00808 3.21113 0.00679 0.00879 0.99994 -0.05302
1548883683110040064 319 0.99478 0.10152 -0.01009 0.31520 -0.10160 0.99479 -0.00779 3.22169 0.00925 0.00878 0.99992 -0.05339
1548883683143376896 320 0.99486 0.10076 -0.00975 0.31790 -0.10081 0.99490 -0.00430 3.23071 0.00927 0.00526 0.99994 -0.05240
1548883683176715008 321 0.99462 0.10280 -0.01311 0.32062 -0.10281 0.99470 -0.00068 3.24094 0.01297 0.00202 0.99991 -0.05226
1548883683210052864 322 0.99475 0.10134 -0.01405 0.32278 -0.10136 0.99485 -0.00053 3.25085 0.01392 0.00195 0.99990 -0.05262
1548883683243389952 323 0.99473 0.10191 -0.01134 0.32353 -0.10185 0.99478 0.00610 3.26112 0.01190 -0.00491 0.99992 -0.05353
1548883683276728064 324 0.99481 0.10095 -0.01254 0.32520 -0.10087 0.99488 0.00650 3.27234 0.01313 -0.00520 0.99990 -0.05331
1548883683310065920 325 0.99474 0.10168 -0.01248 0.32701 -0.10160 0.99480 0.00724 3.28417 0.01315 -0.00593 0.99990 -0.05351
1548883683343404032 326 0.99449 0.10412 -0.01198 0.32816 -0.10401 0.99453 0.00940 3.29615 0.01289 -0.00810 0.99988 -0.05357
1548883683376740864 327 0.99424 0.10651 -0.01155 0.32923 -0.10640 0.99427 0.01026 3.30795 0.01258 -0.00897 0.99988 -0.05310
1548883683410078976 328 0.99430 0.10579 -0.01314 0.33202 -0.10560 0.99431 0.01418 3.31908 0.01457 -0.01272 0.99981 -0.05287
1548883683443417088 329 0.99443 0.10435 -0.01453 0.33441 -0.10410 0.99442 0.01706 3.32970 0.01623 -0.01545 0.99975 -0.05335
1548883683476754944 330 0.99425 0.10648 -0.01173 0.33400 -0.10627 0.99418 0.01759 3.34084 0.01354 -0.01624 0.99978 -0.05384
1548883683510092032 331 0.99396 0.10929 -0.01020 0.33379 -0.10912 0.99390 0.01626 3.35150 0.01191 -0.01505 0.99982 -0.05392
