1548880209252418816 10 1.00000 -0.00100 -0.00090 0.00296 0.00099 0.99997 -0.00798 0.07798 0.00091 0.00798 0.99997 -0.00177
1548880209285756672 11 1.00000 -0.00184 -0.00196 0.00414 0.00182 0.99996 -0.00874 0.08597 0.00198 0.00873 0.99996 -0.00174
1548880209319094784 12 0.99999 -0.00250 -0.00287 0.00516 0.00247 0.99994 -0.01063 0.09425 0.00289 0.01062 0.99994 -0.00162
1548880209352431616 13 0.99998 -0.00354 -0.00477 0.00690 0.00348 0.99992 -0.01240 0.10230 0.00481 0.01239 0.99991 -0.00200
1548880209385769728 14 0.99997 -0.00360 -0.00644 0.00841 0.00352 0.99991 -0.01268 0.10982 0.00648 0.01265 0.99990 -0.00233
1548880209419107584 15 0.99996 -0.00251 -0.00805 0.01038 0.00240 0.99991 -0.01326 0.11710 0.00808 0.01324 0.99988 -0.00267
1548880209452444672 16 0.99995 -0.00263 -0.00984 0.01182 0.00250 0.99990 -0.01378 0.12534 0.00987 0.01375 0.99986 -0.00266
1548880209485782784 17 0.99993 -0.00164 -0.01129 0.01299 0.00145 0.99987 -0.01603 0.13445 0.01132 0.01601 0.99981 -0.00295
1548880209519120640 18 0.99991 -0.00133 -0.01364 0.01475 0.00107 0.99982 -0.01913 0.14382 0.01367 0.01911 0.99972 -0.00298
1548880209552458752 19 0.99988 -0.00266 -0.01520 0.01526 0.00232 0.99975 -0.02211 0.15384 0.01526 0.02208 0.99964 -0.00200
1548880209585795584 20 0.99987 -0.00282 -0.01580 0.01579 0.00245 0.99971 -0.02393 0.16226 0.01586 0.02389 0.99959 -0.00217
1548880209619133696 21 0.99987 -0.00341 -0.01554 0.01552 0.00306 0.99974 -0.02248 0.16901 0.01562 0.02243 0.99963 -0.00197
1548880209652471808 22 0.99990 -0.00323 -0.01352 0.01461 0.00294 0.99977 -0.02137 0.17525 0.01358 0.02133 0.99968 -0.00203
1548880209685809664 23 0.99991 -0.00385 -0.01253 0.01335 0.00358 0.99976 -0.02139 0.18241 0.01261 0.02135 0.99969 -0.00184
1548880209719146752 24 0.99993 -0.00344 -0.01156 0.01287 0.00318 0.99973 -0.02286 0.19019 0.01164 0.02283 0.99967 -0.00119
1548880209752484608 25 0.99992 -0.00427 -0.01179 0.01306 0.00396 0.99965 -0.02606 0.19976 0.01190 0.02601 0.99959 -0.00066
1548880209785822720 26 0.99990 -0.00403 -0.01334 0.01429 0.00364 0.99957 -0.02903 0.20895 0.01345 0.02898 0.99949 -0.00103
1548880209819159808 27 0.99986 -0.00464 -0.01605 0.01655 0.00415 0.99953 -0.03023 0.21729 0.01618 0.03015 0.99941 -0.00166
1548880209852497664 28 0.99985 -0.00405 -0.01710 0.01790 0.00351 0.99949 -0.03169 0.22390 0.01722 0.03162 0.99935 -0.00188
1548880209885835776 29 0.99987 -0.00427 -0.01541 0.01669 0.00381 0.99954 -0.02993 0.23029 0.01553 0.02987 0.99943 -0.00190
1548880209919173632 30 0.99991 -0.00380 -0.01288 0.01487 0.00345 0.99961 -0.02765 0.23603 0.01298 0.02760 0.99953 -0.00172
1548880209952510720 31 0.99992 -0.00411 -0.01155 0.01388 0.00380 0.99966 -0.02595 0.24181 0.01165 0.02590 0.99960 -0.00174
1548880209985848832 32 0.99993 -0.00414 -0.01073 0.01359 0.00386 0.99966 -0.02593 0.24827 0.01083 0.02589 0.99961 -0.00191
1548880210019186688 33 0.99993 -0.00464 -0.01057 0.01321 0.00436 0.99965 -0.02622 0.25592 0.01069 0.02617 0.99960 -0.00188
1548880210052523776 34 0.99994 -0.00485 -0.01026 0.01323 0.00457 0.99960 -0.02782 0.26402 0.01039 0.02777 0.99956 -0.00189
1548880210085861632 35 0.99992 -0.00512 -0.01171 0.01463 0.00479 0.99959 -0.02810 0.27129 0.01185 0.02804 0.99954 -0.00205
1548880210119199744 36 0.99990 -0.00486 -0.01311 0.01576 0.00449 0.99959 -0.02819 0.27794 0.01324 0.02813 0.99952 -0.00225
1548880210152537600 37 0.99991 -0.00477 -0.01283 0.01579 0.00444 0.99966 -0.02561 0.28329 0.01294 0.02555 0.99959 -0.00239
1548880210185874688 38 0.99993 -0.00401 -0.01075 0.01388 0.00376 0.99973 -0.02290 0.28830 0.01084 0.02286 0.99968 -0.00233
1548880210219212800 39 0.99996 -0.00461 -0.00780 0.01169 0.00445 0.99979 -0.02003 0.29352 0.00789 0.02000 0.99977 -0.00243
1548880210252550656 40 0.99997 -0.00389 -0.00625 0.01015 0.00377 0.99982 -0.01843 0.29927 0.00632 0.01840 0.99981 -0.00236
1548880210285888768 41 0.99998 -0.00390 -0.00540 0.01044 0.00380 0.99983 -0.01796 0.30538 0.00547 0.01794 0.99982 -0.00207
1548880210319225600 42 0.99997 -0.00359 -0.00610 0.01087 0.00347 0.99981 -0.01927 0.31319 0.00617 0.01925 0.99980 -0.00214
1548880210352563712 43 0.99997 -0.00415 -0.00721 0.01225 0.00399 0.99976 -0.02144 0.32181 0.00729 0.02141 0.99974 -0.00189
1548880210385901824 44 0.99995 -0.00392 -0.00908 0.01386 0.00371 0.99971 -0.02372 0.33056 0.00917 0.02368 0.99968 -0.00185
1548880210419238656 45 0.99992 -0.00427 -0.01149 0.01576 0.00398 0.99967 -0.02536 0.33917 0.01160 0.02531 0.99961 -0.00160
1548880210452576768 46 0.99990 -0.00313 -0.01353 0.01729 0.00277 0.99964 -0.02665 0.34708 0.01361 0.02661 0.99955 -0.00157
1548880210485914624 47 0.99990 -0.00375 -0.01330 0.01759 0.00338 0.99961 -0.02774 0.35459 0.01340 0.02769 0.99953 -0.00196
1548880210519252736 48 0.99992 -0.00359 -0.01179 0.01658 0.00327 0.99964 -0.02665 0.36133 0.01188 0.02661 0.99958 -0.00196
1548880210552589824 49 0.99994 -0.00289 -0.01086 0.01594 0.00261 0.99965 -0.02616 0.36810 0.01093 0.02613 0.99960 -0.00209
1548880210585927680 50 0.99993 -0.00352 -0.01088 0.01628 0.00323 0.99965 -0.02621 0.37509 0.01097 0.02618 0.99960 -0.00205
1548880210619265792 51 0.99994 -0.00341 -0.01084 0.01646 0.00313 0.99965 -0.02637 0.38277 0.01093 0.02633 0.99959 -0.00194
1548880210652603648 52 0.99994 -0.00380 -0.01025 0.01702 0.00351 0.99960 -0.02791 0.39072 0.01035 0.02787 0.99956 -0.00159
1548880210685940736 53 0.99994 -0.00359 -0.01010 0.01654 0.00330 0.99956 -0.02952 0.39938 0.01020 0.02948 0.99951 -0.00154
1548880210719278592 54 0.99995 -0.00446 -0.00941 0.01671 0.00417 0.99952 -0.03057 0.40743 0.00954 0.03053 0.99949 -0.00120
1548880210752616704 55 0.99994 -0.00383 -0.01072 0.01779 0.00350 0.99953 -0.03045 0.41458 0.01083 0.03041 0.99948 -0.00115
1548880210785953792 56 0.99992 -0.00411 -0.01212 0.01877 0.00373 0.99952 -0.03073 0.42189 0.01225 0.03069 0.99945 -0.00105
1548880210819291648 57 0.99991 -0.00327 -0.01275 0.01939 0.00288 0.99952 -0.03086 0.42906 0.01284 0.03082 0.99944 -0.00100
1548880210852629760 58 0.99991 -0.00307 -0.01278 0.01953 0.00268 0.99952 -0.03075 0.43595 0.01286 0.03071 0.99945 -0.00054
1548880210885967616 59 0.99992 -0.00302 -0.01208 0.01908 0.00265 0.99953 -0.03050 0.44298 0.01216 0.03046 0.99946 -0.00022
1548880210919304704 60 0.99993 -0.00359 -0.01155 0.01882 0.00325 0.99956 -0.02958 0.44995 0.01165 0.02954 0.99950 -0.00005
1548880210952642816 61 0.99992 -0.00449 -0.01192 0.01959 0.00413 0.99952 -0.03057 0.45740 0.01205 0.03051 0.99946 0.00021
1548880210985980672 62 0.99990 -0.00510 -0.01350 0.02085 0.00467 0.99947 -0.03212 0.46584 0.01365 0.03206 0.99939 0.00029
1548880211019318784 63 0.99988 -0.00551 -0.01448 0.02208 0.00501 0.99939 -0.03442 0.47480 0.01466 0.03435 0.99930 0.00090
1548880211052655616 64 0.99987 -0.00565 -0.01506 0.02297 0.00508 0.99929 -0.03737 0.48399 0.01526 0.03729 0.99919 0.00127
1548880211085993728 65 0.99986 -0.00644 -0.01560 0.02381 0.00581 0.99920 -0.03965 0.49335 0.01585 0.03955 0.99909 0.00170
1548880211119331584 66 0.99984 -0.00524 -0.01697 0.02452 0.00457 0.99921 -0.03949 0.50147 0.01717 0.03941 0.99908 0.00208
1548880211152668672 67 0.99985 -0.00407 -0.01682 0.02461 0.00338 0.99918 -0.04041 0.50903 0.01697 0.04035 0.99904 0.00240
1548880211186006784 68 0.99986 -0.00318 -0.01620 0.02409 0.00252 0.99916 -0.04087 0.51607 0.01632 0.04082 0.99903 0.00257
1548880211219344640 69 0.99986 -0.00500 -0.01584 0.02330 0.00436 0.99918 -0.04023 0.52272 0.01603 0.04015 0.99906 0.00279
1548880211252682752 70 0.99988 -0.00394 -0.01524 0.02288 0.00332 0.99917 -0.04058 0.53028 0.01539 0.04052 0.99906 0.00310
1548880211286019584 71 0.99986 -0.00524 -0.01582 0.02346 0.00456 0.99907 -0.04296 0.53930 0.01603 0.04288 0.99895 0.00320
1548880211319357696 72 0.99986 -0.00529 -0.01568 0.02428 0.00457 0.99895 -0.04551 0.54857 0.01591 0.04543 0.99884 0.00388
1548880211352695808 73 0.99985 -0.00617 -0.01639 0.02448 0.00537 0.99881 -0.04838 0.55862 0.01667 0.04829 0.99869 0.00405
1548880211386033664 74 0.99982 -0.00818 -0.01699 0.02530 0.00729 0.99863 -0.05174 0.56781 0.01739 0.05161 0.99852 0.00498
1548880211419370752 75 0.99981 -0.00967 -0.01706 0.02609 0.00874 0.99851 -0.05385 0.57596 0.01755 0.05369 0.99840 0.00521
1548880211452708608 76 0.99981 -0.00970 -0.01679 0.02600 0.00880 0.99858 -0.05250 0.58273 0.01727 0.05234 0.99848 0.00552
1548880211486046720 77 0.99982 -0.00983 -0.01612 0.02588 0.00896 0.99856 -0.05281 0.58961 0.01662 0.05265 0.99847 0.00601
1548880211519383808 78 0.99982 -0.00938 -0.01639 0.02614 0.00851 0.99858 -0.05256 0.59672 0.01686 0.05242 0.99848 0.00621
1548880211552721664 79 0.99983 -0.00885 -0.01589 0.02654 0.00798 0.99851 -0.05393 0.60486 0.01635 0.05380 0.99842 0.00631
1548880211586059776 80 0.99983 -0.00915 -0.01608 0.02693 0.00824 0.99841 -0.05575 0.61317 0.01656 0.05561 0.99832 0.00633
1548880211619397632 81 0.99981 -0.00922 -0.01744 0.02824 0.00827 0.99852 -0.05378 0.62020 0.01791 0.05362 0.99840 0.00652
1548880211652734720 82 0.99976 -0.00828 -0.02008 0.03034 0.00720 0.99856 -0.05325 0.62678 0.02049 0.05310 0.99838 0.00656
1548880211686072832 83 0.99974 -0.00702 -0.02170 0.03182 0.00586 0.99857 -0.05320 0.63347 0.02204 0.05305 0.99835 0.00674
1548880211719410688 84 0.99973 -0.00652 -0.02236 0.03264 0.00532 0.99858 -0.05292 0.64092 0.02268 0.05279 0.99835 0.00693
1548880211752747776 85 0.99968 -0.00677 -0.02451 0.03450 0.00543 0.99851 -0.05425 0.64948 0.02484 0.05410 0.99823 0.00718
1548880211786085632 86 0.99964 -0.00512 -0.02629 0.03603 0.00356 0.99827 -0.05874 0.65991 0.02654 0.05863 0.99793 0.00803
1548880211819423744 87 0.99958 -0.00410 -0.02856 0.03753 0.00229 0.99800 -0.06313 0.67074 0.02876 0.06304 0.99760 0.00864
1548880211852761600 88 0.99959 -0.00478 -0.02831 0.03831 0.00294 0.99790 -0.06466 0.68035 0.02856 0.06455 0.99751 0.00905
1548880211886098688 89 0.99963 -0.00388 -0.02681 0.03800 0.00217 0.99799 -0.06328 0.68852 0.02701 0.06320 0.99764 0.00999
1548880211919436800 90 0.99964 -0.00374 -0.02645 0.03785 0.00200 0.99786 -0.06538 0.69778 0.02664 0.06531 0.99751 0.01128
1548880211952774656 91 0.99960 -0.00624 -0.02755 0.03832 0.00425 0.99743 -0.07150 0.70853 0.02793 0.07136 0.99706 0.01112
1548880211986112768 92 0.99958 -0.00679 -0.02801 0.03868 0.00480 0.99749 -0.07064 0.71754 0.02842 0.07048 0.99711 0.01249
1548880212019449600 93 0.99955 -0.00868 -0.02872 0.03851 0.00654 0.99727 -0.07358 0.72675 0.02928 0.07336 0.99688 0.01310
1548880212052787712 94 0.99961 -0.00963 -0.02608 0.03679 0.00764 0.99714 -0.07515 0.73542 0.02673 0.07492 0.99683 0.01357
1548880212086125824 95 0.99966 -0.00887 -0.02432 0.03536 0.00701 0.99711 -0.07560 0.74271 0.02492 0.07540 0.99684 0.01374
1548880212119462656 96 0.99965 -0.00734 -0.02530 0.03573 0.00543 0.99720 -0.07461 0.74844 0.02577 0.07445 0.99689 0.01384
1548880212152800768 97 0.99967 -0.00659 -0.02500 0.03563 0.00468 0.99713 -0.07560 0.75398 0.02542 0.07546 0.99682 0.01394
1548880212186138624 98 0.99968 -0.00887 -0.02355 0.03512 0.00712 0.99729 -0.07326 0.75924 0.02413 0.07307 0.99704 0.01397
1548880212219476736 99 0.99969 -0.00929 -0.02314 0.03482 0.00757 0.99729 -0.07322 0.76593 0.02375 0.07303 0.99705 0.01390
1548880212252813824 100 0.99964 -0.01176 -0.02430 0.03621 0.00988 0.99704 -0.07619 0.77559 0.02512 0.07592 0.99680 0.01411
1548880212286151680 101 0.99957 -0.01049 -0.02738 0.03778 0.00827 0.99676 -0.07998 0.78590 0.02813 0.07972 0.99642 0.01409
1548880212319489792 102 0.99956 -0.01027 -0.02791 0.03865 0.00791 0.99649 -0.08335 0.79578 0.02866 0.08309 0.99613 0.01425
1548880212352827648 103 0.99960 -0.01036 -0.02621 0.03752 0.00811 0.99639 -0.08447 0.80408 0.02699 0.08422 0.99608 0.01387
1548880212386164736 104 0.99962 -0.01166 -0.02492 0.03726 0.00954 0.99645 -0.08367 0.81062 0.02581 0.08340 0.99618 0.01391
1548880212419502592 105 0.99964 -0.00952 -0.02528 0.03727 0.00737 0.99645 -0.08382 0.81744 0.02599 0.08360 0.99616 0.01387
1548880212452840704 106 0.99964 -0.01046 -0.02465 0.03723 0.00837 0.99649 -0.08324 0.82466 0.02543 0.08301 0.99622 0.01393
1548880212486177792 107 0.99968 -0.00965 -0.02343 0.03569 0.00764 0.99643 -0.08411 0.83268 0.02416 0.08391 0.99618 0.01434
1548880212519515648 108 0.99969 -0.00999 -0.02268 0.03540 0.00804 0.99639 -0.08449 0.84039 0.02344 0.08428 0.99617 0.01471
1548880212552853760 109 0.99971 -0.00880 -0.02223 0.03472 0.00690 0.99645 -0.08390 0.84743 0.02289 0.08372 0.99623 0.01524
1548880212586191616 110 0.99974 -0.01012 -0.02061 0.03333 0.00838 0.99653 -0.08284 0.85426 0.02137 0.08264 0.99635 0.01557
1548880212619528704 111 0.99974 -0.01056 -0.02012 0.03302 0.00880 0.99632 -0.08525 0.86208 0.02095 0.08505 0.99616 0.01509
1548880212652866816 112 0.99973 -0.00969 -0.02110 0.03341 0.00787 0.99637 -0.08476 0.87005 0.02185 0.08457 0.99618 0.01526
1548880212686204672 113 0.99969 -0.00945 -0.02303 0.03479 0.00740 0.99614 -0.08750 0.87875 0.02377 0.08731 0.99590 0.01480
1548880212719542784 114 0.99966 -0.01034 -0.02396 0.03573 0.00817 0.99600 -0.08899 0.88685 0.02479 0.08876 0.99574 0.01483
1548880212752879616 115 0.99967 -0.01071 -0.02333 0.03639 0.00865 0.99617 -0.08707 0.89275 0.02417 0.08683 0.99593 0.01456
1548880212786217728 116 0.99969 -0.01107 -0.02227 0.03555 0.00912 0.99627 -0.08580 0.89860 0.02313 0.08557 0.99606 0.01496
1548880212819555584 117 0.99971 -0.01118 -0.02121 0.03474 0.00936 0.99644 -0.08374 0.90456 0.02207 0.08352 0.99626 0.01524
1548880212852892672 118 0.99970 -0.01251 -0.02089 0.03475 0.01073 0.99647 -0.08327 0.91146 0.02185 0.08302 0.99631 0.01570
1548880212886230784 119 0.99969 -0.01217 -0.02160 0.03536 0.01031 0.99640 -0.08414 0.91938 0.02254 0.08389 0.99622 0.01606
1548880212919568640 120 0.99968 -0.01339 -0.02156 0.03569 0.01148 0.99620 -0.08637 0.92830 0.02263 0.08610 0.99603 0.01640
1548880212952906752 121 0.99967 -0.01245 -0.02234 0.03688 0.01045 0.99609 -0.08774 0.93626 0.02334 0.08748 0.99589 0.01712
1548880212986243584 122 0.99963 -0.01177 -0.02470 0.03854 0.00956 0.99610 -0.08769 0.94457 0.02564 0.08742 0.99584 0.01705
1548880213019581696 123 0.99958 -0.01040 -0.02697 0.04011 0.00790 0.99578 -0.09144 0.95335 0.02781 0.09119 0.99545 0.01704
1548880213052919808 124 0.99956 -0.01218 -0.02697 0.04077 0.00968 0.99578 -0.09126 0.96101 0.02797 0.09096 0.99546 0.01724
1548880213086256640 125 0.99962 -0.01139 -0.02518 0.03926 0.00909 0.99592 -0.08978 0.96701 0.02610 0.08951 0.99564 0.01774
1548880213119594752 126 0.99969 -0.00962 -0.02305 0.03772 0.00757 0.99614 -0.08740 0.97271 0.02381 0.08720 0.99591 0.01808
1548880213152932608 127 0.99970 -0.01087 -0.02197 0.03679 0.00896 0.99631 -0.08531 0.97775 0.02281 0.08508 0.99611 0.01811
1548880213186270720 128 0.99964 -0.01558 -0.02185 0.03696 0.01372 0.99647 -0.08283 0.98213 0.02306 0.08250 0.99632 0.01811
1548880213219607808 129 0.99964 -0.01589 -0.02151 0.03676 0.01413 0.99672 -0.07967 0.98553 0.02271 0.07933 0.99659 0.01834
1548880213252945664 130 0.99962 -0.01684 -0.02199 0.03667 0.01513 0.99699 -0.07599 0.99097 0.02320 0.07563 0.99687 0.01787
1548880213286283776 131 0.99956 -0.01737 -0.02417 0.03703 0.01549 0.99699 -0.07593 0.99812 0.02542 0.07552 0.99682 0.01768
1548880213319621632 132 0.99946 -0.01946 -0.02656 0.03917 0.01734 0.99681 -0.07787 1.00732 0.02799 0.07736 0.99661 0.01861
1548880213352958720 133 0.99943 -0.01847 -0.02828 0.03956 0.01613 0.99658 -0.08100 1.01749 0.02968 0.08049 0.99631 0.01925
1548880213386296832 134 0.99926 -0.02217 -0.03134 0.04172 0.01949 0.99633 -0.08334 1.02798 0.03307 0.08267 0.99603 0.01978
1548880213419634688 135 0.99917 -0.02330 -0.03332 0.04276 0.02031 0.99597 -0.08741 1.03842 0.03522 0.08666 0.99562 0.02080
1548880213452971776 136 0.99915 -0.02536 -0.03263 0.04336 0.02244 0.99594 -0.08718 1.04666 0.03471 0.08637 0.99566 0.02080
1548880213486309632 137 0.99911 -0.02632 -0.03284 0.04329 0.02347 0.99616 -0.08433 1.05318 0.03493 0.08348 0.99590 0.02139
1548880213519647744 138 0.99916 -0.02726 -0.03044 0.04180 0.02467 0.99630 -0.08235 1.05961 0.03257 0.08153 0.99614 0.02247
1548880213552985600 139 0.99918 -0.02800 -0.02909 0.03979 0.02553 0.99632 -0.08185 1.06601 0.03128 0.08104 0.99622 0.02389
1548880213586322688 140 0.99928 -0.02753 -0.02596 0.03721 0.02536 0.99642 -0.08060 1.07204 0.02809 0.07989 0.99641 0.02455
1548880213619660800 141 0.99932 -0.02858 -0.02321 0.03474 0.02667 0.99653 -0.07885 1.07833 0.02538 0.07818 0.99662 0.02497
1548880213652998656 142 0.99934 -0.02931 -0.02142 0.03274 0.02747 0.99627 -0.08182 1.08498 0.02374 0.08118 0.99642 0.02480
1548880213686336768 143 0.99939 -0.02719 -0.02189 0.03248 0.02536 0.99646 -0.08013 1.09085 0.02399 0.07953 0.99654 0.02475
1548880213719673600 144 0.99944 -0.02599 -0.02130 0.03244 0.02424 0.99661 -0.07859 1.09644 0.02327 0.07803 0.99668 0.02507
1548880213753011712 145 0.99947 -0.02507 -0.02055 0.03164 0.02336 0.99656 -0.07947 1.10263 0.02247 0.07895 0.99663 0.02530
1548880213786349824 146 0.99952 -0.02483 -0.01868 0.03004 0.02331 0.99670 -0.07772 1.10851 0.02055 0.07725 0.99680 0.02517
1548880213819686656 147 0.99955 -0.02544 -0.01574 0.02774 0.02418 0.99684 -0.07566 1.11474 0.01762 0.07524 0.99701 0.02498
1548880213853024768 148 0.99955 -0.02644 -0.01387 0.02577 0.02533 0.99683 -0.07546 1.12221 0.01582 0.07507 0.99705 0.02516
1548880213886362624 149 0.99954 -0.02736 -0.01293 0.02492 0.02630 0.99676 -0.07601 1.12948 0.01497 0.07564 0.99702 0.02541
1548880213919700736 150 0.99949 -0.02925 -0.01300 0.02476 0.02818 0.99671 -0.07595 1.13776 0.01518 0.07554 0.99703 0.02632
1548880213953037824 151 0.99945 -0.03058 -0.01306 0.02502 0.02950 0.99664 -0.07647 1.14579 0.01536 0.07604 0.99699 0.02713
1548880213986375680 152 0.99940 -0.03117 -0.01534 0.02651 0.02993 0.99668 -0.07574 1.15310 0.01765 0.07524 0.99701 0.02799
1548880214019713792 153 0.99932 -0.03192 -0.01835 0.02882 0.03048 0.99678 -0.07412 1.15984 0.02066 0.07351 0.99708 0.02912
1548880214053051648 154 0.99921 -0.03397 -0.02057 0.03029 0.03238 0.99679 -0.07319 1.16591 0.02299 0.07247 0.99711 0.02978
1548880214086388736 155 0.99919 -0.03432 -0.02102 0.03132 0.03277 0.99700 -0.07014 1.17178 0.02337 0.06940 0.99732 0.03045
1548880214119726592 156 0.99913 -0.03460 -0.02310 0.03279 0.03288 0.99694 -0.07099 1.17781 0.02549 0.07017 0.99721 0.03049
1548880214153064704 157 0.99913 -0.03290 -0.02576 0.03478 0.03107 0.99715 -0.06877 1.18272 0.02795 0.06791 0.99730 0.03067
1548880214186401792 158 0.99913 -0.03166 -0.02709 0.03608 0.02980 0.99735 -0.06638 1.18743 0.02912 0.06552 0.99743 0.03079
1548880214219739648 159 0.99913 -0.03091 -0.02817 0.03713 0.02900 0.99741 -0.06578 1.19265 0.03013 0.06490 0.99744 0.03106
1548880214253077760 160 0.99908 -0.03061 -0.02992 0.03863 0.02865 0.99753 -0.06407 1.19884 0.03181 0.06316 0.99750 0.03141
1548880214286415616 161 0.99901 -0.03080 -0.03214 0.04042 0.02875 0.99764 -0.06239 1.20559 0.03399 0.06141 0.99753 0.03194
1548880214319752704 162 0.99895 -0.03015 -0.03443 0.04202 0.02800 0.99774 -0.06115 1.21241 0.03619 0.06012 0.99753 0.03235
1548880214353090816 163 0.99898 -0.02906 -0.03452 0.04251 0.02694 0.99781 -0.06035 1.21849 0.03619 0.05936 0.99758 0.03229
1548880214386428672 164 0.99909 -0.02591 -0.03397 0.04169 0.02392 0.99804 -0.05776 1.22347 0.03540 0.05689 0.99775 0.03251
1548880214419765760 165 0.99910 -0.02623 -0.03335 0.04123 0.02435 0.99816 -0.05548 1.22722 0.03474 0.05462 0.99790 0.03226
1548880214453103616 166 0.99915 -0.02492 -0.03283 0.04069 0.02316 0.99833 -0.05290 1.23167 0.03410 0.05210 0.99806 0.03248
1548880214486441728 167 0.99919 -0.02454 -0.03200 0.04009 0.02290 0.99845 -0.05067 1.23730 0.03320 0.04990 0.99820 0.03261
1548880214519779584 168 0.99915 -0.02670 -0.03141 0.03942 0.02509 0.99839 -0.05079 1.24420 0.03271 0.04996 0.99822 0.03244
1548880214553116672 169 0.99922 -0.02589 -0.02980 0.03800 0.02440 0.99848 -0.04934 1.25064 0.03103 0.04858 0.99834 0.03247
1548880214586454784 170 0.99925 -0.02689 -0.02798 0.03707 0.02553 0.99852 -0.04799 1.25704 0.02923 0.04724 0.99846 0.03246
1548880214619792640 171 0.99921 -0.02744 -0.02858 0.03691 0.02603 0.99849 -0.04833 1.26374 0.02987 0.04755 0.99842 0.03246
1548880214653130752 172 0.99922 -0.02783 -0.02792 0.03646 0.02651 0.99856 -0.04655 1.27015 0.02917 0.04577 0.99853 0.03257
1548880214686467584 173 0.99928 -0.02654 -0.02694 0.03577 0.02524 0.99856 -0.04737 1.27717 0.02816 0.04665 0.99851 0.03219
1548880214719805696 174 0.99933 -0.02492 -0.02693 0.03552 0.02366 0.99866 -0.04600 1.28293 0.02804 0.04533 0.99858 0.03190
1548880214753143808 175 0.99933 -0.02445 -0.02714 0.03620 0.02327 0.99880 -0.04319 1.28797 0.02816 0.04253 0.99870 0.03183
1548880214786480640 176 0.99931 -0.02461 -0.02781 0.03681 0.02341 0.99881 -0.04268 1.29395 0.02883 0.04200 0.99870 0.03188
1548880214819818752 177 0.99931 -0.02424 -0.02821 0.03701 0.02301 0.99880 -0.04323 1.30136 0.02922 0.04255 0.99867 0.03214
1548880214853156608 178 0.99926 -0.02468 -0.02935 0.03785 0.02335 0.99871 -0.04501 1.30946 0.03043 0.04429 0.99856 0.03237
1548880214886494720 179 0.99925 -0.02460 -0.02976 0.03873 0.02323 0.99870 -0.04546 1.31649 0.03084 0.04473 0.99852 0.03247
1548880214919831808 180 0.99923 -0.02499 -0.03009 0.03927 0.02365 0.99875 -0.04410 1.32350 0.03116 0.04335 0.99857 0.03257
1548880214953169664 181 0.99922 -0.02503 -0.03067 0.03974 0.02369 0.99878 -0.04343 1.33043 0.03172 0.04267 0.99859 0.03275
1548880214986507776 182 0.99928 -0.02305 -0.03017 0.03919 0.02177 0.99887 -0.04233 1.33715 0.03111 0.04165 0.99865 0.03273
1548880215019845632 183 0.99936 -0.02136 -0.02863 0.03780 0.02018 0.99896 -0.04097 1.34325 0.02948 0.04036 0.99875 0.03262
1548880215053182720 184 0.99941 -0.02189 -0.02659 0.03624 0.02085 0.99902 -0.03899 1.34864 0.02742 0.03841 0.99889 0.03247
1548880215086520832 185 0.99937 -0.02352 -0.02651 0.03520 0.02252 0.99904 -0.03754 1.35375 0.02737 0.03692 0.99894 0.03234
1548880215119858688 186 0.99931 -0.02457 -0.02771 0.03641 0.02355 0.99905 -0.03671 1.35879 0.02858 0.03603 0.99894 0.03165
1548880215153195776 187 0.99930 -0.02372 -0.02900 0.03770 0.02274 0.99917 -0.03370 1.36313 0.02977 0.03302 0.99901 0.03100
1548880215186533632 188 0.99932 -0.02102 -0.03020 0.03789 0.02008 0.99931 -0.03137 1.36804 0.03084 0.03074 0.99905 0.03008
1548880215219871744 189 0.99938 -0.02009 -0.02884 0.03658 0.01917 0.99932 -0.03162 1.37452 0.02945 0.03104 0.99908 0.02972
1548880215253209600 190 0.99946 -0.01944 -0.02645 0.03424 0.01856 0.99929 -0.03284 1.38322 0.02707 0.03233 0.99911 0.02971
1548880215286546688 191 0.99953 -0.01925 -0.02367 0.03177 0.01840 0.99919 -0.03577 1.39340 0.02434 0.03532 0.99908 0.02979
1548880215319884800 192 0.99965 -0.01687 -0.02060 0.02889 0.01610 0.99918 -0.03720 1.40372 0.02121 0.03685 0.99910 0.02995
1548880215353222656 193 0.99971 -0.01494 -0.01896 0.02635 0.01421 0.99919 -0.03774 1.41328 0.01951 0.03745 0.99911 0.03019
1548880215386559744 194 0.99972 -0.01428 -0.01871 0.02607 0.01360 0.99926 -0.03597 1.42108 0.01921 0.03570 0.99918 0.03021
1548880215419897600 195 0.99970 -0.01484 -0.01939 0.02751 0.01424 0.99942 -0.03091 1.42736 0.01983 0.03063 0.99933 0.03106
1548880215453235712 196 0.99961 -0.01589 -0.02310 0.02985 0.01521 0.99945 -0.02957 1.43442 0.02355 0.02921 0.99930 0.03167
1548880215486573824 197 0.99958 -0.01639 -0.02387 0.03170 0.01561 0.99935 -0.03247 1.44129 0.02439 0.03208 0.99919 0.03166
1548880215519910656 198 0.99958 -0.01729 -0.02334 0.03158 0.01658 0.99940 -0.03024 1.44704 0.02385 0.02984 0.99927 0.03213
1548880215553248768 199 0.99954 -0.01697 -0.02497 0.03249 0.01614 0.99932 -0.03328 1.45234 0.02551 0.03286 0.99913 0.03279
1548880215586586624 200 0.99951 -0.01843 -0.02523 0.03304 0.01764 0.99936 -0.03124 1.45705 0.02579 0.03078 0.99919 0.03287
1548880215619924736 201 0.99952 -0.01575 -0.02654 0.03381 0.01499 0.99949 -0.02837 1.46189 0.02697 0.02796 0.99925 0.03288
1548880215653261824 202 0.99943 -0.01698 -0.02930 0.03518 0.01614 0.99947 -0.02839 1.46817 0.02976 0.02790 0.99917 0.03289
1548880215686599680 203 0.99947 -0.01470 -0.02889 0.03632 0.01394 0.99956 -0.02629 1.47420 0.02926 0.02587 0.99924 0.03299
1548880215719937792 204 0.99941 -0.01568 -0.03057 0.03763 0.01489 0.99956 -0.02563 1.48037 0.03096 0.02516 0.99920 0.03302
1548880215753274624 205 0.99945 -0.01419 -0.02982 0.03698 0.01348 0.99962 -0.02396 1.48645 0.03015 0.02354 0.99927 0.03313
1548880215786612736 206 0.99947 -0.01764 -0.02743 0.03526 0.01704 0.99961 -0.02190 1.49218 0.02780 0.02143 0.99938 0.03336
1548880215819950592 207 0.99953 -0.01702 -0.02559 0.03301 0.01648 0.99964 -0.02122 1.49801 0.02594 0.02079 0.99945 0.03384
1548880215853288704 208 0.99954 -0.01959 -0.02304 0.03160 0.01912 0.99961 -0.02041 1.50467 0.02343 0.01996 0.99953 0.03393
1548880215886625792 209 0.99960 -0.01843 -0.02136 0.02970 0.01794 0.99958 -0.02289 1.51269 0.02178 0.02250 0.99951 0.03357
1548880215919963648 210 0.99965 -0.01865 -0.01884 0.02826 0.01820 0.99954 -0.02422 1.52110 0.01929 0.02387 0.99953 0.03351
1548880215953301760 211 0.99966 -0.01819 -0.01860 0.02696 0.01774 0.99956 -0.02390 1.52888 0.01902 0.02356 0.99954 0.03347
1548880215986639616 212 0.99961 -0.02043 -0.01920 0.02727 0.02002 0.99957 -0.02134 1.53557 0.01963 0.02095 0.99959 0.03405
1548880216019976704 213 0.99961 -0.01951 -0.02016 0.02713 0.01917 0.99967 -0.01709 1.54055 0.02048 0.01669 0.99965 0.03444
1548880216053314816 214 0.99954 -0.02140 -0.02138 0.02823 0.02113 0.99970 -0.01260 1.54523 0.02165 0.01214 0.99969 0.03456
1548880216086652672 215 0.99954 -0.02122 -0.02187 0.02803 0.02096 0.99971 -0.01184 1.55076 0.02212 0.01138 0.99969 0.03431
1548880216119989760 216 0.99952 -0.02253 -0.02107 0.02783 0.02225 0.99966 -0.01350 1.55721 0.02136 0.01303 0.99969 0.03396
1548880216153327616 217 0.99957 -0.02291 -0.01852 0.02537 0.02264 0.99964 -0.01448 1.56379 0.01885 0.01405 0.99972 0.03408
1548880216186665728 218 0.99957 -0.02316 -0.01812 0.02407 0.02288 0.99961 -0.01601 1.57104 0.01848 0.01559 0.99971 0.03388
1548880216220003584 219 0.99956 -0.02341 -0.01836 0.02347 0.02314 0.99962 -0.01503 1.57846 0.01871 0.01460 0.99972 0.03378
1548880216253340672 220 0.99954 -0.02309 -0.01987 0.02396 0.02276 0.99960 -0.01659 1.58706 0.02025 0.01613 0.99966 0.03433
1548880216286678784 221 0.99956 -0.02183 -0.01997 0.02380 0.02150 0.99963 -0.01669 1.59574 0.02033 0.01625 0.99966 0.03433
1548880216320016640 222 0.99957 -0.02175 -0.01955 0.02344 0.02144 0.99964 -0.01618 1.60442 0.01990 0.01576 0.99968 0.03462
1548880216353354752 223 0.99955 -0.02247 -0.02000 0.02289 0.02212 0.99960 -0.01758 1.61333 0.02039 0.01713 0.99965 0.03531
1548880216386691584 224 0.99950 -0.02382 -0.02075 0.02323 0.02345 0.99956 -0.01805 1.62224 0.02117 0.01756 0.99962 0.03640
1548880216420029696 225 0.99945 -0.02416 -0.02285 0.02378 0.02373 0.99954 -0.01894 1.63136 0.02330 0.01839 0.99956 0.03785
1548880216453367808 226 0.99949 -0.02395 -0.02118 0.02208 0.02349 0.99949 -0.02152 1.64091 0.02168 0.02101 0.99954 0.03783
1548880216486704640 227 0.99962 -0.02140 -0.01755 0.01923 0.02098 0.99950 -0.02368 1.65006 0.01805 0.02330 0.99957 0.03833
1548880216520042752 228 0.99959 -0.02296 -0.01704 0.01883 0.02254 0.99944 -0.02460 1.65878 0.01759 0.02421 0.99955 0.03846
1548880216553380608 229 0.99960 -0.02164 -0.01827 0.01868 0.02112 0.99937 -0.02839 1.66659 0.01887 0.02799 0.99943 0.03833
1548880216586718720 230 0.99949 -0.02599 -0.01844 0.01921 0.02543 0.99923 -0.02990 1.67388 0.01920 0.02942 0.99938 0.03887
1548880216620055808 231 0.99948 -0.02810 -0.01550 0.01622 0.02759 0.99911 -0.03199 1.68001 0.01639 0.03155 0.99937 0.04014
1548880216653393664 232 0.99924 -0.03557 -0.01586 0.01726 0.03498 0.99875 -0.03565 1.68793 0.01711 0.03507 0.99924 0.04006
1548880216686731776 233 0.99922 -0.03611 -0.01611 0.01729 0.03552 0.99874 -0.03544 1.69506 0.01737 0.03484 0.99924 0.04026
1548880216720069632 234 0.99920 -0.03593 -0.01733 0.01938 0.03530 0.99875 -0.03530 1.70290 0.01858 0.03466 0.99923 0.04053
1548880216753406720 235 0.99919 -0.03441 -0.02086 0.02206 0.03355 0.99862 -0.04037 1.71322 0.02222 0.03964 0.99897 0.04034
1548880216786744832 236 0.99924 -0.03265 -0.02107 0.02359 0.03175 0.99862 -0.04173 1.72362 0.02240 0.04103 0.99891 0.04042
1548880216820082688 237 0.99928 -0.03155 -0.02126 0.02420 0.03060 0.99858 -0.04350 1.73351 0.02260 0.04281 0.99883 0.04016
1548880216853419776 238 0.99927 -0.03141 -0.02183 0.02455 0.03044 0.99859 -0.04338 1.74178 0.02317 0.04268 0.99882 0.04024
1548880216886757632 239 0.99930 -0.03045 -0.02180 0.02379 0.02950 0.99867 -0.04236 1.74847 0.02306 0.04168 0.99886 0.04032
1548880216920095744 240 0.99926 -0.03141 -0.02226 0.02418 0.03047 0.99869 -0.04119 1.75480 0.02353 0.04049 0.99890 0.04065
1548880216953433600 241 0.99931 -0.02978 -0.02229 0.02393 0.02885 0.99875 -0.04089 1.76154 0.02348 0.04021 0.99892 0.04083
1548880216986770688 242 0.99935 -0.02832 -0.02213 0.02359 0.02740 0.99879 -0.04093 1.76864 0.02326 0.04030 0.99892 0.04121
1548880217020108800 243 0.99938 -0.02720 -0.02235 0.02326 0.02629 0.99885 -0.04016 1.77573 0.02342 0.03955 0.99894 0.04143
1548880217053446656 244 0.99936 -0.02811 -0.02229 0.02331 0.02719 0.99881 -0.04044 1.78306 0.02340 0.03981 0.99893 0.04141
1548880217086783744 245 0.99934 -0.02815 -0.02286 0.02379 0.02719 0.99878 -0.04127 1.79045 0.02399 0.04062 0.99889 0.04091
1548880217120121600 246 0.99942 -0.02555 -0.02235 0.02290 0.02458 0.99880 -0.04246 1.79813 0.02341 0.04188 0.99885 0.04040
1548880217153459712 247 0.99945 -0.02520 -0.02171 0.02272 0.02422 0.99872 -0.04440 1.80706 0.02280 0.04385 0.99878 0.04019
1548880217186797824 248 0.99956 -0.02157 -0.02027 0.02125 0.02060 0.99868 -0.04699 1.81698 0.02125 0.04655 0.99869 0.04004
1548880217220134656 249 0.99959 -0.02147 -0.01869 0.02093 0.02056 0.99865 -0.04766 1.82622 0.01969 0.04726 0.99869 0.04004
1548880217253472768 250 0.99963 -0.01910 -0.01938 0.02051 0.01812 0.99860 -0.04968 1.83552 0.02030 0.04931 0.99858 0.04007
1548880217286810624 251 0.99954 -0.02202 -0.02089 0.02134 0.02092 0.99847 -0.05124 1.84374 0.02199 0.05078 0.99847 0.04043
1548880217320148736 252 0.99957 -0.02015 -0.02110 0.02177 0.01903 0.99848 -0.05177 1.85148 0.02212 0.05135 0.99844 0.04076
1548880217353485824 253 0.99952 -0.02205 -0.02194 0.02323 0.02088 0.99842 -0.05209 1.85875 0.02305 0.05160 0.99840 0.04113
1548880217386823680 254 0.99954 -0.02120 -0.02153 0.02274 0.02006 0.99845 -0.05192 1.86595 0.02259 0.05147 0.99842 0.04130
1548880217420161792 255 0.99953 -0.02228 -0.02109 0.02293 0.02117 0.99845 -0.05152 1.87307 0.02220 0.05105 0.99845 0.04112
1548880217453498624 256 0.99949 -0.02430 -0.02053 0.02231 0.02323 0.99844 -0.05075 1.88066 0.02173 0.05025 0.99850 0.04096
1548880217486836736 257 0.99946 -0.02618 -0.01991 0.02210 0.02508 0.99825 -0.05360 1.88936 0.02128 0.05307 0.99836 0.04118
1548880217520174592 258 0.99941 -0.02784 -0.02000 0.02231 0.02671 0.99813 -0.05491 1.89716 0.02149 0.05435 0.99829 0.04067
1548880217553512704 259 0.99945 -0.02744 -0.01887 0.02162 0.02633 0.99805 -0.05663 1.90584 0.02038 0.05610 0.99822 0.04067
1548880217586849792 260 0.99944 -0.02780 -0.01844 0.02100 0.02669 0.99797 -0.05788 1.91454 0.02002 0.05736 0.99815 0.04092
1548880217620187648 261 0.99946 -0.02701 -0.01888 0.02134 0.02585 0.99791 -0.05920 1.92337 0.02044 0.05868 0.99807 0.04126
1548880217653525760 262 0.99939 -0.02877 -0.01993 0.02191 0.02749 0.99771 -0.06178 1.93277 0.02166 0.06119 0.99789 0.04151
1548880217686863616 263 0.99938 -0.02875 -0.02046 0.02198 0.02741 0.99763 -0.06310 1.94105 0.02222 0.06250 0.99780 0.04202
1548880217720200704 264 0.99938 -0.02952 -0.01919 0.02089 0.02833 0.99781 -0.05984 1.94730 0.02091 0.05926 0.99802 0.04284
1548880217753538816 265 0.99935 -0.03023 -0.01942 0.02048 0.02901 0.99778 -0.05989 1.95377 0.02118 0.05929 0.99802 0.04299
1548880217786876672 266 0.99939 -0.02882 -0.01954 0.02024 0.02759 0.99777 -0.06072 1.96034 0.02124 0.06015 0.99796 0.04264
1548880217820213760 267 0.99937 -0.02894 -0.02040 0.02079 0.02769 0.99786 -0.05928 1.96590 0.02208 0.05868 0.99803 0.04267
1548880217853551616 268 0.99945 -0.02567 -0.02095 0.02091 0.02441 0.99801 -0.05810 1.97133 0.02240 0.05756 0.99809 0.04268
1548880217886889728 269 0.99945 -0.02558 -0.02121 0.02093 0.02435 0.99810 -0.05668 1.97691 0.02262 0.05613 0.99817 0.04301
1548880217920227584 270 0.99947 -0.02517 -0.02064 0.01984 0.02397 0.99812 -0.05648 1.98384 0.02202 0.05596 0.99819 0.04285
1548880217953564672 271 0.99944 -0.02643 -0.02061 0.01915 0.02521 0.99802 -0.05757 1.99286 0.02209 0.05701 0.99813 0.04348
1548880217986902784 272 0.99941 -0.02769 -0.02022 0.01848 0.02636 0.99765 -0.06327 2.00406 0.02193 0.06270 0.99779 0.04371
1548880218020240640 273 0.99947 -0.02565 -0.01986 0.01624 0.02424 0.99736 -0.06852 2.01480 0.02156 0.06800 0.99745 0.04412
1548880218053578752 274 0.99955 -0.02255 -0.01954 0.01639 0.02107 0.99711 -0.07295 2.02561 0.02113 0.07250 0.99714 0.04424
1548880218086915584 275 0.99959 -0.01834 -0.02199 0.01725 0.01661 0.99695 -0.07628 2.03555 0.02332 0.07588 0.99684 0.04406
1548880218120253696 276 0.99959 -0.01756 -0.02282 0.01797 0.01573 0.99683 -0.07794 2.04311 0.02412 0.07755 0.99670 0.04329
1548880218153591808 277 0.99968 -0.01474 -0.02065 0.01686 0.01312 0.99697 -0.07671 2.05028 0.02171 0.07641 0.99684 0.04329
1548880218186928640 278 0.99971 -0.01449 -0.01943 0.01608 0.01298 0.99704 -0.07573 2.05748 0.02047 0.07546 0.99694 0.04345
1548880218220266752 279 0.99973 -0.01236 -0.01960 0.01499 0.01080 0.99692 -0.07772 2.06586 0.02050 0.07749 0.99678 0.04377
1548880218253604608 280 0.99976 -0.01090 -0.01906 0.01511 0.00936 0.99683 -0.07896 2.07384 0.01987 0.07876 0.99670 0.04561
1548880218286942720 281 0.99977 -0.00971 -0.01921 0.01460 0.00813 0.99668 -0.08100 2.08322 0.01993 0.08083 0.99653 0.04668
1548880218320279808 282 0.99966 -0.01264 -0.02262 0.01659 0.01065 0.99626 -0.08580 2.09286 0.02362 0.08553 0.99606 0.04669
1548880218353617664 283 0.99957 -0.01593 -0.02458 0.01866 0.01374 0.99613 -0.08684 2.10179 0.02587 0.08647 0.99592 0.04756
1548880218386955776 284 0.99945 -0.02024 -0.02629 0.02149 0.01785 0.99595 -0.08810 2.11015 0.02796 0.08758 0.99576 0.04832
1548880218420292608 285 0.99929 -0.02463 -0.02852 0.02343 0.02205 0.99591 -0.08757 2.11672 0.03056 0.08688 0.99575 0.04916
1548880218453630720 286 0.99924 -0.02745 -0.02778 0.02373 0.02503 0.99614 -0.08414 2.12041 0.02999 0.08338 0.99607 0.04990
1548880218486968832 287 0.99918 -0.03001 -0.02719 0.02425 0.02773 0.99635 -0.08071 2.12345 0.02951 0.07989 0.99637 0.05070
1548880218520306688 288 0.99918 -0.02901 -0.02823 0.02437 0.02680 0.99676 -0.07582 2.12657 0.03034 0.07500 0.99672 0.05139
1548880218553643776 289 0.99923 -0.02937 -0.02608 0.02329 0.02733 0.99677 -0.07552 2.13130 0.02821 0.07475 0.99680 0.05171
1548880218586981632 290 0.99929 -0.03013 -0.02268 0.02200 0.02834 0.99675 -0.07540 2.13873 0.02488 0.07470 0.99690 0.05261
1548880218620319744 291 0.99927 -0.02964 -0.02430 0.02142 0.02759 0.99633 -0.08109 2.14843 0.02661 0.08036 0.99641 0.05269
1548880218653657600 292 0.99925 -0.03010 -0.02424 0.02146 0.02804 0.99629 -0.08135 2.15661 0.02660 0.08061 0.99639 0.05489
1548880218686994688 293 0.99926 -0.02887 -0.02537 0.02097 0.02675 0.99643 -0.08006 2.16500 0.02759 0.07932 0.99647 0.05394
1548880218720332800 294 0.99923 -0.03023 -0.02505 0.02110 0.02808 0.99623 -0.08213 2.17219 0.02744 0.08137 0.99631 0.05385
1548880218753670656 295 0.99934 -0.02662 -0.02457 0.01969 0.02457 0.99646 -0.08036 2.17859 0.02663 0.07971 0.99646 0.05407
1548880218787007744 296 0.99932 -0.02731 -0.02492 0.02032 0.02524 0.99648 -0.07990 2.18391 0.02702 0.07922 0.99649 0.05396
1548880218820345600 297 0.99940 -0.02365 -0.02526 0.01966 0.02158 0.99663 -0.07915 2.19068 0.02705 0.07856 0.99654 0.05434
1548880218853683712 298 0.99941 -0.02213 -0.02622 0.02012 0.02000 0.99668 -0.07895 2.19743 0.02788 0.07838 0.99653 0.05474
1548880218887021824 299 0.99944 -0.01975 -0.02689 0.01940 0.01756 0.99669 -0.07932 2.20384 0.02837 0.07881 0.99649 0.05563
1548880218920358656 300 0.99946 -0.02018 -0.02611 0.01957 0.01804 0.99666 -0.07962 2.21096 0.02763 0.07911 0.99648 0.05622
1548880218953696768 301 0.99940 -0.02042 -0.02781 0.02003 0.01820 0.99680 -0.07787 2.21776 0.02931 0.07732 0.99658 0.05654
1548880218987034624 302 0.99943 -0.01998 -0.02713 0.01991 0.01778 0.99673 -0.07880 2.22508 0.02861 0.07828 0.99652 0.05683
1548880219020372736 303 0.99946 -0.02011 -0.02596 0.01920 0.01798 0.99667 -0.07952 2.23280 0.02747 0.07901 0.99649 0.05748
1548880219053709824 304 0.99952 -0.02035 -0.02342 0.01725 0.01844 0.99669 -0.07914 2.24012 0.02495 0.07867 0.99659 0.05761
1548880219087047680 305 0.99956 -0.01959 -0.02217 0.01626 0.01782 0.99683 -0.07760 2.24714 0.02362 0.07717 0.99674 0.05762
1548880219120385792 306 0.99958 -0.01856 -0.02217 0.01647 0.01679 0.99685 -0.07757 2.25401 0.02354 0.07716 0.99674 0.05783
1548880219153722624 307 0.99957 -0.01849 -0.02290 0.01681 0.01663 0.99674 -0.07895 2.26089 0.02428 0.07854 0.99662 0.05735
1548880219187060736 308 0.99957 -0.01827 -0.02303 0.01728 0.01643 0.99686 -0.07748 2.26773 0.02437 0.07706 0.99673 0.05742
1548880219220398592 309 0.99955 -0.01942 -0.02293 0.01775 0.01757 0.99678 -0.07826 2.27539 0.02438 0.07782 0.99667 0.05780
1548880219253736704 310 0.99958 -0.02094 -0.02012 0.01814 0.01921 0.99637 -0.08293 2.28412 0.02178 0.08251 0.99635 0.05889
1548880219287073792 311 0.99954 -0.01986 -0.02291 0.01853 0.01789 0.99638 -0.08312 2.29178 0.02448 0.08267 0.99628 0.05936
1548880219320411648 312 0.99950 -0.02131 -0.02318 0.01984 0.01938 0.99657 -0.08044 2.29915 0.02481 0.07995 0.99649 0.06008
1548880219353749760 313 0.99951 -0.02092 -0.02328 0.01945 0.01891 0.99634 -0.08331 2.30743 0.02494 0.08283 0.99625 0.06098
1548880219387087616 314 0.99948 -0.02331 -0.02208 0.01944 0.02129 0.99594 -0.08745 2.31635 0.02402 0.08694 0.99592 0.06138
1548880219420424704 315 0.99954 -0.02146 -0.02134 0.01807 0.01955 0.99609 -0.08613 2.32351 0.02311 0.08568 0.99606 0.06181
1548880219453762816 316 0.99952 -0.02140 -0.02230 0.01873 0.01941 0.99611 -0.08596 2.32925 0.02405 0.08549 0.99605 0.06208
1548880219487100672 317 0.99954 -0.01961 -0.02326 0.01913 0.01756 0.99619 -0.08548 2.33653 0.02485 0.08503 0.99607 0.06246
1548880219520437760 318 0.99953 -0.01805 -0.02473 0.01912 0.01592 0.99634 -0.08404 2.34364 0.02616 0.08360 0.99616 0.06314
1548880219553775616 319 0.99953 -0.01912 -0.02393 0.02010 0.01702 0.99620 -0.08537 2.35188 0.02547 0.08492 0.99606 0.06328
1548880219587113728 320 0.99951 -0.01787 -0.02571 0.02033 0.01556 0.99606 -0.08725 2.36075 0.02717 0.08681 0.99585 0.06421
1548880219620451584 321 0.99944 -0.01983 -0.02695 0.02268 0.01738 0.99597 -0.08799 2.36786 0.02858 0.08747 0.99576 0.06427
1548880219653788672 322 0.99942 -0.01992 -0.02745 0.02259 0.01745 0.99602 -0.08743 2.37458 0.02908 0.08690 0.99579 0.06427
1548880219687126784 323 0.99942 -0.02045 -0.02716 0.02280 0.01808 0.99625 -0.08460 2.37949 0.02879 0.08406 0.99604 0.06410
1548880219720464640 324 0.99944 -0.01834 -0.02789 0.02262 0.01601 0.99652 -0.08175 2.38363 0.02929 0.08125 0.99626 0.06402
1548880219753801728 325 0.99947 -0.01792 -0.02732 0.02207 0.01568 0.99669 -0.07979 2.38807 0.02866 0.07931 0.99644 0.06391
1548880219787139584 326 0.99949 -0.01880 -0.02582 0.02074 0.01666 0.99661 -0.08051 2.39375 0.02725 0.08003 0.99642 0.06405
1548880219820477696 327 0.99946 -0.02146 -0.02483 0.01944 0.01943 0.99664 -0.07956 2.40001 0.02645 0.07904 0.99652 0.06449
1548880219853815808 328 0.99944 -0.02412 -0.02307 0.01744 0.02220 0.99653 -0.08018 2.40674 0.02492 0.07963 0.99651 0.06494
1548880219887152640 329 0.99938 -0.02824 -0.02116 0.01585 0.02648 0.99653 -0.07897 2.41388 0.02332 0.07836 0.99665 0.06578
1548880219920490752 330 0.99934 -0.02927 -0.02155 0.01587 0.02741 0.99626 -0.08197 2.42011 0.02387 0.08133 0.99640 0.06735
1548880219953828608 331 0.99937 -0.02809 -0.02186 0.01590 0.02625 0.99643 -0.08030 2.42713 0.02404 0.07967 0.99653 0.06764
1548880219987166720 332 0.99929 -0.02947 -0.02350 0.01707 0.02749 0.99638 -0.08039 2.43417 0.02578 0.07968 0.99649 0.06842
1548880220020503808 333 0.99927 -0.02938 -0.02451 0.01817 0.02734 0.99644 -0.07969 2.44083 0.02677 0.07896 0.99652 0.06890
1548880220053841664 334 0.99919 -0.03044 -0.02645 0.01955 0.02827 0.99649 -0.07876 2.44722 0.02875 0.07795 0.99654 0.06908
