1548883273863635712 10 1.00000 0.00000 -0.00001 0.00001 -0.00000 1.00000 -0.00001 0.00002 0.00001 0.00001 1.00000 0.00002
1548883273896973824 11 1.00000 -0.00001 0.00000 -0.00001 0.00001 1.00000 -0.00001 0.00001 -0.00000 0.00001 1.00000 0.00002
1548883273930311680 12 1.00000 -0.00000 -0.00001 -0.00001 0.00000 1.00000 0.00001 -0.00000 0.00001 -0.00001 1.00000 0.00001
1548883273963649792 13 1.00000 0.00000 -0.00001 0.00000 -0.00000 1.00000 0.00001 -0.00001 0.00001 -0.00001 1.00000 0.00000
1548883273996986624 14 1.00000 -0.00000 -0.00002 0.00000 0.00000 1.00000 0.00001 -0.00001 0.00002 -0.00001 1.00000 0.00001
1548883274030324736 15 1.00000 0.00000 -0.00001 -0.00000 -0.00000 1.00000 0.00001 -0.00001 0.00001 -0.00001 1.00000 0.00001
1548883274063662592 16 1.00000 0.00000 -0.00002 0.00001 -0.00000 1.00000 0.00001 -0.00000 0.00002 -0.00001 1.00000 0.00002
1548883274097000704 17 1.00000 -0.00001 -0.00001 -0.00001 0.00001 1.00000 0.00001 -0.00001 0.00001 -0.00001 1.00000 0.00001
1548883274130337792 18 1.00000 -0.00000 -0.00002 0.00000 0.00000 1.00000 0.00002 -0.00000 0.00002 -0.00002 1.00000 0.00001
1548883274163675648 19 1.00000 0.00000 -0.00001 -0.00000 -0.00000 1.00000 0.00002 -0.00001 0.00001 -0.00002 1.00000 0.00001
1548883274197013760 20 1.00000 -0.00000 -0.00001 0.00000 0.00000 1.00000 0.00002 -0.00001 0.00001 -0.00002 1.00000 0.00001
1548883274230350592 21 1.00000 0.00000 -0.00002 0.00001 -0.00000 1.00000 0.00002 -0.00000 0.00002 -0.00002 1.00000 0.00001
1548883274263688704 22 1.00000 0.00000 -0.00001 -0.00000 -0.00000 1.00000 0.00002 -0.00001 0.00001 -0.00002 1.00000 0.00000
1548883274297026816 23 1.00000 0.00000 -0.00001 -0.00000 -0.00000 1.00000 0.00002 -0.00001 0.00001 -0.00002 1.00000 0.00001
1548883274330364672 24 1.00000 -0.00001 -0.00001 -0.00002 0.00001 1.00000 0.00002 -0.00003 0.00001 -0.00002 1.00000 0.00001
1548883274363701760 25 1.00000 -0.00000 -0.00001 -0.00001 0.00000 1.00000 0.00003 -0.00002 0.00001 -0.00003 1.00000 0.00000
1548883274397039616 26 1.00000 -0.00000 -0.00001 -0.00001 0.00000 1.00000 0.00003 -0.00002 0.00001 -0.00003 1.00000 0.00001
1548883274430377728 27 1.00000 -0.00000 -0.00002 -0.00000 0.00000 1.00000 0.00004 -0.00001 0.00002 -0.00004 1.00000 0.00001
1548883274463715584 28 1.00000 -0.00001 -0.00001 -0.00002 0.00001 1.00000 0.00004 -0.00002 0.00001 -0.00004 1.00000 0.00000
1548883274497052672 29 1.00000 0.00000 -0.00001 0.00000 -0.00000 1.00000 0.00004 -0.00001 0.00001 -0.00004 1.00000 0.00000
1548883274530390784 30 1.00000 -0.00002 -0.00002 -0.00003 0.00002 1.00000 0.00003 -0.00002 0.00002 -0.00003 1.00000 0.00002
1548883274563728640 31 1.00000 0.00000 -0.00002 0.00001 -0.00000 1.00000 0.00004 -0.00001 0.00002 -0.00004 1.00000 0.00001
1548883274597065728 32 1.00000 -0.00000 -0.00001 0.00000 0.00000 1.00000 0.00003 -0.00001 0.00001 -0.00003 1.00000 0.00001
1548883274630403584 33 1.00000 0.00001 -0.00002 0.00001 -0.00001 1.00000 0.00004 -0.00002 0.00002 -0.00004 1.00000 0.00001
1548883274663741696 34 1.00000 -0.00000 -0.00002 -0.00000 0.00000 1.00000 0.00004 -0.00003 0.00002 -0.00004 1.00000 0.00002
1548883274697079808 35 1.00000 -0.00001 -0.00002 -0.00000 0.00001 1.00000 0.00004 -0.00002 0.00002 -0.00004 1.00000 0.00001
1548883274730416640 36 1.00000 0.00000 -0.00001 0.00000 -0.00000 1.00000 0.00004 -0.00001 0.00001 -0.00004 1.00000 0.00001
1548883274763754752 37 1.00000 -0.00001 -0.00000 -0.00000 0.00001 1.00000 0.00006 -0.00001 0.00000 -0.00006 1.00000 -0.00000
1548883274797092608 38 1.00000 -0.00001 -0.00001 0.00000 0.00001 1.00000 0.00005 -0.00001 0.00001 -0.00005 1.00000 0.00001
1548883274830429696 39 1.00000 -0.00000 -0.00001 0.00000 0.00000 1.00000 0.00006 -0.00002 0.00001 -0.00006 1.00000 0.00001
1548883274863767808 40 1.00000 -0.00000 -0.00001 -0.00001 0.00000 1.00000 0.00006 -0.00002 0.00001 -0.00006 1.00000 0.00001
1548883274897105664 41 1.00000 -0.00001 -0.00001 -0.00001 0.00001 1.00000 0.00006 -0.00002 0.00001 -0.00006 1.00000 0.00001
1548883274930443776 42 1.00000 -0.00000 -0.00002 -0.00000 0.00000 1.00000 0.00006 -0.00002 0.00002 -0.00006 1.00000 0.00001
1548883274963780608 43 1.00000 0.00000 -0.00002 -0.00000 -0.00000 1.00000 0.00008 -0.00003 0.00002 -0.00008 1.00000 0.00001
1548883274997118720 44 1.00000 0.00000 -0.00003 0.00001 -0.00000 1.00000 0.00014 -0.00003 0.00003 -0.00014 1.00000 0.00001
1548883275030456832 45 1.00000 -0.00008 -0.00017 0.00022 0.00009 1.00000 0.00058 0.00014 0.00017 -0.00058 1.00000 0.00007
1548883275063794688 46 1.00000 -0.00009 -0.00059 0.00021 0.00010 1.00000 0.00183 0.00024 0.00059 -0.00183 1.00000 -0.00005
1548883275097131776 47 1.00000 -0.00022 -0.00109 0.00056 0.00023 1.00000 0.00169 0.00071 0.00109 -0.00169 1.00000 0.00003
1548883275130469632 48 1.00000 0.00058 -0.00198 0.00118 -0.00057 0.99999 0.00504 0.00146 0.00198 -0.00503 0.99999 -0.00004
1548883275163807744 49 0.99999 0.00029 -0.00352 0.00227 -0.00027 0.99999 0.00477 0.00293 0.00352 -0.00477 0.99998 0.00023
1548883275197144576 50 0.99999 0.00094 -0.00423 0.00350 -0.00093 0.99999 0.00365 0.00464 0.00424 -0.00365 0.99998 0.00057
1548883275230482688 51 0.99998 0.00299 -0.00478 0.00482 -0.00297 0.99999 0.00434 0.00636 0.00479 -0.00432 0.99998 0.00083
1548883275263820800 52 0.99997 0.00437 -0.00567 0.00619 -0.00436 0.99999 0.00189 0.00831 0.00568 -0.00186 0.99998 0.00126
1548883275297158656 53 0.99996 0.00644 -0.00649 0.00758 -0.00643 0.99998 0.00102 0.01019 0.00649 -0.00098 0.99998 0.00160
1548883275330495744 54 0.99998 -0.00090 -0.00558 0.00532 0.00092 1.00000 0.00251 0.02690 0.00558 -0.00252 0.99998 -0.00164
1548883275363833600 55 0.99998 -0.00059 -0.00598 0.00584 0.00060 1.00000 0.00123 0.03148 0.00598 -0.00124 0.99998 -0.00212
1548883275397171712 56 0.99998 -0.00042 -0.00596 0.00595 0.00042 1.00000 0.00070 0.03603 0.00596 -0.00070 0.99998 -0.00272
1548883275430509824 57 0.99998 -0.00008 -0.00587 0.00599 0.00008 1.00000 0.00024 0.04064 0.00587 -0.00024 0.99998 -0.00310
1548883275463846656 58 0.99998 0.00049 -0.00592 0.00615 -0.00049 1.00000 0.00047 0.04561 0.00592 -0.00047 0.99998 -0.00346
1548883275497184768 59 0.99998 0.00069 -0.00630 0.00681 -0.00069 1.00000 -0.00020 0.05150 0.00630 0.00021 0.99998 -0.00387
1548883275530522624 60 0.99998 0.00084 -0.00577 0.00650 -0.00084 1.00000 -0.00157 0.05793 0.00577 0.00157 0.99998 -0.00432
1548883275563859712 61 0.99999 0.00076 -0.00376 0.00520 -0.00078 0.99999 -0.00335 0.06467 0.00376 0.00336 0.99999 -0.00488
1548883275597197824 62 1.00000 0.00091 -0.00175 0.00365 -0.00092 0.99999 -0.00518 0.07086 0.00175 0.00518 0.99999 -0.00539
1548883275630535680 63 1.00000 0.00107 -0.00103 0.00308 -0.00108 0.99999 -0.00444 0.07636 0.00102 0.00444 0.99999 -0.00574
1548883275663873792 64 1.00000 0.00084 -0.00190 0.00406 -0.00085 0.99999 -0.00362 0.08138 0.00190 0.00362 0.99999 -0.00576
1548883275697210624 65 1.00000 0.00022 -0.00305 0.00503 -0.00022 1.00000 -0.00147 0.08561 0.00305 0.00147 0.99999 -0.00565
1548883275730548736 66 0.99999 0.00152 -0.00354 0.00568 -0.00152 1.00000 0.00102 0.08947 0.00354 -0.00101 0.99999 -0.00542
1548883275763886592 67 0.99999 0.00150 -0.00383 0.00591 -0.00149 1.00000 0.00268 0.09346 0.00383 -0.00267 0.99999 -0.00513
1548883275797223680 68 0.99999 0.00201 -0.00351 0.00589 -0.00200 0.99999 0.00421 0.09756 0.00352 -0.00420 0.99998 -0.00486
1548883275830561792 69 0.99999 0.00205 -0.00323 0.00578 -0.00203 0.99998 0.00603 0.10166 0.00325 -0.00602 0.99998 -0.00457
1548883275863899648 70 0.99999 0.00317 -0.00286 0.00562 -0.00315 0.99996 0.00845 0.10570 0.00289 -0.00844 0.99996 -0.00408
1548883275897237760 71 0.99999 0.00433 -0.00280 0.00540 -0.00430 0.99993 0.01090 0.10994 0.00285 -0.01088 0.99994 -0.00355
1548883275930574592 72 0.99999 0.00465 -0.00212 0.00525 -0.00462 0.99990 0.01323 0.11474 0.00218 -0.01322 0.99991 -0.00331
1548883275963912704 73 0.99999 0.00482 -0.00088 0.00412 -0.00480 0.99990 0.01296 0.12038 0.00094 -0.01295 0.99992 -0.00335
1548883275997250816 74 0.99998 0.00604 0.00218 0.00199 -0.00607 0.99991 0.01192 0.12679 -0.00211 -0.01194 0.99993 -0.00331
1548883276030588672 75 0.99996 0.00782 0.00505 -0.00018 -0.00788 0.99991 0.01112 0.13298 -0.00496 -0.01116 0.99993 -0.00349
1548883276063925760 76 0.99995 0.00858 0.00602 -0.00105 -0.00865 0.99989 0.01215 0.13794 -0.00591 -0.01220 0.99991 -0.00338
1548883276097263616 77 0.99994 0.00961 0.00448 0.00033 -0.00968 0.99983 0.01537 0.14148 -0.00433 -0.01541 0.99987 -0.00291
1548883276130601728 78 0.99993 0.01162 0.00204 0.00216 -0.01166 0.99972 0.02071 0.14361 -0.00179 -0.02073 0.99978 -0.00247
1548883276163938816 79 0.99990 0.01402 0.00156 0.00286 -0.01406 0.99958 0.02526 0.14654 -0.00120 -0.02528 0.99968 -0.00226
1548883276197276672 80 0.99990 0.01416 0.00203 0.00291 -0.01420 0.99968 0.02092 0.15120 -0.00173 -0.02095 0.99978 -0.00261
1548883276230614784 81 0.99986 0.01629 0.00226 0.00238 -0.01633 0.99961 0.02279 0.15553 -0.00189 -0.02282 0.99974 -0.00249
1548883276263952640 82 0.99983 0.01818 0.00304 0.00196 -0.01825 0.99954 0.02404 0.16061 -0.00260 -0.02409 0.99971 -0.00279
1548883276297289728 83 0.99980 0.02008 0.00195 0.00285 -0.02011 0.99960 0.02008 0.16739 -0.00154 -0.02011 0.99980 -0.00233
1548883276330627584 84 0.99972 0.02362 0.00281 0.00215 -0.02368 0.99951 0.02027 0.17444 -0.00233 -0.02033 0.99979 -0.00233
1548883276363965696 85 0.99969 0.02433 0.00459 0.00096 -0.02442 0.99952 0.01889 0.18207 -0.00413 -0.01900 0.99981 -0.00251
1548883276397303808 86 0.99964 0.02629 0.00604 -0.00044 -0.02639 0.99951 0.01693 0.18950 -0.00559 -0.01708 0.99984 -0.00294
1548883276430640640 87 0.99961 0.02676 0.00772 -0.00145 -0.02689 0.99948 0.01784 0.19582 -0.00724 -0.01804 0.99981 -0.00301
1548883276463978752 88 0.99951 0.03034 0.00774 -0.00205 -0.03048 0.99936 0.01871 0.20093 -0.00716 -0.01894 0.99979 -0.00266
1548883276497316608 89 0.99948 0.03115 0.00837 -0.00205 -0.03132 0.99929 0.02089 0.20583 -0.00772 -0.02114 0.99975 -0.00292
1548883276530653696 90 0.99944 0.03276 0.00731 -0.00137 -0.03288 0.99931 0.01736 0.21138 -0.00674 -0.01759 0.99982 -0.00322
1548883276563991808 91 0.99933 0.03601 0.00662 -0.00186 -0.03612 0.99920 0.01709 0.21634 -0.00600 -0.01731 0.99983 -0.00348
1548883276597329664 92 0.99912 0.04097 0.00920 -0.00394 -0.04112 0.99900 0.01727 0.22129 -0.00849 -0.01763 0.99981 -0.00317
1548883276630667776 93 0.99895 0.04498 0.00904 -0.00558 -0.04512 0.99885 0.01613 0.22629 -0.00830 -0.01652 0.99983 -0.00317
1548883276664004608 94 0.99867 0.05069 0.00912 -0.00643 -0.05087 0.99850 0.02011 0.23134 -0.00808 -0.02055 0.99976 -0.00314
1548883276697342720 95 0.99866 0.05106 0.00814 -0.00496 -0.05120 0.99852 0.01855 0.23739 -0.00718 -0.01895 0.99979 -0.00371
1548883276730680832 96 0.99851 0.05447 0.00397 -0.00272 -0.05454 0.99833 0.01907 0.24346 -0.00292 -0.01926 0.99981 -0.00374
1548883276764018688 97 0.99830 0.05805 0.00548 -0.00260 -0.05815 0.99808 0.02110 0.24854 -0.00424 -0.02139 0.99976 -0.00380
1548883276797355776 98 0.99813 0.06096 0.00427 -0.00280 -0.06103 0.99793 0.02050 0.25361 -0.00301 -0.02072 0.99978 -0.00365
1548883276830693632 99 0.99794 0.06389 0.00610 -0.00373 -0.06402 0.99768 0.02327 0.25851 -0.00460 -0.02362 0.99971 -0.00344
1548883276864031744 100 0.99791 0.06445 0.00544 -0.00376 -0.06455 0.99769 0.02139 0.26394 -0.00405 -0.02169 0.99976 -0.00382
1548883276897368576 101 0.99765 0.06838 0.00481 -0.00379 -0.06847 0.99743 0.02134 0.26954 -0.00334 -0.02162 0.99976 -0.00427
1548883276930706688 102 0.99763 0.06845 0.00663 -0.00434 -0.06858 0.99740 0.02227 0.27516 -0.00509 -0.02267 0.99973 -0.00459
1548883276964044800 103 0.99749 0.07055 0.00626 -0.00488 -0.07066 0.99730 0.02001 0.28149 -0.00483 -0.02040 0.99978 -0.00497
1548883276997382656 104 0.99739 0.07166 0.00835 -0.00557 -0.07181 0.99722 0.01974 0.28828 -0.00691 -0.02029 0.99977 -0.00513
1548883277030719744 105 0.99743 0.07093 0.01006 -0.00640 -0.07111 0.99730 0.01850 0.29567 -0.00872 -0.01917 0.99978 -0.00548
1548883277064057600 106 0.99738 0.07148 0.01126 -0.00700 -0.07166 0.99729 0.01641 0.30383 -0.01006 -0.01717 0.99980 -0.00634
1548883277097395712 107 0.99734 0.07176 0.01257 -0.00681 -0.07194 0.99730 0.01468 0.31209 -0.01148 -0.01555 0.99981 -0.00660
1548883277130733824 108 0.99725 0.07313 0.01231 -0.00657 -0.07331 0.99720 0.01455 0.31928 -0.01122 -0.01541 0.99982 -0.00641
1548883277164070656 109 0.99719 0.07384 0.01286 -0.00621 -0.07404 0.99713 0.01549 0.32526 -0.01168 -0.01640 0.99980 -0.00604
1548883277197408768 110 0.99720 0.07365 0.01274 -0.00542 -0.07387 0.99712 0.01736 0.32996 -0.01143 -0.01825 0.99977 -0.00572
1548883277230746624 111 0.99715 0.07450 0.01175 -0.00422 -0.07474 0.99698 0.02127 0.33381 -0.01013 -0.02209 0.99970 -0.00534
1548883277264083712 112 0.99717 0.07447 0.01032 -0.00304 -0.07468 0.99697 0.02188 0.33869 -0.00866 -0.02259 0.99971 -0.00561
1548883277297421824 113 0.99702 0.07630 0.01130 -0.00303 -0.07653 0.99683 0.02177 0.34437 -0.00960 -0.02257 0.99970 -0.00613
1548883277330759680 114 0.99705 0.07564 0.01273 -0.00389 -0.07590 0.99688 0.02144 0.35075 -0.01106 -0.02234 0.99969 -0.00659
1548883277364097792 115 0.99691 0.07721 0.01475 -0.00499 -0.07750 0.99679 0.02008 0.35718 -0.01315 -0.02116 0.99969 -0.00734
1548883277397434624 116 0.99696 0.07647 0.01502 -0.00475 -0.07678 0.99683 0.02092 0.36310 -0.01337 -0.02201 0.99967 -0.00781
1548883277430772736 117 0.99698 0.07634 0.01456 -0.00368 -0.07666 0.99680 0.02257 0.36818 -0.01279 -0.02362 0.99964 -0.00806
1548883277464110592 118 0.99703 0.07571 0.01406 -0.00294 -0.07605 0.99679 0.02516 0.37258 -0.01211 -0.02616 0.99958 -0.00806
1548883277497447680 119 0.99706 0.07537 0.01348 -0.00196 -0.07571 0.99677 0.02672 0.37777 -0.01143 -0.02766 0.99955 -0.00855
1548883277530785792 120 0.99704 0.07569 0.01316 -0.00124 -0.07600 0.99680 0.02489 0.38424 -0.01123 -0.02581 0.99960 -0.00923
1548883277564123648 121 0.99695 0.07684 0.01379 -0.00102 -0.07715 0.99673 0.02382 0.39158 -0.01191 -0.02481 0.99962 -0.00973
1548883277597461760 122 0.99691 0.07734 0.01379 -0.00087 -0.07763 0.99675 0.02163 0.39984 -0.01207 -0.02264 0.99967 -0.01040
1548883277630798592 123 0.99693 0.07684 0.01515 -0.00091 -0.07712 0.99685 0.01866 0.40865 -0.01367 -0.01977 0.99971 -0.01107
1548883277664136704 124 0.99689 0.07692 0.01698 -0.00185 -0.07720 0.99688 0.01662 0.41696 -0.01565 -0.01788 0.99972 -0.01195
1548883277697474816 125 0.99687 0.07667 0.01941 -0.00299 -0.07697 0.99691 0.01562 0.42393 -0.01815 -0.01707 0.99969 -0.01261
1548883277730812672 126 0.99678 0.07756 0.02021 -0.00319 -0.07790 0.99682 0.01660 0.42954 -0.01886 -0.01812 0.99966 -0.01312
1548883277764149760 127 0.99680 0.07752 0.01973 -0.00221 -0.07790 0.99678 0.01914 0.43385 -0.01818 -0.02061 0.99962 -0.01329
1548883277797487616 128 0.99680 0.07758 0.01909 -0.00110 -0.07801 0.99669 0.02277 0.43743 -0.01726 -0.02419 0.99956 -0.01330
1548883277830825728 129 0.99682 0.07740 0.01883 -0.00030 -0.07786 0.99664 0.02550 0.44149 -0.01679 -0.02688 0.99950 -0.01309
1548883277863264768 130 0.99682 0.07731 0.01909 0.00036 -0.07782 0.99659 0.02759 0.44566 -0.01689 -0.02898 0.99944 -0.01324
1548883277896602624 131 0.99681 0.07748 0.01890 0.00089 -0.07798 0.99659 0.02702 0.45172 -0.01674 -0.02840 0.99946 -0.01373
1548883277929940736 132 0.99677 0.07796 0.01917 0.00114 -0.07846 0.99656 0.02677 0.45776 -0.01701 -0.02819 0.99946 -0.01424
1548883277963278592 133 0.99678 0.07800 0.01869 0.00190 -0.07849 0.99654 0.02733 0.46420 -0.01649 -0.02871 0.99945 -0.01449
1548883277996615680 134 0.99678 0.07799 0.01847 0.00307 -0.07847 0.99655 0.02705 0.47080 -0.01630 -0.02841 0.99946 -0.01452
1548883278029953792 135 0.99685 0.07738 0.01745 0.00450 -0.07783 0.99661 0.02665 0.47764 -0.01533 -0.02792 0.99949 -0.01503
1548883278063291648 136 0.99686 0.07741 0.01651 0.00615 -0.07783 0.99662 0.02620 0.48453 -0.01443 -0.02740 0.99952 -0.01517
1548883278096629760 137 0.99692 0.07689 0.01529 0.00785 -0.07727 0.99667 0.02601 0.49159 -0.01324 -0.02711 0.99954 -0.01482
1548883278129966592 138 0.99697 0.07648 0.01415 0.00950 -0.07682 0.99674 0.02484 0.49866 -0.01221 -0.02585 0.99959 -0.01444
1548883278163304704 139 0.99702 0.07601 0.01315 0.01112 -0.07634 0.99673 0.02644 0.50496 -0.01110 -0.02737 0.99956 -0.01444
1548883278196642816 140 0.99709 0.07532 0.01198 0.01280 -0.07560 0.99682 0.02517 0.51086 -0.01005 -0.02600 0.99961 -0.01474
1548883278229979648 141 0.99697 0.07706 0.01076 0.01410 -0.07731 0.99668 0.02571 0.51653 -0.00874 -0.02646 0.99961 -0.01538
1548883278263317760 142 0.99699 0.07693 0.00984 0.01557 -0.07717 0.99666 0.02670 0.52246 -0.00776 -0.02738 0.99959 -0.01561
1548883278296655616 143 0.99701 0.07686 0.00835 0.01726 -0.07705 0.99670 0.02562 0.52938 -0.00635 -0.02619 0.99964 -0.01580
1548883278329993728 144 0.99702 0.07688 0.00689 0.01913 -0.07702 0.99675 0.02346 0.53735 -0.00506 -0.02392 0.99970 -0.01564
1548883278363330816 145 0.99706 0.07639 0.00564 0.02094 -0.07649 0.99685 0.02076 0.54597 -0.00404 -0.02113 0.99977 -0.01544
1548883278396668672 146 0.99709 0.07609 0.00468 0.02247 -0.07616 0.99693 0.01833 0.55469 -0.00327 -0.01863 0.99982 -0.01559
1548883278430006784 147 0.99716 0.07514 0.00453 0.02359 -0.07520 0.99703 0.01646 0.56264 -0.00328 -0.01675 0.99985 -0.01567
1548883278462352640 148 0.99712 0.07564 0.00465 0.02462 -0.07571 0.99700 0.01598 0.56841 -0.00343 -0.01629 0.99986 -0.01568
1548883278495689728 149 0.99710 0.07605 0.00338 0.02627 -0.07610 0.99696 0.01699 0.57372 -0.00207 -0.01719 0.99985 -0.01542
1548883278529027584 150 0.99714 0.07550 0.00330 0.02736 -0.07555 0.99694 0.02021 0.57794 -0.00176 -0.02040 0.99979 -0.01548
1548883278562365696 151 0.99703 0.07693 0.00271 0.02837 -0.07697 0.99679 0.02188 0.58233 -0.00102 -0.02203 0.99976 -0.01522
1548883278595702784 152 0.99702 0.07715 0.00290 0.02907 -0.07719 0.99674 0.02347 0.58758 -0.00108 -0.02363 0.99972 -0.01518
1548883278629040640 153 0.99694 0.07810 0.00273 0.02981 -0.07814 0.99666 0.02368 0.59395 -0.00087 -0.02382 0.99972 -0.01517
1548883278662378752 154 0.99692 0.07839 0.00299 0.03037 -0.07844 0.99666 0.02277 0.60118 -0.00120 -0.02293 0.99974 -0.01549
1548883278695716608 155 0.99680 0.07991 0.00368 0.03054 -0.07997 0.99655 0.02239 0.60839 -0.00188 -0.02261 0.99974 -0.01545
1548883278729053696 156 0.99683 0.07942 0.00409 0.03116 -0.07949 0.99660 0.02181 0.61537 -0.00234 -0.02207 0.99975 -0.01580
1548883278762391808 157 0.99676 0.08036 0.00317 0.03229 -0.08040 0.99657 0.01948 0.62310 -0.00159 -0.01967 0.99981 -0.01605
1548883278795729664 158 0.99678 0.08007 0.00289 0.03330 -0.08011 0.99659 0.01979 0.62978 -0.00129 -0.01996 0.99980 -0.01649
1548883278829066752 159 0.99680 0.07985 0.00301 0.03388 -0.07990 0.99657 0.02144 0.63568 -0.00129 -0.02162 0.99977 -0.01690
1548883278862404608 160 0.99687 0.07907 0.00267 0.03462 -0.07911 0.99665 0.02087 0.64165 -0.00101 -0.02101 0.99978 -0.01710
1548883278895742720 161 0.99677 0.08023 0.00230 0.03546 -0.08026 0.99651 0.02277 0.64701 -0.00046 -0.02288 0.99974 -0.01735
1548883278929080832 162 0.99668 0.08138 0.00287 0.03552 -0.08142 0.99639 0.02399 0.65262 -0.00091 -0.02414 0.99971 -0.01768
1548883278962417664 163 0.99668 0.08131 0.00408 0.03513 -0.08138 0.99641 0.02340 0.65864 -0.00217 -0.02365 0.99972 -0.01814
1548883278995755776 164 0.99660 0.08224 0.00531 0.03498 -0.08235 0.99631 0.02401 0.66547 -0.00331 -0.02437 0.99970 -0.01848
1548883279029093632 165 0.99657 0.08265 0.00461 0.03548 -0.08273 0.99631 0.02286 0.67258 -0.00271 -0.02316 0.99973 -0.01917
1548883279062431744 166 0.99652 0.08320 0.00441 0.03616 -0.08328 0.99626 0.02323 0.67960 -0.00246 -0.02351 0.99972 -0.01970
1548883279095768576 167 0.99653 0.08313 0.00406 0.03704 -0.08320 0.99628 0.02248 0.68689 -0.00218 -0.02274 0.99974 -0.02004
1548883279129106688 168 0.99650 0.08353 0.00372 0.03815 -0.08359 0.99626 0.02209 0.69430 -0.00186 -0.02232 0.99975 -0.02023
1548883279162444800 169 0.99650 0.08351 0.00294 0.03945 -0.08355 0.99627 0.02160 0.70188 -0.00112 -0.02177 0.99976 -0.02025
1548883279195781632 170 0.99647 0.08395 0.00282 0.04063 -0.08399 0.99625 0.02096 0.70916 -0.00105 -0.02113 0.99978 -0.02021
1548883279229119744 171 0.99635 0.08526 0.00336 0.04061 -0.08531 0.99615 0.02014 0.71673 -0.00163 -0.02036 0.99979 -0.02047
1548883279261218816 172 0.99623 0.08663 0.00426 0.04032 -0.08670 0.99604 0.01985 0.72290 -0.00252 -0.02015 0.99979 -0.02070
1548883279294556672 173 0.99618 0.08712 0.00527 0.04094 -0.08721 0.99598 0.02048 0.72975 -0.00346 -0.02086 0.99978 -0.02179
1548883279327893760 174 0.99626 0.08632 0.00401 0.04238 -0.08638 0.99608 0.01893 0.73615 -0.00236 -0.01920 0.99981 -0.02257
1548883279361231616 175 0.99609 0.08825 0.00377 0.04348 -0.08831 0.99589 0.01993 0.74235 -0.00199 -0.02018 0.99979 -0.02343
1548883279394569728 176 0.99601 0.08922 0.00334 0.04442 -0.08927 0.99583 0.01893 0.74922 -0.00163 -0.01915 0.99982 -0.02413
1548883279427907584 177 0.99611 0.08810 0.00340 0.04560 -0.08815 0.99594 0.01821 0.75686 -0.00178 -0.01844 0.99983 -0.02500
1548883279461244672 178 0.99618 0.08730 0.00278 0.04681 -0.08733 0.99603 0.01700 0.76559 -0.00128 -0.01718 0.99985 -0.02545
1548883279494582784 179 0.99622 0.08681 0.00182 0.04825 -0.08683 0.99611 0.01473 0.77481 -0.00054 -0.01483 0.99989 -0.02597
1548883279527920640 180 0.99634 0.08540 0.00238 0.04863 -0.08542 0.99625 0.01350 0.78296 -0.00122 -0.01366 0.99991 -0.02656
1548883279561257728 181 0.99625 0.08627 0.00606 0.04708 -0.08636 0.99612 0.01677 0.78997 -0.00459 -0.01723 0.99984 -0.02666
1548883279594595584 182 0.99619 0.08692 0.00757 0.04592 -0.08703 0.99608 0.01583 0.79719 -0.00617 -0.01642 0.99985 -0.02682
1548883279627933696 183 0.99620 0.08667 0.00862 0.04540 -0.08679 0.99610 0.01580 0.80368 -0.00721 -0.01649 0.99984 -0.02711
1548883279661271808 184 0.99599 0.08881 0.01090 0.04508 -0.08899 0.99588 0.01744 0.80955 -0.00931 -0.01834 0.99979 -0.02741
1548883279694608640 185 0.99588 0.08971 0.01326 0.04359 -0.08993 0.99580 0.01728 0.81548 -0.01166 -0.01840 0.99976 -0.02743
1548883279727946752 186 0.99561 0.09246 0.01458 0.04284 -0.09274 0.99550 0.01943 0.82114 -0.01272 -0.02070 0.99970 -0.02745
1548883279761284608 187 0.99575 0.09089 0.01491 0.04320 -0.09117 0.99564 0.01974 0.82718 -0.01305 -0.02102 0.99969 -0.02761
1548883279794622720 188 0.99585 0.08990 0.01411 0.04435 -0.09015 0.99576 0.01815 0.83407 -0.01242 -0.01934 0.99974 -0.02799
1548883279827959808 189 0.99595 0.08883 0.01410 0.04541 -0.08909 0.99585 0.01859 0.84104 -0.01239 -0.01977 0.99973 -0.02812
1548883279861297664 190 0.99586 0.08986 0.01391 0.04642 -0.09011 0.99576 0.01840 0.84850 -0.01220 -0.01958 0.99973 -0.02817
1548883279894635776 191 0.99608 0.08751 0.01309 0.04751 -0.08770 0.99603 0.01534 0.85734 -0.01169 -0.01643 0.99980 -0.02839
1548883279927972608 192 0.99597 0.08849 0.01443 0.04728 -0.08873 0.99591 0.01688 0.86525 -0.01288 -0.01809 0.99975 -0.02846
1548883279961310720 193 0.99590 0.08896 0.01636 0.04646 -0.08923 0.99588 0.01624 0.87312 -0.01485 -0.01763 0.99973 -0.02863
1548883279994648576 194 0.99574 0.09056 0.01743 0.04620 -0.09083 0.99575 0.01539 0.88072 -0.01596 -0.01690 0.99973 -0.02898
1548883280027986688 195 0.99580 0.08991 0.01740 0.04723 -0.09019 0.99579 0.01656 0.88771 -0.01584 -0.01806 0.99971 -0.02959
1548883280061323776 196 0.99588 0.08917 0.01651 0.04839 -0.08940 0.99590 0.01387 0.89475 -0.01520 -0.01529 0.99977 -0.03017
1548883280094661632 197 0.99591 0.08881 0.01675 0.04956 -0.08906 0.99591 0.01515 0.90084 -0.01533 -0.01658 0.99975 -0.03043
1548883280127999744 198 0.99582 0.08984 0.01664 0.05030 -0.09009 0.99581 0.01538 0.90839 -0.01519 -0.01681 0.99974 -0.03084
1548883280159949824 199 0.99587 0.08935 0.01612 0.05140 -0.08955 0.99591 0.01222 0.91680 -0.01496 -0.01361 0.99980 -0.03135
1548883280193287680 200 0.99589 0.08919 0.01580 0.05246 -0.08937 0.99593 0.01142 0.92535 -0.01472 -0.01278 0.99981 -0.03144
1548883280226625792 201 0.99584 0.08955 0.01667 0.05274 -0.08975 0.99590 0.01172 0.93354 -0.01555 -0.01317 0.99979 -0.03154
1548883280259963648 202 0.99583 0.08954 0.01756 0.05267 -0.08972 0.99592 0.01012 0.94156 -0.01658 -0.01165 0.99979 -0.03166
1548883280293300736 203 0.99571 0.09077 0.01788 0.05309 -0.09097 0.99579 0.01088 0.94867 -0.01682 -0.01246 0.99978 -0.03208
1548883280326638592 204 0.99562 0.09182 0.01781 0.05355 -0.09203 0.99569 0.01105 0.95432 -0.01672 -0.01264 0.99978 -0.03185
1548883280359976704 205 0.99575 0.09040 0.01742 0.05382 -0.09058 0.99584 0.01009 0.96087 -0.01643 -0.01163 0.99980 -0.03230
1548883280393314816 206 0.99591 0.08872 0.01685 0.05458 -0.08890 0.99599 0.01048 0.96758 -0.01585 -0.01194 0.99980 -0.03283
1548883280426651648 207 0.99585 0.08954 0.01615 0.05587 -0.08972 0.99591 0.01046 0.97571 -0.01515 -0.01186 0.99981 -0.03308
1548883280459989760 208 0.99601 0.08814 0.01433 0.05791 -0.08824 0.99608 0.00641 0.98545 -0.01371 -0.00764 0.99988 -0.03318
1548883280493327616 209 0.99612 0.08697 0.01309 0.06011 -0.08704 0.99619 0.00479 0.99499 -0.01263 -0.00591 0.99990 -0.03343
1548883280526664704 210 0.99606 0.08772 0.01291 0.06097 -0.08779 0.99613 0.00449 1.00365 -0.01247 -0.00561 0.99991 -0.03344
1548883280560002816 211 0.99610 0.08723 0.01336 0.06170 -0.08731 0.99617 0.00553 1.01180 -0.01283 -0.00667 0.99990 -0.03365
1548883280593340672 212 0.99617 0.08666 0.01205 0.06456 -0.08673 0.99621 0.00589 1.02001 -0.01150 -0.00692 0.99991 -0.03410
1548883280626678784 213 0.99620 0.08627 0.01179 0.06563 -0.08635 0.99625 0.00617 1.02720 -0.01122 -0.00716 0.99991 -0.03433
1548883280660015616 214 0.99606 0.08786 0.01220 0.06594 -0.08796 0.99610 0.00755 1.03336 -0.01149 -0.00859 0.99990 -0.03413
1548883280693353728 215 0.99617 0.08658 0.01249 0.06675 -0.08669 0.99619 0.00909 1.03966 -0.01166 -0.01014 0.99988 -0.03412
1548883280726691584 216 0.99621 0.08640 0.01001 0.06812 -0.08647 0.99623 0.00657 1.04643 -0.00940 -0.00741 0.99993 -0.03403
1548883280760029696 217 0.99631 0.08543 0.00873 0.07019 -0.08548 0.99632 0.00644 1.05338 -0.00814 -0.00716 0.99994 -0.03392
1548883280793366784 218 0.99635 0.08495 0.00796 0.07140 -0.08501 0.99636 0.00692 1.06050 -0.00735 -0.00757 0.99994 -0.03377
1548883280826704640 219 0.99643 0.08404 0.00748 0.07256 -0.08409 0.99644 0.00581 1.06846 -0.00696 -0.00642 0.99996 -0.03364
1548883280858673664 220 0.99647 0.08369 0.00702 0.07417 -0.08373 0.99647 0.00604 1.07613 -0.00649 -0.00660 0.99996 -0.03361
1548883280892010752 221 0.99654 0.08291 0.00657 0.07642 -0.08296 0.99653 0.00732 1.08384 -0.00594 -0.00784 0.99995 -0.03373
1548883280925348608 222 0.99658 0.08241 0.00618 0.07755 -0.08246 0.99657 0.00669 1.09248 -0.00561 -0.00717 0.99996 -0.03360
1548883280958686720 223 0.99661 0.08211 0.00548 0.07881 -0.08215 0.99660 0.00567 1.10068 -0.00500 -0.00610 0.99997 -0.03383
1548883280992024576 224 0.99666 0.08153 0.00432 0.08001 -0.08155 0.99665 0.00537 1.10797 -0.00386 -0.00571 0.99998 -0.03397
1548883281025361664 225 0.99664 0.08180 0.00352 0.08072 -0.08181 0.99664 0.00441 1.11502 -0.00314 -0.00468 0.99998 -0.03392
1548883281058699776 226 0.99663 0.08197 0.00313 0.08166 -0.08199 0.99663 0.00412 1.12176 -0.00278 -0.00436 0.99999 -0.03408
1548883281092037632 227 0.99664 0.08182 0.00284 0.08247 -0.08183 0.99664 0.00392 1.12830 -0.00251 -0.00414 0.99999 -0.03419
1548883281125375744 228 0.99669 0.08127 0.00255 0.08320 -0.08128 0.99668 0.00431 1.13455 -0.00220 -0.00450 0.99999 -0.03439
1548883281158712832 229 0.99668 0.08141 0.00268 0.08385 -0.08143 0.99667 0.00535 1.14083 -0.00224 -0.00555 0.99998 -0.03429
1548883281192050688 230 0.99666 0.08160 0.00263 0.08455 -0.08161 0.99665 0.00519 1.14757 -0.00220 -0.00539 0.99998 -0.03498
1548883281225388800 231 0.99676 0.08040 0.00256 0.08522 -0.08041 0.99675 0.00458 1.15551 -0.00218 -0.00477 0.99999 -0.03504
1548883281258725632 232 0.99675 0.08050 0.00071 0.08696 -0.08051 0.99675 0.00424 1.16361 -0.00037 -0.00428 0.99999 -0.03567
1548883281292063744 233 0.99672 0.08092 0.00013 0.08842 -0.08092 0.99671 0.00340 1.17142 0.00014 -0.00340 0.99999 -0.03635
1548883281325401600 234 0.99665 0.08178 0.00125 0.08839 -0.08178 0.99664 0.00501 1.17828 -0.00083 -0.00510 0.99999 -0.03675
1548883281358739712 235 0.99674 0.08067 0.00179 0.08852 -0.08067 0.99673 0.00502 1.18507 -0.00138 -0.00515 0.99999 -0.03721
1548883281392076800 236 0.99677 0.08035 0.00105 0.08939 -0.08035 0.99676 0.00438 1.19147 -0.00070 -0.00445 0.99999 -0.03771
1548883281425414656 237 0.99669 0.08127 0.00091 0.09031 -0.08127 0.99667 0.00656 1.19763 -0.00038 -0.00662 0.99998 -0.03786
1548883281458752768 238 0.99678 0.08021 0.00150 0.09128 -0.08022 0.99676 0.00664 1.20452 -0.00096 -0.00673 0.99998 -0.03823
1548883281492089600 239 0.99691 0.07854 0.00246 0.09135 -0.07855 0.99689 0.00698 1.21205 -0.00190 -0.00715 0.99997 -0.03867
1548883281525427712 240 0.99701 0.07727 0.00220 0.09174 -0.07729 0.99699 0.00572 1.21985 -0.00175 -0.00587 0.99998 -0.03907
1548883281557252608 241 0.99695 0.07802 0.00250 0.09268 -0.07803 0.99693 0.00621 1.22705 -0.00200 -0.00639 0.99998 -0.04010
1548883281590590720 242 0.99697 0.07779 0.00265 0.09338 -0.07780 0.99695 0.00637 1.23371 -0.00215 -0.00656 0.99998 -0.04010
1548883281623927808 243 0.99688 0.07891 0.00212 0.09470 -0.07892 0.99685 0.00781 1.24008 -0.00149 -0.00795 0.99997 -0.04042
1548883281657265664 244 0.99687 0.07907 0.00231 0.09533 -0.07909 0.99682 0.00985 1.24595 -0.00152 -0.01000 0.99995 -0.04057
1548883281690603776 245 0.99686 0.07916 0.00286 0.09527 -0.07919 0.99681 0.01009 1.25246 -0.00205 -0.01029 0.99994 -0.04149
1548883281723941632 246 0.99685 0.07925 0.00340 0.09540 -0.07927 0.99682 0.00857 1.26008 -0.00271 -0.00881 0.99996 -0.04211
1548883281757278720 247 0.99691 0.07849 0.00382 0.09518 -0.07851 0.99688 0.00779 1.26742 -0.00320 -0.00806 0.99996 -0.04225
1548883281790616576 248 0.99690 0.07851 0.00410 0.09551 -0.07854 0.99689 0.00599 1.27649 -0.00362 -0.00629 0.99997 -0.04273
1548883281823954688 249 0.99693 0.07808 0.00552 0.09550 -0.07810 0.99694 0.00362 1.28605 -0.00522 -0.00404 0.99998 -0.04314
1548883281857291776 250 0.99689 0.07847 0.00772 0.09481 -0.07849 0.99691 0.00169 1.29554 -0.00756 -0.00229 0.99997 -0.04371
1548883281890629632 251 0.99688 0.07835 0.00989 0.09402 -0.07836 0.99692 0.00048 1.30486 -0.00982 -0.00125 0.99995 -0.04402
1548883281923967744 252 0.99683 0.07881 0.01046 0.09420 -0.07880 0.99689 -0.00142 1.31358 -0.01054 0.00059 0.99994 -0.04411
1548883281957305600 253 0.99677 0.07969 0.00988 0.09459 -0.07971 0.99682 0.00141 1.31963 -0.00974 -0.00220 0.99995 -0.04365
1548883281990642688 254 0.99677 0.07992 0.00821 0.09625 -0.07997 0.99678 0.00537 1.32558 -0.00776 -0.00601 0.99995 -0.04319
1548883282023980800 255 0.99679 0.07966 0.00799 0.09690 -0.07972 0.99679 0.00754 1.33215 -0.00737 -0.00815 0.99994 -0.04326
1548883282057318656 256 0.99677 0.07979 0.00930 0.09674 -0.07985 0.99679 0.00587 1.33913 -0.00880 -0.00659 0.99994 -0.04368
1548883282090656768 257 0.99676 0.07974 0.01066 0.09660 -0.07981 0.99679 0.00667 1.34629 -0.01010 -0.00750 0.99992 -0.04409
1548883282123993600 258 0.99671 0.08026 0.01164 0.09688 -0.08035 0.99674 0.00738 1.35338 -0.01101 -0.00829 0.99991 -0.04427
1548883282157331712 259 0.99684 0.07857 0.01125 0.09719 -0.07865 0.99688 0.00635 1.35944 -0.01071 -0.00722 0.99992 -0.04487
1548883282190669824 260 0.99670 0.08048 0.01034 0.09895 -0.08058 0.99670 0.00991 1.36362 -0.00951 -0.01071 0.99990 -0.04428
1548883282224006656 261 0.99662 0.08154 0.00976 0.09962 -0.08167 0.99657 0.01366 1.36810 -0.00861 -0.01441 0.99986 -0.04507
1548883282257344768 262 0.99645 0.08350 0.01059 0.09980 -0.08365 0.99640 0.01402 1.37376 -0.00938 -0.01486 0.99985 -0.04577
1548883282290682624 263 0.99650 0.08276 0.01191 0.09940 -0.08296 0.99641 0.01673 1.37986 -0.01048 -0.01766 0.99979 -0.04605
1548883282324020736 264 0.99644 0.08327 0.01340 0.09881 -0.08350 0.99634 0.01816 1.38664 -0.01184 -0.01922 0.99975 -0.04665
1548883282357357824 265 0.99650 0.08255 0.01316 0.09933 -0.08277 0.99642 0.01723 1.39429 -0.01169 -0.01826 0.99976 -0.04717
1548883282390695680 266 0.99646 0.08271 0.01470 0.09902 -0.08298 0.99638 0.01829 1.40185 -0.01314 -0.01945 0.99972 -0.04740
1548883282424033792 267 0.99661 0.08103 0.01459 0.09918 -0.08127 0.99654 0.01713 1.41012 -0.01315 -0.01825 0.99975 -0.04773
1548883282457370624 268 0.99671 0.07949 0.01581 0.09793 -0.07973 0.99670 0.01552 1.41739 -0.01452 -0.01672 0.99975 -0.04801
1548883282490708736 269 0.99672 0.07886 0.01837 0.09680 -0.07914 0.99675 0.01508 1.42577 -0.01712 -0.01649 0.99972 -0.04847
1548883282524046592 270 0.99662 0.08006 0.01860 0.09675 -0.08031 0.99668 0.01352 1.43374 -0.01745 -0.01497 0.99974 -0.04941
1548883282557384704 271 0.99660 0.08028 0.01849 0.09861 -0.08058 0.99662 0.01604 1.44104 -0.01714 -0.01748 0.99970 -0.04956
1548883282590721792 272 0.99661 0.08042 0.01719 0.10017 -0.08074 0.99655 0.01898 1.44680 -0.01560 -0.02031 0.99967 -0.04936
1548883282624059648 273 0.99662 0.08026 0.01738 0.10116 -0.08065 0.99648 0.02303 1.45304 -0.01547 -0.02436 0.99958 -0.04956
1548883282657397760 274 0.99654 0.08137 0.01700 0.10171 -0.08169 0.99648 0.01877 1.46069 -0.01541 -0.02010 0.99968 -0.05009
1548883282690735616 275 0.99666 0.08000 0.01632 0.10297 -0.08032 0.99658 0.01955 1.46804 -0.01470 -0.02079 0.99968 -0.05025
1548883282724072704 276 0.99665 0.08040 0.01531 0.10437 -0.08070 0.99653 0.02030 1.47591 -0.01362 -0.02146 0.99968 -0.05081
1548883282757410816 277 0.99673 0.07951 0.01473 0.10526 -0.07976 0.99667 0.01722 1.48415 -0.01331 -0.01834 0.99974 -0.05167
1548883282790748672 278 0.99661 0.08045 0.01716 0.10464 -0.08075 0.99658 0.01731 1.49282 -0.01571 -0.01864 0.99970 -0.05226
1548883282824085760 279 0.99654 0.08107 0.01820 0.10427 -0.08137 0.99655 0.01605 1.50121 -0.01684 -0.01747 0.99971 -0.05320
1548883282857423616 280 0.99640 0.08279 0.01830 0.10491 -0.08308 0.99642 0.01569 1.50890 -0.01694 -0.01715 0.99971 -0.05349
1548883282890761728 281 0.99654 0.08119 0.01775 0.10618 -0.08152 0.99650 0.01869 1.51543 -0.01617 -0.02008 0.99967 -0.05333
1548883282924099584 282 0.99645 0.08245 0.01703 0.10762 -0.08280 0.99635 0.02078 1.52196 -0.01526 -0.02212 0.99964 -0.05300
1548883282957436672 283 0.99646 0.08209 0.01797 0.10832 -0.08250 0.99630 0.02387 1.52885 -0.01594 -0.02527 0.99955 -0.05307
1548883282990774784 284 0.99641 0.08270 0.01810 0.10832 -0.08305 0.99636 0.01945 1.53765 -0.01642 -0.02088 0.99965 -0.05421
1548883283024112640 285 0.99648 0.08154 0.01949 0.10795 -0.08184 0.99653 0.01515 1.54540 -0.01818 -0.01669 0.99970 -0.05305
1548883283057450752 286 0.99650 0.08118 0.01991 0.10816 -0.08155 0.99651 0.01811 1.55289 -0.01837 -0.01967 0.99964 -0.05332
1548883283090787584 287 0.99649 0.08134 0.01984 0.10867 -0.08167 0.99652 0.01641 1.56140 -0.01843 -0.01797 0.99967 -0.05363
1548883283124125696 288 0.99647 0.08113 0.02133 0.10868 -0.08146 0.99657 0.01486 1.56981 -0.02005 -0.01654 0.99966 -0.05423
1548883283157463808 289 0.99632 0.08293 0.02159 0.10886 -0.08329 0.99639 0.01650 1.57772 -0.02014 -0.01824 0.99963 -0.05463
1548883283190800640 290 0.99622 0.08423 0.02111 0.10973 -0.08461 0.99625 0.01792 1.58487 -0.01952 -0.01964 0.99962 -0.05451
1548883283224138752 291 0.99615 0.08497 0.02136 0.10997 -0.08540 0.99614 0.02022 1.59125 -0.01956 -0.02196 0.99957 -0.05476
1548883283257476608 292 0.99617 0.08438 0.02299 0.10998 -0.08491 0.99611 0.02337 1.59841 -0.02093 -0.02524 0.99946 -0.05445
1548883283290814720 293 0.99614 0.08464 0.02332 0.10967 -0.08514 0.99614 0.02151 1.60651 -0.02141 -0.02342 0.99950 -0.05494
1548883283324151808 294 0.99592 0.08693 0.02434 0.10967 -0.08736 0.99603 0.01709 1.61586 -0.02276 -0.01914 0.99956 -0.05612
1548883283357489664 295 0.99575 0.08871 0.02492 0.10978 -0.08918 0.99584 0.01844 1.62321 -0.02318 -0.02059 0.99952 -0.05746
1548883283390827776 296 0.99561 0.09032 0.02446 0.11055 -0.09086 0.99563 0.02179 1.63034 -0.02239 -0.02392 0.99946 -0.05802
1548883283424165632 297 0.99547 0.09201 0.02381 0.11152 -0.09254 0.99547 0.02202 1.63780 -0.02167 -0.02413 0.99947 -0.05739
1548883283457502720 298 0.99537 0.09288 0.02459 0.11162 -0.09344 0.99536 0.02281 1.64540 -0.02236 -0.02500 0.99944 -0.05778
1548883283490840576 299 0.99499 0.09652 0.02620 0.11173 -0.09715 0.99499 0.02373 1.65341 -0.02378 -0.02616 0.99937 -0.05806
1548883283524178688 300 0.99492 0.09702 0.02667 0.11183 -0.09764 0.99495 0.02318 1.66176 -0.02429 -0.02567 0.99938 -0.05905
1548883283557515776 301 0.99467 0.09945 0.02736 0.11246 -0.10000 0.99480 0.01946 1.67071 -0.02528 -0.02209 0.99944 -0.06026
1548883283590853632 302 0.99462 0.10018 0.02638 0.11231 -0.10073 0.99471 0.02031 1.67777 -0.02420 -0.02285 0.99945 -0.06002
1548883283624191744 303 0.99446 0.10223 0.02459 0.11426 -0.10279 0.99444 0.02269 1.68497 -0.02214 -0.02509 0.99944 -0.06057
1548883283657529600 304 0.99424 0.10455 0.02348 0.11625 -0.10508 0.99420 0.02270 1.69250 -0.02097 -0.02504 0.99947 -0.06102
1548883283690866688 305 0.99419 0.10505 0.02368 0.11664 -0.10563 0.99410 0.02452 1.69953 -0.02096 -0.02687 0.99942 -0.06134
1548883283724204800 306 0.99378 0.10844 0.02551 0.11670 -0.10907 0.99372 0.02513 1.70731 -0.02263 -0.02775 0.99936 -0.06180
1548883283757542656 307 0.99348 0.11085 0.02654 0.11626 -0.11152 0.99344 0.02538 1.71459 -0.02356 -0.02817 0.99933 -0.06217
1548883283790880768 308 0.99326 0.11271 0.02703 0.11497 -0.11348 0.99312 0.02882 1.72035 -0.02359 -0.03169 0.99922 -0.06114
1548883283824217600 309 0.99321 0.11387 0.02400 0.11769 -0.11453 0.99302 0.02805 1.72750 -0.02064 -0.03060 0.99932 -0.06144
1548883283857555712 310 0.99287 0.11708 0.02235 0.12042 -0.11768 0.99266 0.02783 1.73466 -0.01893 -0.03027 0.99936 -0.06205
1548883283890893824 311 0.99253 0.12025 0.02074 0.12270 -0.12084 0.99222 0.03004 1.74176 -0.01697 -0.03232 0.99933 -0.06235
1548883283924230656 312 0.99218 0.12307 0.02070 0.12409 -0.12364 0.99190 0.02920 1.74903 -0.01694 -0.03153 0.99936 -0.06267
1548883283957568768 313 0.99191 0.12534 0.02009 0.12361 -0.12594 0.99153 0.03180 1.75500 -0.01593 -0.03407 0.99929 -0.06328
1548883283990906624 314 0.99157 0.12767 0.02218 0.12366 -0.12835 0.99119 0.03275 1.76204 -0.01781 -0.03533 0.99922 -0.06392
1548883284024244736 315 0.99124 0.13014 0.02244 0.12395 -0.13081 0.99090 0.03183 1.76966 -0.01810 -0.03449 0.99924 -0.06448
1548883284057581824 316 0.99127 0.12986 0.02288 0.12480 -0.13058 0.99088 0.03325 1.77685 -0.01835 -0.03595 0.99919 -0.06505
1548883284090919680 317 0.99105 0.13136 0.02364 0.12494 -0.13209 0.99070 0.03273 1.78417 -0.01912 -0.03556 0.99918 -0.06525
1548883284124257792 318 0.99091 0.13264 0.02258 0.12651 -0.13334 0.99052 0.03289 1.79181 -0.01801 -0.03560 0.99920 -0.06572
1548883284157594624 319 0.99076 0.13379 0.02213 0.12862 -0.13449 0.99032 0.03422 1.79936 -0.01734 -0.03688 0.99917 -0.06613
1548883284190932736 320 0.99051 0.13581 0.02106 0.13052 -0.13647 0.99006 0.03412 1.80724 -0.01622 -0.03667 0.99920 -0.06634
1548883284224270592 321 0.99026 0.13762 0.02129 0.13171 -0.13830 0.98979 0.03450 1.81504 -0.01632 -0.03711 0.99918 -0.06671
1548883284257608704 322 0.98992 0.14008 0.02102 0.13307 -0.14075 0.98943 0.03487 1.82266 -0.01591 -0.03748 0.99917 -0.06717
1548883284290945792 323 0.99003 0.13938 0.02019 0.13349 -0.14002 0.98954 0.03481 1.82941 -0.01513 -0.03729 0.99919 -0.06820
1548883284324283648 324 0.98992 0.14019 0.02026 0.13491 -0.14083 0.98940 0.03529 1.83686 -0.01509 -0.03779 0.99917 -0.06850
1548883284357621760 325 0.99006 0.13925 0.01973 0.13687 -0.13990 0.98949 0.03647 1.84476 -0.01445 -0.03887 0.99914 -0.06877
1548883284390959616 326 0.98993 0.14048 0.01718 0.13953 -0.14099 0.98945 0.03346 1.85399 -0.01230 -0.03554 0.99929 -0.06940
1548883284424296704 327 0.98999 0.14026 0.01597 0.14169 -0.14072 0.98952 0.03252 1.86251 -0.01124 -0.03444 0.99934 -0.06972
1548883284457634816 328 0.98978 0.14168 0.01618 0.14290 -0.14216 0.98926 0.03393 1.86964 -0.01120 -0.03588 0.99929 -0.07044
1548883284490972672 329 0.98942 0.14428 0.01491 0.14392 -0.14473 0.98884 0.03545 1.87541 -0.00963 -0.03723 0.99926 -0.07075
1548883284524309760 330 0.98901 0.14704 0.01521 0.14524 -0.14751 0.98835 0.03746 1.88147 -0.00952 -0.03929 0.99918 -0.07124
1548883284557647616 331 0.98887 0.14794 0.01567 0.14460 -0.14844 0.98821 0.03744 1.88790 -0.00994 -0.03935 0.99918 -0.07197
