1548883273696947712 41 0 -1 0 0 0 0 -1 0 1 0 0 -0
1548883273696947712 43 0 -1 0 0 0 0 -1 0 1 0 0 -0
1548883273696947712 55 0 -1 0 0 0 0 -1 0 1 0 0 -0
1548883273696947712 58 0 -1 0 0 0 0 -1 0 1 0 0 -0
1548883273696947712 66 0 -1 0 0 0 0 -1 0 1 0 0 -0
1548883273696947712 70 0 -1 0 0 0 0 -1 0 1 0 0 -0
1548883273696947712 79 0 -1 0 0 0 0 -1 0 1 0 0 -0
1548883273696947712 83 0 -1 0 0 0 0 -1 0 1 0 0 -0
1548883273696947712 90 0 -1 0 0 0 0 -1 0 1 0 0 -0
1548883275063794688 96 -0.000288728 -1 0.000703215 0.000837446 0.00166941 -0.000703696 -0.999998 -3.26116e-05 0.999999 -0.000287554 0.00166961 -0.000487071
1548883275130469632 101 -0.000518127 -0.999997 0.00253592 0.00159885 0.00497715 -0.00253847 -0.999984 0.000437613 0.999987 -0.000505497 0.00497845 -0.00246028
1548883275530522624 104 -0.00106948 -0.999982 0.0058523 0.00478933 -0.000446557 -0.00585183 -0.999983 -0.00483349 0.999999 -0.00107207 -0.000440291 -0.0503878
1548883275630535680 109 -0.000671877 -0.999999 0.000990447 0.000812387 -0.00266856 -0.00098865 -0.999996 -0.00648668 0.999996 -0.000674517 -0.00266789 -0.0667776
1548883275897237760 117 -0.00472941 -0.999983 0.00332411 0.00285974 0.0124336 -0.00338269 -0.999917 -0.00325921 0.999912 -0.00468769 0.0124494 -0.0957509
1548883276030588672 123 -0.00803034 -0.999957 -0.00457053 -0.00279841 0.0129578 0.00446623 -0.999906 -0.0030716 0.999884 -0.00808881 0.0129214 -0.115999
1548883276330627584 129 -0.0234057 -0.999721 -0.00309313 -0.00322305 0.0234204 0.00254481 -0.999722 -0.00329115 0.999452 -0.0234716 0.0233544 -0.151457
1548883276463978752 136 -0.0300329 -0.999519 -0.00773822 -0.00789095 0.0224461 0.00706535 -0.999723 -0.00370394 0.999297 -0.0301982 0.0222232 -0.174878
1548883276697342720 141 -0.0510803 -0.998659 -0.00837492 -0.0120771 0.0230689 0.00720377 -0.999708 -0.00520021 0.998428 -0.0512586 0.02267 -0.20665
1548883276897368576 147 -0.0687194 -0.997623 -0.00503183 -0.0120998 0.0268713 0.003191 -0.999634 -0.00679998 0.997274 -0.0688294 0.0265881 -0.234933
1548883277064057600 154 -0.0704494 -0.997454 -0.0110354 -0.0172972 0.0225337 0.00946873 -0.999701 -0.00868904 0.997261 -0.0706771 0.0218093 -0.264942
1548883277164070656 157 -0.0725541 -0.997275 -0.0133328 -0.0175301 0.0223458 0.0117392 -0.999681 -0.00935396 0.997114 -0.0728289 0.0214332 -0.283041
1548883277330759680 161 -0.0742205 -0.997153 -0.0133438 -0.0164238 0.0283566 0.0112651 -0.999534 -0.00951603 0.996839 -0.0745643 0.0274397 -0.304612
1548883277597461760 167 -0.0768641 -0.99693 -0.0149238 -0.0135435 0.0298288 0.0126621 -0.999475 -0.0142403 0.996595 -0.0772689 0.028764 -0.347377
1548883277797487616 174 -0.0775408 -0.996782 -0.0203277 -0.0138548 0.0322112 0.0178738 -0.999321 -0.0175953 0.996469 -0.078143 0.0307216 -0.379945
1548883277996615680 183 -0.0778444 -0.996779 -0.0192954 -0.0109412 0.0367963 0.0164683 -0.999187 -0.0187365 0.996286 -0.0784911 0.0353958 -0.408905
1548883278229979648 192 -0.0772453 -0.996949 -0.0111834 -0.00170448 0.0350534 0.00849431 -0.999349 -0.0200916 0.996396 -0.0775871 0.0342903 -0.447964
1548883278396668672 201 -0.0756948 -0.997111 -0.0062419 0.00426459 0.0282754 0.00411092 -0.999592 -0.0227149 0.99673 -0.0758404 0.0278826 -0.48052
1548883278595702784 206 -0.075955 -0.997103 -0.00412473 0.00802984 0.0331606 0.0016084 -0.999449 -0.0219267 0.99656 -0.0760499 0.0329423 -0.508584
1548883278829066752 217 -0.0798934 -0.996797 -0.00355248 0.0128759 0.0310222 0.00107575 -0.999518 -0.0232201 0.996321 -0.0799651 0.0308369 -0.549673
1548883278929080832 227 -0.0817087 -0.996652 -0.00297491 0.0143196 0.0336082 0.000227913 -0.999435 -0.0236156 0.996089 -0.0817625 0.0334771 -0.563831
1548883279062431744 235 -0.0835091 -0.996497 -0.00451896 0.0143006 0.0329416 0.00177178 -0.999456 -0.0250863 0.995962 -0.0836126 0.0326783 -0.586584
1548883279261218816 244 -0.0867583 -0.99622 -0.00438697 0.0165343 0.0303437 0.00175902 -0.999538 -0.0269249 0.995767 -0.0868513 0.0300764 -0.623181
1548883279494582784 251 -0.0875972 -0.996156 -0.000806399 0.0228076 0.0249961 -0.00138878 -0.999687 -0.0311345 0.995842 -0.0875899 0.0250216 -0.665735
1548883279794622720 255 -0.0904031 -0.995818 -0.013217 0.0176286 0.0303809 0.0105076 -0.999483 -0.0336351 0.995442 -0.0907579 0.0293039 -0.714893
1548883280094661632 260 -0.0902347 -0.995797 -0.0157068 0.0218718 0.0287437 0.0131605 -0.9995 -0.0374449 0.995506 -0.0906411 0.0274353 -0.770456
1548883280393314816 266 -0.091353 -0.995694 -0.0157364 0.0275219 0.0252524 0.0134811 -0.99959 -0.0417337 0.995498 -0.0917129 0.0239122 -0.827055
1548883280560002816 274 -0.0893556 -0.995919 -0.0126536 0.0320413 0.0210421 0.010814 -0.99972 -0.0445579 0.995777 -0.0895969 0.0199899 -0.863365
1548883280925348608 280 -0.0849525 -0.996374 -0.00471308 0.0448422 0.0216714 0.00288136 -0.999761 -0.0453971 0.996149 -0.0850344 0.021348 -0.930194
1548883281258725632 286 -0.0838078 -0.996482 0.000461238 0.0535481 0.0193037 -0.00208629 -0.999811 -0.0488879 0.996295 -0.083783 0.0194106 -0.989762
1548883281525427712 290 -0.0810408 -0.99671 -0.00119694 0.0568123 0.0213843 -0.000538111 -0.999771 -0.052601 0.996481 -0.0810478 0.0213576 -1.03457
1548883281823954688 296 -0.0834339 -0.996505 -0.0039537 0.0615075 0.0198738 0.00230281 -0.9998 -0.0567305 0.996315 -0.0834957 0.0196122 -1.08818
1548883282057318656 308 -0.0866864 -0.99621 -0.00712631 0.064977 0.0229057 0.00515829 -0.999724 -0.0578714 0.995972 -0.0868258 0.0223717 -1.13205
1548883282190669824 313 -0.0873262 -0.996146 -0.00823977 0.0661672 0.0270897 0.00589368 -0.999616 -0.0584338 0.995811 -0.0875158 0.0264706 -1.15185
1548883282357357824 320 -0.0891965 -0.995951 -0.0111807 0.0653259 0.0345382 0.00812584 -0.99937 -0.0598881 0.995415 -0.0895265 0.0336735 -1.17605
1548883282557384704 326 -0.0880532 -0.995989 -0.0159183 0.0667262 0.0334567 0.0130143 -0.999355 -0.0612247 0.995554 -0.088529 0.0321765 -1.21386
1548883282824085760 332 -0.0897273 -0.99584 -0.0158556 0.0722056 0.0341223 0.0128367 -0.999335 -0.0655467 0.995382 -0.0902086 0.0328285 -1.26257
1548883283024112640 337 -0.0905857 -0.995742 -0.0170739 0.0750756 0.0342239 0.0140217 -0.999316 -0.0672811 0.9953 -0.0911081 0.032808 -1.29815
1548883283224138752 342 -0.0952888 -0.995283 -0.018228 0.0785986 0.0390927 0.0145557 -0.99913 -0.0678873 0.994682 -0.0959184 0.0375213 -1.33571
1548883283357489664 350 -0.0992944 -0.994836 -0.0210389 0.0784551 0.0371653 0.0174209 -0.999157 -0.0688975 0.994364 -0.0999927 0.0352435 -1.36166
1548883283557515776 353 -0.110723 -0.99357 -0.0236441 0.0807318 0.0398428 0.0193337 -0.999019 -0.0733262 0.993052 -0.111557 0.0374459 -1.39888
1548883283957568768 359 -0.13907 -0.990171 -0.0148866 0.0921896 0.0514639 0.00778591 -0.998645 -0.0758171 0.988944 -0.139647 0.0498753 -1.46889
1548883284124257792 365 -0.146721 -0.989024 -0.0174443 0.0945289 0.0530059 0.0097489 -0.998547 -0.0781134 0.987757 -0.147432 0.0509938 -1.49927
1548883284357621760 373 -0.153917 -0.987967 -0.015197 0.102812 0.0568482 0.00650041 -0.998362 -0.0824308 0.986447 -0.154529 0.0551636 -1.54085
1548883284557647616 380 -0.16383 -0.986432 -0.0105844 0.110446 0.0568301 0.00127405 -0.998383 -0.0843537 0.98485 -0.164167 0.0558503 -1.57527
1548883284757674752 385 -0.166624 -0.9859 -0.0154317 0.115487 0.0546032 0.00640043 -0.998488 -0.0883999 0.984507 -0.167215 0.0527668 -1.61541
1548883284924362752 391 -0.169988 -0.985287 -0.0177051 0.120276 0.0549966 0.00845326 -0.998451 -0.0901589 0.98391 -0.170699 0.0527505 -1.64794
1548883285091051776 401 -0.170479 -0.985118 -0.0218883 0.121317 0.0584114 0.0120711 -0.99822 -0.092935 0.983629 -0.171454 0.0554842 -1.67901
1548883285357753600 406 -0.175675 -0.984134 -0.0248783 0.127457 0.0623534 0.0140971 -0.997955 -0.0968614 0.982472 -0.176867 0.0588876 -1.72829
1548883285457766656 411 -0.177856 -0.983797 -0.022606 0.132942 0.0594704 0.0121846 -0.998156 -0.0963128 0.982258 -0.178872 0.0563397 -1.74919
1548883285657792768 419 -0.182502 -0.98297 -0.0215148 0.140101 0.0571004 0.011249 -0.998305 -0.0994892 0.981546 -0.183421 0.054075 -1.7883
1548883285857818624 425 -0.184056 -0.9826 -0.0248994 0.143179 0.0583607 0.0143627 -0.998192 -0.103776 0.981182 -0.185177 0.0547017 -1.82593
1548883286124520704 433 -0.188976 -0.98149 -0.0310818 0.146457 0.0570409 0.020627 -0.998159 -0.110311 0.980324 -0.190401 0.052087 -1.87854
1548883286357884672 437 -0.191661 -0.981037 -0.0288533 0.155605 0.0604628 0.0175404 -0.998016 -0.113227 0.979597 -0.193025 0.0559545 -1.91999
1548883286524573696 445 -0.198888 -0.979403 -0.0348355 0.156851 0.0524701 0.024853 -0.998313 -0.116069 0.978617 -0.20038 0.0464464 -1.95879
1548883286724599808 452 -0.199526 -0.979261 -0.0351864 0.16227 0.0517306 0.0253318 -0.99834 -0.120827 0.978526 -0.201015 0.0456034 -1.99507
1548883287057977600 458 -0.197947 -0.979656 -0.0330185 0.176397 0.0652052 0.0204502 -0.997662 -0.123206 0.978042 -0.199637 0.0598306 -2.05129
1548883287224665600 464 -0.19602 -0.979963 -0.0353337 0.180314 0.0597902 0.0240216 -0.997922 -0.125171 0.978775 -0.197725 0.0538835 -2.08772
1548883287391354624 468 -0.195897 -0.980132 -0.0310753 0.18793 0.0673405 0.0181688 -0.997565 -0.126297 0.97831 -0.197512 0.0624433 -2.11257
1548883287658056704 472 -0.186108 -0.982292 -0.0215906 0.205337 0.0669191 0.00925086 -0.997716 -0.129752 0.980248 -0.187128 0.0640124 -2.16718
1548883287858082816 480 -0.178399 -0.983763 -0.0196112 0.212531 0.0664148 0.00784632 -0.997761 -0.132798 0.981714 -0.179302 0.0639367 -2.21039
1548883288124784640 486 -0.162415 -0.986556 -0.0181405 0.221787 0.0519177 0.0098149 -0.998603 -0.140096 0.985356 -0.16313 0.0496256 -2.27764
1548883288258135808 493 -0.156382 -0.987621 -0.0121849 0.230715 0.0435491 0.00543006 -0.999037 -0.14303 0.986736 -0.156762 0.0421608 -2.31299
1548883288524836608 497 -0.151283 -0.988462 0.007546 0.254326 0.031517 -0.0124533 -0.999426 -0.15078 0.987988 -0.150958 0.0330374 -2.38356
1548883288758201600 502 -0.150838 -0.98845 0.014673 0.268018 0.0291187 -0.0192789 -0.99939 -0.156697 0.98813 -0.150319 0.0316904 -2.44128
1548883288958227712 505 -0.150042 -0.988251 0.0290963 0.28774 0.0132965 -0.0314437 -0.999417 -0.161908 0.98859 -0.149567 0.0178581 -2.49942
1548883289159766784 511 -0.147956 -0.9887 0.0241249 0.290159 0.0164275 -0.0268468 -0.999505 -0.162794 0.988857 -0.147487 0.020214 -2.54854
1548883289293117696 519 -0.147667 -0.988697 0.0259518 0.294305 0.0156458 -0.0285714 -0.999469 -0.164879 0.988913 -0.147182 0.019688 -2.58285
1548883289426468608 526 -0.146313 -0.988832 0.0283466 0.300619 0.0168372 -0.0311401 -0.999373 -0.165816 0.989095 -0.145744 0.0212054 -2.61613
1548883289693170688 532 -0.145205 -0.989063 0.0258856 0.306763 0.0228656 -0.0295105 -0.999303 -0.166985 0.989137 -0.144512 0.0269006 -2.68049
1548883289893196800 539 -0.142515 -0.989438 0.0264947 0.312237 0.0214732 -0.0298524 -0.999324 -0.167979 0.98956 -0.141849 0.0255008 -2.73054
1548883290126560768 544 -0.138792 -0.990252 0.0117457 0.310395 0.0343622 -0.0166688 -0.99927 -0.169159 0.989725 -0.138287 0.0363408 -2.78088
1548883290259911680 549 -0.132442 -0.991138 0.0102645 0.313266 0.0320198 -0.0146286 -0.99938 -0.171619 0.990673 -0.132031 0.0336735 -2.81378
1548883290426600704 553 -0.130567 -0.991388 0.0100986 0.319222 0.0266735 -0.0136946 -0.99955 -0.178142 0.991081 -0.130239 0.0282318 -2.85961
1548883290526613760 560 -0.130182 -0.991359 0.0160903 0.326834 0.0312703 -0.0203256 -0.999304 -0.177995 0.990997 -0.129589 0.0336461 -2.87936
1548883290726639616 571 -0.129656 -0.991185 0.0272368 0.341137 0.0451136 -0.0333371 -0.998425 -0.179253 0.990532 -0.128223 0.0490383 -2.92159
1548883290993341696 575 -0.133604 -0.990685 0.026336 0.346685 0.0515042 -0.0334793 -0.998111 -0.183405 0.989696 -0.131995 0.0554974 -2.98445
1548883291226705664 584 -0.149378 -0.988475 0.0245671 0.3532 0.0621489 -0.0341829 -0.997481 -0.187316 0.986825 -0.147475 0.0665388 -3.03655
1548883291426732800 593 -0.169734 -0.985249 0.0217744 0.359272 0.0681938 -0.0337845 -0.9971 -0.189436 0.983128 -0.167757 0.0729222 -3.08843
1548883291660096768 605 -0.197971 -0.980138 0.0117288 0.357977 0.0762625 -0.0273309 -0.996713 -0.192704 0.977237 -0.196426 0.0801585 -3.1408
1548883291826784768 609 -0.20906 -0.977903 0.000512818 0.355519 0.0732253 -0.0161773 -0.997184 -0.196143 0.975157 -0.208433 0.0749892 -3.18463
1548883291993473792 615 -0.219825 -0.975527 -0.00498661 0.357925 0.0713402 -0.0109774 -0.997392 -0.199223 0.972927 -0.219608 0.0720073 -3.22573
1548883292126824704 622 -0.220076 -0.975473 -0.00433393 0.365132 0.0628724 -0.00975072 -0.997974 -0.20336 0.973454 -0.219903 0.0634763 -3.25974
1548883292360188672 630 -0.224527 -0.974464 -0.00278845 0.37499 0.0679277 -0.0127966 -0.997608 -0.207865 0.972097 -0.22418 0.0690663 -3.29593
1548883292726903808 634 -0.22372 -0.974646 0.00391447 0.395995 0.0640839 -0.0187172 -0.997769 -0.216787 0.972544 -0.22297 0.0666465 -3.3653
1548883292860254720 641 -0.222827 -0.974833 0.00705393 0.404141 0.0572264 -0.0203035 -0.998155 -0.220659 0.973177 -0.222012 0.0603103 -3.39508
1548883293160293632 651 -0.219268 -0.975522 0.0166722 0.42424 0.0510008 -0.0285248 -0.998291 -0.223176 0.974331 -0.218043 0.056007 -3.45679
1548883293460333824 663 -0.220938 -0.974792 0.031083 0.445767 0.0438507 -0.0417671 -0.998165 -0.222203 0.974302 -0.21917 0.0519733 -3.51986
1548883293860385792 664 -0.229982 -0.972503 0.0366907 0.467613 0.0141746 -0.0410446 -0.999057 -0.228898 0.973092 -0.229245 0.0232244 -3.61486
1548883293993736704 675 -0.230569 -0.972472 0.0336962 0.472408 0.00822568 -0.0365759 -0.999297 -0.232145 0.973021 -0.23013 0.0164325 -3.64869
1548883294193763584 680 -0.232133 -0.972258 0.0287927 0.476517 -0.000252035 -0.0295411 -0.999564 -0.233407 0.972684 -0.232039 0.00661242 -3.69324
1548883294427127808 684 -0.230407 -0.97287 0.0209215 0.480475 -0.00180135 -0.0210735 -0.999776 -0.235325 0.973093 -0.230393 0.00310299 -3.74011
1548883294693829632 693 -0.228684 -0.973274 0.0209962 0.493037 -0.00939765 -0.0193596 -0.999768 -0.241994 0.973455 -0.228829 -0.00471925 -3.80043
1548883294827179776 698 -0.227404 -0.973554 0.0219093 0.497603 -0.0137515 -0.0192861 -0.999719 -0.244299 0.973703 -0.227641 -0.0090021 -3.82709
1548883295060544768 705 -0.227032 -0.973454 0.0290674 0.51604 -0.0176512 -0.0257289 -0.999513 -0.246967 0.973727 -0.227434 -0.0113414 -3.87973
1548883295393921792 707 -0.226852 -0.973512 0.0284868 0.532776 0.0199798 -0.033895 -0.999226 -0.249885 0.973724 -0.226108 0.0271398 -3.92604
1548883295793973760 717 -0.224643 -0.973848 0.034002 0.55533 0.046822 -0.045641 -0.99786 -0.251488 0.973316 -0.22257 0.0558504 -3.98937
1548883295827311616 723 -0.225225 -0.973692 0.0346128 0.555777 0.048275 -0.0466343 -0.997745 -0.250786 0.97311 -0.223046 0.0575082 -3.99531
1548883296195395584 733 -0.228182 -0.973144 0.0303992 0.571955 0.0635925 -0.0460529 -0.996913 -0.2544 0.971539 -0.225544 0.0723931 -4.06472
1548883296362084608 743 -0.232405 -0.971882 0.0378598 0.584746 0.0555756 -0.0521317 -0.997093 -0.258297 0.97103 -0.229626 0.0661286 -4.10414
1548883296495435776 747 -0.230178 -0.972561 0.0338062 0.587676 0.0602354 -0.0489112 -0.996985 -0.260293 0.971283 -0.227448 0.0698409 -4.13166
1548883296795474688 750 -0.228351 -0.972477 0.0463117 0.609057 0.0573783 -0.0609285 -0.996492 -0.266042 0.971887 -0.224893 0.0697122 -4.19394
1548883296962163712 754 -0.227466 -0.972241 0.0548325 0.623123 0.0514995 -0.0682405 -0.996339 -0.268151 0.972423 -0.22381 0.0655923 -4.23744
1548883297195527680 761 -0.230416 -0.971926 0.0476365 0.626773 0.0517945 -0.0611339 -0.996785 -0.270991 0.971713 -0.227208 0.0644266 -4.28596
1548883297262202624 763 -0.229551 -0.972722 0.0334351 0.621404 0.0592752 -0.0482604 -0.997074 -0.270935 0.97149 -0.226897 0.0687365 -4.30197
1548883297595580672 771 -0.223708 -0.973926 0.0377294 0.640856 0.0401745 -0.0478917 -0.998044 -0.281046 0.973828 -0.221755 0.0498407 -4.38337
1548883297795606784 776 -0.2209 -0.974457 0.0404645 0.65112 0.0339688 -0.0491514 -0.998214 -0.284827 0.974705 -0.219131 0.0439587 -4.42765
1548883298128983808 779 -0.220019 -0.974772 0.0375655 0.664999 0.0460048 -0.0488348 -0.997747 -0.292383 0.97441 -0.217795 0.0555888 -4.49444
1548883298462360576 783 -0.218833 -0.975268 0.031057 0.672597 0.03223 -0.0390356 -0.998718 -0.303462 0.97523 -0.217551 0.0399752 -4.57063
1548883298595711744 788 -0.218165 -0.975175 0.0379204 0.689032 0.0321282 -0.0460121 -0.998424 -0.305115 0.975383 -0.216603 0.0413689 -4.6036
1548883298695725824 790 -0.216645 -0.975064 0.0481167 0.705098 0.0287363 -0.0556352 -0.998038 -0.306619 0.975827 -0.214837 0.0400728 -4.62481
1548883298829075712 799 -0.224887 -0.973019 0.0515651 0.71549 0.033566 -0.0606254 -0.997596 -0.306782 0.973807 -0.222616 0.0462942 -4.64786
1548883299062440704 803 -0.227196 -0.972838 0.0443568 0.719071 0.0468127 -0.0564051 -0.99731 -0.311745 0.972723 -0.224508 0.0583562 -4.68639
1548883299129115648 810 -0.231009 -0.972072 0.0413704 0.719015 0.0510067 -0.0545617 -0.997207 -0.313357 0.971614 -0.228253 0.0621864 -4.70096
1548883299395817728 815 -0.229258 -0.972398 0.0433981 0.728465 0.058414 -0.0582499 -0.996592 -0.317247 0.971611 -0.225942 0.0701559 -4.75073
1548883299562505728 823 -0.229204 -0.971673 0.0575942 0.746721 0.0511009 -0.0710996 -0.996159 -0.319737 0.972036 -0.22538 0.0659496 -4.78969
1548883299662519808 825 -0.230192 -0.971556 0.0555988 0.751052 0.0550393 -0.0700397 -0.996025 -0.321182 0.971587 -0.226217 0.0695963 -4.80757
1548883299795870720 831 -0.230536 -0.970982 0.0636145 0.765655 0.0497419 -0.0770495 -0.995786 -0.324371 0.971792 -0.2264 0.0660612 -4.83831
1548883299962558720 836 -0.229804 -0.971679 0.0550565 0.769004 0.0569497 -0.0698991 -0.995927 -0.327312 0.971569 -0.225732 0.0713998 -4.87178
1548883300029234688 843 -0.227515 -0.972104 0.0570111 0.773132 0.0596326 -0.0723455 -0.995595 -0.327394 0.971947 -0.223113 0.0744288 -4.88328
1548883300329273600 851 -0.232273 -0.970265 0.0680767 0.801497 0.0496604 -0.0817296 -0.995417 -0.338149 0.971382 -0.227828 0.0671674 -4.952
1548883300462624768 857 -0.234935 -0.969562 0.0689552 0.80937 0.048466 -0.0825372 -0.995409 -0.341112 0.970802 -0.230514 0.0663817 -4.98326
1548883300695988736 861 -0.23128 -0.970516 0.0678843 0.823621 0.0742738 -0.0871863 -0.993419 -0.338027 0.970048 -0.224716 0.0922483 -5.02148
1548883300862677760 872 -0.233644 -0.970225 0.0638319 0.826919 0.0697963 -0.0822151 -0.994168 -0.342719 0.969814 -0.227826 0.0869272 -5.05447
1548883301129379584 881 -0.228924 -0.972242 0.0483618 0.830967 0.0828779 -0.068967 -0.99417 -0.349627 0.96991 -0.223582 0.0963656 -5.10613
1548883301196054784 888 -0.229829 -0.972179 0.0452308 0.832735 0.0875221 -0.0669327 -0.993911 -0.351224 0.969288 -0.224471 0.10047 -5.11959
1548883301396080640 895 -0.224981 -0.973027 0.0510028 0.847425 0.0856719 -0.0718966 -0.993726 -0.355993 0.970589 -0.2192 0.0995365 -5.16682
1548883301564009728 903 -0.221848 -0.9732 0.0605429 0.862755 0.0871584 -0.0816334 -0.992844 -0.358027 0.971178 -0.214984 0.102933 -5.20265
1548883301797373696 910 -0.228733 -0.971471 0.0626516 0.877381 0.0779281 -0.0824235 -0.993546 -0.366526 0.970365 -0.222375 0.0945579 -5.25864
1548883302064075776 912 -0.234797 -0.97062 0.0525948 0.884765 0.0811926 -0.0735017 -0.993985 -0.377369 0.968648 -0.229114 0.0960652 -5.31783
1548883302264101632 921 -0.233779 -0.971391 0.0418008 0.890585 0.070327 -0.0597734 -0.995732 -0.384804 0.969743 -0.229842 0.0822888 -5.37368
1548883302397452800 928 -0.239308 -0.970369 0.0334063 0.891558 0.0573878 -0.0484819 -0.997174 -0.390866 0.969246 -0.236715 0.0672894 -5.41408
1548883302764167680 931 -0.239958 -0.969608 0.0477443 0.92495 0.04769 -0.0608955 -0.997004 -0.396776 0.969611 -0.236962 0.060853 -5.50394
1548883303064207616 934 -0.253633 -0.966048 0.0492175 0.942566 0.0599221 -0.0664752 -0.995987 -0.401269 0.965443 -0.249666 0.0747478 -5.55999
1548883303297571584 938 -0.260886 -0.964393 0.0434183 0.954459 0.0518508 -0.0589091 -0.996916 -0.409975 0.963976 -0.25783 0.0653731 -5.61779
1548883303530935808 942 -0.265752 -0.963315 0.0374187 0.964589 0.0437791 -0.0508336 -0.997747 -0.416794 0.963047 -0.263515 0.0556822 -5.67732
1548883303797637632 945 -0.273642 -0.961412 0.0284023 0.973958 0.0346799 -0.0393723 -0.998623 -0.4245 0.961206 -0.27228 0.0441156 -5.74096
1548883304031001600 950 -0.272179 -0.961586 0.0356578 0.996752 0.0535133 -0.0521258 -0.997206 -0.425038 0.960757 -0.269511 0.0656452 -5.78072
1548883304097676800 954 -0.277244 -0.960158 0.0351184 1.0006 0.0552246 -0.0524155 -0.997097 -0.426218 0.959211 -0.274499 0.0675561 -5.79197
1548883304397716736 966 -0.283228 -0.958571 0.0303772 1.01596 0.054984 -0.0478519 -0.99734 -0.430289 0.957475 -0.280805 0.0662591 -5.8582
1548883304631080704 974 -0.27418 -0.96094 0.0376679 1.03801 0.0597044 -0.0561023 -0.996638 -0.432045 0.959823 -0.271009 0.0727545 -5.90743
1548883304731093760 984 -0.274247 -0.960895 0.0383426 1.04417 0.0571069 -0.0560738 -0.996792 -0.434362 0.959962 -0.271178 0.0702518 -5.92695
1548883304831106816 991 -0.281716 -0.958925 0.0331429 1.04462 0.0539031 -0.0503043 -0.997278 -0.436872 0.957983 -0.279162 0.0658605 -5.94775
1548883304964457728 996 -0.275956 -0.960651 0.0315999 1.0536 0.0536778 -0.048228 -0.997393 -0.439331 0.95967 -0.273541 0.0648744 -5.97668
1548883305097808640 1002 -0.27755 -0.960286 0.0285805 1.05799 0.0425789 -0.0420157 -0.998209 -0.443231 0.959767 -0.275836 0.0525494 -6.01155
1548883305197821696 1005 -0.278996 -0.95973 0.0328651 1.06848 0.0414985 -0.0462417 -0.998068 -0.443709 0.959395 -0.277094 0.0527286 -6.03421
1548883305364510720 1010 -0.283321 -0.958378 0.0352378 1.08077 0.0326371 -0.0463573 -0.998392 -0.445579 0.95847 -0.281715 0.0444126 -6.0754
1548883305497860608 1015 -0.282981 -0.958611 0.031424 1.08461 0.0367476 -0.0435754 -0.998374 -0.445816 0.958421 -0.281366 0.0475577 -6.09884
1548883305897913600 1017 -0.277182 -0.960525 0.0237073 1.1003 0.0279099 -0.0327128 -0.999075 -0.451503 0.960412 -0.276264 0.0358756 -6.18236
1548883306164615680 1029 -0.279073 -0.960065 0.0198198 1.11046 0.0144902 -0.0248477 -0.999586 -0.458962 0.960161 -0.27867 0.0208458 -6.23949
1548883306497992704 1037 -0.275818 -0.96101 0.0196167 1.12655 0.0120464 -0.0238627 -0.999643 -0.465573 0.961135 -0.275483 0.0181584 -6.30499
1548883306731356672 1046 -0.275355 -0.961072 0.0227991 1.14274 0.0146935 -0.0279205 -0.999502 -0.468047 0.96123 -0.274882 0.0218095 -6.34801
1548883306898045696 1053 -0.273587 -0.96149 0.0262195 1.15524 0.0305983 -0.0359458 -0.998885 -0.466623 0.96136 -0.27248 0.0392543 -6.3667
1548883307098071808 1057 -0.277173 -0.96057 0.0219348 1.16302 0.0330415 -0.032345 -0.99893 -0.46972 0.960252 -0.276152 0.0407038 -6.40647
1548883307198084608 1065 -0.276887 -0.960653 0.0218778 1.16939 0.0364424 -0.0332499 -0.998782 -0.470605 0.960211 -0.275753 0.044215 -6.42315
1548883307364773632 1070 -0.278437 -0.960272 0.0187243 1.17562 0.0374375 -0.0303316 -0.998839 -0.472413 0.959724 -0.277413 0.0443956 -6.45433
1548883307531462656 1076 -0.276311 -0.960993 0.0119801 1.17905 0.0353064 -0.022607 -0.999121 -0.473983 0.960419 -0.275646 0.0401758 -6.48966
1548883307598137600 1084 -0.277373 -0.960694 0.0114451 1.18166 0.0373071 -0.0226733 -0.999047 -0.475128 0.960038 -0.276681 0.0421297 -6.5008
1548883307998190592 1096 -0.280003 -0.959872 0.0156248 1.20397 0.0592816 -0.0335332 -0.997678 -0.477344 0.958167 -0.278427 0.0662922 -6.55211
1548883308264892672 1099 -0.280652 -0.95972 0.0131128 1.21594 0.0628394 -0.0320053 -0.99751 -0.480446 0.95775 -0.279129 0.0692906 -6.59618
1548883308564931584 1106 -0.28383 -0.958837 0.00848734 1.22541 0.0671071 -0.0286928 -0.997333 -0.485404 0.956524 -0.282503 0.0724886 -6.6446
1548883308798295808 1113 -0.283229 -0.959042 0.00452057 1.23201 0.0740997 -0.0265825 -0.996896 -0.489146 0.956185 -0.282015 0.0785937 -6.68129
1548883308931646720 1114 -0.282129 -0.959375 0.00156819 1.23652 0.0820023 -0.0257434 -0.9963 -0.491377 0.955866 -0.280956 0.085934 -6.69736
1548883309198348800 1125 -0.279417 -0.960135 -0.00814787 1.24273 0.0887534 -0.0173775 -0.995902 -0.497384 0.956059 -0.278995 0.0900708 -6.73614
1548883309365037824 1134 -0.280263 -0.959835 -0.01304 1.24631 0.090452 -0.0128823 -0.995817 -0.501831 0.955652 -0.28027 0.0904294 -6.76647
1548883309565063680 1145 -0.281675 -0.959415 -0.0134654 1.25472 0.0791348 -0.00924276 -0.996821 -0.508795 0.956241 -0.281845 0.0785266 -6.80618
1548883309831765760 1151 -0.28467 -0.958339 -0.0234376 1.26195 0.0842177 -0.000646839 -0.996447 -0.512267 0.954919 -0.285632 0.0808932 -6.85227
1548883310231817728 1164 -0.285364 -0.957623 -0.0390646 1.27109 0.0695322 0.0199664 -0.99738 -0.523373 0.955894 -0.287333 0.0608879 -6.93028
1548883310331831808 1174 -0.287865 -0.956634 -0.0445563 1.27186 0.0679224 0.0260139 -0.997351 -0.525369 0.955259 -0.290129 0.0574884 -6.94987
1548883310565195776 1183 -0.28525 -0.95741 -0.0447107 1.28181 0.0557392 0.0299991 -0.997995 -0.531682 0.956831 -0.28717 0.044808 -6.99635
1548883310798559744 1192 -0.283234 -0.957805 -0.0488688 1.29005 0.0476671 0.0368333 -0.998184 -0.537625 0.957866 -0.285049 0.0352233 -7.04008
1548883310831896576 1200 -0.280953 -0.958524 -0.0479376 1.29115 0.045282 0.0366544 -0.998302 -0.537815 0.958653 -0.282646 0.0331057 -7.048
1548883311197371648 1207 -0.277613 -0.960208 -0.0305187 1.32198 0.0434642 0.0191813 -0.998871 -0.54312 0.959709 -0.278626 0.0364097 -7.10623
1548883311497411584 1215 -0.276489 -0.96053 -0.0306048 1.33574 0.0393842 0.0204942 -0.999014 -0.548724 0.96021 -0.277422 0.0321633 -7.16375
1548883311864126720 1227 -0.278394 -0.960025 -0.0291381 1.35309 0.0577643 0.0135471 -0.998238 -0.552519 0.958728 -0.279587 0.0516837 -7.20903
1548883312064152576 1234 -0.278211 -0.960138 -0.027097 1.36296 0.0516503 0.0132157 -0.998578 -0.55715 0.95913 -0.279214 0.0459146 -7.24686
1548883312497543680 1242 -0.282689 -0.958963 -0.0218308 1.38865 0.0711779 0.00172497 -0.997462 -0.564155 0.956567 -0.283525 0.0677693 -7.30455
1548883312830920704 1245 -0.285449 -0.958371 -0.00659048 1.41533 0.0599385 -0.0109886 -0.998142 -0.57334 0.956518 -0.285313 0.06058 -7.3628
1548883313130959616 1254 -0.28867 -0.957421 0.0037816 1.4366 0.0556932 -0.0207348 -0.998233 -0.579647 0.955807 -0.287949 0.0593074 -7.4156
1548883313430999808 1270 -0.296732 -0.954941 0.006095 1.45139 0.0601312 -0.0250538 -0.997876 -0.582584 0.953066 -0.295735 0.064856 -7.46243
1548883313697701632 1278 -0.305012 -0.952312 -0.00831288 1.45316 0.0743913 -0.0151225 -0.997114 -0.583261 0.949439 -0.304751 0.0754563 -7.50026
1548883313929696768 1292 -0.310842 -0.950401 -0.0107289 1.46447 0.0723371 -0.0124005 -0.997303 -0.586667 0.947705 -0.31078 0.0726039 -7.53899
1548883314196398592 1299 -0.315282 -0.948813 -0.0187408 1.46988 0.0747664 -0.00514792 -0.997188 -0.590782 0.946048 -0.315797 0.0725624 -7.58296
1548883314596450816 1310 -0.319485 -0.947204 -0.0270818 1.48439 0.0739643 0.00356525 -0.997255 -0.594422 0.9447 -0.320611 0.0689203 -7.64971
1548883314829814784 1311 -0.316819 -0.948093 -0.0272899 1.49536 0.0632281 0.007597 -0.99797 -0.600977 0.946376 -0.317901 0.0575392 -7.69507
1548883315096516608 1323 -0.319287 -0.947208 -0.0292071 1.5099 0.0431839 0.0162456 -0.998935 -0.60831 0.946674 -0.320208 0.0357171 -7.75418
1548883315196529664 1328 -0.320916 -0.946753 -0.0259392 1.51636 0.0357429 0.0152617 -0.999244 -0.611631 0.946433 -0.3216 0.028942 -7.77489
1548883315496569600 1335 -0.321718 -0.946736 -0.013755 1.53811 0.0350815 0.00259856 -0.999381 -0.615452 0.946185 -0.322001 0.0323769 -7.81985
1548883316028460800 1342 -0.325762 -0.945355 -0.0135169 1.56555 0.0272401 0.00490601 -0.999617 -0.623154 0.945059 -0.326006 0.0241534 -7.91283
1548883316295161600 1353 -0.330182 -0.943876 -0.0088206 1.58169 0.0331376 -0.00225208 -0.999448 -0.625114 0.943335 -0.330292 0.0320213 -7.94908
1548883316761890816 1365 -0.337113 -0.941447 -0.00575895 1.60749 0.0497998 -0.0117232 -0.99869 -0.62825 0.940146 -0.336959 0.0508359 -8.01177
1548883316995254784 1372 -0.344372 -0.938786 -0.00942191 1.61678 0.0458851 -0.00680641 -0.998924 -0.631357 0.937711 -0.344433 0.0454202 -8.052
1548883317361969664 1383 -0.356509 -0.934285 -0.00372141 1.64446 0.0339199 -0.00896262 -0.999384 -0.636149 0.933676 -0.356415 0.0348861 -8.11687
1548883317395306752 1388 -0.356375 -0.934307 -0.00824654 1.64407 0.0391733 -0.00612252 -0.999214 -0.637379 0.933522 -0.356417 0.0387818 -8.11963
1548883317795248640 1396 -0.36026 -0.932538 -0.0241983 1.65602 0.053321 0.00531247 -0.998563 -0.638492 0.931327 -0.361033 0.04781 -8.17532
1548883317961937664 1407 -0.358355 -0.933388 -0.0191663 1.6689 0.0563088 -0.00111711 -0.998413 -0.640049 0.931886 -0.358866 0.0529583 -8.19713
1548883318195301632 1418 -0.363162 -0.931511 -0.0200089 1.68208 0.0465239 0.00331868 -0.998912 -0.639867 0.930564 -0.363698 0.0421323 -8.24103
1548883318428665600 1419 -0.365988 -0.930522 -0.0135033 1.70187 0.0383168 -0.000569665 -0.999265 -0.641466 0.929831 -0.366236 0.0358631 -8.28028
1548883318795380736 1429 -0.367538 -0.929833 -0.0180854 1.72213 0.0321962 0.0067134 -0.999459 -0.648101 0.929451 -0.367921 0.0274696 -8.34401
1548883319195432704 1440 -0.374105 -0.927289 -0.0134744 1.75175 0.0251217 0.00439115 -0.999675 -0.655711 0.927046 -0.374322 0.0216523 -8.40916
1548883319428797696 1449 -0.377445 -0.926027 -0.00308558 1.7735 0.0341601 -0.0105936 -0.99936 -0.656267 0.925402 -0.377309 0.0356317 -8.43459
1548883319795511808 1455 -0.38435 -0.923123 -0.0109349 1.79067 0.0165828 0.00493941 -0.99985 -0.66007 0.923038 -0.384474 0.0134095 -8.50615
1548883319962200576 1465 -0.386948 -0.922046 -0.0100741 1.80097 0.00589512 0.00845127 -0.999947 -0.663108 0.922083 -0.386987 0.00216538 -8.54083
1548883320228902656 1470 -0.394831 -0.91866 -0.0131524 1.81632 -0.00213164 0.0152314 -0.999882 -0.665875 0.918751 -0.394756 -0.00797208 -8.58744
1548883320595617792 1485 -0.405822 -0.9138 -0.0166753 1.83894 0.00574335 0.0156951 -0.99986 -0.667513 0.913934 -0.405861 -0.00112113 -8.64061
1548883320962332672 1490 -0.411522 -0.911387 -0.00470902 1.87327 0.0139323 -0.00112455 -0.999902 -0.668935 0.911293 -0.411548 0.0131605 -8.68555
1548883320995670784 1502 -0.413337 -0.910564 -0.00501248 1.875 0.0161704 -0.00183624 -0.999868 -0.667571 0.910435 -0.413363 0.0154832 -8.68877
1548883321329047808 1513 -0.414526 -0.909995 -0.00878022 1.89614 0.013948 0.00329398 -0.999897 -0.671412 0.909931 -0.414606 0.0113272 -8.7399
1548883321695762688 1516 -0.412717 -0.910828 -0.00754609 1.91938 0.00781029 0.00474549 -0.999958 -0.675154 0.910826 -0.412759 0.00515529 -8.79317
1548883321995801600 1530 -0.413329 -0.910571 -0.00447372 1.93901 0.00493087 0.00267478 -0.999984 -0.678379 0.910568 -0.413344 0.00338435 -8.83667
1548883322195828736 1536 -0.416128 -0.909252 -0.00992498 1.94692 0.0138882 0.0045583 -0.999893 -0.676566 0.9092 -0.416221 0.0107311 -8.86196
1548883322529205760 1546 -0.418826 -0.908034 -0.00761765 1.96988 0.0128474 0.00246267 -0.999914 -0.677351 0.907976 -0.418888 0.0106344 -8.90735
1548883322695894784 1552 -0.418746 -0.908041 -0.0106211 1.97888 0.0148105 0.00486533 -0.999878 -0.677623 0.907983 -0.418852 0.0114112 -8.92916
1548883323195959808 1571 -0.417012 -0.908874 0.0069387 2.01998 0.0078386 -0.0112302 -0.999906 -0.680816 0.908867 -0.416919 0.0118074 -8.99751
1548883323362648576 1579 -0.418528 -0.908128 0.0117767 2.03437 0.00913081 -0.0171738 -0.999811 -0.681435 0.908158 -0.418341 0.0154796 -9.01907
1548883323762701824 1587 -0.417435 -0.908391 0.0239619 2.06699 0.00518019 -0.0287477 -0.999573 -0.68497 0.908692 -0.417133 0.0167059 -9.07043
1548883324129416704 1599 -0.416551 -0.908303 0.0383481 2.10101 -0.00256142 -0.0410092 -0.999155 -0.691037 0.909109 -0.416297 0.0147559 -9.12275
1548883324229429760 1610 -0.416373 -0.908191 0.0426931 2.10848 -0.00584045 -0.0442844 -0.999002 -0.69149 0.909175 -0.416207 0.0131346 -9.13619
1548883324696157696 1624 -0.412765 -0.909949 0.0402267 2.13383 -0.000198906 -0.0440744 -0.999028 -0.69333 0.910838 -0.412372 0.0180114 -9.19573
1548883324896183808 1630 -0.411436 -0.911069 0.0259485 2.13769 0.00774143 -0.031962 -0.999459 -0.693857 0.911406 -0.411013 0.0202033 -9.22404
1548883325229561600 1640 -0.408752 -0.912534 0.0142673 2.14843 0.0110985 -0.0206019 -0.999726 -0.691713 0.912578 -0.408482 0.0185488 -9.27078
1548883325429587712 1658 -0.405961 -0.913833 0.0102918 2.15629 0.0119491 -0.0165681 -0.999791 -0.689902 0.913812 -0.405753 0.0176455 -9.29819
1548883326063004672 1670 -0.400353 -0.916172 0.0186143 2.19817 0.0109769 -0.0251066 -0.999625 -0.692093 0.916295 -0.399999 0.0201082 -9.38104
1548883326329706752 1686 -0.39635 -0.917792 0.0237576 2.21704 0.00852352 -0.0295543 -0.999527 -0.693801 0.91806 -0.39596 0.0195367 -9.41742
1548883326596407808 1708 -0.396631 -0.917551 0.0280142 2.23398 0.00778868 -0.0338798 -0.999396 -0.695324 0.917945 -0.396173 0.0205843 -9.44891
1548883326996460800 1725 -0.39578 -0.917857 0.0299413 2.25601 0.000950037 -0.0330127 -0.999454 -0.699082 0.918345 -0.395536 0.0139378 -9.49855
1548883327363175680 1734 -0.39721 -0.917121 0.0333646 2.27603 -0.00269551 -0.0351896 -0.999377 -0.701217 0.917724 -0.397052 0.0115056 -9.54185
