1548881704561897984 10 0.99984 -0.01763 0.00370 0.00272 0.01769 0.99971 -0.01634 0.14099 -0.00341 0.01640 0.99986 -0.00214
1548881704595235072 11 0.99980 -0.01999 0.00267 0.00363 0.02005 0.99951 -0.02424 0.15748 -0.00218 0.02428 0.99970 -0.00226
1548881704628572928 12 0.99975 -0.02228 0.00320 0.00370 0.02236 0.99942 -0.02579 0.17283 -0.00263 0.02585 0.99966 -0.00247
1548881704661911040 13 0.99965 -0.02590 0.00548 0.00227 0.02604 0.99927 -0.02782 0.18684 -0.00476 0.02795 0.99960 -0.00260
1548881704695247872 14 0.99971 -0.02386 0.00224 0.00382 0.02391 0.99929 -0.02920 0.19875 -0.00154 0.02924 0.99957 -0.00259
1548881704728585984 15 0.99965 -0.02664 -0.00036 0.00700 0.02662 0.99939 -0.02251 0.20812 0.00096 0.02250 0.99975 -0.00259
1548881704761923840 16 0.99960 -0.02830 -0.00228 0.00926 0.02825 0.99939 -0.02074 0.21723 0.00286 0.02067 0.99978 -0.00250
1548881704795261952 17 0.99942 -0.03407 -0.00273 0.01116 0.03403 0.99931 -0.01519 0.22708 0.00325 0.01508 0.99988 -0.00223
1548881704828599040 18 0.99943 -0.03348 -0.00367 0.01113 0.03343 0.99934 -0.01417 0.23812 0.00415 0.01404 0.99989 -0.00202
1548881704861936896 19 0.99927 -0.03814 -0.00005 0.01059 0.03813 0.99911 -0.01784 0.25166 0.00073 0.01782 0.99984 -0.00210
1548881704895275008 20 0.99937 -0.03536 -0.00378 0.01090 0.03528 0.99919 -0.01939 0.26490 0.00447 0.01925 0.99980 -0.00179
1548881704928612864 21 0.99928 -0.03772 -0.00431 0.01171 0.03766 0.99919 -0.01391 0.27648 0.00483 0.01374 0.99989 -0.00192
1548881704961949952 22 0.99943 -0.03347 -0.00514 0.01146 0.03339 0.99934 -0.01397 0.28790 0.00560 0.01379 0.99989 -0.00283
1548881704995288064 23 0.99926 -0.03839 -0.00181 0.01013 0.03836 0.99917 -0.01381 0.29953 0.00234 0.01373 0.99990 -0.00352
1548881705028625920 24 0.99926 -0.03852 -0.00041 0.00859 0.03851 0.99916 -0.01400 0.31186 0.00095 0.01398 0.99990 -0.00399
1548881705061963008 25 0.99928 -0.03784 -0.00350 0.01015 0.03778 0.99917 -0.01537 0.32446 0.00408 0.01523 0.99988 -0.00453
1548881705095300864 26 0.99929 -0.03705 -0.00693 0.01307 0.03696 0.99924 -0.01198 0.33580 0.00737 0.01172 0.99990 -0.00502
1548881705128638976 27 0.99927 -0.03709 -0.00870 0.01400 0.03701 0.99927 -0.00978 0.34621 0.00906 0.00945 0.99991 -0.00554
1548881705161976832 28 0.99914 -0.04059 -0.00826 0.01348 0.04055 0.99916 -0.00505 0.35591 0.00846 0.00471 0.99995 -0.00563
1548881705195313920 29 0.99917 -0.04004 -0.00783 0.01274 0.04000 0.99919 -0.00497 0.36787 0.00802 0.00466 0.99996 -0.00548
1548881705228652032 30 0.99905 -0.04211 -0.01156 0.01439 0.04201 0.99908 -0.00913 0.38165 0.01193 0.00864 0.99989 -0.00492
1548881705261989888 31 0.99877 -0.04798 -0.01244 0.01564 0.04783 0.99879 -0.01164 0.39540 0.01299 0.01103 0.99985 -0.00510
1548881705295326976 32 0.99895 -0.04503 -0.00878 0.01454 0.04497 0.99896 -0.00721 0.40622 0.00910 0.00681 0.99994 -0.00653
1548881705328665088 33 0.99872 -0.04997 -0.00770 0.01378 0.04994 0.99874 -0.00419 0.41588 0.00790 0.00380 0.99996 -0.00700
1548881705362002944 34 0.99867 -0.05079 -0.00860 0.01374 0.05079 0.99871 -0.00085 0.42613 0.00863 0.00041 0.99996 -0.00724
1548881705395341056 35 0.99869 -0.05072 -0.00660 0.01177 0.05071 0.99871 -0.00188 0.43872 0.00669 0.00154 0.99998 -0.00797
1548881705428677888 36 0.99880 -0.04879 -0.00370 0.00940 0.04876 0.99877 -0.00864 0.45395 0.00412 0.00845 0.99996 -0.00853
1548881705462016000 37 0.99874 -0.05017 -0.00187 0.00670 0.05014 0.99866 -0.01258 0.46990 0.00250 0.01247 0.99992 -0.00857
1548881705495353856 38 0.99889 -0.04712 0.00046 0.00517 0.04712 0.99877 -0.01570 0.48522 0.00028 0.01570 0.99988 -0.00969
1548881705528691968 39 0.99883 -0.04827 -0.00141 0.00376 0.04825 0.99874 -0.01389 0.49775 0.00208 0.01381 0.99990 -0.00960
1548881705562029056 40 0.99892 -0.04648 0.00260 0.00137 0.04651 0.99886 -0.01047 0.50901 -0.00211 0.01058 0.99994 -0.00976
1548881705595366912 41 0.99879 -0.04886 0.00470 0.00010 0.04890 0.99878 -0.00691 0.51871 -0.00436 0.00713 0.99997 -0.01003
1548881705628705024 42 0.99880 -0.04895 0.00122 0.00194 0.04895 0.99880 0.00012 0.52658 -0.00123 -0.00006 1.00000 -0.01063
1548881705662041856 43 0.99879 -0.04910 -0.00118 0.00420 0.04911 0.99878 0.00467 0.53476 0.00095 -0.00472 0.99999 -0.01036
1548881705695379968 44 0.99878 -0.04907 -0.00501 0.00621 0.04908 0.99879 0.00153 0.54502 0.00492 -0.00177 0.99999 -0.01077
1548881705728718080 45 0.99895 -0.04561 -0.00435 0.00565 0.04564 0.99893 0.00751 0.55397 0.00400 -0.00770 0.99996 -0.01109
1548881705762055936 46 0.99877 -0.04965 -0.00047 0.00347 0.04965 0.99870 0.01183 0.56458 -0.00012 -0.01184 0.99993 -0.01119
1548881705795393024 47 0.99879 -0.04909 0.00099 0.00133 0.04909 0.99877 0.00658 0.57808 -0.00132 -0.00652 0.99998 -0.01140
1548881705828730880 48 0.99865 -0.05186 0.00055 0.00226 0.05186 0.99862 0.00876 0.59057 -0.00101 -0.00872 0.99996 -0.01217
1548881705862068992 49 0.99872 -0.05035 -0.00444 0.00513 0.05039 0.99868 0.00977 0.60227 0.00395 -0.00998 0.99994 -0.01270
1548881705895406848 50 0.99888 -0.04682 -0.00733 0.00747 0.04689 0.99885 0.00968 0.61530 0.00687 -0.01001 0.99993 -0.01329
1548881705928743936 51 0.99890 -0.04610 -0.00863 0.00808 0.04614 0.99892 0.00446 0.62872 0.00841 -0.00485 0.99995 -0.01391
1548881705962082048 52 0.99879 -0.04840 -0.00849 0.00801 0.04848 0.99878 0.00908 0.64074 0.00804 -0.00948 0.99992 -0.01456
1548881705995419904 53 0.99883 -0.04802 -0.00527 0.00588 0.04809 0.99876 0.01325 0.65040 0.00463 -0.01349 0.99990 -0.01437
1548881706028756992 54 0.99869 -0.05120 -0.00165 0.00286 0.05123 0.99843 0.02276 0.65849 0.00049 -0.02281 0.99974 -0.01361
1548881706062094848 55 0.99864 -0.05214 -0.00064 0.00051 0.05214 0.99827 0.02724 0.66694 -0.00079 -0.02724 0.99963 -0.01349
1548881706095432960 56 0.99871 -0.05079 -0.00084 0.00020 0.05079 0.99840 0.02468 0.67805 -0.00042 -0.02469 0.99970 -0.01406
1548881706128771072 57 0.99898 -0.04520 -0.00117 0.00058 0.04522 0.99871 0.02327 0.69001 0.00012 -0.02330 0.99973 -0.01425
1548881706162107904 58 0.99881 -0.04862 -0.00293 0.00157 0.04867 0.99854 0.02362 0.70367 0.00177 -0.02374 0.99972 -0.01425
1548881706195446016 59 0.99882 -0.04843 -0.00436 0.00263 0.04850 0.99866 0.01815 0.71814 0.00348 -0.01834 0.99983 -0.01480
1548881706228783872 60 0.99852 -0.05396 -0.00734 0.00435 0.05412 0.99827 0.02304 0.73014 0.00609 -0.02341 0.99971 -0.01503
1548881706262120960 61 0.99858 -0.05254 -0.00927 0.00557 0.05278 0.99823 0.02740 0.74153 0.00781 -0.02785 0.99958 -0.01535
1548881706295459072 62 0.99844 -0.05493 -0.00949 0.00604 0.05513 0.99823 0.02212 0.75357 0.00826 -0.02261 0.99971 -0.01688
1548881706328796928 63 0.99880 -0.04786 -0.01074 0.00605 0.04810 0.99857 0.02351 0.76354 0.00960 -0.02399 0.99967 -0.01749
1548881706361758976 64 0.99868 -0.04960 -0.01331 0.00627 0.04996 0.99835 0.02818 0.77162 0.01189 -0.02881 0.99951 -0.01872
1548881706395096064 65 0.99870 -0.04935 -0.01290 0.00604 0.04975 0.99822 0.03288 0.78131 0.01125 -0.03348 0.99938 -0.01972
1548881706428433920 66 0.99866 -0.05000 -0.01304 0.00490 0.05040 0.99820 0.03248 0.79445 0.01139 -0.03309 0.99939 -0.02054
1548881706461772032 67 0.99888 -0.04574 -0.01245 0.00335 0.04607 0.99855 0.02783 0.80964 0.01116 -0.02837 0.99954 -0.02065
1548881706495109888 68 0.99873 -0.04869 -0.01291 0.00313 0.04898 0.99852 0.02360 0.82613 0.01174 -0.02420 0.99964 -0.02053
1548881706528446976 69 0.99869 -0.04863 -0.01609 0.00444 0.04886 0.99870 0.01458 0.84279 0.01536 -0.01534 0.99976 -0.02114
1548881706561784832 70 0.99841 -0.05289 -0.01938 0.00689 0.05324 0.99842 0.01794 0.85625 0.01840 -0.01895 0.99965 -0.02218
1548881706595122944 71 0.99855 -0.05054 -0.01870 0.00760 0.05101 0.99837 0.02562 0.86576 0.01738 -0.02654 0.99950 -0.02331
1548881706628460032 72 0.99853 -0.05155 -0.01697 0.00579 0.05197 0.99832 0.02575 0.87547 0.01562 -0.02660 0.99952 -0.02417
1548881706661797888 73 0.99905 -0.04143 -0.01365 0.00137 0.04179 0.99875 0.02732 0.88467 0.01250 -0.02787 0.99953 -0.02434
1548881706695136000 74 0.99884 -0.04719 -0.00935 -0.00268 0.04747 0.99836 0.03192 0.89291 0.00783 -0.03233 0.99945 -0.02409
1548881706728473856 75 0.99888 -0.04649 -0.00871 -0.00329 0.04676 0.99832 0.03408 0.90279 0.00712 -0.03445 0.99938 -0.02483
1548881706761810944 76 0.99882 -0.04659 -0.01342 -0.00045 0.04701 0.99836 0.03260 0.91648 0.01188 -0.03319 0.99938 -0.02502
1548881706795149056 77 0.99889 -0.04367 -0.01759 0.00222 0.04414 0.99866 0.02714 0.93151 0.01638 -0.02788 0.99948 -0.02423
1548881706828486912 78 0.99888 -0.04503 -0.01437 0.00162 0.04550 0.99838 0.03404 0.94360 0.01281 -0.03465 0.99932 -0.02460
1548881706861825024 79 0.99890 -0.04594 -0.00977 -0.00196 0.04628 0.99818 0.03855 0.95515 0.00798 -0.03896 0.99921 -0.02457
1548881706895161856 80 0.99910 -0.04172 -0.00722 -0.00461 0.04191 0.99871 0.02879 0.96947 0.00601 -0.02907 0.99956 -0.02540
1548881706928499968 81 0.99885 -0.04718 -0.00815 -0.00463 0.04740 0.99845 0.02926 0.98093 0.00676 -0.02962 0.99954 -0.02646
1548881706961838080 82 0.99891 -0.04602 -0.00777 -0.00414 0.04627 0.99829 0.03574 0.98990 0.00611 -0.03606 0.99933 -0.02710
1548881706995174912 83 0.99884 -0.04723 -0.00945 -0.00333 0.04755 0.99818 0.03711 1.00014 0.00768 -0.03751 0.99927 -0.02775
1548881707028513024 84 0.99903 -0.04364 -0.00622 -0.00488 0.04383 0.99840 0.03583 1.01342 0.00465 -0.03607 0.99934 -0.02907
1548881707061850880 85 0.99883 -0.04811 -0.00516 -0.00622 0.04825 0.99832 0.03219 1.02775 0.00361 -0.03241 0.99947 -0.03051
1548881707095188992 86 0.99870 -0.05082 -0.00342 -0.00754 0.05090 0.99822 0.03093 1.04279 0.00184 -0.03106 0.99952 -0.03084
1548881707128526080 87 0.99862 -0.05241 -0.00223 -0.00827 0.05245 0.99826 0.02707 1.05867 0.00081 -0.02715 0.99963 -0.03078
1548881707161863936 88 0.99870 -0.05071 -0.00589 -0.00687 0.05084 0.99836 0.02634 1.07166 0.00455 -0.02661 0.99964 -0.03128
1548881707195202048 89 0.99859 -0.05277 -0.00621 -0.00482 0.05294 0.99810 0.03167 1.08336 0.00453 -0.03196 0.99948 -0.03129
1548881707228539904 90 0.99845 -0.05426 -0.01241 -0.00115 0.05460 0.99809 0.02884 1.09596 0.01082 -0.02947 0.99951 -0.03157
1548881707261876992 91 0.99837 -0.05553 -0.01332 0.00084 0.05588 0.99807 0.02704 1.10741 0.01179 -0.02774 0.99955 -0.03229
1548881707295214848 92 0.99852 -0.05317 -0.01169 0.00100 0.05352 0.99805 0.03211 1.11517 0.00996 -0.03269 0.99942 -0.03252
1548881707328552960 93 0.99853 -0.05228 -0.01398 0.00107 0.05273 0.99802 0.03423 1.12424 0.01216 -0.03492 0.99932 -0.03305
1548881707361890048 94 0.99857 -0.05236 -0.01118 -0.00077 0.05275 0.99789 0.03792 1.13399 0.00917 -0.03845 0.99922 -0.03406
1548881707395227904 95 0.99858 -0.05278 -0.00702 -0.00382 0.05301 0.99784 0.03881 1.14672 0.00496 -0.03913 0.99922 -0.03482
1548881707428566016 96 0.99826 -0.05885 -0.00417 -0.00636 0.05895 0.99778 0.03100 1.16313 0.00233 -0.03119 0.99951 -0.03546
1548881707461903872 97 0.99789 -0.06486 -0.00267 -0.00863 0.06491 0.99749 0.02817 1.17971 0.00084 -0.02829 0.99960 -0.03556
1548881707495240960 98 0.99746 -0.07121 0.00155 -0.01177 0.07115 0.99712 0.02641 1.19558 -0.00343 -0.02623 0.99965 -0.03584
1548881707528579072 99 0.99746 -0.07059 0.00908 -0.01732 0.07034 0.99721 0.02490 1.20999 -0.01081 -0.02420 0.99965 -0.03659
1548881707561501952 100 0.99744 -0.07022 0.01370 -0.02194 0.06992 0.99733 0.02125 1.22421 -0.01516 -0.02023 0.99968 -0.03819
1548881707594840064 101 0.99747 -0.07003 0.01182 -0.02319 0.06977 0.99733 0.02136 1.23709 -0.01328 -0.02048 0.99970 -0.03964
1548881707628176896 102 0.99731 -0.07259 0.01063 -0.02242 0.07236 0.99718 0.01997 1.24943 -0.01205 -0.01915 0.99974 -0.03928
1548881707661515008 103 0.99715 -0.07531 0.00500 -0.01885 0.07522 0.99701 0.01748 1.26285 -0.00630 -0.01706 0.99983 -0.03978
1548881707694852864 104 0.99720 -0.07472 0.00095 -0.01582 0.07470 0.99708 0.01606 1.27617 -0.00215 -0.01594 0.99987 -0.04062
1548881707728189952 105 0.99727 -0.07379 -0.00378 -0.01234 0.07383 0.99716 0.01472 1.28987 0.00268 -0.01496 0.99988 -0.04088
1548881707761528064 106 0.99745 -0.07097 -0.00786 -0.01029 0.07106 0.99741 0.01157 1.30325 0.00702 -0.01210 0.99990 -0.04255
1548881707794865920 107 0.99756 -0.06925 -0.00855 -0.00867 0.06935 0.99752 0.01196 1.31613 0.00770 -0.01252 0.99989 -0.04347
1548881707828204032 108 0.99769 -0.06684 -0.01232 -0.00688 0.06697 0.99770 0.01058 1.32887 0.01158 -0.01138 0.99987 -0.04452
1548881707861540864 109 0.99771 -0.06631 -0.01356 -0.00620 0.06650 0.99769 0.01376 1.34051 0.01261 -0.01463 0.99981 -0.04512
1548881707894878976 110 0.99779 -0.06497 -0.01401 -0.00666 0.06521 0.99771 0.01774 1.35086 0.01282 -0.01861 0.99974 -0.04562
1548881707928217088 111 0.99773 -0.06581 -0.01396 -0.00804 0.06611 0.99756 0.02227 1.36182 0.01246 -0.02315 0.99965 -0.04529
1548881707961553920 112 0.99744 -0.07024 -0.01365 -0.00967 0.07050 0.99732 0.01965 1.37480 0.01223 -0.02056 0.99971 -0.04563
1548881707994892032 113 0.99699 -0.07701 -0.00935 -0.01309 0.07713 0.99693 0.01373 1.38848 0.00826 -0.01441 0.99986 -0.04618
1548881708028229888 114 0.99660 -0.08243 -0.00182 -0.01671 0.08244 0.99653 0.01100 1.40003 0.00091 -0.01112 0.99994 -0.04732
1548881708061568000 115 0.99720 -0.07469 -0.00399 -0.01721 0.07474 0.99712 0.01268 1.40943 0.00304 -0.01294 0.99991 -0.04918
1548881708094904832 116 0.99730 -0.07331 -0.00392 -0.01557 0.07338 0.99710 0.02024 1.41670 0.00242 -0.02047 0.99979 -0.04956
1548881708128242944 117 0.99830 -0.05803 -0.00517 -0.01334 0.05816 0.99785 0.03009 1.42558 0.00341 -0.03034 0.99953 -0.04813
1548881708161581056 118 0.99882 -0.04830 -0.00585 -0.01097 0.04839 0.99869 0.01686 1.44207 0.00502 -0.01713 0.99984 -0.04785
1548881708194918912 119 0.99906 -0.04329 0.00159 -0.01347 0.04328 0.99904 0.00616 1.45891 -0.00185 -0.00609 0.99998 -0.04791
1548881708228256000 120 0.99874 -0.05019 0.00279 -0.01463 0.05017 0.99871 0.00784 1.47396 -0.00318 -0.00769 0.99997 -0.04887
1548881708261593856 121 0.99880 -0.04890 0.00138 -0.01683 0.04889 0.99878 0.00668 1.48736 -0.00170 -0.00661 0.99998 -0.05010
1548881708294931968 122 0.99840 -0.05618 0.00672 -0.01972 0.05614 0.99840 0.00613 1.50183 -0.00706 -0.00574 0.99996 -0.05077
1548881708328269056 123 0.99853 -0.05371 0.00759 -0.02185 0.05372 0.99855 -0.00175 1.51701 -0.00748 0.00216 0.99997 -0.05234
1548881708361606912 124 0.99866 -0.05116 0.00823 -0.02331 0.05116 0.99869 -0.00013 1.53041 -0.00822 0.00055 0.99997 -0.05413
1548881708394945024 125 0.99876 -0.04907 0.00865 -0.02425 0.04906 0.99879 0.00182 1.54168 -0.00873 -0.00140 0.99996 -0.05493
1548881708428282880 126 0.99888 -0.04662 0.00797 -0.02524 0.04658 0.99891 0.00416 1.55311 -0.00815 -0.00379 0.99996 -0.05479
1548881708461619968 127 0.99889 -0.04625 0.00912 -0.02687 0.04620 0.99891 0.00619 1.56406 -0.00940 -0.00577 0.99994 -0.05402
1548881708494958080 128 0.99883 -0.04711 0.01113 -0.02792 0.04699 0.99884 0.01075 1.57514 -0.01162 -0.01022 0.99988 -0.05431
1548881708528295936 129 0.99882 -0.04760 0.01002 -0.02844 0.04755 0.99886 0.00453 1.58694 -0.01022 -0.00404 0.99994 -0.05596
1548881708561634048 130 0.99868 -0.04993 0.01210 -0.02853 0.04988 0.99874 0.00474 1.59853 -0.01232 -0.00413 0.99992 -0.05643
1548881708594970880 131 0.99869 -0.04977 0.01212 -0.02875 0.04969 0.99874 0.00712 1.60856 -0.01246 -0.00651 0.99990 -0.05717
1548881708628308992 132 0.99892 -0.04522 0.01065 -0.02898 0.04510 0.99892 0.01103 1.61825 -0.01114 -0.01054 0.99988 -0.05807
1548881708661646848 133 0.99901 -0.04312 0.01048 -0.02927 0.04297 0.99896 0.01497 1.62845 -0.01111 -0.01451 0.99983 -0.05799
1548881708694983936 134 0.99905 -0.04232 0.01085 -0.02947 0.04214 0.99898 0.01619 1.63881 -0.01153 -0.01571 0.99981 -0.05717
1548881708728322048 135 0.99907 -0.04150 0.01206 -0.03072 0.04130 0.99901 0.01662 1.65053 -0.01274 -0.01611 0.99979 -0.05726
1548881708761659904 136 0.99900 -0.04229 0.01451 -0.03297 0.04204 0.99897 0.01721 1.66303 -0.01522 -0.01658 0.99975 -0.05691
1548881708794998016 137 0.99898 -0.04003 0.02070 -0.03797 0.03973 0.99910 0.01460 1.67634 -0.02126 -0.01377 0.99968 -0.05652
1548881708828334848 138 0.99901 -0.03682 0.02512 -0.04203 0.03643 0.99921 0.01582 1.68802 -0.02568 -0.01489 0.99956 -0.05668
1548881708861672960 139 0.99899 -0.03779 0.02423 -0.04265 0.03720 0.99901 0.02454 1.69750 -0.02514 -0.02361 0.99941 -0.05738
1548881708895011072 140 0.99889 -0.04304 0.01919 -0.03891 0.04266 0.99889 0.01985 1.70846 -0.02002 -0.01901 0.99962 -0.05843
1548881708928347904 141 0.99882 -0.04537 0.01735 -0.03533 0.04495 0.99870 0.02405 1.71847 -0.01841 -0.02324 0.99956 -0.05873
1548881708961686016 142 0.99882 -0.04591 0.01595 -0.03223 0.04549 0.99863 0.02586 1.72927 -0.01712 -0.02510 0.99954 -0.05907
1548881708995023872 143 0.99913 -0.03995 0.01226 -0.03030 0.03967 0.99896 0.02263 1.74222 -0.01315 -0.02213 0.99967 -0.05921
1548881709028361984 144 0.99914 -0.03856 0.01533 -0.03196 0.03823 0.99905 0.02105 1.75564 -0.01612 -0.02044 0.99966 -0.05857
1548881709061240064 145 0.99917 -0.03669 0.01795 -0.03318 0.03635 0.99916 0.01888 1.76857 -0.01862 -0.01821 0.99966 -0.05954
1548881709094577920 146 0.99906 -0.04026 0.01602 -0.03318 0.03986 0.99891 0.02409 1.78018 -0.01697 -0.02342 0.99958 -0.05983
1548881709127916032 147 0.99905 -0.04025 0.01682 -0.03278 0.03983 0.99890 0.02457 1.79158 -0.01779 -0.02388 0.99956 -0.05975
1548881709161253888 148 0.99905 -0.04103 0.01459 -0.03138 0.04070 0.99891 0.02280 1.80362 -0.01551 -0.02219 0.99963 -0.06008
1548881709194590976 149 0.99925 -0.03628 0.01319 -0.02993 0.03596 0.99907 0.02368 1.81514 -0.01403 -0.02318 0.99963 -0.05993
1548881709227929088 150 0.99922 -0.03721 0.01357 -0.03063 0.03689 0.99905 0.02324 1.82763 -0.01442 -0.02272 0.99964 -0.06089
1548881709261266944 151 0.99921 -0.03576 0.01739 -0.03377 0.03530 0.99904 0.02586 1.84030 -0.01830 -0.02522 0.99951 -0.06143
1548881709294604032 152 0.99904 -0.03765 0.02252 -0.03714 0.03712 0.99903 0.02355 1.85410 -0.02338 -0.02269 0.99947 -0.06227
1548881709327941888 153 0.99916 -0.03457 0.02220 -0.03810 0.03407 0.99916 0.02258 1.86618 -0.02296 -0.02181 0.99950 -0.06378
1548881709361280000 154 0.99914 -0.03591 0.02075 -0.03716 0.03525 0.99889 0.03109 1.87559 -0.02184 -0.03034 0.99930 -0.06459
1548881709394617856 155 0.99926 -0.03296 0.02001 -0.03603 0.03229 0.99893 0.03302 1.88595 -0.02108 -0.03235 0.99925 -0.06506
1548881709427954944 156 0.99923 -0.03363 0.02020 -0.03544 0.03299 0.99897 0.03122 1.89789 -0.02123 -0.03052 0.99931 -0.06574
1548881709461293056 157 0.99925 -0.03343 0.01928 -0.03442 0.03282 0.99898 0.03093 1.90992 -0.02030 -0.03027 0.99934 -0.06633
1548881709494630912 158 0.99907 -0.03888 0.01863 -0.03366 0.03831 0.99881 0.03006 1.92298 -0.01978 -0.02932 0.99937 -0.06668
1548881709527969024 159 0.99898 -0.04063 0.01988 -0.03369 0.04010 0.99885 0.02617 1.93708 -0.02092 -0.02534 0.99946 -0.06563
1548881709561305856 160 0.99869 -0.04695 0.02049 -0.03465 0.04651 0.99869 0.02135 1.95272 -0.02147 -0.02037 0.99956 -0.06521
1548881709594643968 161 0.99848 -0.04780 0.02731 -0.03851 0.04727 0.99869 0.01971 1.96730 -0.02822 -0.01839 0.99943 -0.06510
1548881709627982080 162 0.99796 -0.05596 0.03082 -0.04182 0.05545 0.99832 0.01699 1.98253 -0.03172 -0.01525 0.99938 -0.06511
1548881709661318912 163 0.99795 -0.05446 0.03348 -0.04624 0.05433 0.99851 0.00492 1.99932 -0.03370 -0.00309 0.99943 -0.06616
1548881709694657024 164 0.99772 -0.05648 0.03687 -0.04881 0.05629 0.99839 0.00623 2.01373 -0.03716 -0.00414 0.99930 -0.06714
1548881709727994880 165 0.99775 -0.05530 0.03780 -0.05007 0.05520 0.99847 0.00368 2.02631 -0.03794 -0.00158 0.99928 -0.06759
1548881709761332992 166 0.99767 -0.05782 0.03635 -0.04908 0.05766 0.99832 0.00541 2.03740 -0.03660 -0.00330 0.99932 -0.06900
1548881709794670080 167 0.99791 -0.05678 0.03078 -0.04506 0.05642 0.99833 0.01249 2.04571 -0.03144 -0.01073 0.99945 -0.06944
1548881709828007936 168 0.99800 -0.05890 0.02282 -0.03993 0.05837 0.99803 0.02305 2.05302 -0.02413 -0.02167 0.99947 -0.06938
1548881709861346048 169 0.99806 -0.05824 0.02182 -0.03754 0.05773 0.99806 0.02329 2.06196 -0.02314 -0.02199 0.99949 -0.07072
1548881709894683904 170 0.99808 -0.05805 0.02141 -0.03727 0.05749 0.99802 0.02565 2.07147 -0.02285 -0.02437 0.99944 -0.07169
1548881709928020992 171 0.99801 -0.05982 0.02000 -0.03753 0.05920 0.99779 0.03028 2.08148 -0.02177 -0.02903 0.99934 -0.07279
1548881709961358848 172 0.99801 -0.05891 0.02233 -0.03884 0.05826 0.99788 0.02895 2.09464 -0.02399 -0.02759 0.99933 -0.07368
1548881709994696960 173 0.99806 -0.05835 0.02176 -0.03843 0.05783 0.99804 0.02409 2.10943 -0.02312 -0.02278 0.99947 -0.07409
1548881710028034048 174 0.99798 -0.06127 0.01672 -0.03655 0.06090 0.99791 0.02160 2.12459 -0.01801 -0.02054 0.99963 -0.07446
1548881710061371904 175 0.99801 -0.05980 0.02005 -0.03678 0.05944 0.99806 0.01835 2.14032 -0.02110 -0.01712 0.99963 -0.07464
1548881710094710016 176 0.99794 -0.06066 0.02071 -0.03767 0.06040 0.99809 0.01318 2.15731 -0.02147 -0.01190 0.99970 -0.07383
1548881710128047872 177 0.99797 -0.05843 0.02539 -0.04140 0.05838 0.99829 0.00275 2.17434 -0.02550 -0.00126 0.99967 -0.07326
1548881710161384960 178 0.99747 -0.06306 0.03270 -0.04639 0.06282 0.99799 0.00848 2.18810 -0.03317 -0.00641 0.99943 -0.07295
1548881710194723072 179 0.99771 -0.05847 0.03409 -0.04935 0.05822 0.99827 0.00828 2.20003 -0.03451 -0.00628 0.99938 -0.07339
1548881710228060928 180 0.99721 -0.06575 0.03543 -0.05001 0.06555 0.99783 0.00682 2.21282 -0.03580 -0.00448 0.99935 -0.07372
1548881710261399040 181 0.99727 -0.06556 0.03411 -0.04881 0.06541 0.99784 0.00566 2.22387 -0.03441 -0.00341 0.99940 -0.07404
1548881710294735872 182 0.99688 -0.07268 0.03078 -0.04600 0.07243 0.99733 0.00913 2.23379 -0.03136 -0.00688 0.99948 -0.07370
1548881710328073984 183 0.99697 -0.07311 0.02665 -0.04439 0.07292 0.99730 0.00818 2.24503 -0.02718 -0.00621 0.99961 -0.07470
1548881710360904960 184 0.99646 -0.07867 0.02958 -0.04391 0.07846 0.99688 0.00815 2.25518 -0.03013 -0.00580 0.99953 -0.07575
1548881710394242048 185 0.99578 -0.08796 0.02600 -0.04147 0.08770 0.99609 0.01101 2.26589 -0.02686 -0.00868 0.99960 -0.07621
1548881710427579904 186 0.99514 -0.09570 0.02309 -0.03916 0.09534 0.99531 0.01661 2.27537 -0.02457 -0.01433 0.99960 -0.07644
1548881710460918016 187 0.99482 -0.09835 0.02583 -0.03952 0.09789 0.99503 0.01839 2.28397 -0.02751 -0.01577 0.99950 -0.07782
1548881710494255872 188 0.99455 -0.10084 0.02637 -0.04143 0.10027 0.99472 0.02207 2.29276 -0.02846 -0.01931 0.99941 -0.07906
1548881710527592960 189 0.99395 -0.10640 0.02734 -0.04211 0.10577 0.99411 0.02346 2.30215 -0.02968 -0.02043 0.99935 -0.08019
1548881710560931072 190 0.99333 -0.11244 0.02565 -0.04070 0.11174 0.99337 0.02709 2.31108 -0.02852 -0.02404 0.99930 -0.08100
1548881710594268928 191 0.99341 -0.11253 0.02189 -0.03872 0.11177 0.99317 0.03335 2.32142 -0.02549 -0.03068 0.99920 -0.08078
1548881710627606016 192 0.99314 -0.11465 0.02304 -0.03902 0.11402 0.99311 0.02713 2.33478 -0.02599 -0.02431 0.99937 -0.08170
1548881710660943872 193 0.99296 -0.11676 0.02004 -0.03965 0.11631 0.99296 0.02250 2.34909 -0.02252 -0.02001 0.99955 -0.08151
1548881710694281984 194 0.99206 -0.12345 0.02401 -0.04193 0.12294 0.99217 0.02194 2.36264 -0.02653 -0.01881 0.99947 -0.08188
1548881710727619840 195 0.99152 -0.12762 0.02440 -0.04294 0.12718 0.99171 0.01856 2.37750 -0.02656 -0.01530 0.99953 -0.08205
1548881710760956928 196 0.99052 -0.13536 0.02321 -0.04423 0.13520 0.99078 0.00850 2.39216 -0.02415 -0.00529 0.99969 -0.08170
1548881710794295040 197 0.98999 -0.13850 0.02730 -0.04711 0.13815 0.99031 0.01430 2.40331 -0.02901 -0.01038 0.99953 -0.08148
1548881710827632896 198 0.98867 -0.14652 0.03256 -0.05085 0.14583 0.98906 0.02240 2.41298 -0.03548 -0.01740 0.99922 -0.08120
1548881710860971008 199 0.98808 -0.15024 0.03353 -0.05451 0.14972 0.98857 0.01746 2.42523 -0.03577 -0.01223 0.99929 -0.08179
1548881710894307840 200 0.98808 -0.14955 0.03641 -0.05865 0.14900 0.98868 0.01747 2.43806 -0.03861 -0.01184 0.99918 -0.08200
1548881710927645952 201 0.98710 -0.15488 0.04067 -0.06320 0.15430 0.98788 0.01694 2.45038 -0.04280 -0.01044 0.99903 -0.08179
1548881710960984064 202 0.98724 -0.15387 0.04104 -0.06629 0.15311 0.98799 0.02098 2.46011 -0.04378 -0.01443 0.99894 -0.08303
1548881710994320896 203 0.98538 -0.16542 0.04083 -0.06749 0.16427 0.98596 0.03007 2.46799 -0.04523 -0.02293 0.99871 -0.08374
1548881711027659008 204 0.98546 -0.16494 0.04081 -0.06905 0.16373 0.98600 0.03148 2.47632 -0.04543 -0.02434 0.99867 -0.08458
1548881711060996864 205 0.98505 -0.16774 0.03929 -0.06890 0.16645 0.98546 0.03409 2.48549 -0.04444 -0.02704 0.99865 -0.08441
1548881711094334976 206 0.98537 -0.16622 0.03765 -0.06967 0.16494 0.98569 0.03488 2.49597 -0.04291 -0.02816 0.99868 -0.08488
1548881711127672064 207 0.98498 -0.16813 0.03922 -0.07121 0.16686 0.98540 0.03370 2.50957 -0.04431 -0.02664 0.99866 -0.08565
1548881711160450048 208 0.98531 -0.16672 0.03692 -0.07100 0.16576 0.98578 0.02772 2.52573 -0.04101 -0.02120 0.99893 -0.08550
1548881711193787904 209 0.98448 -0.17137 0.03790 -0.07267 0.17072 0.98512 0.01991 2.54330 -0.04074 -0.01313 0.99908 -0.08559
1548881711227126016 210 0.98493 -0.16888 0.03719 -0.07452 0.16818 0.98553 0.02123 2.55615 -0.04024 -0.01466 0.99908 -0.08645
1548881711260462848 211 0.98445 -0.17227 0.03426 -0.07660 0.17133 0.98479 0.02895 2.56557 -0.03873 -0.02264 0.99899 -0.08646
1548881711293800960 212 0.98421 -0.17298 0.03745 -0.07924 0.17180 0.98459 0.03281 2.57528 -0.04255 -0.02586 0.99876 -0.08696
1548881711327139072 213 0.98407 -0.17431 0.03489 -0.08017 0.17332 0.98442 0.02967 2.58452 -0.03952 -0.02315 0.99895 -0.08791
1548881711360475904 214 0.98449 -0.17215 0.03372 -0.08001 0.17094 0.98462 0.03619 2.59217 -0.03943 -0.02986 0.99878 -0.08858
1548881711393814016 215 0.98433 -0.17328 0.03272 -0.08047 0.17198 0.98432 0.03923 2.60117 -0.03901 -0.03299 0.99869 -0.08981
1548881711427151872 216 0.98357 -0.17780 0.03114 -0.08211 0.17659 0.98355 0.03791 2.61298 -0.03737 -0.03179 0.99880 -0.08953
1548881711460489984 217 0.98360 -0.17784 0.03020 -0.08360 0.17680 0.98365 0.03432 2.62956 -0.03581 -0.02842 0.99895 -0.09015
1548881711493827072 218 0.98351 -0.17796 0.03215 -0.08620 0.17728 0.98389 0.02294 2.64922 -0.03572 -0.01686 0.99922 -0.09117
1548881711527164928 219 0.98336 -0.17850 0.03380 -0.09037 0.17796 0.98386 0.01849 2.66664 -0.03655 -0.01216 0.99926 -0.09080
1548881711560503040 220 0.98250 -0.18191 0.04005 -0.09752 0.18107 0.98319 0.02360 2.68108 -0.04367 -0.01594 0.99892 -0.09023
1548881711593839872 221 0.98187 -0.18328 0.04847 -0.10625 0.18243 0.98299 0.02142 2.69418 -0.05157 -0.01219 0.99859 -0.09028
1548881711627177984 222 0.98123 -0.18528 0.05352 -0.11257 0.18423 0.98259 0.02396 2.70479 -0.05703 -0.01365 0.99828 -0.09036
1548881711660515840 223 0.98142 -0.18466 0.05216 -0.11534 0.18321 0.98257 0.03140 2.71326 -0.05705 -0.02126 0.99814 -0.09055
1548881711693853952 224 0.98006 -0.19241 0.04955 -0.11565 0.19115 0.98113 0.02921 2.72223 -0.05423 -0.01915 0.99834 -0.09186
1548881711727191040 225 0.98014 -0.19263 0.04703 -0.11598 0.19140 0.98107 0.02946 2.73101 -0.05181 -0.01988 0.99846 -0.09189
1548881711760528896 226 0.97919 -0.19773 0.04564 -0.11617 0.19639 0.97999 0.03228 2.73915 -0.05111 -0.02265 0.99844 -0.09193
1548881711793867008 227 0.98025 -0.19327 0.04202 -0.11657 0.19187 0.98079 0.03513 2.74837 -0.04801 -0.02637 0.99850 -0.09157
1548881711827204864 228 0.98015 -0.19441 0.03882 -0.11588 0.19316 0.98058 0.03380 2.76123 -0.04464 -0.02563 0.99867 -0.09127
1548881711860541952 229 0.97993 -0.19610 0.03580 -0.11524 0.19530 0.98043 0.02474 2.77588 -0.03996 -0.01726 0.99905 -0.09258
1548881711893880064 230 0.97850 -0.20281 0.03742 -0.11586 0.20181 0.97900 0.02894 2.78883 -0.04250 -0.02077 0.99888 -0.09345
1548881711927217920 231 0.97797 -0.20599 0.03390 -0.11688 0.20517 0.97838 0.02616 2.80335 -0.03855 -0.01863 0.99908 -0.09416
1548881711960555008 232 0.97813 -0.20514 0.03437 -0.12087 0.20462 0.97867 0.01818 2.81917 -0.03737 -0.01075 0.99924 -0.09439
1548881711993892864 233 0.97835 -0.20318 0.03944 -0.12611 0.20269 0.97911 0.01598 2.83507 -0.04186 -0.00764 0.99909 -0.09517
1548881712027230976 234 0.97854 -0.20178 0.04188 -0.13118 0.20175 0.97943 0.00499 2.85186 -0.04202 0.00357 0.99911 -0.09714
1548881712060569088 235 0.97798 -0.20385 0.04480 -0.13607 0.20386 0.97899 0.00428 2.86705 -0.04473 0.00495 0.99899 -0.09868
1548881712093905920 236 0.97817 -0.20268 0.04597 -0.13988 0.20278 0.97922 0.00233 2.88081 -0.04549 0.00704 0.99894 -0.09959
1548881712127244032 237 0.97855 -0.20136 0.04344 -0.14128 0.20152 0.97948 0.00074 2.89402 -0.04269 0.00803 0.99906 -0.09981
1548881712160581888 238 0.97871 -0.20059 0.04360 -0.14325 0.20062 0.97966 0.00364 2.90431 -0.04344 0.00518 0.99904 -0.09954
1548881712193920000 239 0.97874 -0.20062 0.04262 -0.14503 0.20026 0.97966 0.01260 2.91218 -0.04428 -0.00380 0.99901 -0.09947
1548881712227256832 240 0.97924 -0.19843 0.04146 -0.14718 0.19780 0.98006 0.01881 2.91958 -0.04436 -0.01022 0.99896 -0.09858
1548881712260594944 241 0.97898 -0.20018 0.03918 -0.14820 0.19926 0.97960 0.02603 2.92892 -0.04359 -0.01768 0.99889 -0.09755
1548881712293933056 242 0.97856 -0.20199 0.04035 -0.14927 0.20151 0.97936 0.01582 2.94203 -0.04271 -0.00735 0.99906 -0.09861
1548881712327269888 243 0.97870 -0.20119 0.04094 -0.15210 0.20057 0.97950 0.01886 2.95408 -0.04389 -0.01025 0.99898 -0.09826
1548881712360608000 244 0.97886 -0.19986 0.04352 -0.15641 0.19910 0.97975 0.02124 2.96572 -0.04688 -0.01213 0.99883 -0.09817
1548881712393945856 245 0.97811 -0.20337 0.04395 -0.16017 0.20279 0.97907 0.01747 2.97931 -0.04658 -0.00818 0.99888 -0.09960
1548881712427283968 246 0.97802 -0.20323 0.04658 -0.16365 0.20279 0.97912 0.01396 2.99375 -0.04844 -0.00421 0.99882 -0.10036
1548881712460002048 247 0.97774 -0.20372 0.05019 -0.16725 0.20345 0.97903 0.01033 3.00808 -0.05124 0.00011 0.99869 -0.10214
1548881712493339904 248 0.97848 -0.19963 0.05221 -0.17177 0.19956 0.97986 0.00659 3.02302 -0.05247 0.00397 0.99861 -0.10303
1548881712526678016 249 0.97877 -0.19776 0.05385 -0.17497 0.19771 0.98024 0.00649 3.03665 -0.05407 0.00430 0.99853 -0.10471
1548881712560015872 250 0.97866 -0.19900 0.05115 -0.17690 0.19862 0.98000 0.01250 3.04781 -0.05262 -0.00207 0.99861 -0.10541
1548881712593352960 251 0.97894 -0.19822 0.04887 -0.17651 0.19756 0.98012 0.01802 3.05728 -0.05147 -0.00798 0.99864 -0.10548
1548881712626691072 252 0.97870 -0.19990 0.04669 -0.17668 0.19922 0.97977 0.01896 3.06646 -0.04954 -0.00926 0.99873 -0.10667
1548881712660028928 253 0.97921 -0.19777 0.04522 -0.17695 0.19687 0.98015 0.02351 3.07449 -0.04898 -0.01412 0.99870 -0.10715
1548881712693366016 254 0.97931 -0.19800 0.04173 -0.17654 0.19706 0.98006 0.02548 3.08378 -0.04594 -0.01673 0.99880 -0.10745
1548881712726703872 255 0.97864 -0.20151 0.04085 -0.17619 0.20071 0.97938 0.02288 3.09503 -0.04462 -0.01419 0.99890 -0.10736
1548881712760041984 256 0.97840 -0.20320 0.03805 -0.17603 0.20253 0.97906 0.02082 3.10791 -0.04149 -0.01267 0.99906 -0.10821
1548881712793379840 257 0.97756 -0.20703 0.03886 -0.17675 0.20622 0.97821 0.02391 3.12000 -0.04296 -0.01536 0.99896 -0.10975
1548881712826716928 258 0.97740 -0.20831 0.03593 -0.17727 0.20748 0.97791 0.02545 3.13249 -0.04044 -0.01742 0.99903 -0.11101
1548881712860055040 259 0.97866 -0.20267 0.03387 -0.17926 0.20197 0.97912 0.02284 3.14570 -0.03779 -0.01551 0.99917 -0.11034
1548881712893392896 260 0.97890 -0.20093 0.03727 -0.18252 0.20019 0.97949 0.02275 3.15749 -0.04107 -0.01481 0.99905 -0.11097
1548881712926731008 261 0.98030 -0.19454 0.03404 -0.18607 0.19354 0.98062 0.03055 3.16653 -0.03932 -0.02336 0.99895 -0.11166
1548881712960067840 262 0.97933 -0.19819 0.04043 -0.19099 0.19692 0.97985 0.03338 3.17600 -0.04623 -0.02473 0.99862 -0.11208
1548881712993405952 263 0.98088 -0.18961 0.04385 -0.19628 0.18827 0.98157 0.03289 3.18510 -0.04928 -0.02400 0.99850 -0.11221
1548881713026744064 264 0.97976 -0.19563 0.04233 -0.19768 0.19398 0.98019 0.04008 3.19215 -0.04934 -0.03106 0.99830 -0.11279
1548881713060080896 265 0.98071 -0.19117 0.04086 -0.19817 0.18930 0.98086 0.04565 3.19989 -0.04880 -0.03704 0.99812 -0.11300
1548881713093419008 266 0.98027 -0.19402 0.03766 -0.19773 0.19233 0.98033 0.04435 3.21109 -0.04553 -0.03624 0.99831 -0.11356
1548881713126756864 267 0.98064 -0.19237 0.03645 -0.19868 0.19072 0.98063 0.04454 3.22417 -0.04431 -0.03672 0.99834 -0.11447
1548881713160094976 268 0.98057 -0.19290 0.03571 -0.20109 0.19148 0.98069 0.03967 3.23944 -0.04267 -0.03206 0.99857 -0.11531
1548881713193432064 269 0.98025 -0.19385 0.03911 -0.20442 0.19241 0.98059 0.03774 3.25244 -0.04566 -0.02947 0.99852 -0.11666
1548881713226769920 270 0.98018 -0.19485 0.03571 -0.20628 0.19321 0.98014 0.04471 3.26236 -0.04371 -0.03693 0.99836 -0.11746
1548881713260108032 271 0.98043 -0.19416 0.03265 -0.20593 0.19260 0.98022 0.04553 3.27377 -0.04084 -0.03835 0.99843 -0.11776
1548881713293444864 272 0.98110 -0.19057 0.03345 -0.20789 0.18907 0.98100 0.04338 3.28563 -0.04108 -0.03624 0.99850 -0.11813
1548881713326782976 273 0.98141 -0.18904 0.03307 -0.21102 0.18739 0.98114 0.04733 3.29639 -0.04139 -0.04026 0.99833 -0.11786
1548881713360120832 274 0.98145 -0.18777 0.03880 -0.21698 0.18586 0.98140 0.04810 3.30710 -0.04711 -0.03999 0.99809 -0.11769
1548881713393458944 275 0.98129 -0.18782 0.04234 -0.22159 0.18568 0.98135 0.04984 3.31797 -0.05091 -0.04104 0.99786 -0.11743
1548881713426796032 276 0.98200 -0.18469 0.03962 -0.22362 0.18266 0.98191 0.04978 3.32892 -0.04810 -0.04164 0.99797 -0.11821
1548881713460133888 277 0.98221 -0.18401 0.03760 -0.22335 0.18210 0.98205 0.04919 3.34092 -0.04597 -0.04146 0.99808 -0.11882
1548881713493472000 278 0.98238 -0.18362 0.03496 -0.22344 0.18173 0.98202 0.05113 3.35283 -0.04372 -0.04387 0.99808 -0.11873
1548881713526809856 279 0.98205 -0.18528 0.03535 -0.22526 0.18339 0.98173 0.05080 3.36500 -0.04412 -0.04341 0.99808 -0.11969
1548881713560146944 280 0.98285 -0.18067 0.03704 -0.22865 0.17865 0.98254 0.05197 3.37722 -0.04579 -0.04446 0.99796 -0.12080
1548881713593485056 281 0.98339 -0.17798 0.03552 -0.23052 0.17610 0.98308 0.05044 3.38933 -0.04390 -0.04335 0.99809 -0.12197
1548881713626822912 282 0.98435 -0.17300 0.03366 -0.23238 0.17115 0.98389 0.05162 3.40103 -0.04204 -0.04505 0.99810 -0.12257
1548881713660160000 283 0.98478 -0.17032 0.03458 -0.23473 0.16844 0.98436 0.05159 3.41336 -0.04283 -0.04498 0.99807 -0.12278
1548881713693497856 284 0.98467 -0.17080 0.03528 -0.23733 0.16888 0.98428 0.05178 3.42617 -0.04357 -0.04503 0.99804 -0.12265
1548881713726835968 285 0.98468 -0.17026 0.03766 -0.24072 0.16824 0.98439 0.05171 3.44001 -0.04588 -0.04459 0.99795 -0.12210
1548881713760174080 286 0.98531 -0.16656 0.03776 -0.24292 0.16464 0.98512 0.04924 3.45351 -0.04540 -0.04230 0.99807 -0.12287
1548881713793510912 287 0.98564 -0.16505 0.03560 -0.24421 0.16314 0.98528 0.05116 3.46528 -0.04352 -0.04461 0.99806 -0.12391
1548881713826849024 288 0.98635 -0.16029 0.03765 -0.24765 0.15831 0.98609 0.05072 3.47602 -0.04525 -0.04406 0.99800 -0.12393
1548881713860186880 289 0.98643 -0.15958 0.03872 -0.25006 0.15748 0.98614 0.05227 3.48688 -0.04653 -0.04546 0.99788 -0.12373
1548881713893524992 290 0.98682 -0.15637 0.04168 -0.25328 0.15396 0.98650 0.05582 3.49911 -0.04985 -0.04866 0.99757 -0.12377
1548881713926862080 291 0.98662 -0.15772 0.04120 -0.25459 0.15574 0.98666 0.04737 3.51360 -0.04813 -0.04032 0.99803 -0.12525
1548881713960199936 292 0.98772 -0.15160 0.03789 -0.25451 0.14972 0.98755 0.04827 3.52794 -0.04473 -0.04201 0.99812 -0.12621
1548881713993538048 293 0.98823 -0.14795 0.03890 -0.25636 0.14607 0.98814 0.04726 3.54076 -0.04543 -0.04102 0.99812 -0.12767
1548881714026874880 294 0.98792 -0.14932 0.04135 -0.26002 0.14757 0.98813 0.04273 3.55290 -0.04724 -0.03611 0.99823 -0.12843
1548881714060212992 295 0.98820 -0.14651 0.04473 -0.26312 0.14465 0.98857 0.04243 3.56690 -0.05043 -0.03546 0.99810 -0.12894
1548881714093550848 296 0.98878 -0.14236 0.04535 -0.26509 0.14077 0.98937 0.03654 3.58122 -0.05007 -0.02975 0.99830 -0.12992
1548881714126888960 297 0.98928 -0.13950 0.04315 -0.26603 0.13789 0.98971 0.03819 3.59333 -0.04803 -0.03183 0.99834 -0.13071
1548881714160226048 298 0.98940 -0.13773 0.04595 -0.26866 0.13572 0.98975 0.04434 3.60338 -0.05159 -0.03764 0.99796 -0.13196
1548881714193563904 299 0.98889 -0.14100 0.04712 -0.27104 0.13925 0.98951 0.03854 3.61586 -0.05206 -0.03155 0.99815 -0.13301
1548881714226902016 300 0.98955 -0.13639 0.04674 -0.27303 0.13486 0.99027 0.03448 3.63015 -0.05099 -0.02782 0.99831 -0.13352
1548881714260238848 301 0.98903 -0.13946 0.04862 -0.27465 0.13798 0.98990 0.03259 3.64377 -0.05267 -0.02552 0.99829 -0.13344
1548881714293576960 302 0.98989 -0.13444 0.04523 -0.27490 0.13293 0.99051 0.03489 3.65681 -0.04949 -0.02853 0.99837 -0.13412
1548881714326915072 303 0.98928 -0.13903 0.04473 -0.27520 0.13759 0.98991 0.03382 3.67040 -0.04898 -0.02730 0.99843 -0.13642
1548881714360252928 304 0.99000 -0.13308 0.04682 -0.27771 0.13182 0.99085 0.02895 3.68380 -0.05024 -0.02249 0.99848 -0.13827
1548881714393590016 305 0.98932 -0.13714 0.04934 -0.28106 0.13594 0.99035 0.02698 3.69731 -0.05256 -0.01998 0.99842 -0.13905
1548881714426927872 306 0.99032 -0.12860 0.05226 -0.28562 0.12753 0.99156 0.02348 3.71140 -0.05483 -0.01658 0.99836 -0.13984
1548881714460265984 307 0.98969 -0.13161 0.05654 -0.29012 0.13061 0.99121 0.02111 3.72625 -0.05882 -0.01351 0.99818 -0.13996
1548881714493603840 308 0.98997 -0.12773 0.06037 -0.29480 0.12698 0.99178 0.01605 3.74132 -0.06193 -0.00822 0.99805 -0.14048
1548881714526940928 309 0.98918 -0.13223 0.06350 -0.29925 0.13153 0.99120 0.01507 3.75629 -0.06493 -0.00656 0.99787 -0.14277
1548881714560279040 310 0.98918 -0.12940 0.06911 -0.30444 0.12905 0.99159 0.00947 3.77151 -0.06975 -0.00045 0.99756 -0.14327
1548881714593616896 311 0.98884 -0.13036 0.07210 -0.30915 0.13031 0.99146 0.00537 3.78717 -0.07219 0.00408 0.99738 -0.14388
1548881714626953984 312 0.98952 -0.12148 0.07806 -0.31463 0.12182 0.99255 0.00042 3.80176 -0.07753 0.00910 0.99695 -0.14392
1548881714660291840 313 0.98925 -0.12403 0.07744 -0.31696 0.12421 0.99225 0.00242 3.81454 -0.07714 0.00723 0.99699 -0.14440
1548881714693629952 314 0.98913 -0.12539 0.07674 -0.31725 0.12506 0.99211 0.00916 3.82578 -0.07729 0.00054 0.99701 -0.14432
1548881714726968064 315 0.98823 -0.13266 0.07619 -0.31791 0.13262 0.99115 0.00563 3.83820 -0.07626 0.00454 0.99708 -0.14523
1548881714760304896 316 0.98855 -0.12808 0.07976 -0.32157 0.12815 0.99175 0.00428 3.85054 -0.07965 0.00599 0.99680 -0.14573
1548881714793643008 317 0.98835 -0.12738 0.08331 -0.32591 0.12767 0.99182 0.00191 3.86310 -0.08287 0.00875 0.99652 -0.14620
1548881714826980864 318 0.98914 -0.11980 0.08517 -0.32929 0.12073 0.99267 -0.00588 3.87603 -0.08384 0.01610 0.99635 -0.14749
1548881714860318976 319 0.98901 -0.12076 0.08526 -0.33057 0.12120 0.99263 -0.00003 3.88795 -0.08463 0.01037 0.99636 -0.14908
1548881714893656064 320 0.98920 -0.12120 0.08241 -0.33009 0.12173 0.99256 -0.00143 3.89986 -0.08163 0.01144 0.99660 -0.14979
1548881714926993920 321 0.98869 -0.12561 0.08191 -0.33082 0.12634 0.99198 -0.00381 3.91345 -0.08078 0.01412 0.99663 -0.15120
1548881714960332032 322 0.98933 -0.11844 0.08483 -0.33376 0.11910 0.99288 -0.00267 3.92696 -0.08391 0.01275 0.99639 -0.15192
1548881714993668864 323 0.98900 -0.12044 0.08590 -0.33682 0.12148 0.99257 -0.00692 3.94208 -0.08443 0.01728 0.99628 -0.15153
1548881715027006976 324 0.98874 -0.11565 0.09494 -0.34287 0.11698 0.99310 -0.00854 3.95672 -0.09330 0.01955 0.99545 -0.15151
1548881715060344832 325 0.98823 -0.11816 0.09721 -0.34666 0.11985 0.99272 -0.01172 3.97100 -0.09512 0.02323 0.99519 -0.15218
1548881715093682944 326 0.98785 -0.12141 0.09704 -0.34821 0.12326 0.99229 -0.01329 3.98401 -0.09468 0.02509 0.99519 -0.15271
1548881715127020032 327 0.98809 -0.11925 0.09725 -0.34972 0.12088 0.99261 -0.01104 3.99630 -0.09522 0.02267 0.99520 -0.15333
1548881715160357888 328 0.98795 -0.12149 0.09586 -0.35040 0.12330 0.99228 -0.01319 4.00805 -0.09352 0.02485 0.99531 -0.15379
1548881715193696000 329 0.98834 -0.11798 0.09624 -0.35148 0.11935 0.99282 -0.00853 4.01872 -0.09454 0.01992 0.99532 -0.15351
1548881715227033856 330 0.98830 -0.11971 0.09452 -0.35168 0.12084 0.99265 -0.00628 4.02915 -0.09307 0.01763 0.99550 -0.15349
