1548882894880692992 10 1.00000 0.00017 0.00077 0.00113 -0.00018 0.99998 0.00690 0.07450 -0.00077 -0.00690 0.99998 0.00382
1548882894914030080 11 1.00000 0.00089 0.00178 0.00029 -0.00091 0.99998 0.00672 0.08205 -0.00178 -0.00672 0.99998 0.00416
1548882894947367936 12 1.00000 0.00112 0.00251 -0.00031 -0.00113 0.99998 0.00650 0.09011 -0.00251 -0.00651 0.99998 0.00459
1548882894980706048 13 0.99999 0.00156 0.00314 -0.00054 -0.00158 0.99998 0.00642 0.09849 -0.00313 -0.00642 0.99997 0.00488
1548882895014043904 14 0.99999 0.00199 0.00250 0.00000 -0.00199 0.99999 0.00311 0.10802 -0.00250 -0.00312 0.99999 0.00499
1548882895047380992 15 1.00000 0.00227 0.00139 0.00114 -0.00227 1.00000 -0.00044 0.11853 -0.00140 0.00043 1.00000 0.00535
1548882895080718848 16 1.00000 0.00267 -0.00112 0.00298 -0.00268 0.99999 -0.00402 0.12975 0.00111 0.00403 0.99999 0.00549
1548882895114056960 17 0.99999 0.00162 -0.00307 0.00500 -0.00165 0.99995 -0.00968 0.14173 0.00305 0.00969 0.99995 0.00551
1548882895147394048 18 0.99999 0.00296 -0.00331 0.00506 -0.00300 0.99993 -0.01141 0.15163 0.00328 0.01142 0.99993 0.00528
1548882895180731904 19 1.00000 0.00296 -0.00046 0.00293 -0.00296 0.99995 -0.00990 0.15935 0.00043 0.00990 0.99995 0.00538
1548882895214070016 20 0.99998 0.00440 0.00376 -0.00037 -0.00437 0.99997 -0.00664 0.16537 -0.00379 0.00663 0.99997 0.00577
1548882895247407872 21 0.99997 0.00267 0.00774 -0.00336 -0.00264 0.99999 -0.00358 0.17091 -0.00774 0.00356 0.99996 0.00621
1548882895280744960 22 0.99997 -0.00130 0.00806 -0.00378 0.00135 0.99998 -0.00646 0.17843 -0.00805 0.00647 0.99995 0.00582
1548882895314083072 23 0.99998 0.00112 0.00545 -0.00228 -0.00107 0.99996 -0.00865 0.18655 -0.00546 0.00865 0.99995 0.00542
1548882895347420928 24 0.99998 0.00089 0.00650 -0.00240 -0.00084 0.99997 -0.00819 0.19465 -0.00651 0.00819 0.99995 0.00512
1548882895380759040 25 0.99997 0.00024 0.00765 -0.00337 -0.00014 0.99992 -0.01247 0.20468 -0.00765 0.01247 0.99989 0.00512
1548882895414095872 26 0.99995 -0.00471 0.00861 -0.00433 0.00483 0.99989 -0.01376 0.21468 -0.00854 0.01380 0.99987 0.00488
1548882895447433984 27 0.99994 -0.00275 0.01040 -0.00562 0.00289 0.99991 -0.01303 0.22393 -0.01036 0.01306 0.99986 0.00433
1548882895480771840 28 0.99989 -0.00596 0.01335 -0.00765 0.00616 0.99987 -0.01478 0.23324 -0.01326 0.01486 0.99980 0.00375
1548882895513243904 29 0.99985 -0.00464 0.01645 -0.00983 0.00495 0.99980 -0.01913 0.24293 -0.01635 0.01921 0.99968 0.00209
1548882895546582016 30 0.99980 -0.00151 0.01977 -0.01225 0.00197 0.99973 -0.02335 0.25331 -0.01973 0.02339 0.99953 0.00115
1548882895579919872 31 0.99976 -0.00092 0.02192 -0.01416 0.00153 0.99961 -0.02775 0.26367 -0.02188 0.02778 0.99937 0.00070
1548882895613257984 32 0.99969 -0.00206 0.02464 -0.01608 0.00283 0.99951 -0.03109 0.27498 -0.02456 0.03115 0.99921 0.00031
1548882895646595072 33 0.99965 -0.00266 0.02634 -0.01709 0.00361 0.99934 -0.03625 0.28722 -0.02622 0.03633 0.99900 0.00025
1548882895679932928 34 0.99962 -0.00346 0.02731 -0.01773 0.00455 0.99918 -0.04016 0.29903 -0.02715 0.04026 0.99882 0.00007
1548882895713271040 35 0.99954 -0.00449 0.02989 -0.01897 0.00570 0.99916 -0.04070 0.30963 -0.02968 0.04085 0.99872 -0.00101
1548882895746608896 36 0.99945 -0.00495 0.03290 -0.02140 0.00641 0.99900 -0.04433 0.31988 -0.03265 0.04451 0.99848 -0.00195
1548882895779945984 37 0.99935 -0.00317 0.03586 -0.02392 0.00490 0.99883 -0.04820 0.32941 -0.03566 0.04835 0.99819 -0.00221
1548882895813283840 38 0.99924 -0.00211 0.03891 -0.02605 0.00402 0.99878 -0.04917 0.33840 -0.03876 0.04929 0.99803 -0.00256
1548882895846621952 39 0.99920 -0.00094 0.04001 -0.02734 0.00298 0.99870 -0.05094 0.34740 -0.03991 0.05102 0.99790 -0.00221
1548882895879959040 40 0.99918 -0.00208 0.04049 -0.02755 0.00425 0.99855 -0.05368 0.35692 -0.04032 0.05381 0.99774 -0.00255
1548882895913296896 41 0.99921 -0.00181 0.03975 -0.02698 0.00399 0.99848 -0.05503 0.36650 -0.03959 0.05514 0.99769 -0.00233
1548882895946635008 42 0.99925 -0.00321 0.03852 -0.02575 0.00536 0.99842 -0.05592 0.37635 -0.03828 0.05608 0.99769 -0.00193
1548882895979972864 43 0.99930 -0.00508 0.03707 -0.02455 0.00724 0.99826 -0.05851 0.38671 -0.03670 0.05874 0.99760 -0.00179
1548882896013309952 44 0.99926 -0.00530 0.03805 -0.02493 0.00763 0.99809 -0.06127 0.39702 -0.03765 0.06151 0.99740 -0.00200
1548882896046648064 45 0.99918 -0.00442 0.04017 -0.02667 0.00698 0.99794 -0.06384 0.40689 -0.03981 0.06407 0.99715 -0.00210
1548882896079985920 46 0.99910 -0.00279 0.04239 -0.02815 0.00565 0.99772 -0.06731 0.41659 -0.04210 0.06749 0.99683 -0.00178
1548882896113323008 47 0.99909 -0.00181 0.04256 -0.02816 0.00474 0.99762 -0.06881 0.42525 -0.04234 0.06895 0.99672 -0.00185
1548882896146660864 48 0.99923 -0.00334 0.03915 -0.02613 0.00592 0.99781 -0.06583 0.43220 -0.03885 0.06601 0.99706 -0.00191
1548882896179998976 49 0.99934 -0.00363 0.03601 -0.02307 0.00584 0.99808 -0.06161 0.43868 -0.03572 0.06178 0.99745 -0.00138
1548882896213337088 50 0.99946 -0.00414 0.03253 -0.02083 0.00618 0.99799 -0.06303 0.44644 -0.03221 0.06320 0.99748 -0.00123
1548882896246673920 51 0.99944 -0.00370 0.03323 -0.02035 0.00583 0.99792 -0.06421 0.45457 -0.03293 0.06437 0.99738 -0.00093
1548882896280012032 52 0.99945 -0.00506 0.03270 -0.02005 0.00716 0.99788 -0.06463 0.46264 -0.03231 0.06483 0.99737 -0.00039
1548882896313349888 53 0.99952 -0.00430 0.03052 -0.01848 0.00629 0.99784 -0.06533 0.47122 -0.03017 0.06549 0.99740 0.00043
1548882896346688000 54 0.99963 -0.00541 0.02682 -0.01541 0.00724 0.99761 -0.06869 0.48081 -0.02639 0.06886 0.99728 0.00124
1548882896380024832 55 0.99976 -0.00578 0.02135 -0.01172 0.00721 0.99767 -0.06783 0.48903 -0.02091 0.06797 0.99747 0.00193
1548882896413362944 56 0.99979 -0.00627 0.01937 -0.00937 0.00749 0.99795 -0.06348 0.49526 -0.01893 0.06361 0.99779 0.00167
1548882896446701056 57 0.99982 -0.00440 0.01829 -0.00856 0.00553 0.99807 -0.06188 0.50143 -0.01798 0.06197 0.99792 0.00175
1548882896480037888 58 0.99984 -0.00311 0.01749 -0.00814 0.00419 0.99806 -0.06206 0.50813 -0.01726 0.06212 0.99792 0.00167
1548882896513376000 59 0.99982 -0.00632 0.01786 -0.00788 0.00743 0.99801 -0.06265 0.51475 -0.01743 0.06278 0.99788 0.00204
1548882896546713856 60 0.99987 -0.00289 0.01576 -0.00677 0.00384 0.99818 -0.06018 0.52129 -0.01556 0.06023 0.99806 0.00217
1548882896580051968 61 0.99986 -0.00392 0.01596 -0.00632 0.00488 0.99815 -0.06065 0.52927 -0.01570 0.06072 0.99803 0.00218
1548882896613389056 62 0.99983 -0.00432 0.01808 -0.00749 0.00542 0.99811 -0.06116 0.53773 -0.01778 0.06124 0.99796 0.00219
1548882896646726912 63 0.99981 -0.00561 0.01868 -0.00787 0.00674 0.99811 -0.06101 0.54628 -0.01830 0.06113 0.99796 0.00202
1548882896680065024 64 0.99982 -0.00408 0.01834 -0.00745 0.00520 0.99808 -0.06176 0.55416 -0.01806 0.06184 0.99792 0.00169
1548882896713402880 65 0.99985 -0.00370 0.01663 -0.00615 0.00469 0.99823 -0.05932 0.56085 -0.01638 0.05939 0.99810 0.00183
1548882896746739968 66 0.99989 -0.00343 0.01448 -0.00441 0.00425 0.99839 -0.05662 0.56708 -0.01426 0.05668 0.99829 0.00181
1548882896780078080 67 0.99990 -0.00484 0.01357 -0.00340 0.00561 0.99835 -0.05706 0.57390 -0.01327 0.05713 0.99828 0.00168
1548882896813415936 68 0.99990 -0.00368 0.01376 -0.00344 0.00444 0.99843 -0.05579 0.58051 -0.01353 0.05584 0.99835 0.00154
1548882896846753024 69 0.99990 -0.00264 0.01411 -0.00378 0.00340 0.99852 -0.05431 0.58722 -0.01395 0.05436 0.99842 0.00166
1548882896880090880 70 0.99989 -0.00215 0.01442 -0.00383 0.00294 0.99847 -0.05516 0.59505 -0.01428 0.05519 0.99837 0.00184
1548882896912473856 71 0.99988 -0.00361 0.01504 -0.00334 0.00442 0.99851 -0.05436 0.60326 -0.01482 0.05442 0.99841 0.00147
1548882896945811968 72 0.99986 -0.00317 0.01638 -0.00348 0.00402 0.99864 -0.05207 0.61088 -0.01619 0.05213 0.99851 0.00153
1548882896979149056 73 0.99986 -0.00371 0.01628 -0.00365 0.00455 0.99865 -0.05175 0.61889 -0.01606 0.05182 0.99853 0.00150
1548882897012486912 74 0.99985 -0.00308 0.01692 -0.00374 0.00397 0.99862 -0.05239 0.62692 -0.01673 0.05244 0.99848 0.00147
1548882897045825024 75 0.99986 -0.00308 0.01616 -0.00329 0.00389 0.99871 -0.05072 0.63412 -0.01598 0.05077 0.99858 0.00171
1548882897079162880 76 0.99989 -0.00373 0.01463 -0.00217 0.00446 0.99874 -0.04998 0.64145 -0.01442 0.05004 0.99864 0.00185
1548882897112499968 77 0.99991 -0.00284 0.01341 -0.00087 0.00351 0.99871 -0.05066 0.64907 -0.01325 0.05070 0.99863 0.00219
1548882897145838080 78 0.99992 -0.00477 0.01131 0.00118 0.00533 0.99875 -0.04976 0.65592 -0.01106 0.04982 0.99870 0.00274
1548882897179175936 79 0.99995 -0.00420 0.00874 0.00343 0.00461 0.99885 -0.04770 0.66226 -0.00853 0.04774 0.99882 0.00376
1548882897212513024 80 0.99998 -0.00455 0.00444 0.00673 0.00474 0.99894 -0.04570 0.66814 -0.00423 0.04572 0.99895 0.00437
1548882897245850880 81 0.99999 -0.00467 0.00135 0.00973 0.00472 0.99917 -0.04045 0.67316 -0.00116 0.04045 0.99918 0.00509
1548882897279188992 82 0.99999 -0.00437 -0.00143 0.01200 0.00432 0.99932 -0.03659 0.67857 0.00159 0.03658 0.99933 0.00613
1548882897312526848 83 0.99998 -0.00532 -0.00256 0.01344 0.00523 0.99940 -0.03418 0.68497 0.00274 0.03416 0.99941 0.00690
1548882897345863936 84 0.99999 -0.00382 -0.00348 0.01333 0.00370 0.99943 -0.03343 0.69272 0.00361 0.03342 0.99943 0.00725
1548882897379202048 85 1.00000 -0.00269 -0.00110 0.01182 0.00264 0.99925 -0.03863 0.70239 0.00120 0.03863 0.99925 0.00749
1548882897412539904 86 0.99999 -0.00292 0.00140 0.00968 0.00297 0.99920 -0.03999 0.71273 -0.00128 0.03999 0.99920 0.00807
1548882897445876992 87 0.99999 -0.00319 0.00330 0.00799 0.00334 0.99902 -0.04402 0.72357 -0.00316 0.04403 0.99903 0.00873
1548882897479214848 88 0.99999 0.00048 0.00415 0.00692 -0.00029 0.99892 -0.04643 0.73358 -0.00416 0.04643 0.99891 0.00899
1548882897512552960 89 0.99998 -0.00062 0.00614 0.00568 0.00090 0.99890 -0.04680 0.74157 -0.00611 0.04680 0.99889 0.00917
1548882897545891072 90 0.99997 0.00096 0.00818 0.00424 -0.00060 0.99902 -0.04426 0.74726 -0.00821 0.04425 0.99899 0.00922
1548882897579227904 91 0.99994 -0.00024 0.01094 0.00246 0.00072 0.99905 -0.04366 0.75341 -0.01092 0.04367 0.99899 0.00889
1548882897612566016 92 0.99992 0.00252 0.01252 0.00088 -0.00195 0.99897 -0.04524 0.75946 -0.01262 0.04522 0.99890 0.00888
1548882897645903872 93 0.99987 0.00523 0.01512 -0.00111 -0.00460 0.99914 -0.04118 0.76497 -0.01532 0.04111 0.99904 0.00857
1548882897679241984 94 0.99981 0.00564 0.01867 -0.00382 -0.00489 0.99918 -0.04009 0.77091 -0.01888 0.03999 0.99902 0.00813
1548882897712579072 95 0.99974 0.00476 0.02246 -0.00685 -0.00392 0.99929 -0.03758 0.77721 -0.02263 0.03749 0.99904 0.00773
1548882897745916928 96 0.99966 0.00527 0.02557 -0.00921 -0.00437 0.99937 -0.03516 0.78364 -0.02574 0.03503 0.99905 0.00759
1548882897779255040 97 0.99960 0.00561 0.02775 -0.01160 -0.00466 0.99940 -0.03436 0.78988 -0.02793 0.03421 0.99902 0.00746
1548882897812591872 98 0.99951 0.00489 0.03078 -0.01405 -0.00390 0.99948 -0.03190 0.79632 -0.03092 0.03177 0.99902 0.00761
1548882897845929984 99 0.99941 0.00519 0.03387 -0.01652 -0.00417 0.99954 -0.03020 0.80303 -0.03401 0.03004 0.99897 0.00769
1548882897879267840 100 0.99934 0.00408 0.03610 -0.01776 -0.00300 0.99955 -0.02972 0.81019 -0.03620 0.02960 0.99891 0.00779
1548882897912605952 101 0.99936 0.00509 0.03546 -0.01780 -0.00405 0.99957 -0.02911 0.81774 -0.03559 0.02894 0.99895 0.00753
1548882897945943040 102 0.99932 0.00566 0.03637 -0.01818 -0.00460 0.99956 -0.02931 0.82585 -0.03652 0.02912 0.99891 0.00747
1548882897979280896 103 0.99928 0.00731 0.03716 -0.01897 -0.00619 0.99953 -0.03005 0.83395 -0.03736 0.02979 0.99886 0.00759
1548882898012619008 104 0.99927 0.00652 0.03769 -0.01926 -0.00540 0.99955 -0.02958 0.84216 -0.03787 0.02936 0.99885 0.00782
1548882898045956864 105 0.99927 0.00689 0.03768 -0.01984 -0.00574 0.99951 -0.03066 0.85049 -0.03788 0.03042 0.99882 0.00815
1548882898079293952 106 0.99931 0.00597 0.03662 -0.01900 -0.00480 0.99947 -0.03213 0.85973 -0.03679 0.03193 0.99881 0.00858
1548882898112632064 107 0.99934 0.00655 0.03567 -0.01805 -0.00537 0.99944 -0.03314 0.86896 -0.03587 0.03293 0.99881 0.00928
1548882898145969920 108 0.99934 0.00693 0.03567 -0.01806 -0.00574 0.99943 -0.03337 0.87806 -0.03588 0.03314 0.99881 0.00997
1548882898179307008 109 0.99925 0.00691 0.03807 -0.01903 -0.00565 0.99943 -0.03316 0.88632 -0.03828 0.03292 0.99872 0.01019
1548882898212644864 110 0.99927 0.00487 0.03786 -0.01953 -0.00366 0.99948 -0.03190 0.89382 -0.03799 0.03174 0.99877 0.01044
1548882898245982976 111 0.99921 0.00571 0.03922 -0.01990 -0.00445 0.99948 -0.03202 0.90077 -0.03938 0.03182 0.99872 0.01042
1548882898279321088 112 0.99919 0.00705 0.03974 -0.02054 -0.00585 0.99953 -0.03021 0.90731 -0.03993 0.02995 0.99875 0.01071
1548882898312657920 113 0.99911 0.00658 0.04170 -0.02175 -0.00537 0.99956 -0.02907 0.91361 -0.04187 0.02882 0.99871 0.01102
1548882898345996032 114 0.99912 0.00502 0.04170 -0.02197 -0.00383 0.99958 -0.02856 0.92081 -0.04183 0.02837 0.99872 0.01111
1548882898379333888 115 0.99914 0.00234 0.04149 -0.02155 -0.00110 0.99955 -0.02990 0.92825 -0.04154 0.02983 0.99869 0.01092
1548882898412672000 116 0.99912 0.00059 0.04195 -0.02164 0.00059 0.99960 -0.02818 0.93488 -0.04195 0.02818 0.99872 0.01081
1548882898446008832 117 0.99910 -0.00167 0.04232 -0.02184 0.00283 0.99962 -0.02738 0.94130 -0.04226 0.02748 0.99873 0.01074
1548882898479346944 118 0.99909 0.00043 0.04274 -0.02266 0.00074 0.99963 -0.02726 0.94822 -0.04273 0.02727 0.99871 0.01074
1548882898512685056 119 0.99899 0.00235 0.04483 -0.02440 -0.00106 0.99958 -0.02888 0.95618 -0.04488 0.02880 0.99858 0.01088
1548882898546021888 120 0.99879 0.00401 0.04903 -0.02773 -0.00247 0.99951 -0.03134 0.96486 -0.04913 0.03118 0.99831 0.01073
1548882898579360000 121 0.99851 0.00431 0.05433 -0.03159 -0.00251 0.99945 -0.03311 0.97371 -0.05444 0.03293 0.99797 0.01039
1548882898612697856 122 0.99846 0.00482 0.05519 -0.03407 -0.00289 0.99938 -0.03501 0.98169 -0.05532 0.03479 0.99786 0.00955
1548882898646035968 123 0.99841 0.00552 0.05611 -0.03385 -0.00354 0.99937 -0.03541 0.98939 -0.05627 0.03515 0.99780 0.00848
1548882898679373056 124 0.99844 0.00599 0.05557 -0.03374 -0.00410 0.99941 -0.03400 0.99606 -0.05574 0.03372 0.99788 0.00734
1548882898712710912 125 0.99831 0.00620 0.05777 -0.03499 -0.00433 0.99947 -0.03236 1.00254 -0.05794 0.03206 0.99781 0.00661
1548882898746049024 126 0.99815 0.00644 0.06046 -0.03725 -0.00443 0.99943 -0.03338 1.01003 -0.06065 0.03305 0.99761 0.00561
1548882898779385856 127 0.99790 0.00822 0.06421 -0.04022 -0.00594 0.99935 -0.03554 1.01883 -0.06446 0.03509 0.99730 0.00525
1548882898812723968 128 0.99757 0.00832 0.06919 -0.04354 -0.00567 0.99925 -0.03839 1.02897 -0.06945 0.03790 0.99686 0.00461
1548882898846062080 129 0.99734 0.01027 0.07218 -0.04756 -0.00736 0.99916 -0.04043 1.03904 -0.07254 0.03979 0.99657 0.00487
1548882898879399936 130 0.99725 0.00704 0.07381 -0.04865 -0.00382 0.99904 -0.04366 1.05119 -0.07405 0.04325 0.99632 0.00458
1548882898912737024 131 0.99721 0.00651 0.07430 -0.04895 -0.00277 0.99873 -0.05034 1.06332 -0.07453 0.04999 0.99596 0.00449
1548882898946074880 132 0.99726 0.00322 0.07390 -0.04815 0.00051 0.99872 -0.05053 1.07474 -0.07397 0.05043 0.99598 0.00450
1548882898979412992 133 0.99741 0.00476 0.07179 -0.04928 -0.00085 0.99852 -0.05432 1.08554 -0.07194 0.05411 0.99594 0.00521
1548882899011695872 134 0.99744 0.00432 0.07139 -0.04793 -0.00033 0.99844 -0.05580 1.09694 -0.07152 0.05564 0.99589 0.00450
1548882899045032960 135 0.99732 0.00716 0.07286 -0.04885 -0.00285 0.99825 -0.05899 1.10823 -0.07316 0.05862 0.99560 0.00474
1548882899078371072 136 0.99731 0.00576 0.07310 -0.04905 -0.00114 0.99801 -0.06307 1.11773 -0.07331 0.06282 0.99533 0.00486
1548882899111708928 137 0.99744 0.00391 0.07138 -0.04732 0.00026 0.99830 -0.05826 1.12373 -0.07149 0.05813 0.99575 0.00506
1548882899145046016 138 0.99782 0.00355 0.06592 -0.04262 -0.00006 0.99860 -0.05290 1.12728 -0.06601 0.05278 0.99642 0.00608
1548882899178383872 139 0.99833 0.00207 0.05778 -0.03568 0.00068 0.99887 -0.04762 1.13107 -0.05781 0.04757 0.99719 0.00661
1548882899211721984 140 0.99875 0.00298 0.04989 -0.02912 -0.00074 0.99900 -0.04470 1.13595 -0.04997 0.04460 0.99775 0.00712
1548882899245059840 141 0.99904 0.00151 0.04387 -0.02278 0.00035 0.99910 -0.04243 1.14193 -0.04389 0.04240 0.99814 0.00786
1548882899278396928 142 0.99925 0.00109 0.03884 -0.01899 0.00059 0.99907 -0.04316 1.15014 -0.03885 0.04315 0.99831 0.00887
1548882899311735040 143 0.99936 -0.00096 0.03573 -0.01584 0.00258 0.99897 -0.04527 1.16051 -0.03565 0.04534 0.99834 0.01024
1548882899345072896 144 0.99951 -0.00112 0.03123 -0.01268 0.00263 0.99882 -0.04839 1.17210 -0.03114 0.04845 0.99834 0.01221
1548882899378411008 145 0.99968 -0.00182 0.02507 -0.00906 0.00310 0.99868 -0.05127 1.18433 -0.02495 0.05133 0.99837 0.01394
1548882899411747840 146 0.99970 -0.00197 0.02453 -0.00763 0.00330 0.99852 -0.05427 1.19540 -0.02438 0.05433 0.99823 0.01546
1548882899445085952 147 0.99970 -0.00239 0.02419 -0.00781 0.00380 0.99829 -0.05836 1.20531 -0.02401 0.05844 0.99800 0.01638
1548882899478424064 148 0.99969 -0.00181 0.02477 -0.00894 0.00324 0.99833 -0.05762 1.21174 -0.02462 0.05768 0.99803 0.01666
1548882899511760896 149 0.99965 -0.00253 0.02642 -0.00900 0.00393 0.99859 -0.05303 1.21633 -0.02624 0.05312 0.99824 0.01639
1548882899545099008 150 0.99976 -0.00150 0.02190 -0.00677 0.00264 0.99863 -0.05230 1.22135 -0.02179 0.05235 0.99839 0.01667
1548882899578436864 151 0.99977 -0.00366 0.02105 -0.00470 0.00467 0.99883 -0.04803 1.22672 -0.02085 0.04812 0.99862 0.01706
1548882899611774976 152 0.99982 -0.00152 0.01906 -0.00278 0.00241 0.99890 -0.04685 1.23359 -0.01897 0.04688 0.99872 0.01750
1548882899645112064 153 0.99983 -0.00245 0.01813 -0.00142 0.00331 0.99885 -0.04773 1.24208 -0.01799 0.04778 0.99870 0.01837
1548882899678449920 154 0.99985 -0.00259 0.01699 -0.00064 0.00339 0.99888 -0.04711 1.25000 -0.01685 0.04716 0.99875 0.01877
1548882899711788032 155 0.99990 -0.00266 0.01422 0.00129 0.00330 0.99897 -0.04517 1.25728 -0.01408 0.04521 0.99888 0.01962
1548882899745125888 156 0.99992 0.00105 0.01252 0.00245 -0.00055 0.99918 -0.04055 1.26326 -0.01255 0.04054 0.99910 0.01994
1548882899778462976 157 0.99990 0.00056 0.01389 0.00170 0.00001 0.99918 -0.04053 1.27043 -0.01390 0.04052 0.99908 0.01946
1548882899811801088 158 0.99983 0.00263 0.01836 -0.00159 -0.00177 0.99892 -0.04647 1.27947 -0.01846 0.04643 0.99875 0.01961
1548882899845138944 159 0.99975 0.00093 0.02225 -0.00442 0.00021 0.99870 -0.05102 1.28837 -0.02227 0.05101 0.99845 0.01958
1548882899878476032 160 0.99971 0.00624 0.02319 -0.00569 -0.00508 0.99877 -0.04939 1.29602 -0.02347 0.04926 0.99851 0.01900
1548882899911813888 161 0.99972 0.00497 0.02328 -0.00567 -0.00377 0.99867 -0.05146 1.30527 -0.02351 0.05136 0.99840 0.01889
1548882899945152000 162 0.99966 0.00900 0.02430 -0.00719 -0.00763 0.99839 -0.05612 1.31509 -0.02477 0.05592 0.99813 0.01836
1548882899978489856 163 0.99962 0.00631 0.02666 -0.00841 -0.00478 0.99835 -0.05714 1.32553 -0.02698 0.05699 0.99801 0.01843
1548882900011826944 164 0.99957 0.00751 0.02831 -0.00964 -0.00581 0.99822 -0.05942 1.33583 -0.02871 0.05923 0.99783 0.01894
1548882900045165056 165 0.99959 0.00576 0.02817 -0.00951 -0.00403 0.99813 -0.06100 1.34622 -0.02847 0.06086 0.99774 0.01931
1548882900078502912 166 0.99965 0.00489 0.02602 -0.00808 -0.00329 0.99811 -0.06139 1.35621 -0.02627 0.06128 0.99777 0.01956
1548882900111840000 167 0.99972 0.00278 0.02334 -0.00551 -0.00126 0.99790 -0.06477 1.36603 -0.02347 0.06473 0.99763 0.01981
1548882900145177856 168 0.99981 0.00213 0.01917 -0.00273 -0.00084 0.99774 -0.06712 1.37555 -0.01927 0.06709 0.99756 0.02053
1548882900178515968 169 0.99987 0.00230 0.01578 0.00035 -0.00124 0.99774 -0.06711 1.38390 -0.01590 0.06708 0.99762 0.02105
1548882900211854080 170 0.99992 0.00378 0.01224 0.00310 -0.00294 0.99772 -0.06740 1.39201 -0.01247 0.06736 0.99765 0.02155
1548882900245190912 171 0.99991 0.00547 0.01226 0.00358 -0.00463 0.99770 -0.06765 1.39971 -0.01260 0.06759 0.99763 0.02183
1548882900278529024 172 0.99987 0.00531 0.01512 0.00169 -0.00429 0.99776 -0.06676 1.40646 -0.01544 0.06668 0.99765 0.02200
1548882900311866880 173 0.99983 0.00392 0.01776 -0.00030 -0.00276 0.99790 -0.06467 1.41297 -0.01798 0.06461 0.99775 0.02140
1548882900345204992 174 0.99984 0.00073 0.01804 -0.00065 0.00045 0.99784 -0.06571 1.42009 -0.01805 0.06571 0.99768 0.02133
1548882900378542080 175 0.99985 0.00174 0.01704 -0.00040 -0.00062 0.99787 -0.06526 1.42697 -0.01711 0.06524 0.99772 0.02162
1548882900411879936 176 0.99984 0.00426 0.01711 -0.00023 -0.00312 0.99783 -0.06582 1.43362 -0.01735 0.06575 0.99769 0.02105
1548882900445218048 177 0.99982 0.00712 0.01733 -0.00054 -0.00601 0.99796 -0.06358 1.44005 -0.01775 0.06347 0.99783 0.02104
1548882900478554880 178 0.99979 0.00714 0.01897 -0.00118 -0.00589 0.99786 -0.06515 1.44787 -0.01939 0.06502 0.99770 0.02089
1548882900511892992 179 0.99979 0.00774 0.01875 -0.00163 -0.00646 0.99770 -0.06746 1.45656 -0.01923 0.06733 0.99755 0.02086
1548882900545230848 180 0.99980 0.00746 0.01857 -0.00144 -0.00616 0.99760 -0.06899 1.46623 -0.01904 0.06887 0.99744 0.02090
1548882900578568960 181 0.99982 0.00772 0.01752 -0.00055 -0.00640 0.99725 -0.07389 1.47688 -0.01805 0.07376 0.99711 0.02066
1548882900611906048 182 0.99985 0.00627 0.01642 -0.00061 -0.00500 0.99709 -0.07613 1.48605 -0.01685 0.07604 0.99696 0.02010
1548882900645243904 183 0.99983 0.00240 0.01823 -0.00139 -0.00104 0.99724 -0.07418 1.49360 -0.01836 0.07414 0.99708 0.01968
1548882900678582016 184 0.99978 0.00358 0.02045 -0.00325 -0.00207 0.99730 -0.07346 1.50036 -0.02065 0.07340 0.99709 0.01898
1548882900711919872 185 0.99979 0.00547 0.01955 -0.00372 -0.00399 0.99719 -0.07474 1.50642 -0.01990 0.07465 0.99701 0.01851
1548882900745256960 186 0.99976 0.00825 0.02008 -0.00360 -0.00678 0.99737 -0.07211 1.51154 -0.02062 0.07196 0.99719 0.01791
1548882900778595072 187 0.99972 0.00887 0.02184 -0.00430 -0.00733 0.99756 -0.06941 1.51723 -0.02241 0.06924 0.99735 0.01688
1548882900811932928 188 0.99966 0.00979 0.02430 -0.00618 -0.00810 0.99760 -0.06883 1.52485 -0.02491 0.06861 0.99733 0.01609
1548882900845270016 189 0.99955 0.01144 0.02772 -0.00897 -0.00942 0.99736 -0.07194 1.53423 -0.02847 0.07165 0.99702 0.01598
1548882900878607872 190 0.99948 0.01006 0.03074 -0.01111 -0.00776 0.99723 -0.07404 1.54431 -0.03140 0.07376 0.99678 0.01559
1548882900911945984 191 0.99943 0.01030 0.03213 -0.01246 -0.00778 0.99697 -0.07743 1.55435 -0.03283 0.07713 0.99648 0.01623
1548882900945283840 192 0.99951 0.00971 0.02961 -0.01046 -0.00728 0.99667 -0.08121 1.56516 -0.03030 0.08096 0.99626 0.01565
1548882900978620928 193 0.99967 0.00841 0.02428 -0.00659 -0.00630 0.99630 -0.08566 1.57620 -0.02491 0.08548 0.99603 0.01528
1548882901011959040 194 0.99980 0.00791 0.01838 -0.00175 -0.00621 0.99583 -0.09101 1.58822 -0.01902 0.09088 0.99568 0.01545
1548882901045296896 195 0.99991 0.00779 0.01082 0.00424 -0.00670 0.99521 -0.09753 1.60119 -0.01152 0.09745 0.99517 0.01608
1548882901078633984 196 0.99997 0.00709 0.00213 0.01126 -0.00682 0.99432 -0.10618 1.61619 -0.00287 0.10617 0.99434 0.01720
1548882901111971840 197 0.99995 0.00589 -0.00859 0.02041 -0.00685 0.99316 -0.11660 1.63258 0.00785 0.11665 0.99314 0.01904
1548882901145309952 198 0.99975 0.00429 -0.02214 0.02929 -0.00715 0.99142 -0.13053 1.65065 0.02139 0.13066 0.99120 0.02101
1548882901178648064 199 0.99955 0.00412 -0.02964 0.03549 -0.00819 0.99033 -0.13852 1.66415 0.02879 0.13870 0.98992 0.02128
1548882901211984896 200 0.99959 0.00168 -0.02874 0.03516 -0.00529 0.99199 -0.12617 1.67280 0.02830 0.12627 0.99159 0.02049
1548882901245323008 201 0.99978 0.00091 -0.02112 0.03114 -0.00353 0.99223 -0.12439 1.68047 0.02084 0.12443 0.99201 0.02219
1548882901278660864 202 0.99982 0.00079 -0.01893 0.02854 -0.00317 0.99205 -0.12579 1.68531 0.01868 0.12583 0.99188 0.02288
1548882901311998976 203 0.99978 0.00608 -0.02001 0.02873 -0.00833 0.99337 -0.11468 1.68689 0.01918 0.11482 0.99320 0.02309
1548882901345336064 204 0.99980 0.00277 -0.01966 0.02987 -0.00494 0.99378 -0.11124 1.68983 0.01923 0.11132 0.99360 0.02405
1548882901378673920 205 0.99975 0.00207 -0.02218 0.03055 -0.00456 0.99363 -0.11260 1.69559 0.02181 0.11268 0.99339 0.02479
1548882901412012032 206 0.99979 0.00293 -0.02004 0.02899 -0.00510 0.99403 -0.10902 1.69971 0.01960 0.10910 0.99384 0.02511
1548882901445348864 207 0.99987 0.00490 -0.01539 0.02541 -0.00638 0.99520 -0.09769 1.70204 0.01484 0.09778 0.99510 0.02570
1548882901478686976 208 0.99996 0.00391 -0.00776 0.02036 -0.00459 0.99600 -0.08922 1.70555 0.00738 0.08925 0.99598 0.02733
1548882901512025088 209 0.99999 0.00182 -0.00385 0.01715 -0.00215 0.99615 -0.08760 1.70843 0.00368 0.08761 0.99615 0.02844
1548882901545362944 210 0.99997 0.00543 -0.00487 0.01739 -0.00579 0.99703 -0.07674 1.70886 0.00444 0.07677 0.99704 0.02980
1548882901578700032 211 0.99998 0.00530 -0.00261 0.01704 -0.00547 0.99743 -0.07145 1.71157 0.00223 0.07146 0.99744 0.02995
1548882901612037888 212 0.99998 0.00582 -0.00297 0.01597 -0.00602 0.99736 -0.07233 1.71706 0.00254 0.07234 0.99738 0.03050
1548882901645376000 213 0.99997 0.00827 -0.00032 0.01408 -0.00827 0.99747 -0.07056 1.72289 -0.00026 0.07056 0.99751 0.03103
1548882901678713856 214 0.99996 0.00912 0.00208 0.01217 -0.00896 0.99766 -0.06779 1.72880 -0.00269 0.06777 0.99770 0.03151
1548882901712050944 215 0.99995 0.00928 0.00421 0.01091 -0.00898 0.99771 -0.06705 1.73591 -0.00483 0.06701 0.99774 0.03225
1548882901745389056 216 0.99995 0.00839 0.00538 0.00979 -0.00800 0.99759 -0.06892 1.74454 -0.00594 0.06887 0.99761 0.03294
1548882901778726912 217 0.99992 0.00908 0.00862 0.00761 -0.00850 0.99786 -0.06480 1.75192 -0.00919 0.06472 0.99786 0.03357
1548882901812064000 218 0.99991 0.00440 0.01239 0.00518 -0.00364 0.99811 -0.06132 1.75804 -0.01264 0.06127 0.99804 0.03401
1548882901845401856 219 0.99990 0.00261 0.01380 0.00380 -0.00179 0.99827 -0.05879 1.76321 -0.01393 0.05876 0.99817 0.03458
1548882901878739968 220 0.99991 0.00274 0.01288 0.00406 -0.00199 0.99831 -0.05806 1.76836 -0.01302 0.05803 0.99823 0.03463
1548882901912078080 221 0.99992 0.00408 0.01207 0.00428 -0.00335 0.99822 -0.05950 1.77405 -0.01229 0.05945 0.99816 0.03459
1548882901945414912 222 0.99991 0.00417 0.01300 0.00349 -0.00341 0.99829 -0.05832 1.77972 -0.01322 0.05828 0.99821 0.03479
1548882901978753024 223 0.99988 0.00439 0.01516 0.00192 -0.00351 0.99832 -0.05791 1.78617 -0.01539 0.05785 0.99821 0.03507
1548882902012090880 224 0.99986 0.00389 0.01637 0.00040 -0.00292 0.99826 -0.05885 1.79349 -0.01657 0.05880 0.99813 0.03546
1548882902045428992 225 0.99980 0.00172 0.02010 -0.00207 -0.00054 0.99829 -0.05850 1.80173 -0.02017 0.05848 0.99808 0.03585
1548882902078766080 226 0.99972 0.00101 0.02353 -0.00472 0.00032 0.99842 -0.05611 1.81011 -0.02355 0.05610 0.99815 0.03638
1548882902112103936 227 0.99969 -0.00085 0.02504 -0.00646 0.00230 0.99830 -0.05825 1.82050 -0.02494 0.05829 0.99799 0.03691
1548882902145442048 228 0.99971 -0.00273 0.02411 -0.00608 0.00420 0.99812 -0.06118 1.82980 -0.02389 0.06126 0.99784 0.03737
1548882902178778880 229 0.99974 -0.00736 0.02164 -0.00405 0.00859 0.99831 -0.05740 1.83729 -0.02118 0.05757 0.99812 0.03822
1548882902212116992 230 0.99982 -0.00458 0.01851 -0.00184 0.00563 0.99837 -0.05682 1.84398 -0.01822 0.05692 0.99821 0.03878
1548882902245454848 231 0.99984 -0.00619 0.01690 -0.00010 0.00711 0.99845 -0.05518 1.84988 -0.01653 0.05529 0.99833 0.03929
1548882902278792960 232 0.99986 -0.00601 0.01537 0.00108 0.00681 0.99860 -0.05245 1.85642 -0.01504 0.05255 0.99851 0.04017
1548882902312130048 233 0.99988 -0.00740 0.01348 0.00287 0.00812 0.99851 -0.05388 1.86453 -0.01306 0.05398 0.99846 0.04094
1548882902345467904 234 0.99991 -0.00709 0.01150 0.00464 0.00773 0.99840 -0.05606 1.87333 -0.01108 0.05614 0.99836 0.04179
1548882902378806016 235 0.99993 -0.00666 0.00935 0.00616 0.00718 0.99836 -0.05679 1.88232 -0.00896 0.05685 0.99834 0.04255
1548882902412143872 236 0.99993 -0.00785 0.00839 0.00741 0.00833 0.99826 -0.05835 1.89152 -0.00792 0.05842 0.99826 0.04341
1548882902445480960 237 0.99994 -0.00895 0.00586 0.00935 0.00927 0.99826 -0.05825 1.90068 -0.00533 0.05831 0.99828 0.04447
1548882902478819072 238 0.99995 -0.00940 0.00411 0.01104 0.00963 0.99819 -0.05940 1.91028 -0.00354 0.05944 0.99823 0.04569
1548882902512156928 239 0.99998 -0.00548 0.00230 0.01288 0.00562 0.99804 -0.06237 1.91913 -0.00196 0.06238 0.99805 0.04603
1548882902545494016 240 0.99999 -0.00522 0.00153 0.01409 0.00530 0.99795 -0.06384 1.92817 -0.00120 0.06384 0.99796 0.04681
1548882902578831872 241 0.99998 -0.00543 -0.00143 0.01597 0.00532 0.99774 -0.06700 1.93752 0.00179 0.06699 0.99775 0.04749
1548882902612169984 242 0.99998 -0.00499 -0.00390 0.01810 0.00470 0.99754 -0.06994 1.94712 0.00423 0.06992 0.99754 0.04815
1548882902645507840 243 0.99997 -0.00451 -0.00687 0.02032 0.00401 0.99738 -0.07218 1.95697 0.00718 0.07215 0.99737 0.04890
1548882902678844928 244 0.99996 -0.00351 -0.00769 0.02059 0.00292 0.99718 -0.07498 1.96578 0.00793 0.07496 0.99716 0.04892
1548882902712183040 245 0.99996 -0.00169 -0.00883 0.02023 0.00101 0.99710 -0.07610 1.97339 0.00893 0.07608 0.99706 0.04892
1548882902745520896 246 0.99997 0.00178 -0.00755 0.01900 -0.00234 0.99721 -0.07467 1.97940 0.00740 0.07469 0.99718 0.04919
1548882902778857984 247 0.99997 0.00332 -0.00637 0.01771 -0.00377 0.99735 -0.07272 1.98475 0.00612 0.07274 0.99733 0.04933
1548882902812195840 248 0.99998 0.00356 -0.00494 0.01645 -0.00391 0.99736 -0.07254 1.99055 0.00467 0.07256 0.99735 0.04918
1548882902845533952 249 0.99999 0.00178 -0.00341 0.01519 -0.00202 0.99741 -0.07188 1.99675 0.00328 0.07189 0.99741 0.04918
1548882902878872064 250 1.00000 0.00213 -0.00062 0.01375 -0.00217 0.99765 -0.06855 2.00389 0.00047 0.06855 0.99765 0.04907
1548882902912208896 251 1.00000 -0.00049 -0.00243 0.01522 0.00031 0.99731 -0.07327 2.01443 0.00246 0.07327 0.99731 0.04957
1548882902945547008 252 0.99995 0.00037 -0.00964 0.01982 -0.00112 0.99693 -0.07829 2.02673 0.00959 0.07830 0.99688 0.05110
1548882902978884864 253 0.99989 -0.00190 -0.01441 0.02290 0.00067 0.99635 -0.08538 2.03923 0.01452 0.08536 0.99624 0.05222
1548882903012222976 254 0.99983 -0.00177 -0.01824 0.02588 0.00025 0.99656 -0.08291 2.04994 0.01832 0.08289 0.99639 0.05318
1548882903045560064 255 0.99974 -0.01061 -0.02040 0.02838 0.00889 0.99651 -0.08295 2.06039 0.02121 0.08275 0.99634 0.05406
1548882903078897920 256 0.99975 -0.00872 -0.02068 0.02943 0.00694 0.99641 -0.08440 2.06839 0.02134 0.08424 0.99622 0.05476
1548882903112236032 257 0.99967 -0.00981 -0.02361 0.03014 0.00791 0.99682 -0.07929 2.07236 0.02431 0.07908 0.99657 0.05497
1548882903145572864 258 0.99962 -0.00958 -0.02576 0.03193 0.00768 0.99731 -0.07294 2.07528 0.02639 0.07272 0.99700 0.05569
1548882903178910976 259 0.99963 -0.00766 -0.02615 0.03263 0.00580 0.99750 -0.07049 2.08012 0.02662 0.07031 0.99717 0.05624
1548882903212249088 260 0.99963 -0.00565 -0.02668 0.03295 0.00366 0.99724 -0.07409 2.08736 0.02703 0.07396 0.99689 0.05664
1548882903245586944 261 0.99966 -0.00492 -0.02560 0.03250 0.00295 0.99707 -0.07641 2.09525 0.02590 0.07631 0.99675 0.05698
1548882903278924032 262 0.99966 -0.00688 -0.02518 0.03223 0.00493 0.99704 -0.07668 2.10311 0.02563 0.07653 0.99674 0.05733
1548882903312261888 263 0.99966 -0.00596 -0.02528 0.03211 0.00397 0.99694 -0.07805 2.11131 0.02567 0.07792 0.99663 0.05757
1548882903345600000 264 0.99966 -0.00626 -0.02517 0.03233 0.00425 0.99686 -0.07909 2.11943 0.02559 0.07895 0.99655 0.05787
1548882903378937856 265 0.99966 -0.00632 -0.02536 0.03232 0.00433 0.99695 -0.07793 2.12685 0.02577 0.07780 0.99664 0.05797
1548882903412274944 266 0.99965 -0.00782 -0.02513 0.03176 0.00590 0.99712 -0.07563 2.13393 0.02565 0.07545 0.99682 0.05833
1548882903445613056 267 0.99963 -0.00782 -0.02595 0.03228 0.00581 0.99704 -0.07662 2.14197 0.02647 0.07645 0.99672 0.05886
1548882903478950912 268 0.99962 -0.00920 -0.02599 0.03279 0.00715 0.99695 -0.07775 2.14953 0.02662 0.07753 0.99663 0.05956
1548882903512288000 269 0.99962 -0.00807 -0.02623 0.03312 0.00606 0.99708 -0.07612 2.15552 0.02677 0.07593 0.99675 0.06024
1548882903545625856 270 0.99960 -0.00857 -0.02707 0.03418 0.00647 0.99704 -0.07667 2.16145 0.02765 0.07646 0.99669 0.06062
1548882903578963968 271 0.99957 -0.00776 -0.02810 0.03501 0.00557 0.99699 -0.07732 2.16830 0.02862 0.07713 0.99661 0.06117
1548882903612302080 272 0.99956 -0.00763 -0.02863 0.03531 0.00530 0.99675 -0.08044 2.17566 0.02915 0.08025 0.99635 0.06118
1548882903645638912 273 0.99961 -0.00635 -0.02721 0.03438 0.00417 0.99684 -0.07938 2.18245 0.02763 0.07924 0.99647 0.06097
1548882903678977024 274 0.99966 -0.00605 -0.02555 0.03308 0.00396 0.99671 -0.08097 2.18932 0.02595 0.08085 0.99639 0.06118
1548882903712314880 275 0.99969 -0.00508 -0.02418 0.03128 0.00307 0.99659 -0.08250 2.19543 0.02451 0.08240 0.99630 0.06177
1548882903745652992 276 0.99973 -0.00413 -0.02291 0.03025 0.00223 0.99659 -0.08253 2.20217 0.02317 0.08246 0.99633 0.06170
1548882903778990080 277 0.99977 -0.00436 -0.02117 0.02911 0.00258 0.99651 -0.08348 2.20893 0.02146 0.08340 0.99628 0.06174
1548882903812327936 278 0.99979 -0.00541 -0.01997 0.02816 0.00370 0.99641 -0.08458 2.21522 0.02036 0.08449 0.99622 0.06183
1548882903845666048 279 0.99981 -0.00586 -0.01860 0.02730 0.00427 0.99641 -0.08459 2.22080 0.01903 0.08449 0.99624 0.06245
1548882903879002880 280 0.99983 -0.00413 -0.01777 0.02658 0.00260 0.99638 -0.08497 2.22585 0.01806 0.08491 0.99622 0.06310
1548882903912340992 281 0.99985 -0.00460 -0.01696 0.02597 0.00314 0.99637 -0.08503 2.23070 0.01729 0.08496 0.99623 0.06345
1548882903945678848 282 0.99986 -0.00318 -0.01636 0.02546 0.00179 0.99643 -0.08445 2.23533 0.01657 0.08441 0.99629 0.06379
1548882903979016960 283 0.99986 -0.00403 -0.01633 0.02569 0.00264 0.99646 -0.08408 2.24038 0.01661 0.08402 0.99633 0.06410
1548882904012354048 284 0.99985 -0.00340 -0.01694 0.02640 0.00193 0.99629 -0.08609 2.24611 0.01717 0.08604 0.99614 0.06410
1548882904045691904 285 0.99983 -0.00299 -0.01839 0.02617 0.00135 0.99609 -0.08831 2.25146 0.01858 0.08827 0.99592 0.06322
1548882904079030016 286 0.99983 -0.00189 -0.01859 0.02630 0.00021 0.99593 -0.09014 2.25772 0.01869 0.09012 0.99576 0.06322
1548882904112366848 287 0.99982 -0.00348 -0.01841 0.02628 0.00176 0.99572 -0.09235 2.26321 0.01865 0.09230 0.99556 0.06336
1548882904145704960 288 0.99984 -0.00272 -0.01743 0.02553 0.00110 0.99575 -0.09211 2.26770 0.01761 0.09208 0.99560 0.06346
1548882904179043072 289 0.99986 -0.00199 -0.01638 0.02450 0.00048 0.99578 -0.09181 2.27163 0.01649 0.09179 0.99564 0.06358
1548882904212380928 290 0.99989 -0.00163 -0.01495 0.02328 0.00025 0.99577 -0.09189 2.27538 0.01504 0.09188 0.99566 0.06380
1548882904245718016 291 0.99991 -0.00131 -0.01362 0.02224 0.00006 0.99582 -0.09135 2.27927 0.01368 0.09134 0.99573 0.06414
1548882904279055872 292 0.99992 -0.00187 -0.01270 0.02166 0.00070 0.99578 -0.09182 2.28383 0.01281 0.09181 0.99569 0.06425
1548882904312393984 293 0.99992 -0.00265 -0.01231 0.02174 0.00149 0.99567 -0.09290 2.28912 0.01250 0.09288 0.99560 0.06414
1548882904345731840 294 0.99990 -0.00631 -0.01286 0.02258 0.00502 0.99519 -0.09783 2.29422 0.01342 0.09776 0.99512 0.06434
1548882904379068928 295 0.99987 -0.00836 -0.01356 0.02357 0.00699 0.99513 -0.09829 2.29676 0.01431 0.09818 0.99507 0.06456
1548882904412407040 296 0.99989 -0.00631 -0.01369 0.02283 0.00496 0.99531 -0.09657 2.29650 0.01423 0.09649 0.99523 0.06479
1548882904445744896 297 0.99991 -0.00444 -0.01252 0.02147 0.00321 0.99533 -0.09649 2.29620 0.01289 0.09644 0.99526 0.06497
1548882904479081984 298 0.99994 -0.00259 -0.01110 0.02019 0.00154 0.99564 -0.09331 2.29491 0.01129 0.09329 0.99558 0.06513
1548882904512419840 299 0.99994 -0.00224 -0.01082 0.01977 0.00123 0.99573 -0.09236 2.29428 0.01098 0.09234 0.99567 0.06519
1548882904545757952 300 0.99993 -0.00203 -0.01150 0.02013 0.00094 0.99560 -0.09375 2.29467 0.01164 0.09373 0.99553 0.06523
1548882904579096064 301 0.99993 -0.00221 -0.01192 0.02056 0.00108 0.99556 -0.09408 2.29522 0.01207 0.09406 0.99549 0.06520
1548882904612432896 302 0.99993 -0.00300 -0.01173 0.02053 0.00188 0.99555 -0.09421 2.29576 0.01196 0.09418 0.99548 0.06523
1548882904645771008 303 0.99993 -0.00237 -0.01167 0.02031 0.00125 0.99552 -0.09450 2.29611 0.01185 0.09448 0.99546 0.06527
1548882904679108864 304 0.99993 -0.00254 -0.01151 0.02018 0.00145 0.99559 -0.09380 2.29615 0.01170 0.09377 0.99552 0.06531
1548882904712446976 305 0.99994 -0.00245 -0.01112 0.02005 0.00140 0.99564 -0.09330 2.29629 0.01130 0.09328 0.99558 0.06532
1548882904745784064 306 0.99994 -0.00209 -0.01116 0.01990 0.00104 0.99562 -0.09353 2.29703 0.01130 0.09352 0.99555 0.06534
1548882904779121920 307 0.99994 -0.00254 -0.01112 0.01989 0.00148 0.99559 -0.09382 2.29801 0.01130 0.09380 0.99553 0.06536
1548882904812460032 308 0.99993 -0.00320 -0.01124 0.02002 0.00213 0.99558 -0.09389 2.29901 0.01149 0.09386 0.99552 0.06525
1548882904845796864 309 0.99993 -0.00325 -0.01127 0.02013 0.00217 0.99554 -0.09428 2.30000 0.01153 0.09425 0.99548 0.06522
1548882904879134976 310 0.99993 -0.00323 -0.01119 0.02004 0.00216 0.99552 -0.09449 2.30077 0.01144 0.09446 0.99546 0.06535
1548882904912473088 311 0.99993 -0.00328 -0.01116 0.02000 0.00222 0.99555 -0.09418 2.30125 0.01142 0.09414 0.99549 0.06520
1548882904945810944 312 0.99993 -0.00307 -0.01107 0.01987 0.00202 0.99556 -0.09407 2.30164 0.01131 0.09404 0.99550 0.06522
1548882904979148032 313 0.99994 -0.00309 -0.01079 0.01975 0.00206 0.99560 -0.09366 2.30212 0.01103 0.09363 0.99555 0.06524
1548882905012485888 314 0.99994 -0.00326 -0.01070 0.01949 0.00224 0.99558 -0.09386 2.30294 0.01095 0.09383 0.99553 0.06507
1548882905045824000 315 0.99993 -0.00352 -0.01087 0.01958 0.00248 0.99555 -0.09416 2.30388 0.01115 0.09412 0.99550 0.06507
1548882905079161856 316 0.99993 -0.00351 -0.01099 0.01978 0.00246 0.99552 -0.09448 2.30480 0.01127 0.09444 0.99547 0.06505
1548882905112498944 317 0.99993 -0.00377 -0.01102 0.01990 0.00271 0.99551 -0.09467 2.30559 0.01133 0.09463 0.99545 0.06504
1548882905145837056 318 0.99993 -0.00353 -0.01090 0.01982 0.00248 0.99551 -0.09462 2.30623 0.01119 0.09459 0.99545 0.06509
1548882905179174912 319 0.99993 -0.00358 -0.01086 0.01972 0.00254 0.99551 -0.09459 2.30676 0.01115 0.09456 0.99546 0.06511
1548882905212512000 320 0.99994 -0.00333 -0.01080 0.01968 0.00230 0.99552 -0.09453 2.30724 0.01107 0.09450 0.99546 0.06514
1548882905245849856 321 0.99994 -0.00333 -0.01075 0.01957 0.00230 0.99553 -0.09440 2.30784 0.01101 0.09437 0.99548 0.06511
1548882905279187968 322 0.99994 -0.00344 -0.01068 0.01964 0.00241 0.99552 -0.09453 2.30855 0.01095 0.09450 0.99546 0.06525
1548882905312526080 323 0.99994 -0.00357 -0.01070 0.01976 0.00254 0.99550 -0.09476 2.30947 0.01099 0.09472 0.99544 0.06529
1548882905345862912 324 0.99994 -0.00342 -0.01071 0.01974 0.00239 0.99551 -0.09463 2.31048 0.01099 0.09460 0.99545 0.06529
1548882905379201024 325 0.99994 -0.00360 -0.01062 0.01971 0.00257 0.99548 -0.09497 2.31177 0.01091 0.09494 0.99542 0.06533
1548882905412538880 326 0.99994 -0.00417 -0.01058 0.01982 0.00314 0.99544 -0.09533 2.31312 0.01092 0.09529 0.99539 0.06538
1548882905445875968 327 0.99993 -0.00431 -0.01081 0.02002 0.00326 0.99541 -0.09564 2.31451 0.01117 0.09560 0.99536 0.06537
1548882905479214080 328 0.99993 -0.00453 -0.01092 0.02012 0.00346 0.99536 -0.09612 2.31586 0.01131 0.09608 0.99531 0.06544
1548882905512551936 329 0.99993 -0.00466 -0.01093 0.02021 0.00358 0.99536 -0.09616 2.31699 0.01133 0.09611 0.99531 0.06544
1548882905545890048 330 0.99993 -0.00494 -0.01076 0.02024 0.00389 0.99536 -0.09610 2.31805 0.01118 0.09605 0.99531 0.06545
1548882905579226880 331 0.99993 -0.00505 -0.01073 0.02011 0.00399 0.99536 -0.09619 2.31921 0.01117 0.09614 0.99531 0.06545
1548882905612564992 332 0.99993 -0.00536 -0.01072 0.02018 0.00430 0.99534 -0.09629 2.32040 0.01119 0.09623 0.99530 0.06550
1548882905645902848 333 0.99993 -0.00560 -0.01079 0.02035 0.00453 0.99532 -0.09652 2.32165 0.01128 0.09647 0.99527 0.06541
