325530000000 11 1 0 0 -0 0 1 0 -0 0 0 1 -0
326219000000 13 0.99322 0.116231 0.00216839 -0.0261011 -0.116234 0.993221 0.00100781 -0.0154345 -0.00203655 -0.00125302 0.999997 0.00057297
326340000000 18 0.988496 0.151217 0.00301617 -0.0343776 -0.151219 0.9885 0.00066013 -0.0191245 -0.00288166 -0.00110864 0.999995 0.0007616
326644000000 22 0.981577 0.191026 0.00401505 -0.037628 -0.191031 0.981584 0.00082311 -0.0127478 -0.00378387 -0.00157494 0.999992 0.000666176
326886000000 23 0.972874 0.231267 0.00559406 -0.0463453 -0.231272 0.972889 0.000379855 -0.017134 -0.00535455 -0.0016633 0.999984 0.000692586
326944000000 24 0.954533 0.298065 0.00496337 -0.0514974 -0.298071 0.954543 0.000638734 -0.0263645 -0.00454737 -0.00208913 0.999987 0.000621603
327003000000 25 0.92502 0.379889 0.00473261 -0.0529156 -0.379896 0.925029 0.000762792 -0.0404001 -0.00408803 -0.0025035 0.999989 0.00043247
327063000000 26 0.895851 0.444331 0.00465135 -0.0518591 -0.444339 0.895859 0.000766686 -0.0523314 -0.00382629 -0.00275361 0.999989 0.000270801
327121000000 27 0.868753 0.495223 0.00464885 -0.0497305 -0.495233 0.868759 0.00123379 -0.063418 -0.00342773 -0.00337412 0.999988 0.000237585
327180000000 28 0.840388 0.541969 0.00421258 -0.0480914 -0.541979 0.840391 0.00140499 -0.0729753 -0.00277876 -0.00346386 0.99999 0.000139122
327239000000 30 0.814386 0.580307 0.00429164 -0.0478327 -0.580317 0.814389 0.00153174 -0.0721733 -0.00260618 -0.00373794 0.99999 0.000141478
327357000000 32 0.775765 0.631007 0.00438345 -0.0393753 -0.631018 0.775767 0.00167876 -0.065947 -0.00234122 -0.00406836 0.999989 4.05862e-05
327455000000 35 0.747075 0.664724 0.00450367 -0.0250871 -0.664736 0.747076 0.00181168 -0.0691027 -0.00216032 -0.00434721 0.999988 -0.0001326
327626000000 38 0.728461 0.685074 0.0042641 0.0056918 -0.685085 0.728459 0.00216449 -0.101074 -0.00162339 -0.00449801 0.999989 -0.000328932
327806000000 42 0.728093 0.685468 0.00383373 0.0520397 -0.685478 0.72809 0.00240511 -0.144775 -0.00114268 -0.00437908 0.99999 -0.000676644
328045000000 46 0.727825 0.685747 0.00472299 0.112426 -0.685759 0.727828 0.00148118 -0.201591 -0.00242181 -0.00431687 0.999988 -0.000989473
328282000000 50 0.727772 0.685807 0.00412537 0.17127 -0.685817 0.727771 0.00212573 -0.257199 -0.00154449 -0.0043763 0.999989 -0.00114791
328524000000 54 0.717185 0.696871 0.00398552 0.230008 -0.696881 0.717183 0.00217357 -0.310221 -0.00134365 -0.00433629 0.99999 -0.00134907
328766000000 57 0.717061 0.696994 0.00474473 0.294162 -0.697007 0.717062 0.00177151 -0.372486 -0.00216753 -0.00457739 0.999987 -0.00176601
328949000000 60 0.709898 0.704291 0.00421796 0.338726 -0.704303 0.709895 0.00248083 -0.413783 -0.00124708 -0.00473186 0.999988 -0.00207146
329133000000 63 0.709306 0.704888 0.00425723 0.382424 -0.704899 0.709304 0.00217593 -0.456953 -0.00148588 -0.00454432 0.999989 -0.00236271
329318000000 66 0.709189 0.705004 0.00450091 0.430877 -0.705016 0.709189 0.00188366 -0.505189 -0.00186401 -0.00450908 0.999988 -0.00256226
329503000000 69 0.709107 0.705088 0.00428685 0.477764 -0.705099 0.709106 0.00200035 -0.551706 -0.00162941 -0.00444111 0.999989 -0.00268156
329689000000 72 0.709071 0.705136 -0.000865088 0.526205 -0.705132 0.70907 0.00288826 -0.599848 0.00265002 -0.00143798 0.999995 -0.00215042
329870000000 75 0.709067 0.705141 1.2959e-05 0.57387 -0.705138 0.709064 0.00307488 -0.647242 0.00215904 -0.00218944 0.999995 -0.00258476
330049000000 78 0.708965 0.705244 -0.000169842 0.620962 -0.705239 0.708961 0.00338717 -0.693914 0.00250919 -0.0022816 0.999994 -0.0027879
330229000000 81 0.708918 0.70529 -0.00098043 0.668527 -0.705286 0.708917 0.00300147 -0.741282 0.00281195 -0.00143631 0.999995 -0.00288135
330406000000 84 0.709257 0.704949 -0.00124778 0.714744 -0.70495 0.709257 -0.00094376 -0.787175 0.000219696 0.00154899 0.999999 -0.00239878
330586000000 87 0.709542 0.70466 -0.00227416 0.76282 -0.704661 0.709544 -7.38632e-06 -0.834624 0.00160841 0.00160775 0.999997 -0.00259905
330764000000 91 0.70952 0.704676 -0.00351256 0.810204 -0.704678 0.709526 0.000759345 -0.881941 0.00302735 0.00193646 0.999994 -0.0027741
331004000000 94 0.710946 0.703193 -0.00866574 0.872995 -0.703223 0.710969 -0.000578456 -0.944645 0.00575431 0.0065052 0.999962 -0.00216614
331178000000 97 0.711255 0.702595 -0.0218439 0.917947 -0.702763 0.711424 -1.74888e-05 -0.988832 0.015528 0.0153635 0.999761 -0.000448503
331352000000 100 0.710229 0.703006 -0.0368372 0.964921 -0.703298 0.710865 0.00650361 -1.03525 0.0307584 0.0212885 0.9993 0.00208578
331523000000 103 0.709195 0.702965 -0.0536932 1.00977 -0.703277 0.710735 0.0160519 -1.07964 0.0494455 0.0263772 0.998428 0.00518893
331691000000 107 0.707801 0.703001 -0.0693313 1.05313 -0.703315 0.710476 0.0239188 -1.12233 0.0660732 0.031832 0.997307 0.00794141
331917000000 111 0.70667 0.701583 -0.0916401 1.11279 -0.702506 0.711157 0.0272252 -1.18158 0.0842712 0.0451385 0.99542 0.0128086
332144000000 114 0.709688 0.696504 -0.105949 1.16802 -0.698492 0.715242 0.0232045 -1.23723 0.0919414 0.0575368 0.994101 0.0182706
332317000000 119 0.710098 0.696251 -0.104859 1.21343 -0.698804 0.715131 0.0161346 -1.28184 0.0862216 0.0618187 0.994356 0.0232543
332610000000 122 0.714166 0.691764 -0.10691 1.28703 -0.695356 0.718648 0.00500707 -1.35523 0.0802944 0.0707646 0.994256 0.0311935
332787000000 126 0.714311 0.691223 -0.109407 1.3304 -0.695507 0.718518 -0.00139078 -1.39742 0.0776496 0.0770868 0.993996 0.0361095
333026000000 129 0.714764 0.690853 -0.108787 1.39379 -0.695415 0.718585 -0.00570355 -1.4591 0.0742324 0.0797288 0.994049 0.0430804
333209000000 132 0.714481 0.691051 -0.109388 1.44246 -0.695447 0.718571 -0.00287207 -1.50643 0.0766185 0.0781258 0.993995 0.0478901
333395000000 135 0.71451 0.691018 -0.109407 1.49228 -0.695421 0.718597 -0.00294053 -1.55496 0.0765875 0.0781849 0.993993 0.052901
333584000000 138 0.714767 0.690745 -0.109448 1.54078 -0.695155 0.718854 -0.00301125 -1.60216 0.0765973 0.0782359 0.993988 0.0577813
333778000000 139 0.760328 0.640249 -0.109462 1.56309 -0.644391 0.764689 -0.00326302 -1.63715 0.0816156 0.0730175 0.993986 0.0600562
333844000000 140 0.786824 0.607375 -0.109564 1.56855 -0.61133 0.791369 -0.00321344 -1.64799 0.0847537 0.0695081 0.993975 0.0605839
333907000000 141 0.808534 0.578131 -0.109714 1.57715 -0.581938 0.813227 -0.00332572 -1.65206 0.0872999 0.0665358 0.993958 0.0615192
333973000000 142 0.833941 0.540797 -0.109911 1.58794 -0.544413 0.83881 -0.00348145 -1.65108 0.0903114 0.0627402 0.993935 0.0625869
334037000000 143 0.859747 0.498721 -0.110058 1.5979 -0.502099 0.864803 -0.00347066 -1.64816 0.0934473 0.0582436 0.993919 0.0636063
334101000000 144 0.881061 0.460022 -0.110057 1.60697 -0.463189 0.886252 -0.00365635 -1.64543 0.0958558 0.0541984 0.993919 0.0646053
334164000000 145 0.899379 0.42307 -0.110137 1.61242 -0.426028 0.904702 -0.00370782 -1.64107 0.0980725 0.0502562 0.99391 0.0651994
334226000000 151 0.913228 0.392111 -0.110741 1.61462 -0.394895 0.918719 -0.00352272 -1.63647 0.100359 0.0469483 0.993843 0.0654218
334594000000 154 0.922247 0.369568 -0.113489 1.6609 -0.372238 0.928134 -0.00252726 -1.6522 0.104399 0.0445758 0.993536 0.0704445
334781000000 157 0.921085 0.372747 -0.112524 1.72013 -0.375441 0.926841 -0.00298602 -1.67674 0.103179 0.0449965 0.993645 0.0767416
334969000000 161 0.921232 0.372688 -0.111516 1.78382 -0.375395 0.926858 -0.00355449 -1.70266 0.102035 0.0451371 0.993756 0.0834446
335221000000 165 0.921028 0.373169 -0.111592 1.86431 -0.375868 0.926667 -0.00341623 -1.73544 0.102134 0.0450902 0.993748 0.0921007
335468000000 168 0.921017 0.373374 -0.110994 1.94929 -0.376084 0.926578 -0.00377886 -1.77012 0.101434 0.0452234 0.993814 0.10098
335642000000 172 0.921064 0.373314 -0.110806 2.00792 -0.376035 0.926597 -0.00397566 -1.79401 0.101188 0.0453286 0.993834 0.107327
335879000000 175 0.921028 0.373418 -0.110757 2.08892 -0.376124 0.926561 -0.00385107 -1.82717 0.101185 0.0452054 0.99384 0.116025
336053000000 178 0.921066 0.373381 -0.110565 2.14857 -0.376094 0.926573 -0.00400703 -1.85146 0.10095 0.0452736 0.993861 0.122442
336228000000 181 0.921092 0.373309 -0.110587 2.20843 -0.376012 0.926606 -0.00390018 -1.87596 0.101015 0.0451745 0.993859 0.128872
336399000000 184 0.920954 0.373596 -0.110768 2.26734 -0.376292 0.926494 -0.0037286 -1.89995 0.101233 0.0451152 0.993839 0.135388
336570000000 187 0.920966 0.373601 -0.110652 2.32612 -0.376299 0.926491 -0.00379589 -1.92398 0.1011 0.0451341 0.993852 0.141749
336739000000 190 0.920948 0.373627 -0.110717 2.38437 -0.376325 0.92648 -0.00377754 -1.94758 0.101166 0.0451445 0.993845 0.148022
336909000000 193 0.920887 0.373718 -0.110914 2.44326 -0.376424 0.92644 -0.00376048 -1.97172 0.101349 0.0452135 0.993823 0.154211
337079000000 196 0.920935 0.373578 -0.110985 2.5017 -0.376303 0.926489 -0.00391888 -1.99553 0.101362 0.045373 0.993814 0.160475
337246000000 199 0.920889 0.373671 -0.111059 2.55945 -0.376404 0.926447 -0.00395922 -2.01911 0.101411 0.045449 0.993806 0.16654
337412000000 207 0.920735 0.374103 -0.110879 2.61456 -0.376848 0.926266 -0.00412689 -2.0417 0.101159 0.0455842 0.993825 0.172296
337853000000 210 0.908048 0.40377 -0.111439 2.62632 -0.406693 0.913557 -0.00385672 -2.05153 0.100248 0.0488234 0.993764 0.173593
338014000000 212 0.889536 0.443201 -0.110901 2.61219 -0.446331 0.89486 -0.00383483 -2.05233 0.0975411 0.0529098 0.993824 0.172097
338127000000 213 0.868616 0.48304 -0.110359 2.6001 -0.486406 0.873723 -0.00414032 -2.05402 0.0944229 0.0572754 0.993883 0.17076
338183000000 214 0.843788 0.525103 -0.110855 2.59417 -0.528716 0.84879 -0.00380572 -2.05947 0.0920943 0.0618221 0.993829 0.170086
338242000000 215 0.79911 0.590832 -0.111094 2.58944 -0.594808 0.803861 -0.00333449 -2.07086 0.087334 0.0687443 0.993804 0.169575
338302000000 216 0.746288 0.656316 -0.110924 2.58378 -0.660641 0.750696 -0.00301605 -2.08251 0.081291 0.075532 0.993824 0.168752
338364000000 217 0.692349 0.713032 -0.110628 2.57588 -0.717677 0.696369 -0.0031619 -2.09124 0.0747832 0.0815842 0.993857 0.167786
338426000000 219 0.647767 0.753788 -0.110457 2.57047 -0.758645 0.651497 -0.00302725 -2.09299 0.0696805 0.0857586 0.993876 0.16725
338547000000 222 0.618105 0.778287 -0.110525 2.56783 -0.783279 0.621664 -0.00285614 -2.08991 0.0664866 0.0883373 0.993869 0.166884
338734000000 224 0.592775 0.797753 -0.110488 2.57581 -0.802829 0.596204 -0.00246905 -2.10841 0.0639037 0.0901665 0.993874 0.167682
338861000000 227 0.574307 0.811141 -0.110547 2.5963 -0.81629 0.577638 -0.00230523 -2.14299 0.0619862 0.0915622 0.993868 0.169707
339051000000 230 0.574166 0.811289 -0.110195 2.6352 -0.816424 0.577446 -0.00260445 -2.19825 0.0615189 0.0914616 0.993907 0.173871
339234000000 233 0.573966 0.811419 -0.110281 2.67327 -0.816567 0.577245 -0.00266314 -2.2522 0.0614982 0.0915803 0.993897 0.177595
339413000000 236 0.573218 0.810775 -0.118595 2.70989 -0.816598 0.577206 -0.000879716 -2.30421 0.0677407 0.097349 0.992942 0.182619
339591000000 239 0.572652 0.810122 -0.125588 2.74699 -0.816491 0.577357 0.00131064 -2.35714 0.073571 0.101791 0.992082 0.18724
339768000000 241 0.571567 0.809421 -0.134716 2.784 -0.816569 0.577236 0.00373297 -2.40985 0.0807843 0.107871 0.990877 0.192077
339884000000 243 0.569927 0.80951 -0.140983 2.80814 -0.816678 0.576979 0.011516 -2.44443 0.0906663 0.108574 0.989945 0.195935
340001000000 246 0.568631 0.809404 -0.146709 2.83234 -0.816564 0.576967 0.0182344 -2.47902 0.0994053 0.109429 0.989012 0.199801
340178000000 249 0.567172 0.808758 -0.155647 2.86921 -0.816364 0.577055 0.0236336 -2.5318 0.108931 0.113661 0.98753 0.206163
340358000000 252 0.565268 0.80826 -0.164887 2.90731 -0.816373 0.576809 0.028755 -2.58667 0.11835 0.118355 0.985893 0.212976
340545000000 255 0.563576 0.807203 -0.175513 2.94587 -0.816008 0.577056 0.033721 -2.64239 0.1285 0.124215 0.9839 0.220615
340739000000 258 0.562166 0.806927 -0.181213 2.98581 -0.816433 0.576435 0.0340535 -2.70001 0.131936 0.128805 0.982854 0.228922
340939000000 261 0.561354 0.806521 -0.185485 3.02746 -0.816326 0.576467 0.0360386 -2.76041 0.135992 0.131185 0.981986 0.238208
341140000000 264 0.561353 0.806445 -0.185821 3.06935 -0.816283 0.576522 0.036109 -2.82115 0.13625 0.131413 0.98192 0.247936
341345000000 267 0.561117 0.806709 -0.185387 3.11196 -0.816552 0.576167 0.0357011 -2.88293 0.135614 0.131346 0.982017 0.257835
341557000000 270 0.561233 0.806588 -0.185564 3.15581 -0.816431 0.576329 0.0358453 -2.94667 0.135858 0.131383 0.981978 0.268075
341773000000 273 0.559149 0.808006 -0.185684 3.2 -0.817356 0.574758 0.0397715 -3.01135 0.138859 0.129532 0.981804 0.278732
341987000000 276 0.561582 0.806092 -0.186657 3.24337 -0.817818 0.575026 0.0227794 -3.07373 0.125695 0.139859 0.982161 0.286985
342211000000 279 0.564569 0.803587 -0.188441 3.28958 -0.817588 0.575775 0.00583821 -3.14027 0.113191 0.150771 0.982067 0.296137
342433000000 282 0.56709 0.800422 -0.194252 3.33544 -0.816719 0.576995 -0.00676412 -3.20611 0.106668 0.162485 0.980928 0.30547
342653000000 284 0.571316 0.800246 -0.18222 3.38001 -0.81634 0.57701 -0.0254534 -3.26989 0.0847741 0.163296 0.982928 0.312356
342802000000 287 0.571296 0.799899 -0.183801 3.41094 -0.817109 0.575373 -0.035748 -3.31403 0.0771597 0.170609 0.982313 0.315989
343021000000 289 0.572844 0.798266 -0.186065 3.4573 -0.816911 0.574607 -0.049841 -3.37995 0.0671276 0.180549 0.981273 0.321557
343163000000 292 0.574355 0.796848 -0.187484 3.48626 -0.816386 0.574429 -0.0595366 -3.42143 0.0602547 0.187254 0.980462 0.325469
343375000000 294 0.575344 0.796168 -0.187337 3.53033 -0.816038 0.574259 -0.0656373 -3.48421 0.0553213 0.190638 0.9801 0.330258
343518000000 297 0.575145 0.796355 -0.187154 3.56041 -0.816054 0.574501 -0.0632759 -3.5268 0.0571299 0.18912 0.980291 0.332672
343730000000 299 0.57579 0.795964 -0.186831 3.60502 -0.815565 0.575265 -0.0626449 -3.59024 0.0576143 0.188443 0.980393 0.336884
343871000000 302 0.575654 0.796021 -0.18701 3.63478 -0.815652 0.575149 -0.0625763 -3.63219 0.0577464 0.188557 0.980363 0.339757
344072000000 305 0.575706 0.795971 -0.187066 3.67693 -0.815596 0.575258 -0.0623008 -3.69211 0.0580213 0.188437 0.98037 0.343716
344270000000 307 0.575558 0.796079 -0.187058 3.71581 -0.815705 0.575098 -0.0623451 -3.74726 0.0579449 0.188467 0.980369 0.347428
344399000000 308 0.544572 0.817617 -0.186935 3.73025 -0.837179 0.543381 -0.0621983 -3.77774 0.0507223 0.190369 0.980401 0.34816
344464000000 309 0.498755 0.846378 -0.186781 3.72997 -0.865819 0.496464 -0.0622915 -3.79397 0.0400081 0.192787 0.980425 0.347055
344530000000 310 0.436159 0.880282 -0.186734 3.72563 -0.899495 0.432472 -0.0622593 -3.80895 0.0259516 0.195122 0.980436 0.34528
344594000000 311 0.372683 0.90899 -0.18667 3.71981 -0.92788 0.367649 -0.0622278 -3.82208 0.0120646 0.196399 0.98045 0.343534
344658000000 312 0.31776 0.929676 -0.186362 3.71533 -0.948171 0.311626 -0.0621332 -3.8359 0.000311475 0.196446 0.980514 0.342121
344722000000 313 0.271521 0.944238 -0.186255 3.71241 -0.962387 0.264502 -0.062045 -3.85089 -0.00932056 0.196096 0.98054 0.340637
344786000000 316 0.239673 0.952824 -0.186234 3.71166 -0.970724 0.232053 -0.0620244 -3.86727 -0.0158822 0.195647 0.980546 0.339336
344965000000 319 0.22084 0.957339 -0.186364 3.72149 -0.97511 0.212857 -0.0620675 -3.92252 -0.0197508 0.195433 0.980518 0.337658
345157000000 322 0.220908 0.957336 -0.186302 3.73722 -0.975089 0.212874 -0.0623318 -3.99106 -0.0200135 0.195431 0.980513 0.335981
345347000000 325 0.220776 0.957362 -0.18632 3.75274 -0.975119 0.212742 -0.0623239 -4.05916 -0.0200285 0.195444 0.98051 0.334354
345535000000 328 0.220494 0.957438 -0.186267 3.76801 -0.975179 0.212428 -0.0624574 -4.12705 -0.0202308 0.195415 0.980512 0.332591
345716000000 331 0.220586 0.957421 -0.186245 3.78291 -0.975159 0.21253 -0.0624175 -4.19242 -0.0201771 0.195387 0.980519 0.331079
345902000000 334 0.220431 0.957494 -0.186051 3.798 -0.975192 0.212377 -0.0624156 -4.26002 -0.0202496 0.195194 0.980556 0.329329
346086000000 337 0.220195 0.95753 -0.186146 3.81292 -0.975241 0.212095 -0.062619 -4.32628 -0.0204791 0.195325 0.980525 0.327961
346272000000 340 0.220371 0.957495 -0.186117 3.82822 -0.975204 0.212299 -0.0624943 -4.39361 -0.0203255 0.195274 0.980538 0.326438
346459000000 343 0.220219 0.957552 -0.186005 3.84364 -0.975237 0.212142 -0.06252 -4.46137 -0.0204067 0.195167 0.980558 0.325214
346645000000 346 0.219872 0.957594 -0.186199 3.85881 -0.97531 0.211736 -0.0627607 -4.52824 -0.0206742 0.195401 0.980506 0.323925
346830000000 349 0.195594 0.962833 -0.186268 3.86679 -0.980373 0.18718 -0.0619124 -4.58205 -0.0247456 0.194722 0.980546 0.321967
347017000000 352 0.194185 0.963114 -0.186287 3.87911 -0.980645 0.18574 -0.0619355 -4.64464 -0.02505 0.194708 0.980541 0.320146
347208000000 355 0.193342 0.963277 -0.18632 3.89269 -0.980809 0.184896 -0.0618591 -4.71396 -0.0251376 0.194705 0.98054 0.318294
347400000000 358 0.190773 0.962578 -0.192484 3.90443 -0.981432 0.183045 -0.057329 -4.77516 -0.0199503 0.199847 0.979624 0.317592
347598000000 359 0.124245 0.97335 -0.192753 3.90027 -0.991738 0.115564 -0.0556885 -4.80679 -0.031929 0.198079 0.979666 0.314757
347666000000 360 0.0717862 0.978729 -0.19219 3.89374 -0.996532 0.0622487 -0.0552198 -4.8205 -0.0420816 0.195487 0.979803 0.312496
347732000000 362 0.0289625 0.980994 -0.191866 3.88823 -0.998329 0.0187847 -0.0546545 -4.83746 -0.0500115 0.193129 0.979898 0.310227
347861000000 367 -0.00530773 0.981062 -0.193623 3.88351 -0.998521 -0.015676 -0.0520564 -4.87767 -0.0541057 0.19306 0.979694 0.307097
348191000000 370 -0.00777044 0.979183 -0.202831 3.88276 -0.999005 -0.0165102 -0.0414325 -4.99852 -0.0439188 0.202307 0.978337 0.300772
348392000000 374 -0.00899941 0.977882 -0.208966 3.88234 -0.999246 -0.0166856 -0.0350484 -5.07264 -0.0377599 0.208493 0.977295 0.297107
348661000000 377 -0.00994142 0.975107 -0.221513 3.88129 -0.999361 -0.0172941 -0.0312781 -5.17248 -0.0343303 0.221061 0.974656 0.29313
348869000000 380 -0.0100255 0.972469 -0.232818 3.88048 -0.999354 -0.0177801 -0.0312328 -5.24981 -0.0345125 0.232354 0.972019 0.29047
349079000000 382 -0.0106394 0.969663 -0.244215 3.87963 -0.99933 -0.0188654 -0.031369 -5.32788 -0.0350245 0.243717 0.969214 0.287615
349224000000 385 -0.0100361 0.967674 -0.252006 3.87936 -0.999333 -0.0185545 -0.0314488 -5.38171 -0.035108 0.251522 0.967215 0.285561
349437000000 388 -0.00995882 0.964591 -0.263561 3.87874 -0.999334 -0.0188558 -0.0312488 -5.46059 -0.035112 0.263075 0.964136 0.283068
349664000000 391 -0.0109934 0.96176 -0.273673 3.8778 -0.999391 -0.0196314 -0.0288444 -5.54455 -0.0331139 0.273189 0.96139 0.28019
349900000000 394 -0.012944 0.959293 -0.282117 3.87663 -0.999537 -0.0201825 -0.0227668 -5.63167 -0.0275338 0.281692 0.95911 0.27786
350147000000 397 -0.0177801 0.957225 -0.288797 3.875 -0.999616 -0.0231522 -0.0151959 -5.72265 -0.0212322 0.288416 0.95727 0.275516
350400000000 400 -0.0214513 0.95523 -0.295085 3.87334 -0.999697 -0.0240509 -0.00518264 -5.81622 -0.0120477 0.294885 0.955457 0.273461
350664000000 402 -0.0190605 0.951175 -0.308063 3.87154 -0.999515 -0.0257183 -0.0175658 -5.91595 -0.024631 0.307578 0.951204 0.269775
350878000000 404 -0.0133169 0.951443 -0.307538 3.87043 -0.999004 -0.0257624 -0.0364435 -5.99596 -0.0425968 0.306746 0.950838 0.266334
351114000000 406 -0.00639823 0.952699 -0.303849 3.86914 -0.997868 -0.0258169 -0.059935 -6.08339 -0.0649445 0.302817 0.950833 0.263423
351353000000 408 -0.00259951 0.948917 -0.315516 3.86831 -0.997033 -0.0267344 -0.0721894 -6.17332 -0.0769369 0.314392 0.94617 0.258505
351598000000 410 -0.00978228 0.951448 -0.307655 3.86747 -0.997911 -0.0289362 -0.0577579 -6.26331 -0.063856 0.306447 0.949744 0.252254
351855000000 412 -0.0151312 0.954116 -0.299056 3.86592 -0.998363 -0.0309172 -0.0481254 -6.35829 -0.0551632 0.297838 0.953021 0.246879
352110000000 416 -0.0193392 0.956692 -0.290458 3.86445 -0.998821 -0.0314255 -0.037004 -6.45222 -0.0445292 0.2894 0.956172 0.241129
352614000000 417 -0.0217007 0.964524 -0.2631 3.86062 -0.999084 -0.0306301 -0.0298845 -6.63753 -0.0368831 0.262211 0.964306 0.232113
352741000000 421 -0.0222973 0.966707 -0.254913 3.85971 -0.99906 -0.0310263 -0.030273 -6.68439 -0.0371742 0.253999 0.96649 0.230153
353253000000 422 -0.0233907 0.975009 -0.22093 3.85509 -0.999012 -0.0311499 -0.0317016 -6.87377 -0.0377913 0.21997 0.974774 0.222164
353379000000 429 -0.0235713 0.976876 -0.212505 3.85381 -0.999004 -0.0310706 -0.0320196 -6.92093 -0.0378818 0.211538 0.976635 0.220294
354240000000 430 -0.0243559 0.982572 -0.18428 3.84979 -0.998974 -0.0309635 -0.0330636 -7.07707 -0.0381933 0.183286 0.982317 0.213402
354365000000 433 -0.0243038 0.983444 -0.179574 3.84941 -0.998973 -0.0307635 -0.0332751 -7.10167 -0.0382485 0.178581 0.983182 0.212309
354736000000 435 -0.0243022 0.987325 -0.156841 3.8469 -0.998971 -0.0299917 -0.0340117 -7.22421 -0.0382845 0.155853 0.987038 0.20626
354985000000 437 -0.0246784 0.989824 -0.140144 3.84447 -0.998953 -0.0298181 -0.0346934 -7.31347 -0.0385192 0.139141 0.989523 0.20276
355236000000 439 -0.0250646 0.992056 -0.123277 3.8423 -0.998938 -0.0296249 -0.0352991 -7.40491 -0.0386707 0.122261 0.991744 0.198918
355486000000 441 -0.0251684 0.994022 -0.106241 3.83999 -0.998929 -0.0291355 -0.035955 -7.49622 -0.0388355 0.105223 0.99369 0.194965
355733000000 443 -0.0250237 0.995687 -0.0893338 3.83772 -0.998925 -0.0283932 -0.0366484 -7.58703 -0.0390268 0.0883207 0.995327 0.191043
355974000000 445 -0.0253451 0.997014 -0.0729468 3.83561 -0.998907 -0.0281241 -0.0373252 -7.67556 -0.0392653 0.0719211 0.996637 0.186671
356226000000 447 -0.0247937 0.998155 -0.0554307 3.83262 -0.998921 -0.0269144 -0.0378452 -7.76762 -0.0392672 0.0544325 0.997745 0.182998
356473000000 449 -0.0248805 0.998846 -0.0410793 3.83004 -0.999065 -0.0262974 -0.0343201 -7.85794 -0.0353608 0.0401869 0.998566 0.180088
356721000000 451 -0.0242323 0.999267 -0.0296417 3.82737 -0.999299 -0.0250577 -0.0277994 -7.94969 -0.0285218 0.0289473 0.999174 0.177603
356964000000 453 -0.0241594 0.999503 -0.0202533 3.82509 -0.999536 -0.0245263 -0.0180686 -8.03994 -0.0185564 0.0198074 0.999632 0.175324
357208000000 456 -0.0231735 0.99967 -0.0110497 3.82274 -0.999698 -0.0232615 -0.00790508 -8.13037 -0.0081595 0.0108632 0.999908 0.173058
357592000000 458 -0.0233356 0.999708 -0.00630635 3.81964 -0.999727 -0.0233437 -0.00121418 -8.27235 -0.00136104 0.00627629 0.999979 0.171271
357847000000 461 -0.0232838 0.999709 -0.00626458 3.8178 -0.999728 -0.0232936 -0.00148964 -8.36601 -0.00163513 0.00622819 0.999979 0.170598
358217000000 463 -0.023419 0.999706 -0.00628539 3.81459 -0.999724 -0.0234306 -0.00177197 -8.5024 -0.00191872 0.00624215 0.999979 0.170057
358461000000 465 -0.0145125 0.999874 -0.0064195 3.81171 -0.999892 -0.0145269 -0.00220262 -8.58555 -0.0022956 0.00638684 0.999977 0.169753
358704000000 466 0.0869704 0.996188 -0.00675314 3.82725 -0.99621 0.0869581 -0.00208738 -8.62349 -0.00149218 0.00690909 0.999975 0.169779
358829000000 468 0.164411 0.986365 -0.00730487 3.83891 -0.986392 0.164403 -0.00172113 -8.62444 -0.000496724 0.00748844 0.999972 0.169992
359083000000 469 0.22876 0.973451 -0.00784876 3.83023 -0.97348 0.228773 0.000702992 -8.63019 0.00247991 0.00747979 0.999969 0.169955
359210000000 471 0.283683 0.958885 -0.00793669 3.82761 -0.958916 0.283691 -0.000142365 -8.65341 0.00211506 0.00765101 0.999968 0.169973
359460000000 474 0.283717 0.958877 -0.00775654 3.85263 -0.958907 0.283719 -0.000866066 -8.73835 0.00137023 0.00768352 0.99997 0.169945
359780000000 477 0.283734 0.958874 -0.00743018 3.88597 -0.958903 0.283724 -0.00238123 -8.85151 -0.00017518 0.00780046 0.99997 0.169632
360085000000 480 0.283758 0.958872 -0.00672857 3.91743 -0.958884 0.283782 0.0029322 -8.95819 0.00472105 0.00561988 0.999973 0.169918
360381000000 482 0.285398 0.958251 -0.0173959 3.94864 -0.958235 0.284952 -0.0242626 -9.0635 -0.0182927 0.0235938 0.999554 0.166727
360566000000 485 0.28582 0.957973 -0.0243766 3.96817 -0.957766 0.284738 -0.0401161 -9.12838 -0.0314892 0.0348131 0.998898 0.164955
360817000000 488 0.287351 0.957347 -0.030272 3.99416 -0.956448 0.2851 -0.0626504 -9.2151 -0.0513476 0.0469562 0.997576 0.163555
361053000000 491 0.287183 0.95677 -0.0460141 4.0193 -0.956115 0.283413 -0.0743076 -9.29869 -0.0580543 0.0653346 0.996173 0.157878
361282000000 494 0.288667 0.955705 -0.0574399 4.04505 -0.954755 0.282861 -0.0918282 -9.38318 -0.0715131 0.0813488 0.994117 0.150695
361504000000 497 0.289723 0.955537 -0.0548541 4.06918 -0.952468 0.282205 -0.114741 -9.4621 -0.0941596 0.0854899 0.99188 0.143027
361721000000 500 0.291528 0.955335 -0.0484404 4.09329 -0.948952 0.282463 -0.14037 -9.54115 -0.120418 0.0868896 0.988913 0.13485
361930000000 503 0.290809 0.956159 -0.0345081 4.11629 -0.947994 0.283074 -0.145521 -9.61619 -0.129373 0.0750322 0.988753 0.125113
362142000000 505 0.291098 0.95643 -0.0224364 4.13923 -0.946237 0.284379 -0.154157 -9.69165 -0.14106 0.0661051 0.987792 0.115808
362290000000 507 0.287194 0.957835 -0.00840639 4.1555 -0.947855 0.282914 -0.146734 -9.74774 -0.138169 0.0501093 0.98914 0.107456
362447000000 510 0.286618 0.958045 0.000945921 4.17282 -0.946791 0.283402 -0.152547 -9.80492 -0.146415 0.0428271 0.988296 0.097452
362694000000 512 0.2871 0.957794 0.0142847 4.19959 -0.944437 0.285525 -0.16283 -9.89314 -0.160036 0.0332575 0.986551 0.0823675
362864000000 514 0.28638 0.957815 0.0240176 4.2183 -0.943139 0.286229 -0.169002 -9.9551 -0.168747 0.0257469 0.985323 0.0719324
363039000000 517 0.285859 0.957597 0.0359621 4.23746 -0.941303 0.28763 -0.176686 -10.0181 -0.179537 0.0166559 0.98361 0.0617522
363317000000 520 0.287215 0.957318 0.032386 4.26828 -0.941518 0.288372 -0.174315 -10.1191 -0.176214 0.0195738 0.984157 0.0421402
363632000000 521 0.28723 0.957327 0.0320046 4.30256 -0.941616 0.288329 -0.173853 -10.2324 -0.175662 0.0197998 0.984251 0.021264
363742000000 523 0.287345 0.957293 0.0319874 4.31458 -0.941654 0.288447 -0.173454 -10.272 -0.175273 0.0197202 0.984322 0.0137505
363963000000 524 0.297509 0.954161 0.0326299 4.33656 -0.938245 0.298526 -0.174866 -10.346 -0.176592 0.0214095 0.984051 -0.000206137
364066000000 525 0.346423 0.937513 0.0325677 4.33716 -0.921573 0.346606 -0.174837 -10.3721 -0.1752 0.0305541 0.984059 -0.00479334
364168000000 526 0.415387 0.909086 0.031874 4.33346 -0.893456 0.414325 -0.173412 -10.3927 -0.170852 0.0435549 0.984334 -0.00818853
364274000000 527 0.498172 0.866501 0.0316382 4.32731 -0.851026 0.495612 -0.17356 -10.4115 -0.16607 0.0595378 0.984315 -0.0112166
364379000000 528 0.588705 0.807733 0.0315255 4.32038 -0.792591 0.584453 -0.173825 -10.4298 -0.15883 0.077345 0.984272 -0.0137555
364485000000 529 0.646334 0.7624 0.0315946 4.32178 -0.747599 0.640991 -0.173859 -10.4486 -0.152802 0.0887507 0.984264 -0.0169094
364588000000 532 0.682955 0.72978 0.031522 4.33219 -0.715252 0.676873 -0.173948 -10.4707 -0.14828 0.0962526 0.98425 -0.0209788
364892000000 535 0.696408 0.716977 0.0309847 4.40449 -0.702691 0.690028 -0.173454 -10.5487 -0.145743 0.0990222 0.984354 -0.03667
365202000000 537 0.6968 0.716581 0.0313293 4.4869 -0.702212 0.690426 -0.17381 -10.632 -0.146179 0.0991107 0.984281 -0.0542139
365409000000 538 0.703024 0.710481 0.0312122 4.54059 -0.696176 0.696506 -0.173835 -10.6871 -0.145246 0.100481 0.98428 -0.0659035
365511000000 539 0.704642 0.70887 0.0313585 4.56757 -0.694587 0.698128 -0.173683 -10.7144 -0.145011 0.100603 0.984302 -0.0717349
365612000000 540 0.704146 0.7094 0.0305101 4.59488 -0.695851 0.697974 -0.169187 -10.7415 -0.141317 0.0979019 0.985112 -0.0768736
365713000000 541 0.704103 0.70943 0.0307906 4.622 -0.695731 0.697887 -0.170036 -10.7684 -0.142117 0.098301 0.984957 -0.0826752
365813000000 542 0.70417 0.709367 0.0307062 4.64872 -0.695634 0.697911 -0.170331 -10.7945 -0.142257 0.0985817 0.984908 -0.0884482
365915000000 543 0.705798 0.707736 0.0309649 4.67596 -0.694133 0.699642 -0.169352 -10.8219 -0.141521 0.0980347 0.985069 -0.0940018
366014000000 544 0.706463 0.707081 0.0307633 4.70273 -0.693691 0.700396 -0.168041 -10.8483 -0.140365 0.0973747 0.9853 -0.0993843
366112000000 545 0.706305 0.707249 0.0305176 4.72934 -0.694065 0.700334 -0.166749 -10.8744 -0.139306 0.0965948 0.985527 -0.104694
366213000000 546 0.706561 0.707192 0.025514 4.7567 -0.694784 0.700107 -0.164698 -10.9016 -0.134336 0.0986427 0.986014 -0.109607
366311000000 548 0.706573 0.707196 0.0250642 4.78308 -0.69507 0.700233 -0.162949 -10.9273 -0.132788 0.0977143 0.986316 -0.114882
366508000000 549 0.7095 0.70407 0.029936 4.83606 -0.691712 0.703909 -0.161389 -10.9801 -0.134701 0.0937984 0.986437 -0.125178
366608000000 550 0.709514 0.704115 0.0285156 4.86366 -0.692049 0.703844 -0.160226 -11.0067 -0.132888 0.093948 0.986668 -0.130737
366701000000 551 0.70948 0.704172 0.027941 4.88902 -0.692318 0.703847 -0.159044 -11.0315 -0.13166 0.0934943 0.986876 -0.135853
366801000000 552 0.709589 0.70408 0.0274755 4.91659 -0.692488 0.704049 -0.1574 -11.0579 -0.130166 0.092663 0.987153 -0.140657
366901000000 554 0.710492 0.70319 0.0269247 4.94402 -0.6919 0.70504 -0.155543 -11.0848 -0.12836 0.091883 0.987462 -0.145823
367099000000 555 0.712306 0.70136 0.0267181 4.99815 -0.689952 0.706689 -0.156709 -11.1378 -0.128791 0.0931907 0.987283 -0.155503
367200000000 556 0.712269 0.701386 0.0270332 5.02566 -0.690106 0.706807 -0.155495 -11.1644 -0.128169 0.0920983 0.987467 -0.160799
367300000000 557 0.712269 0.701396 0.0267643 5.05304 -0.690383 0.706948 -0.153611 -11.1909 -0.126663 0.090935 0.987769 -0.166031
367401000000 558 0.71235 0.70131 0.0268644 5.08033 -0.690312 0.707056 -0.15343 -11.2175 -0.126596 0.0907508 0.987794 -0.170927
367500000000 559 0.712606 0.70105 0.0268652 5.10727 -0.690054 0.707308 -0.153431 -11.2436 -0.126565 0.0907972 0.987794 -0.175805
367598000000 560 0.71258 0.701078 0.0268182 5.13381 -0.690079 0.707272 -0.153482 -11.2693 -0.126571 0.0908617 0.987787 -0.180552
367694000000 561 0.712521 0.701138 0.0268103 5.15985 -0.690144 0.707215 -0.153455 -11.2945 -0.126554 0.0908368 0.987792 -0.185303
367791000000 563 0.712548 0.701106 0.0269399 5.18628 -0.69009 0.707252 -0.153528 -11.32 -0.126693 0.0908052 0.987777 -0.190107
367990000000 566 0.712886 0.700767 0.0268165 5.24028 -0.689749 0.707557 -0.153654 -11.3722 -0.12665 0.0910414 0.987761 -0.199609
368288000000 568 0.712848 0.700809 0.0267373 5.32135 -0.689814 0.707521 -0.153525 -11.4504 -0.126509 0.0909958 0.987783 -0.214141
368483000000 571 0.713032 0.70062 0.0267838 5.37435 -0.689619 0.707706 -0.153551 -11.5015 -0.126536 0.0910161 0.987778 -0.223521
368782000000 574 0.71308 0.70077 0.0209422 5.45622 -0.690389 0.707087 -0.152942 -11.5805 -0.121985 0.0946014 0.988013 -0.237361
369054000000 578 0.712081 0.701227 0.0349317 5.53009 -0.689579 0.707873 -0.152962 -11.6519 -0.131988 0.0848332 0.987615 -0.251611
369318000000 579 0.710793 0.701797 0.0474874 5.60237 -0.687909 0.707643 -0.161315 -11.7221 -0.146815 0.0819948 0.98576 -0.266951
369382000000 580 0.710519 0.701831 0.0509537 5.61978 -0.687033 0.707548 -0.165414 -11.7389 -0.152145 0.0825232 0.984907 -0.270785
369443000000 581 0.710347 0.701791 0.053811 5.63628 -0.686267 0.707556 -0.168526 -11.7548 -0.156344 0.0827833 0.984227 -0.274371
369506000000 584 0.710174 0.701743 0.0566487 5.65367 -0.685544 0.707604 -0.171249 -11.7715 -0.160258 0.0827816 0.983598 -0.277936
369688000000 587 0.709376 0.701853 0.0647157 5.70396 -0.683384 0.707364 -0.180615 -11.8199 -0.172543 0.0838985 0.981422 -0.288157
369868000000 590 0.708646 0.701348 0.0770184 5.75423 -0.68231 0.708989 -0.178289 -11.8686 -0.179648 0.0737935 0.980959 -0.299449
370044000000 594 0.708885 0.701103 0.0770489 5.80323 -0.682277 0.709315 -0.177118 -11.9157 -0.17883 0.0729874 0.981169 -0.312134
370281000000 598 0.709101 0.701284 0.0733297 5.86812 -0.682826 0.708907 -0.176633 -11.978 -0.175854 0.0751793 0.981541 -0.328713
370516000000 602 0.709163 0.701207 0.0734598 5.93207 -0.682735 0.708988 -0.176662 -12.0393 -0.175959 0.0751286 0.981526 -0.344933
370756000000 607 0.709424 0.700966 0.0732425 5.99724 -0.682524 0.70921 -0.176583 -12.1022 -0.175723 0.0752825 0.981557 -0.361141
371060000000 608 0.709541 0.700834 0.0733742 6.08024 -0.682351 0.709334 -0.176753 -12.1818 -0.175921 0.0753463 0.981517 -0.381821
371120000000 611 0.709803 0.700556 0.073485 6.09674 -0.682068 0.70961 -0.17674 -12.1976 -0.175962 0.0753289 0.981511 -0.385928
371304000000 615 0.709835 0.700553 0.0732092 6.14711 -0.682144 0.709618 -0.176417 -12.2458 -0.17554 0.0752881 0.981589 -0.398176
371548000000 618 0.709885 0.700508 0.0731491 6.21421 -0.682111 0.709659 -0.176375 -12.3102 -0.175463 0.0753105 0.981601 -0.414774
371739000000 621 0.710277 0.700226 0.0720423 6.26698 -0.683395 0.710479 -0.167904 -12.361 -0.168755 0.0700247 0.983167 -0.426807
371949000000 624 0.710196 0.700474 0.0704142 6.32446 -0.68663 0.711279 -0.150403 -12.4169 -0.155437 0.0584668 0.986114 -0.438745
372165000000 627 0.71166 0.69925 0.0677396 6.38252 -0.688814 0.713477 -0.128393 -12.4729 -0.138109 0.044712 0.989407 -0.450394
372384000000 629 0.71325 0.69898 0.0519791 6.44224 -0.692134 0.714079 -0.105077 -12.5308 -0.110564 0.0389696 0.993105 -0.461016
372536000000 631 0.714096 0.698828 0.0413206 6.48334 -0.694 0.714434 -0.0891462 -12.5708 -0.0918186 0.0349824 0.995161 -0.466791
372689000000 633 0.714867 0.69822 0.0381433 6.52447 -0.694808 0.715403 -0.0737586 -12.6108 -0.0787876 0.0262253 0.996546 -0.471877
372844000000 635 0.715393 0.69786 0.0347061 6.56631 -0.695639 0.716018 -0.0583406 -12.6514 -0.0655638 0.0175935 0.997693 -0.47667
373003000000 637 0.715635 0.697694 0.0330123 6.6104 -0.696485 0.716364 -0.0416046 -12.6941 -0.0526761 0.00678112 0.998589 -0.481629
373175000000 639 0.715903 0.697481 0.0316759 6.65717 -0.696744 0.716603 -0.0320728 -12.7394 -0.0450692 0.000890993 0.998983 -0.485707
373346000000 642 0.716005 0.697404 0.0310415 6.70335 -0.696808 0.716677 -0.028857 -12.7841 -0.0423717 -0.000968242 0.999101 -0.488764
373610000000 643 0.716009 0.697394 0.031178 6.7744 -0.696853 0.716685 -0.0275321 -12.8529 -0.0415455 -0.00201322 0.999135 -0.49343
373700000000 644 0.716009 0.697396 0.0311414 6.79844 -0.696855 0.716683 -0.0275366 -12.8762 -0.0415225 -0.00198456 0.999136 -0.494994
373791000000 645 0.716024 0.697377 0.0312297 6.82294 -0.696835 0.716702 -0.0275722 -12.9 -0.0416106 -0.00201954 0.999132 -0.496452
373882000000 646 0.716019 0.697388 0.0311067 6.84742 -0.696842 0.716692 -0.0276428 -12.9236 -0.0415716 -0.00188367 0.999134 -0.497897
373974000000 647 0.715997 0.697411 0.031089 6.87203 -0.696871 0.716669 -0.0275055 -12.9476 -0.0414631 -0.00197115 0.999138 -0.499407
374066000000 648 0.716006 0.697403 0.0310555 6.89663 -0.696864 0.716676 -0.0275012 -12.9715 -0.0414362 -0.00195042 0.999139 -0.500896
374158000000 649 0.716046 0.69736 0.031103 6.92139 -0.696824 0.716718 -0.0274029 -12.9955 -0.0414018 -0.00205161 0.99914 -0.50238
374250000000 650 0.716007 0.6974 0.0311032 6.94618 -0.696858 0.716679 -0.027569 -13.0197 -0.0415177 -0.00193492 0.999136 -0.503847
374338000000 651 0.715995 0.697414 0.0310444 6.96987 -0.696873 0.716665 -0.0275491 -13.0427 -0.0414616 -0.00190899 0.999138 -0.505304
374428000000 652 0.715998 0.697412 0.0310279 6.99389 -0.696872 0.716668 -0.0275133 -13.0662 -0.0414248 -0.00192295 0.99914 -0.506821
374517000000 653 0.715926 0.697484 0.031071 7.01772 -0.696942 0.716597 -0.0275787 -13.0894 -0.0415012 -0.00191035 0.999137 -0.508221
374604000000 654 0.715958 0.697458 0.0309406 7.04117 -0.696922 0.716623 -0.0273923 -13.1124 -0.0412777 -0.00195143 0.999146 -0.509733
374689000000 655 0.715927 0.697497 0.0307694 7.06395 -0.696963 0.716585 -0.0273396 -13.1346 -0.0411182 -0.00187199 0.999153 -0.511143
374771000000 656 0.715871 0.697548 0.0309084 7.086 -0.697009 0.716536 -0.0274754 -13.1559 -0.0413123 -0.00187461 0.999145 -0.512374
374851000000 657 0.71587 0.697548 0.0309338 7.10751 -0.697015 0.716535 -0.0273567 -13.1769 -0.0412478 -0.00197749 0.999147 -0.513797
374929000000 658 0.716404 0.697079 0.0291021 7.12844 -0.696522 0.716994 -0.0278522 -13.1972 -0.0402812 -0.000316855 0.999188 -0.51462
375006000000 659 0.716698 0.697163 0.017516 7.14994 -0.696677 0.716877 -0.0270082 -13.2181 -0.031386 0.00715375 0.999482 -0.514615
375083000000 660 0.71699 0.69706 0.00574603 7.17133 -0.69673 0.716865 -0.025943 -13.2387 -0.0222029 0.0145974 0.999647 -0.514469
375159000000 661 0.71764 0.696398 -0.00480316 7.19174 -0.696276 0.717342 -0.0248996 -13.2584 -0.0138946 0.0212133 0.999678 -0.514454
375235000000 662 0.717876 0.696009 -0.0150184 7.21139 -0.696147 0.717503 -0.0238621 -13.2775 -0.00583255 0.0275851 0.999602 -0.514343
375310000000 663 0.717507 0.696004 -0.0276005 7.23127 -0.696466 0.717477 -0.012744 -13.2969 0.0109328 0.0283667 0.999538 -0.512877
375385000000 664 0.716797 0.696105 -0.0404991 7.251 -0.696696 0.717366 -0.000678433 -13.316 0.0285804 0.0287018 0.999179 -0.511555
375455000000 665 0.716098 0.696033 -0.0523683 7.26961 -0.696562 0.717422 0.0103629 -13.3341 0.044783 0.0290569 0.998574 -0.51019
375526000000 666 0.715113 0.696042 -0.0643426 7.28854 -0.696322 0.717403 0.0216562 -13.3523 0.0612332 0.0293166 0.997693 -0.508927
375599000000 667 0.713919 0.696008 -0.0767692 7.30777 -0.695829 0.717427 0.0334649 -13.3709 0.0783681 0.0295271 0.996487 -0.507308
375675000000 670 0.712379 0.696028 -0.0897849 7.32788 -0.695154 0.717398 0.0458429 -13.3904 0.0963195 0.0297568 0.994906 -0.505911
375913000000 674 0.707026 0.695687 -0.127014 7.39062 -0.693863 0.717125 0.0654705 -13.4517 0.136632 0.0418411 0.989738 -0.498462
376243000000 675 0.702888 0.693245 -0.159247 7.47307 -0.692334 0.718136 0.0703968 -13.5326 0.163163 0.0607711 0.984726 -0.483931
376328000000 677 0.70263 0.693196 -0.160596 7.49527 -0.692353 0.718107 0.0704919 -13.5546 0.16419 0.0616596 0.9845 -0.479014
376508000000 678 0.702177 0.693228 -0.162428 7.54205 -0.692457 0.717979 0.0707752 -13.6006 0.165684 0.062778 0.984179 -0.468472
376599000000 680 0.702205 0.693211 -0.162379 7.56541 -0.692415 0.718007 0.0709023 -13.6236 0.16574 0.062646 0.984178 -0.463082
376780000000 681 0.702144 0.69325 -0.162476 7.61228 -0.692494 0.71795 0.070709 -13.6696 0.165669 0.0628661 0.984176 -0.452209
376869000000 683 0.702156 0.693223 -0.16254 7.63557 -0.692465 0.717975 0.0707397 -13.6924 0.165738 0.0628831 0.984163 -0.446815
377052000000 685 0.701938 0.693451 -0.162507 7.68297 -0.692696 0.717752 0.0707423 -13.7392 0.165696 0.0629112 0.984168 -0.435987
377244000000 686 0.701959 0.693404 -0.162618 7.73264 -0.692665 0.717787 0.0706834 -13.7881 0.165737 0.0630226 0.984154 -0.424546
377343000000 688 0.701966 0.693399 -0.162607 7.75828 -0.692656 0.717795 0.0707044 -13.8134 0.165745 0.0629988 0.984154 -0.418604
377548000000 691 0.701763 0.693623 -0.162527 7.81137 -0.692875 0.71758 0.0707351 -13.8657 0.16569 0.0629717 0.984165 -0.406029
377866000000 692 0.701903 0.693516 -0.162378 7.8939 -0.692824 0.717669 0.0703315 -13.9456 0.16531 0.0631333 0.984219 -0.387919
377976000000 694 0.701765 0.693632 -0.162483 7.92234 -0.692933 0.717554 0.0704274 -13.9739 0.165441 0.0631661 0.984195 -0.381277
378195000000 696 0.701787 0.69359 -0.162563 7.97855 -0.692895 0.717591 0.0704287 -14.0293 0.165502 0.0632132 0.984181 -0.368262
378416000000 698 0.7004 0.695034 -0.162378 8.03538 -0.693778 0.716391 0.0738651 -14.0855 0.167665 0.0609192 0.98396 -0.354704
378642000000 700 0.690574 0.704193 -0.164983 8.088 -0.698617 0.708496 0.0998358 -14.1405 0.187194 0.046316 0.981231 -0.339006
378872000000 703 0.687157 0.70699 -0.167272 8.14359 -0.696298 0.706594 0.126075 -14.1964 0.207327 0.0298377 0.977816 -0.322574
379223000000 706 0.677498 0.715466 -0.170599 8.2282 -0.695726 0.698625 0.166996 -14.2839 0.238665 0.00555028 0.971086 -0.297392
379577000000 709 0.674425 0.724485 -0.142378 8.31224 -0.695955 0.688173 0.205096 -14.3715 0.24657 -0.0392332 0.968331 -0.268344
379939000000 711 0.673757 0.73095 -0.108464 8.39945 -0.695473 0.676851 0.241226 -14.4613 0.249739 -0.087094 0.964389 -0.236521
380184000000 713 0.672109 0.73264 -0.107277 8.45297 -0.69049 0.672463 0.266492 -14.5162 0.267382 -0.105038 0.957848 -0.214736
380427000000 715 0.689413 0.716633 -0.105574 8.51118 -0.667769 0.685238 0.290747 -14.5698 0.280703 -0.129946 0.950957 -0.192714
380669000000 718 0.692029 0.713867 -0.107189 8.56644 -0.657537 0.684644 0.314495 -14.6217 0.297894 -0.147159 0.943188 -0.171146
