1548808720447422208 10 1.00000 -0.00000 -0.00001 -0.00002 0.00000 1.00000 0.00000 0.00002 0.00001 -0.00000 1.00000 -0.00000
1548808720480760320 11 1.00000 -0.00000 -0.00002 -0.00002 0.00000 1.00000 0.00000 0.00002 0.00002 -0.00000 1.00000 -0.00000
1548808720514098176 12 1.00000 -0.00000 -0.00000 -0.00002 0.00000 1.00000 0.00001 0.00002 0.00000 -0.00001 1.00000 -0.00000
1548808720547436288 13 1.00000 -0.00001 -0.00000 -0.00002 0.00001 1.00000 0.00001 0.00002 0.00000 -0.00001 1.00000 -0.00000
1548808720580773376 14 1.00000 -0.00000 0.00000 -0.00002 0.00000 1.00000 0.00000 0.00002 -0.00000 -0.00000 1.00000 -0.00000
1548808720614111232 15 1.00000 -0.00000 0.00000 -0.00002 0.00000 1.00000 0.00001 0.00002 -0.00000 -0.00001 1.00000 -0.00000
1548808720647449344 16 1.00000 -0.00000 -0.00001 -0.00002 0.00000 1.00000 -0.00000 0.00002 0.00001 0.00000 1.00000 -0.00000
1548808720680786176 17 1.00000 -0.00000 0.00001 -0.00002 0.00000 1.00000 0.00001 0.00002 -0.00001 -0.00001 1.00000 -0.00000
1548808720714124288 18 1.00000 0.00000 0.00000 -0.00002 -0.00000 1.00000 0.00000 0.00002 -0.00000 -0.00000 1.00000 -0.00000
1548808720747462400 19 1.00000 -0.00000 0.00000 -0.00002 0.00000 1.00000 0.00001 0.00002 -0.00000 -0.00001 1.00000 -0.00000
1548808720780800256 20 1.00000 -0.00001 -0.00000 -0.00002 0.00001 1.00000 0.00001 0.00002 0.00000 -0.00001 1.00000 -0.00000
1548808720814137344 21 1.00000 -0.00001 -0.00001 -0.00002 0.00001 1.00000 -0.00000 0.00002 0.00001 0.00000 1.00000 -0.00000
1548808720847475200 22 1.00000 -0.00001 0.00001 -0.00002 0.00001 1.00000 0.00001 0.00002 -0.00001 -0.00001 1.00000 -0.00000
1548808720880813312 23 1.00000 -0.00001 -0.00001 -0.00002 0.00001 1.00000 0.00000 0.00002 0.00001 -0.00000 1.00000 -0.00000
1548808720914151424 24 1.00000 -0.00000 -0.00001 -0.00002 0.00000 1.00000 0.00000 0.00002 0.00001 -0.00000 1.00000 -0.00000
1548808720947488256 25 1.00000 -0.00001 -0.00000 -0.00002 0.00001 1.00000 0.00001 0.00002 0.00000 -0.00001 1.00000 -0.00000
1548808720980826368 26 1.00000 -0.00001 -0.00002 -0.00002 0.00001 1.00000 0.00000 0.00002 0.00002 -0.00000 1.00000 -0.00000
1548808721014164224 27 1.00000 -0.00001 -0.00002 -0.00002 0.00001 1.00000 -0.00000 0.00002 0.00002 0.00000 1.00000 -0.00000
1548808721047501312 28 1.00000 -0.00000 -0.00000 -0.00002 0.00000 1.00000 0.00000 0.00002 0.00000 -0.00000 1.00000 -0.00000
1548808721080839168 29 1.00000 -0.00001 0.00000 -0.00002 0.00001 1.00000 0.00000 0.00002 -0.00000 -0.00000 1.00000 -0.00000
1548808721114177280 30 1.00000 -0.00000 0.00000 -0.00002 0.00000 1.00000 0.00001 0.00002 -0.00000 -0.00001 1.00000 -0.00000
1548808721147515392 31 1.00000 -0.00000 -0.00003 -0.00002 0.00000 1.00000 0.00000 0.00002 0.00003 -0.00000 1.00000 -0.00000
1548808721180852224 32 1.00000 -0.00001 -0.00001 -0.00002 0.00001 1.00000 0.00001 0.00002 0.00001 -0.00001 1.00000 -0.00000
1548808721214190336 33 1.00000 -0.00001 -0.00001 -0.00002 0.00001 1.00000 0.00001 0.00002 0.00001 -0.00001 1.00000 -0.00000
1548808721247528192 34 1.00000 -0.00001 -0.00002 -0.00002 0.00001 1.00000 -0.00000 0.00002 0.00002 0.00000 1.00000 -0.00000
1548808721280866304 35 1.00000 -0.00001 -0.00001 -0.00002 0.00001 1.00000 0.00001 0.00002 0.00001 -0.00001 1.00000 -0.00000
1548808721314203392 36 1.00000 -0.00001 -0.00000 -0.00002 0.00001 1.00000 0.00001 0.00002 0.00000 -0.00001 1.00000 -0.00000
1548808721347541248 37 1.00000 -0.00001 -0.00000 -0.00002 0.00001 1.00000 0.00001 0.00002 0.00000 -0.00001 1.00000 -0.00000
1548808721380879360 38 1.00000 -0.00000 -0.00001 -0.00002 0.00000 1.00000 0.00001 0.00002 0.00001 -0.00001 1.00000 -0.00000
1548808721414216192 39 1.00000 -0.00000 -0.00001 -0.00002 0.00000 1.00000 0.00000 0.00002 0.00001 -0.00000 1.00000 -0.00000
1548808721447554304 40 1.00000 -0.00001 -0.00001 -0.00002 0.00001 1.00000 0.00000 0.00002 0.00001 -0.00000 1.00000 -0.00000
1548808721480892416 41 1.00000 0.00010 -0.00001 -0.00001 -0.00010 1.00000 0.00013 0.00002 0.00001 -0.00013 1.00000 -0.00001
1548808721514230272 42 1.00000 0.00010 -0.00003 -0.00001 -0.00010 1.00000 0.00002 0.00002 0.00003 -0.00002 1.00000 -0.00000
1548808721547567360 43 1.00000 -0.00002 -0.00006 -0.00002 0.00002 1.00000 0.00000 0.00002 0.00006 -0.00000 1.00000 -0.00000
1548808721580905216 44 1.00000 0.00005 -0.00002 -0.00001 -0.00005 1.00000 0.00005 0.00002 0.00002 -0.00005 1.00000 -0.00000
1548808721614243328 45 1.00000 0.00005 -0.00009 -0.00002 -0.00005 1.00000 -0.00007 0.00002 0.00009 0.00007 1.00000 0.00000
1548808721647581184 46 1.00000 -0.00006 -0.00011 -0.00002 0.00006 1.00000 -0.00005 0.00002 0.00011 0.00005 1.00000 0.00000
1548808721680918272 47 1.00000 -0.00017 -0.00012 -0.00003 0.00017 1.00000 0.00022 0.00003 0.00012 -0.00022 1.00000 -0.00001
1548808721714256384 48 1.00000 -0.00074 -0.00002 -0.00006 0.00074 1.00000 0.00063 0.00004 0.00002 -0.00063 1.00000 -0.00004
1548808721747594240 49 1.00000 -0.00009 -0.00004 -0.00003 0.00009 1.00000 -0.00012 0.00003 0.00004 0.00012 1.00000 0.00001
1548808721780931328 50 1.00000 -0.00043 -0.00011 -0.00005 0.00043 1.00000 -0.00036 0.00003 0.00011 0.00036 1.00000 0.00002
1548808721814269184 51 1.00000 -0.00015 0.00010 -0.00003 0.00015 1.00000 -0.00055 0.00003 -0.00010 0.00055 1.00000 0.00003
1548808721847607296 52 1.00000 0.00041 0.00011 0.00000 -0.00041 1.00000 -0.00104 0.00003 -0.00011 0.00103 1.00000 0.00006
1548808721880945408 53 1.00000 0.00029 0.00011 -0.00001 -0.00029 1.00000 -0.00088 0.00003 -0.00011 0.00088 1.00000 0.00005
1548808721914282240 54 1.00000 0.00030 0.00016 -0.00001 -0.00030 1.00000 -0.00103 0.00003 -0.00016 0.00103 1.00000 0.00006
1548808721947620352 55 1.00000 0.00082 0.00029 0.00002 -0.00082 1.00000 -0.00048 0.00003 -0.00029 0.00048 1.00000 0.00003
1548808721980958208 56 1.00000 0.00191 0.00040 0.00009 -0.00191 1.00000 0.00017 0.00003 -0.00040 -0.00017 1.00000 -0.00001
1548808722014295296 57 1.00000 0.00151 0.00025 0.00006 -0.00151 1.00000 -0.00069 0.00003 -0.00025 0.00069 1.00000 0.00004
1548808722047633408 58 1.00000 0.00179 0.00046 0.00008 -0.00179 1.00000 -0.00025 0.00004 -0.00047 0.00025 1.00000 0.00001
1548808722080971264 59 1.00000 0.00189 0.00049 0.00008 -0.00189 1.00000 -0.00020 0.00004 -0.00049 0.00020 1.00000 0.00001
1548808722114309376 60 1.00000 0.00219 0.00033 0.00010 -0.00219 1.00000 -0.00094 0.00004 -0.00033 0.00094 1.00000 0.00006
1548808722147646208 61 1.00000 0.00061 -0.00139 -0.00056 -0.00061 1.00000 -0.00200 0.00112 0.00139 0.00200 1.00000 0.00057
1548808722180984320 62 1.00000 0.00018 0.00018 -0.00058 -0.00018 1.00000 -0.00213 0.00113 -0.00018 0.00213 1.00000 0.00056
1548808722214322176 63 1.00000 -0.00073 0.00056 -0.00063 0.00073 1.00000 -0.00246 0.00114 -0.00056 0.00246 1.00000 0.00057
1548808722247660288 64 1.00000 -0.00097 0.00066 -0.00065 0.00098 0.99999 -0.00306 0.00114 -0.00065 0.00307 1.00000 0.00061
1548808722280997376 65 1.00000 -0.00006 0.00071 -0.00059 0.00006 0.99999 -0.00333 0.00114 -0.00071 0.00333 0.99999 0.00062
1548808722314335232 66 1.00000 0.00125 0.00073 -0.00051 -0.00125 0.99999 -0.00372 0.00112 -0.00073 0.00372 0.99999 0.00065
1548808722347673344 67 1.00000 0.00258 0.00026 -0.00044 -0.00258 0.99999 -0.00352 0.00111 -0.00027 0.00352 0.99999 0.00064
1548808722381010176 68 0.99999 0.00446 0.00035 -0.00032 -0.00446 0.99999 -0.00251 0.00110 -0.00037 0.00251 1.00000 0.00058
1548808722414348288 69 0.99998 0.00618 0.00008 -0.00022 -0.00618 0.99998 -0.00212 0.00109 -0.00009 0.00211 1.00000 0.00056
1548808722447686400 70 0.99997 0.00799 -0.00045 -0.00012 -0.00799 0.99996 -0.00292 0.00107 0.00042 0.00292 1.00000 0.00061
1548808722481024256 71 0.99995 0.01002 -0.00044 0.00000 -0.01002 0.99994 -0.00340 0.00105 0.00041 0.00340 0.99999 0.00064
1548808722514361344 72 0.99992 0.01233 0.00016 0.00015 -0.01233 0.99992 -0.00291 0.00103 -0.00020 0.00291 1.00000 0.00061
1548808722547699200 73 0.99990 0.01406 0.00067 0.00026 -0.01405 0.99990 -0.00299 0.00101 -0.00071 0.00298 1.00000 0.00060
1548808722581037312 74 0.99986 0.01652 0.00034 0.00040 -0.01652 0.99986 -0.00296 0.00099 -0.00039 0.00295 1.00000 0.00061
1548808722614375424 75 0.99983 0.01843 0.00014 0.00051 -0.01843 0.99983 -0.00313 0.00097 -0.00020 0.00312 1.00000 0.00062
1548808722647712256 76 0.99984 0.01777 0.00090 -0.02234 -0.01776 0.99979 -0.01021 0.05624 -0.00108 0.01019 0.99995 0.02855
1548808722681050368 77 0.99961 0.02785 0.00051 -0.00170 -0.02785 0.99961 0.00048 0.06928 -0.00050 -0.00050 1.00000 -0.00161
1548808722714388224 78 0.99950 0.03168 0.00131 -0.00174 -0.03168 0.99950 0.00206 0.07343 -0.00124 -0.00210 1.00000 -0.00171
1548808722747725312 79 0.99941 0.03446 -0.00092 -0.00076 -0.03446 0.99941 -0.00030 0.07873 0.00091 0.00034 1.00000 -0.00190
1548808722781063168 80 0.99928 0.03779 -0.00267 0.00013 -0.03779 0.99928 -0.00185 0.08389 0.00260 0.00195 0.99999 -0.00207
1548808722814401280 81 0.99921 0.03969 -0.00182 -0.00010 -0.03969 0.99921 -0.00108 0.08848 0.00177 0.00115 1.00000 -0.00214
1548808722847739392 82 0.99907 0.04299 -0.00258 -0.00018 -0.04299 0.99907 -0.00139 0.09266 0.00252 0.00150 1.00000 -0.00240
1548808722881076224 83 0.99903 0.04387 -0.00316 -0.00661 -0.04388 0.99903 -0.00411 0.09447 0.00298 0.00424 0.99999 0.00718
1548808722914414336 84 0.99890 0.04687 -0.00337 -0.00715 -0.04689 0.99889 -0.00443 0.09833 0.00316 0.00459 0.99998 0.00776
1548808722947752192 85 0.99875 0.04984 -0.00378 -0.00698 -0.04986 0.99875 -0.00427 0.10266 0.00356 0.00445 0.99998 0.00766
1548808722981090304 86 0.99858 0.05326 -0.00337 -0.00707 -0.05327 0.99857 -0.00425 0.10715 0.00314 0.00443 0.99999 0.00750
1548808723014427392 87 0.99839 0.05658 -0.00294 -0.00739 -0.05659 0.99839 -0.00430 0.11187 0.00270 0.00446 0.99999 0.00746
1548808723047765248 88 0.99822 0.05955 -0.00259 -0.00786 -0.05957 0.99821 -0.00465 0.11682 0.00231 0.00480 0.99999 0.00734
1548808723081103360 89 0.99798 0.06353 -0.00266 -0.00525 -0.06354 0.99797 -0.00373 0.12208 0.00241 0.00389 0.99999 0.00274
1548808723114440192 90 0.99774 0.06708 -0.00305 -0.00540 -0.06709 0.99774 -0.00373 0.12673 0.00280 0.00393 0.99999 0.00294
1548808723147778304 91 0.99756 0.06977 -0.00309 -0.00466 -0.06978 0.99756 -0.00335 0.13095 0.00285 0.00356 0.99999 0.00243
1548808723181116416 92 0.99738 0.07223 -0.00282 -0.00466 -0.07224 0.99738 -0.00291 0.13530 0.00260 0.00310 0.99999 0.00228
1548808723214454272 93 0.99751 0.07051 -0.00217 -0.00461 -0.07051 0.99751 -0.00211 0.13931 0.00201 0.00225 1.00000 0.00206
1548808723247791360 94 0.99744 0.07141 -0.00266 -0.00401 -0.07142 0.99744 -0.00190 0.14332 0.00252 0.00209 0.99999 0.00145
1548808723281129216 95 0.99735 0.07266 -0.00312 -0.00341 -0.07267 0.99735 -0.00206 0.14767 0.00296 0.00228 0.99999 0.00116
1548808723314467328 96 0.99746 0.07116 -0.00314 -0.00323 -0.07116 0.99746 -0.00194 0.15223 0.00300 0.00216 0.99999 0.00093
1548808723347804416 97 0.99740 0.07196 -0.00310 -0.00309 -0.07196 0.99741 -0.00093 0.15757 0.00303 0.00115 0.99999 -0.00160
1548808723381142272 98 0.99738 0.07234 -0.00296 -0.00272 -0.07234 0.99738 -0.00050 0.16155 0.00291 0.00071 1.00000 -0.00204
1548808723414480384 99 0.99739 0.07213 -0.00318 -0.00227 -0.07213 0.99739 -0.00027 0.16586 0.00316 0.00050 0.99999 -0.00218
1548808723447818240 100 0.99737 0.07237 -0.00328 -0.00174 -0.07237 0.99738 -0.00034 0.17025 0.00325 0.00057 0.99999 -0.00231
1548808723481155328 101 0.99736 0.07258 -0.00336 -0.00141 -0.07259 0.99736 -0.00055 0.17485 0.00331 0.00079 0.99999 -0.00230
1548808723514493184 102 0.99738 0.07228 -0.00334 -0.00106 -0.07228 0.99738 -0.00053 0.17939 0.00329 0.00077 0.99999 -0.00227
1548808723547831296 103 0.99736 0.07257 -0.00333 -0.00090 -0.07258 0.99736 -0.00076 0.18406 0.00327 0.00100 0.99999 -0.00224
1548808723581169408 104 0.99733 0.07289 -0.00345 -0.00066 -0.07289 0.99734 -0.00113 0.18841 0.00336 0.00138 0.99999 -0.00234
1548808723614506240 105 0.99735 0.07272 -0.00331 -0.00049 -0.07272 0.99735 -0.00073 0.19220 0.00325 0.00097 0.99999 -0.00245
1548808723647844352 106 0.99730 0.07340 -0.00304 -0.00038 -0.07340 0.99730 -0.00020 0.19573 0.00301 0.00042 1.00000 -0.00256
1548808723681182208 107 0.99730 0.07335 -0.00289 -0.00051 -0.07335 0.99731 0.00030 0.19938 0.00291 -0.00009 1.00000 -0.00229
1548808723714519296 108 0.99729 0.07351 -0.00267 -0.00042 -0.07351 0.99729 0.00027 0.20338 0.00268 -0.00007 1.00000 -0.00236
1548808723747857408 109 0.99733 0.07299 -0.00288 0.00023 -0.07299 0.99733 -0.00010 0.20770 0.00286 0.00031 1.00000 -0.00273
1548808723781195264 110 0.99732 0.07311 -0.00357 0.00099 -0.07311 0.99732 -0.00044 0.21206 0.00353 0.00069 0.99999 -0.00296
1548808723814533376 111 0.99730 0.07336 -0.00391 0.00317 -0.07336 0.99731 0.00070 0.21496 0.00395 -0.00041 0.99999 -0.00497
1548808723847870208 112 0.99728 0.07362 -0.00391 0.00316 -0.07362 0.99729 0.00092 0.21878 0.00397 -0.00063 0.99999 -0.00514
1548808723881208320 113 0.99731 0.07316 -0.00360 0.00335 -0.07316 0.99732 0.00147 0.22249 0.00370 -0.00120 0.99999 -0.00533
1548808723914546176 114 0.99729 0.07350 -0.00374 0.00350 -0.07350 0.99729 0.00153 0.22653 0.00384 -0.00125 0.99999 -0.00555
1548808723947884288 115 0.99730 0.07338 -0.00397 0.00421 -0.07338 0.99730 0.00103 0.23096 0.00404 -0.00073 0.99999 -0.00564
1548808723981221376 116 0.99728 0.07358 -0.00408 0.00435 -0.07358 0.99729 0.00096 0.23553 0.00414 -0.00066 0.99999 -0.00555
1548808724014559232 117 0.99727 0.07368 -0.00408 0.00507 -0.07368 0.99728 0.00093 0.23962 0.00414 -0.00063 0.99999 -0.00584
1548808724047897344 118 0.99725 0.07401 -0.00406 0.00568 -0.07401 0.99726 0.00100 0.24340 0.00413 -0.00069 0.99999 -0.00588
1548808724081234176 119 0.99726 0.07389 -0.00406 0.00627 -0.07388 0.99727 0.00101 0.24752 0.00412 -0.00071 0.99999 -0.00593
1548808724114572288 120 0.99722 0.07440 -0.00465 0.00700 -0.07440 0.99723 0.00111 0.25151 0.00472 -0.00076 0.99999 -0.00601
1548808724147910400 121 0.99722 0.07432 -0.00543 0.00805 -0.07431 0.99723 0.00138 0.25537 0.00552 -0.00097 0.99998 -0.00591
1548808724181248256 122 0.99719 0.07471 -0.00589 0.00837 -0.07470 0.99720 0.00136 0.25935 0.00598 -0.00092 0.99998 -0.00605
1548808724214585344 123 0.99720 0.07464 -0.00550 0.00824 -0.07463 0.99721 0.00160 0.26328 0.00560 -0.00119 0.99998 -0.00612
1548808724247923200 124 0.99719 0.07476 -0.00520 0.00856 -0.07475 0.99720 0.00200 0.26700 0.00534 -0.00161 0.99998 -0.00648
1548808724281261312 125 0.99717 0.07501 -0.00551 0.00917 -0.07500 0.99718 0.00189 0.27102 0.00563 -0.00147 0.99998 -0.00649
1548808724314599424 126 0.99713 0.07544 -0.00596 0.01079 -0.07543 0.99715 0.00209 0.27423 0.00610 -0.00163 0.99998 -0.00760
1548808724347936256 127 0.99717 0.07491 -0.00651 0.01090 -0.07490 0.99719 0.00191 0.27855 0.00663 -0.00141 0.99998 -0.00798
1548808724381274368 128 0.99721 0.07443 -0.00640 0.01132 -0.07441 0.99722 0.00269 0.28254 0.00658 -0.00221 0.99998 -0.00813
1548808724414612224 129 0.99717 0.07483 -0.00661 0.01178 -0.07482 0.99720 0.00206 0.28653 0.00674 -0.00156 0.99998 -0.00847
1548808724447949312 130 0.99719 0.07457 -0.00673 0.01215 -0.07456 0.99721 0.00261 0.29051 0.00691 -0.00210 0.99997 -0.00860
1548808724481287168 131 0.99718 0.07468 -0.00682 0.01251 -0.07466 0.99721 0.00269 0.29456 0.00700 -0.00217 0.99997 -0.00885
1548808724514625280 132 0.99718 0.07470 -0.00703 0.01289 -0.07468 0.99720 0.00238 0.29870 0.00719 -0.00185 0.99997 -0.00898
1548808724547963392 133 0.99717 0.07491 -0.00697 0.01321 -0.07489 0.99719 0.00253 0.30293 0.00714 -0.00200 0.99997 -0.00903
1548808724581300224 134 0.99717 0.07482 -0.00729 0.01415 -0.07480 0.99720 0.00242 0.30698 0.00745 -0.00187 0.99997 -0.00955
1548808724614638336 135 0.99714 0.07514 -0.00754 0.01458 -0.07512 0.99717 0.00239 0.31116 0.00770 -0.00182 0.99997 -0.00973
1548808724647976192 136 0.99715 0.07506 -0.00763 0.01494 -0.07505 0.99718 0.00212 0.31539 0.00777 -0.00154 0.99997 -0.00937
1548808724681313280 137 0.99714 0.07512 -0.00784 0.01551 -0.07510 0.99717 0.00184 0.31966 0.00795 -0.00124 0.99997 -0.00937
1548808724714651392 138 0.99710 0.07566 -0.00864 0.01711 -0.07565 0.99713 0.00241 0.32319 0.00880 -0.00175 0.99996 -0.00955
1548808724747989248 139 0.99707 0.07598 -0.00910 0.01772 -0.07596 0.99711 0.00275 0.32672 0.00929 -0.00205 0.99995 -0.00944
1548808724781327360 140 0.99706 0.07603 -0.00900 0.01808 -0.07600 0.99710 0.00382 0.32972 0.00926 -0.00313 0.99995 -0.01052
1548808724814664192 141 0.99705 0.07635 -0.00836 0.01781 -0.07631 0.99707 0.00439 0.33347 0.00867 -0.00374 0.99996 -0.01062
1548808724848002304 142 0.99703 0.07650 -0.00852 0.01820 -0.07647 0.99706 0.00432 0.33725 0.00882 -0.00365 0.99995 -0.01065
1548808724881340416 143 0.99697 0.07727 -0.00875 0.01875 -0.07723 0.99700 0.00496 0.34128 0.00910 -0.00427 0.99995 -0.01071
1548808724914678272 144 0.99701 0.07669 -0.00920 0.01949 -0.07666 0.99705 0.00409 0.34582 0.00949 -0.00337 0.99995 -0.01088
1548808724948015360 145 0.99703 0.07636 -0.00971 0.02017 -0.07632 0.99707 0.00438 0.35058 0.01001 -0.00363 0.99994 -0.01119
1548808724981353216 146 0.99708 0.07571 -0.00958 0.02077 -0.07566 0.99712 0.00508 0.35543 0.00994 -0.00434 0.99994 -0.01138
1548808725014691328 147 0.99709 0.07557 -0.00993 0.02134 -0.07552 0.99713 0.00450 0.36035 0.01024 -0.00374 0.99994 -0.01155
1548808725048028416 148 0.99714 0.07496 -0.01000 0.02184 -0.07491 0.99718 0.00499 0.36493 0.01035 -0.00423 0.99994 -0.01172
1548808725081366272 149 0.99709 0.07562 -0.01013 0.02225 -0.07557 0.99713 0.00527 0.36925 0.01050 -0.00448 0.99993 -0.01182
1548808725114704384 150 0.99707 0.07574 -0.01024 0.02273 -0.07569 0.99712 0.00524 0.37360 0.01061 -0.00445 0.99993 -0.01185
1548808725148042240 151 0.99702 0.07641 -0.01034 0.02312 -0.07635 0.99707 0.00546 0.37796 0.01072 -0.00466 0.99993 -0.01188
1548808725181379328 152 0.99700 0.07668 -0.01030 0.02361 -0.07663 0.99704 0.00568 0.38260 0.01071 -0.00487 0.99993 -0.01169
1548808725214717184 153 0.99698 0.07700 -0.00986 0.02383 -0.07695 0.99702 0.00609 0.38719 0.01030 -0.00531 0.99993 -0.01171
1548808725248055296 154 0.99700 0.07681 -0.00999 0.02474 -0.07674 0.99702 0.00750 0.39078 0.01053 -0.00671 0.99992 -0.01267
1548808725281393408 155 0.99691 0.07794 -0.00972 0.02497 -0.07787 0.99694 0.00717 0.39574 0.01025 -0.00639 0.99993 -0.01309
1548808725314730240 156 0.99687 0.07846 -0.00947 0.02540 -0.07838 0.99689 0.00765 0.40055 0.01004 -0.00688 0.99993 -0.01370
1548808725348068352 157 0.99687 0.07855 -0.00918 0.02567 -0.07847 0.99688 0.00811 0.40568 0.00979 -0.00737 0.99992 -0.01391
1548808725381406208 158 0.99687 0.07850 -0.00952 0.02612 -0.07843 0.99689 0.00768 0.41101 0.01009 -0.00691 0.99993 -0.01392
1548808725414743296 159 0.99686 0.07856 -0.00972 0.02682 -0.07849 0.99688 0.00822 0.41647 0.01033 -0.00743 0.99992 -0.01411
1548808725448081408 160 0.99695 0.07740 -0.00973 0.02750 -0.07732 0.99697 0.00852 0.42185 0.01036 -0.00775 0.99992 -0.01396
1548808725481419264 161 0.99695 0.07746 -0.00941 0.02780 -0.07739 0.99697 0.00818 0.42763 0.01002 -0.00743 0.99992 -0.01414
1548808725514757376 162 0.99694 0.07756 -0.00926 0.02825 -0.07748 0.99696 0.00850 0.43289 0.00990 -0.00776 0.99992 -0.01402
1548808725548094208 163 0.99691 0.07794 -0.00928 0.02865 -0.07786 0.99693 0.00851 0.43808 0.00991 -0.00776 0.99992 -0.01437
1548808725581432320 164 0.99689 0.07820 -0.00957 0.02911 -0.07811 0.99691 0.00862 0.44352 0.01021 -0.00785 0.99992 -0.01436
1548808725614770176 165 0.99686 0.07866 -0.00927 0.02922 -0.07858 0.99687 0.00891 0.44904 0.00994 -0.00815 0.99992 -0.01453
1548808725648108288 166 0.99692 0.07787 -0.00945 0.02941 -0.07780 0.99694 0.00788 0.45376 0.01003 -0.00712 0.99992 -0.01253
1548808725681445376 167 0.99689 0.07809 -0.01010 0.02985 -0.07801 0.99692 0.00842 0.45931 0.01073 -0.00761 0.99991 -0.01270
1548808725714783232 168 0.99690 0.07808 -0.00959 0.03029 -0.07800 0.99692 0.00829 0.46471 0.01021 -0.00752 0.99992 -0.01285
1548808725748121344 169 0.99684 0.07893 -0.00925 0.03025 -0.07885 0.99685 0.00827 0.47016 0.00987 -0.00751 0.99992 -0.01292
1548808725781458176 170 0.99690 0.07810 -0.00927 0.03088 -0.07802 0.99692 0.00854 0.47554 0.00991 -0.00779 0.99992 -0.01307
1548808725814796288 171 0.99685 0.07875 -0.00967 0.03158 -0.07867 0.99687 0.00830 0.48136 0.01029 -0.00751 0.99992 -0.01306
1548808725848134400 172 0.99688 0.07832 -0.00991 0.03269 -0.07825 0.99691 0.00746 0.48724 0.01046 -0.00666 0.99992 -0.01354
1548808725881472256 173 0.99692 0.07790 -0.00955 0.03332 -0.07782 0.99693 0.00851 0.49301 0.01018 -0.00774 0.99992 -0.01376
1548808725914809344 174 0.99695 0.07745 -0.00930 0.03369 -0.07738 0.99697 0.00794 0.49878 0.00988 -0.00720 0.99993 -0.01393
1548808725948147200 175 0.99689 0.07820 -0.00949 0.03395 -0.07813 0.99691 0.00757 0.50436 0.01006 -0.00680 0.99993 -0.01402
1548808725981485312 176 0.99690 0.07815 -0.00924 0.03480 -0.07808 0.99691 0.00812 0.50974 0.00985 -0.00738 0.99992 -0.01399
1548808726014822400 177 0.99691 0.07796 -0.00998 0.03571 -0.07788 0.99693 0.00795 0.51586 0.01057 -0.00715 0.99992 -0.01538
1548808726048160256 178 0.99691 0.07794 -0.01027 0.03641 -0.07787 0.99694 0.00687 0.52168 0.01078 -0.00605 0.99992 -0.01435
1548808726081498368 179 0.99693 0.07755 -0.01088 0.03721 -0.07748 0.99698 0.00599 0.52802 0.01131 -0.00513 0.99992 -0.01427
1548808726114836224 180 0.99692 0.07779 -0.01015 0.03742 -0.07772 0.99695 0.00718 0.53437 0.01068 -0.00637 0.99992 -0.01448
1548808726148173312 181 0.99692 0.07783 -0.00954 0.03778 -0.07777 0.99695 0.00680 0.54161 0.01004 -0.00604 0.99993 -0.01447
1548808726181511168 182 0.99699 0.07682 -0.01006 0.03866 -0.07677 0.99704 0.00494 0.54883 0.01041 -0.00416 0.99994 -0.01452
1548808726214849280 183 0.99710 0.07540 -0.01031 0.03865 -0.07534 0.99714 0.00567 0.55536 0.01071 -0.00488 0.99993 -0.01453
1548808726248187392 184 0.99716 0.07469 -0.00983 0.03912 -0.07463 0.99719 0.00641 0.56217 0.01029 -0.00566 0.99993 -0.01459
1548808726281524224 185 0.99726 0.07341 -0.00966 0.03946 -0.07337 0.99729 0.00454 0.56909 0.00996 -0.00382 0.99994 -0.01447
1548808726314862336 186 0.99751 0.06989 -0.00958 0.03984 -0.06985 0.99754 0.00507 0.57528 0.00991 -0.00439 0.99994 -0.01471
1548808726348200192 187 0.99762 0.06821 -0.01011 0.04055 -0.06816 0.99766 0.00525 0.58178 0.01044 -0.00455 0.99994 -0.01501
1548808726381537280 188 0.99782 0.06504 -0.01134 0.04103 -0.06500 0.99788 0.00408 0.58851 0.01158 -0.00333 0.99993 -0.01522
1548808726414875392 189 0.99803 0.06173 -0.01082 0.04198 -0.06170 0.99809 0.00285 0.59479 0.01097 -0.00218 0.99994 -0.01537
1548808726448213248 190 0.99826 0.05803 -0.01011 0.04303 -0.05801 0.99831 0.00316 0.60032 0.01028 -0.00257 0.99994 -0.01539
1548808726481551360 191 0.99842 0.05507 -0.01096 0.04432 -0.05503 0.99848 0.00422 0.60543 0.01117 -0.00361 0.99993 -0.01515
1548808726514888192 192 0.99863 0.05114 -0.01097 0.04502 -0.05109 0.99868 0.00480 0.61146 0.01120 -0.00423 0.99993 -0.01606
1548808726548226304 193 0.99884 0.04692 -0.01052 0.04473 -0.04689 0.99890 0.00291 0.61876 0.01064 -0.00242 0.99994 -0.01648
1548808726581564416 194 0.99900 0.04371 -0.00958 0.04496 -0.04368 0.99904 0.00323 0.62610 0.00971 -0.00280 0.99995 -0.01685
1548808726614902272 195 0.99917 0.03942 -0.01009 0.04570 -0.03939 0.99922 0.00248 0.63440 0.01018 -0.00208 0.99995 -0.01695
1548808726648239360 196 0.99928 0.03641 -0.01027 0.04637 -0.03641 0.99934 0.00004 0.64260 0.01027 0.00034 0.99995 -0.01671
1548808726681577216 197 0.99947 0.03112 -0.00966 0.04534 -0.03112 0.99952 0.00021 0.65009 0.00966 0.00009 0.99995 -0.01703
1548808726714915328 198 0.99956 0.02818 -0.00892 0.04575 -0.02816 0.99960 0.00241 0.65663 0.00898 -0.00215 0.99996 -0.01714
1548808726748252416 199 0.99964 0.02497 -0.00937 0.04627 -0.02494 0.99969 0.00267 0.66352 0.00943 -0.00244 0.99995 -0.01729
1548808726780237312 200 0.99969 0.02317 -0.00961 0.04631 -0.02315 0.99973 0.00218 0.67081 0.00965 -0.00196 0.99995 -0.01744
1548808726813575168 201 0.99967 0.02391 -0.00936 0.04637 -0.02389 0.99971 0.00234 0.67944 0.00941 -0.00211 0.99995 -0.01784
1548808726846913280 202 0.99971 0.02221 -0.00933 0.04562 -0.02222 0.99975 -0.00061 0.68968 0.00931 0.00081 0.99996 -0.01832
1548808726880250368 203 0.99974 0.02046 -0.00996 0.04605 -0.02048 0.99979 -0.00241 0.69913 0.00991 0.00262 0.99995 -0.01870
1548808726913588224 204 0.99971 0.02117 -0.01130 0.04704 -0.02120 0.99977 -0.00237 0.70807 0.01124 0.00260 0.99993 -0.01887
1548808726946926336 205 0.99972 0.02114 -0.01084 0.04683 -0.02118 0.99977 -0.00366 0.71629 0.01076 0.00389 0.99993 -0.01924
1548808726980264192 206 0.99976 0.01981 -0.00945 0.04625 -0.01983 0.99980 -0.00218 0.72380 0.00941 0.00237 0.99995 -0.01961
1548808727013601280 207 0.99977 0.01960 -0.00883 0.04504 -0.01961 0.99981 -0.00103 0.73138 0.00880 0.00120 0.99996 -0.01928
1548808727046939392 208 0.99978 0.01911 -0.00915 0.04516 -0.01913 0.99981 -0.00212 0.74017 0.00911 0.00229 0.99996 -0.01951
1548808727080277248 209 0.99977 0.01886 -0.00987 0.04595 -0.01889 0.99982 -0.00282 0.74935 0.00981 0.00301 0.99995 -0.01981
1548808727113614336 210 0.99977 0.01891 -0.00981 0.04675 -0.01894 0.99982 -0.00306 0.75827 0.00975 0.00325 0.99995 -0.02025
1548808727146952192 211 0.99979 0.01796 -0.00973 0.04718 -0.01801 0.99982 -0.00519 0.76742 0.00964 0.00537 0.99994 -0.02059
1548808727180290304 212 0.99978 0.01774 -0.01089 0.04799 -0.01781 0.99982 -0.00602 0.77635 0.01078 0.00621 0.99992 -0.02084
1548808727213628416 213 0.99980 0.01615 -0.01161 0.04803 -0.01621 0.99985 -0.00535 0.78452 0.01152 0.00554 0.99992 -0.02026
1548808727246965248 214 0.99979 0.01687 -0.01180 0.04863 -0.01694 0.99984 -0.00559 0.79266 0.01171 0.00579 0.99991 -0.02038
1548808727280303360 215 0.99981 0.01576 -0.01154 0.04883 -0.01582 0.99986 -0.00449 0.80014 0.01147 0.00467 0.99992 -0.02070
1548808727313641216 216 0.99979 0.01656 -0.01170 0.04929 -0.01660 0.99986 -0.00295 0.80767 0.01165 0.00315 0.99993 -0.02088
1548808727346978304 217 0.99980 0.01637 -0.01175 0.04931 -0.01640 0.99986 -0.00264 0.81575 0.01170 0.00284 0.99993 -0.02092
1548808727380316416 218 0.99980 0.01612 -0.01176 0.04936 -0.01616 0.99986 -0.00338 0.82462 0.01171 0.00357 0.99993 -0.02106
1548808727413654272 219 0.99981 0.01566 -0.01177 0.04979 -0.01571 0.99987 -0.00447 0.83407 0.01170 0.00466 0.99992 -0.02122
1548808727446992384 220 0.99979 0.01532 -0.01378 0.05011 -0.01541 0.99986 -0.00634 0.84383 0.01368 0.00656 0.99988 -0.02206
1548808727480329216 221 0.99978 0.01503 -0.01472 0.05087 -0.01511 0.99987 -0.00504 0.85232 0.01464 0.00526 0.99988 -0.02248
1548808727513667328 222 0.99979 0.01508 -0.01372 0.05108 -0.01517 0.99987 -0.00581 0.86002 0.01363 0.00602 0.99989 -0.02311
1548808727547005184 223 0.99980 0.01467 -0.01371 0.05083 -0.01474 0.99988 -0.00521 0.86814 0.01363 0.00541 0.99989 -0.02330
1548808727580343296 224 0.99982 0.01381 -0.01326 0.05098 -0.01386 0.99990 -0.00380 0.87545 0.01320 0.00399 0.99990 -0.02346
1548808727613680384 225 0.99979 0.01536 -0.01379 0.05124 -0.01540 0.99988 -0.00335 0.88365 0.01374 0.00356 0.99990 -0.02377
1548808727647018240 226 0.99980 0.01473 -0.01320 0.05075 -0.01478 0.99988 -0.00406 0.89282 0.01314 0.00425 0.99990 -0.02323
1548808727678862336 227 0.99981 0.01479 -0.01238 0.05070 -0.01484 0.99988 -0.00390 0.90175 0.01233 0.00409 0.99992 -0.02301
1548808727712199168 228 0.99982 0.01340 -0.01335 0.05140 -0.01349 0.99989 -0.00655 0.91115 0.01326 0.00673 0.99989 -0.02345
1548808727745537280 229 0.99979 0.01425 -0.01479 0.05204 -0.01435 0.99987 -0.00681 0.92072 0.01469 0.00702 0.99987 -0.02360
1548808727778875392 230 0.99981 0.01365 -0.01416 0.05239 -0.01374 0.99989 -0.00627 0.92943 0.01408 0.00646 0.99988 -0.02399
1548808727812213248 231 0.99981 0.01402 -0.01373 0.05143 -0.01412 0.99987 -0.00769 0.93862 0.01362 0.00788 0.99988 -0.02453
1548808727845550336 232 0.99984 0.01250 -0.01298 0.05150 -0.01257 0.99991 -0.00487 0.94615 0.01291 0.00504 0.99990 -0.02460
1548808727878888192 233 0.99982 0.01412 -0.01278 0.05143 -0.01416 0.99989 -0.00337 0.95475 0.01274 0.00355 0.99991 -0.02498
1548808727912226304 234 0.99983 0.01268 -0.01364 0.05167 -0.01276 0.99990 -0.00599 0.96342 0.01357 0.00617 0.99989 -0.02499
1548808727945564416 235 0.99983 0.01306 -0.01302 0.05179 -0.01312 0.99990 -0.00457 0.97285 0.01296 0.00474 0.99990 -0.02512
1548808727978901248 236 0.99984 0.01173 -0.01377 0.05239 -0.01184 0.99990 -0.00795 0.98264 0.01367 0.00811 0.99987 -0.02507
1548808728012239360 237 0.99981 0.01322 -0.01436 0.05259 -0.01333 0.99988 -0.00782 0.99197 0.01425 0.00801 0.99987 -0.02528
1548808728045577216 238 0.99983 0.01159 -0.01401 0.05298 -0.01170 0.99991 -0.00722 1.00190 0.01392 0.00738 0.99988 -0.02537
1548808728078914304 239 0.99982 0.01343 -0.01344 0.05249 -0.01355 0.99987 -0.00897 1.01039 0.01332 0.00915 0.99987 -0.02557
1548808728112252416 240 0.99986 0.01125 -0.01249 0.05204 -0.01132 0.99992 -0.00497 1.01770 0.01243 0.00511 0.99991 -0.02585
1548808728145590272 241 0.99984 0.01317 -0.01224 0.05196 -0.01322 0.99991 -0.00379 1.02558 0.01219 0.00395 0.99992 -0.02629
1548808728178928384 242 0.99986 0.01062 -0.01276 0.05251 -0.01068 0.99993 -0.00524 1.03426 0.01270 0.00537 0.99990 -0.02655
1548808728212265216 243 0.99985 0.01083 -0.01333 0.05301 -0.01091 0.99992 -0.00608 1.04365 0.01326 0.00622 0.99989 -0.02678
1548808728245603328 244 0.99985 0.00893 -0.01452 0.05406 -0.00905 0.99993 -0.00785 1.05355 0.01445 0.00798 0.99986 -0.02678
1548808728278941184 245 0.99983 0.01015 -0.01558 0.05479 -0.01030 0.99990 -0.00974 1.06386 0.01548 0.00990 0.99983 -0.02634
1548808728312279296 246 0.99983 0.00942 -0.01565 0.05602 -0.00955 0.99992 -0.00796 1.07398 0.01558 0.00810 0.99985 -0.02677
1548808728345616384 247 0.99982 0.01082 -0.01589 0.05638 -0.01097 0.99990 -0.00923 1.08322 0.01579 0.00940 0.99983 -0.02712
1548808728378954240 248 0.99983 0.00999 -0.01560 0.05664 -0.01009 0.99993 -0.00664 1.09142 0.01553 0.00680 0.99986 -0.02718
1548808728412292352 249 0.99982 0.01119 -0.01506 0.05645 -0.01127 0.99992 -0.00488 1.09996 0.01500 0.00505 0.99987 -0.02721
1548808728445629184 250 0.99983 0.01044 -0.01528 0.05693 -0.01055 0.99992 -0.00707 1.10905 0.01520 0.00723 0.99986 -0.02728
1548808728478967296 251 0.99982 0.01117 -0.01525 0.05692 -0.01128 0.99991 -0.00661 1.11870 0.01518 0.00678 0.99986 -0.02722
1548808728512305408 252 0.99984 0.00866 -0.01553 0.05765 -0.00879 0.99992 -0.00856 1.12778 0.01545 0.00870 0.99984 -0.02702
1548808728545643264 253 0.99982 0.01098 -0.01577 0.05751 -0.01111 0.99991 -0.00816 1.13749 0.01568 0.00833 0.99984 -0.02714
1548808728578980352 254 0.99985 0.00923 -0.01488 0.05763 -0.00936 0.99992 -0.00840 1.14644 0.01480 0.00854 0.99985 -0.02734
1548808728612318208 255 0.99983 0.01131 -0.01473 0.05706 -0.01143 0.99990 -0.00833 1.15553 0.01463 0.00849 0.99986 -0.02750
1548808728645656320 256 0.99986 0.00924 -0.01366 0.05705 -0.00932 0.99994 -0.00563 1.16368 0.01360 0.00576 0.99989 -0.02761
1548808728678993408 257 0.99984 0.01129 -0.01352 0.05693 -0.01137 0.99992 -0.00630 1.17273 0.01345 0.00646 0.99989 -0.02814
1548808728712331264 258 0.99985 0.00991 -0.01400 0.05707 -0.01002 0.99992 -0.00738 1.18152 0.01392 0.00751 0.99987 -0.02837
1548808728745669376 259 0.99986 0.00972 -0.01345 0.05709 -0.00982 0.99993 -0.00727 1.19112 0.01338 0.00740 0.99988 -0.02830
1548808728779007232 260 0.99983 0.00974 -0.01543 0.05781 -0.00989 0.99990 -0.00992 1.20124 0.01534 0.01007 0.99983 -0.02843
1548808728812344320 261 0.99984 0.00935 -0.01556 0.05824 -0.00949 0.99992 -0.00868 1.21065 0.01548 0.00883 0.99984 -0.02838
1548808728845682176 262 0.99983 0.00939 -0.01573 0.05828 -0.00951 0.99992 -0.00786 1.21941 0.01566 0.00801 0.99985 -0.02865
1548808728879020288 263 0.99985 0.00925 -0.01491 0.05848 -0.00936 0.99993 -0.00717 1.22805 0.01484 0.00730 0.99986 -0.02859
1548808728912358400 264 0.99986 0.00916 -0.01431 0.05796 -0.00925 0.99994 -0.00559 1.23585 0.01425 0.00572 0.99988 -0.02807
1548808728945695232 265 0.99985 0.00925 -0.01490 0.05827 -0.00936 0.99993 -0.00765 1.24441 0.01483 0.00778 0.99986 -0.02790
1548808728979033344 266 0.99984 0.00945 -0.01489 0.05852 -0.00957 0.99992 -0.00801 1.25368 0.01481 0.00815 0.99986 -0.02782
1548808729012371200 267 0.99985 0.00706 -0.01605 0.05895 -0.00720 0.99993 -0.00892 1.26317 0.01598 0.00903 0.99983 -0.02819
1548808729045708288 268 0.99984 0.00712 -0.01659 0.05985 -0.00726 0.99994 -0.00865 1.27262 0.01652 0.00877 0.99983 -0.02822
1548808729079046400 269 0.99983 0.00786 -0.01687 0.06025 -0.00801 0.99993 -0.00876 1.28216 0.01680 0.00890 0.99982 -0.02817
1548808729112384256 270 0.99983 0.00729 -0.01723 0.06047 -0.00744 0.99993 -0.00876 1.29124 0.01716 0.00889 0.99981 -0.02856
1548808729145722368 271 0.99983 0.00735 -0.01690 0.06031 -0.00746 0.99995 -0.00613 1.29937 0.01686 0.00625 0.99984 -0.02883
1548808729179059200 272 0.99982 0.00727 -0.01757 0.06046 -0.00736 0.99996 -0.00533 1.30846 0.01753 0.00546 0.99983 -0.02903
1548808729212397312 273 0.99981 0.00764 -0.01811 0.06080 -0.00775 0.99995 -0.00633 1.31838 0.01806 0.00647 0.99982 -0.02920
1548808729245735424 274 0.99982 0.00617 -0.01819 0.06084 -0.00631 0.99995 -0.00783 1.32897 0.01814 0.00794 0.99980 -0.02933
1548808729279073280 275 0.99983 0.00630 -0.01741 0.06057 -0.00647 0.99993 -0.00966 1.34023 0.01735 0.00977 0.99980 -0.02922
1548808729312410368 276 0.99983 0.00601 -0.01728 0.06089 -0.00617 0.99994 -0.00932 1.34977 0.01722 0.00943 0.99981 -0.02931
1548808729345748224 277 0.99984 0.00718 -0.01660 0.06068 -0.00730 0.99995 -0.00737 1.35882 0.01654 0.00749 0.99984 -0.02953
1548808729379086336 278 0.99985 0.00733 -0.01557 0.06091 -0.00744 0.99995 -0.00661 1.36664 0.01552 0.00673 0.99986 -0.03043
1548808729412423168 279 0.99987 0.00555 -0.01540 0.06088 -0.00565 0.99996 -0.00624 1.37557 0.01537 0.00633 0.99986 -0.03080
1548808729445761280 280 0.99986 0.00607 -0.01539 0.06073 -0.00614 0.99997 -0.00473 1.38547 0.01536 0.00482 0.99987 -0.03081
1548808729479099392 281 0.99987 0.00589 -0.01511 0.06050 -0.00602 0.99995 -0.00840 1.39659 0.01506 0.00849 0.99985 -0.03126
1548808729512437248 282 0.99989 0.00615 -0.01347 0.05914 -0.00627 0.99994 -0.00870 1.40804 0.01342 0.00878 0.99987 -0.03156
1548808729545774336 283 0.99991 0.00505 -0.01243 0.05878 -0.00516 0.99995 -0.00878 1.41803 0.01238 0.00884 0.99988 -0.03174
1548808729579112192 284 0.99990 0.00621 -0.01241 0.05878 -0.00630 0.99995 -0.00764 1.42683 0.01237 0.00771 0.99989 -0.03203
1548808729612450304 285 0.99990 0.00531 -0.01315 0.05880 -0.00539 0.99997 -0.00587 1.43647 0.01312 0.00594 0.99990 -0.03245
1548808729645788416 286 0.99989 0.00532 -0.01356 0.05952 -0.00541 0.99996 -0.00675 1.44591 0.01352 0.00682 0.99989 -0.03236
1548808729679125248 287 0.99990 0.00454 -0.01313 0.05908 -0.00461 0.99998 -0.00526 1.45549 0.01311 0.00532 0.99990 -0.03227
1548808729712463360 288 0.99990 0.00553 -0.01273 0.05838 -0.00561 0.99996 -0.00651 1.46608 0.01269 0.00658 0.99990 -0.03271
1548808729745801216 289 0.99992 0.00494 -0.01202 0.05817 -0.00503 0.99996 -0.00731 1.47686 0.01198 0.00737 0.99990 -0.03262
1548808729779138304 290 0.99991 0.00581 -0.01200 0.05805 -0.00589 0.99996 -0.00670 1.48765 0.01196 0.00677 0.99991 -0.03290
1548808729812476416 291 0.99992 0.00510 -0.01150 0.05810 -0.00517 0.99997 -0.00607 1.49761 0.01147 0.00613 0.99992 -0.03323
1548808729845814272 292 0.99992 0.00484 -0.01155 0.05805 -0.00492 0.99996 -0.00731 1.50814 0.01151 0.00737 0.99991 -0.03355
1548808729879152384 293 0.99992 0.00426 -0.01194 0.05803 -0.00434 0.99997 -0.00660 1.51808 0.01191 0.00666 0.99991 -0.03370
1548808729912489216 294 0.99992 0.00479 -0.01206 0.05805 -0.00485 0.99998 -0.00501 1.52861 0.01204 0.00507 0.99991 -0.03356
1548808729945827328 295 0.99992 0.00483 -0.01202 0.05786 -0.00493 0.99995 -0.00814 1.54020 0.01198 0.00820 0.99989 -0.03365
1548808729979165184 296 0.99992 0.00483 -0.01207 0.05758 -0.00492 0.99996 -0.00722 1.55110 0.01203 0.00728 0.99990 -0.03344
1548808730012502272 297 0.99992 0.00469 -0.01169 0.05773 -0.00477 0.99996 -0.00693 1.56146 0.01165 0.00699 0.99991 -0.03378
1548808730045840384 298 0.99992 0.00499 -0.01158 0.05736 -0.00506 0.99997 -0.00637 1.57210 0.01154 0.00643 0.99991 -0.03432
1548808730079178240 299 0.99991 0.00424 -0.01247 0.05798 -0.00433 0.99996 -0.00786 1.58283 0.01244 0.00791 0.99989 -0.03459
1548808730112516352 300 0.99991 0.00391 -0.01277 0.05840 -0.00397 0.99998 -0.00509 1.59300 0.01275 0.00514 0.99991 -0.03428
1548808730145853184 301 0.99990 0.00457 -0.01355 0.05897 -0.00467 0.99996 -0.00702 1.60401 0.01352 0.00708 0.99988 -0.03423
1548808730179191296 302 0.99990 0.00502 -0.01329 0.05865 -0.00512 0.99996 -0.00760 1.61569 0.01325 0.00767 0.99988 -0.03498
1548808730212529408 303 0.99990 0.00420 -0.01320 0.05876 -0.00428 0.99997 -0.00615 1.62626 0.01317 0.00620 0.99989 -0.03500
1548808730245867264 304 0.99991 0.00632 -0.01148 0.05775 -0.00638 0.99997 -0.00516 1.63713 0.01145 0.00523 0.99992 -0.03537
1548808730279204352 305 0.99993 0.00374 -0.01155 0.05726 -0.00382 0.99997 -0.00681 1.64767 0.01152 0.00686 0.99991 -0.03617
1548808730312542208 306 0.99992 0.00427 -0.01219 0.05818 -0.00433 0.99998 -0.00519 1.65876 0.01217 0.00525 0.99991 -0.03661
1548808730345880320 307 0.99992 0.00395 -0.01236 0.05890 -0.00401 0.99998 -0.00532 1.66969 0.01234 0.00536 0.99991 -0.03669
1548808730379217408 308 0.99991 0.00581 -0.01246 0.05772 -0.00590 0.99996 -0.00731 1.68155 0.01242 0.00739 0.99990 -0.03690
1548808730412555264 309 0.99992 0.00249 -0.01227 0.05760 -0.00255 0.99998 -0.00527 1.69273 0.01225 0.00530 0.99991 -0.03695
1548808730445893376 310 0.99991 0.00636 -0.01153 0.05671 -0.00641 0.99997 -0.00447 1.70403 0.01150 0.00455 0.99992 -0.03730
1548808730479231232 311 0.99994 0.00316 -0.01038 0.05646 -0.00320 0.99999 -0.00378 1.71509 0.01037 0.00382 0.99994 -0.03761
1548808730512568320 312 0.99993 0.00368 -0.01115 0.05693 -0.00371 0.99999 -0.00311 1.72651 0.01113 0.00316 0.99993 -0.03991
1548808730545906176 313 0.99993 0.00204 -0.01198 0.05728 -0.00210 0.99999 -0.00458 1.73896 0.01197 0.00461 0.99992 -0.03968
1548808730579244288 314 0.99992 0.00430 -0.01193 0.05685 -0.00438 0.99997 -0.00633 1.75184 0.01190 0.00638 0.99991 -0.04018
1548808730612582400 315 0.99993 0.00156 -0.01186 0.05683 -0.00161 0.99999 -0.00434 1.76362 0.01186 0.00436 0.99992 -0.04016
1548808730645919232 316 0.99994 0.00404 -0.01046 0.05609 -0.00407 0.99999 -0.00276 1.77558 0.01045 0.00280 0.99994 -0.04059
1548808730679257344 317 0.99995 0.00093 -0.01016 0.05558 -0.00096 1.00000 -0.00246 1.78747 0.01016 0.00247 0.99995 -0.04059
1548808730712595200 318 0.99993 0.00226 -0.01143 0.05583 -0.00229 0.99999 -0.00264 1.80027 0.01142 0.00267 0.99993 -0.04095
1548808730745932288 319 0.99993 0.00183 -0.01140 0.05741 -0.00188 0.99999 -0.00453 1.81360 0.01139 0.00455 0.99992 -0.04167
1548808730779270400 320 0.99994 0.00296 -0.01089 0.05800 -0.00302 0.99998 -0.00556 1.82730 0.01087 0.00559 0.99993 -0.04189
1548808730812608256 321 0.99995 0.00216 -0.00970 0.05745 -0.00219 0.99999 -0.00370 1.83893 0.00969 0.00373 0.99995 -0.04240
1548808730845946368 322 0.99995 0.00377 -0.00894 0.05688 -0.00378 0.99999 -0.00100 1.85071 0.00893 0.00104 0.99996 -0.04243
1548808730879283200 323 0.99996 0.00231 -0.00882 0.05656 -0.00231 1.00000 -0.00057 1.86274 0.00882 0.00059 0.99996 -0.04302
1548808730912621312 324 0.99995 0.00206 -0.00967 0.05663 -0.00208 0.99999 -0.00254 1.87495 0.00966 0.00256 0.99995 -0.04262
1548808730945959424 325 0.99996 0.00179 -0.00897 0.05582 -0.00181 0.99999 -0.00266 1.88765 0.00897 0.00267 0.99996 -0.04258
1548808730979297280 326 0.99996 0.00273 -0.00801 0.05515 -0.00276 0.99999 -0.00358 1.90003 0.00800 0.00360 0.99996 -0.04320
1548808731012634368 327 0.99998 0.00217 -0.00608 0.05450 -0.00219 0.99999 -0.00346 1.91212 0.00608 0.00347 0.99998 -0.04317
1548808731045972224 328 0.99998 0.00269 -0.00581 0.05446 -0.00269 1.00000 0.00008 1.92442 0.00581 -0.00006 0.99998 -0.04294
1548808731079310336 329 0.99998 0.00176 -0.00678 0.05452 -0.00179 0.99999 -0.00342 1.93728 0.00677 0.00343 0.99997 -0.04307
1548808731112647168 330 0.99997 0.00327 -0.00679 0.05366 -0.00330 0.99999 -0.00351 1.95014 0.00678 0.00353 0.99997 -0.04310
1548808731145985280 331 0.99997 0.00162 -0.00691 0.05203 -0.00165 0.99999 -0.00404 1.96250 0.00690 0.00405 0.99997 -0.04304
