1548808090677404416 10 0.99913 0.04123 -0.00640 0.00675 -0.04124 0.99915 -0.00269 0.12656 0.00629 0.00295 0.99998 -0.00076
1548808090710742272 11 0.99895 0.04521 -0.00723 0.00661 -0.04522 0.99898 -0.00071 0.13898 0.00719 0.00104 0.99997 -0.00162
1548808090744080384 12 0.99881 0.04854 -0.00509 0.00681 -0.04855 0.99882 -0.00135 0.15187 0.00502 0.00159 0.99999 -0.00252
1548808090777418496 13 0.99893 0.04579 -0.00668 0.00606 -0.04581 0.99895 -0.00268 0.16407 0.00655 0.00299 0.99997 -0.00357
1548808090810755328 14 0.99894 0.04571 -0.00509 0.00562 -0.04571 0.99895 0.00033 0.17620 0.00510 -0.00010 0.99999 -0.00395
1548808090844093440 15 0.99892 0.04632 -0.00402 0.00520 -0.04632 0.99893 -0.00106 0.18923 0.00396 0.00125 0.99999 -0.00399
1548808090877431296 16 0.99897 0.04506 -0.00506 0.00543 -0.04508 0.99898 -0.00261 0.20210 0.00494 0.00283 0.99998 -0.00463
1548808090910769408 17 0.99893 0.04609 -0.00387 0.00621 -0.04609 0.99894 0.00017 0.21474 0.00388 0.00001 0.99999 -0.00600
1548808090944106496 18 0.99887 0.04738 -0.00482 0.00624 -0.04737 0.99888 0.00097 0.22666 0.00486 -0.00074 0.99999 -0.00582
1548808090977444352 19 0.99890 0.04670 -0.00480 0.00680 -0.04670 0.99891 -0.00172 0.23932 0.00472 0.00195 0.99999 -0.00636
1548808091010782464 20 0.99886 0.04750 -0.00363 0.00552 -0.04749 0.99887 0.00056 0.25253 0.00365 -0.00039 0.99999 -0.00620
1548808091044119296 21 0.99895 0.04571 -0.00288 0.00626 -0.04571 0.99895 -0.00098 0.26523 0.00283 0.00111 1.00000 -0.00634
1548808091077457408 22 0.99889 0.04704 -0.00394 0.00718 -0.04705 0.99888 -0.00463 0.27868 0.00372 0.00481 0.99998 -0.00713
1548808091110795264 23 0.99886 0.04757 -0.00330 0.00827 -0.04757 0.99887 0.00045 0.29081 0.00332 -0.00030 0.99999 -0.00636
1548808091144133376 24 0.99882 0.04848 -0.00332 0.00878 -0.04849 0.99882 -0.00180 0.30353 0.00323 0.00196 0.99999 -0.00659
1548808091177470464 25 0.99882 0.04837 -0.00315 0.00845 -0.04838 0.99882 -0.00379 0.31669 0.00297 0.00394 0.99999 -0.00692
1548808091210808320 26 0.99883 0.04825 -0.00139 0.00821 -0.04825 0.99883 -0.00068 0.32940 0.00135 0.00074 1.00000 -0.00655
1548808091244146432 27 0.99895 0.04585 -0.00235 0.00968 -0.04587 0.99893 -0.00510 0.34343 0.00211 0.00520 0.99998 -0.00678
1548808091277483520 28 0.99882 0.04842 -0.00399 0.01103 -0.04844 0.99881 -0.00598 0.35673 0.00370 0.00616 0.99997 -0.00702
1548808091310821376 29 0.99880 0.04897 -0.00273 0.01201 -0.04898 0.99879 -0.00322 0.36800 0.00257 0.00335 0.99999 -0.00644
1548808091344159488 30 0.99876 0.04963 -0.00273 0.01300 -0.04965 0.99874 -0.00694 0.38185 0.00238 0.00707 0.99997 -0.00687
1548808091377497344 31 0.99886 0.04780 -0.00145 0.01307 -0.04781 0.99883 -0.00674 0.39454 0.00113 0.00680 0.99998 -0.00708
1548808091410834432 32 0.99886 0.04781 -0.00140 0.01381 -0.04782 0.99884 -0.00550 0.40697 0.00113 0.00556 0.99998 -0.00736
1548808091444172288 33 0.99882 0.04832 -0.00442 0.01665 -0.04836 0.99879 -0.00936 0.42084 0.00396 0.00956 0.99995 -0.00823
1548808091477510400 34 0.99869 0.05093 -0.00586 0.01943 -0.05098 0.99866 -0.00865 0.43416 0.00541 0.00894 0.99995 -0.00817
1548808091510848512 35 0.99871 0.05062 -0.00411 0.01880 -0.05066 0.99867 -0.00950 0.44649 0.00362 0.00970 0.99995 -0.00762
1548808091544185344 36 0.99877 0.04955 -0.00250 0.01884 -0.04958 0.99871 -0.01102 0.45995 0.00195 0.01113 0.99994 -0.00743
1548808091577523456 37 0.99880 0.04899 -0.00158 0.01904 -0.04901 0.99873 -0.01161 0.47329 0.00101 0.01168 0.99993 -0.00803
1548808091610861312 38 0.99879 0.04904 -0.00254 0.02052 -0.04907 0.99873 -0.01182 0.48630 0.00195 0.01193 0.99993 -0.00794
1548808091644198400 39 0.99873 0.05016 -0.00515 0.02226 -0.05023 0.99864 -0.01395 0.49925 0.00445 0.01419 0.99989 -0.00891
1548808091677536512 40 0.99868 0.05111 -0.00481 0.02274 -0.05117 0.99861 -0.01272 0.51222 0.00415 0.01295 0.99991 -0.00883
1548808091710874368 41 0.99868 0.05126 -0.00302 0.02285 -0.05130 0.99858 -0.01405 0.52442 0.00230 0.01419 0.99990 -0.00828
1548808091744212480 42 0.99875 0.05005 -0.00191 0.02209 -0.05007 0.99863 -0.01515 0.53737 0.00114 0.01523 0.99988 -0.00817
1548808091777549312 43 0.99874 0.05010 -0.00218 0.02207 -0.05012 0.99865 -0.01390 0.55033 0.00148 0.01399 0.99990 -0.00846
1548808091810887424 44 0.99879 0.04903 -0.00315 0.02348 -0.04908 0.99867 -0.01550 0.56354 0.00239 0.01563 0.99987 -0.00842
1548808091844225280 45 0.99872 0.05040 -0.00493 0.02469 -0.05046 0.99861 -0.01505 0.57587 0.00416 0.01528 0.99987 -0.00886
1548808091877563392 46 0.99879 0.04890 -0.00429 0.02546 -0.04895 0.99872 -0.01267 0.58844 0.00367 0.01287 0.99991 -0.00883
1548808091910900480 47 0.99876 0.04966 -0.00401 0.02643 -0.04973 0.99862 -0.01704 0.60182 0.00315 0.01722 0.99985 -0.00840
1548808091944238336 48 0.99880 0.04883 -0.00474 0.02719 -0.04890 0.99868 -0.01547 0.61422 0.00398 0.01568 0.99987 -0.00866
1548808091977576448 49 0.99880 0.04875 -0.00416 0.02847 -0.04880 0.99872 -0.01300 0.62629 0.00353 0.01319 0.99991 -0.00843
1548808092010913280 50 0.99878 0.04923 -0.00378 0.02814 -0.04928 0.99866 -0.01557 0.63903 0.00300 0.01573 0.99987 -0.00876
1548808092044251392 51 0.99878 0.04918 -0.00326 0.02891 -0.04922 0.99871 -0.01254 0.65150 0.00264 0.01268 0.99992 -0.00918
1548808092077589504 52 0.99880 0.04873 -0.00375 0.03013 -0.04878 0.99871 -0.01389 0.66428 0.00307 0.01405 0.99990 -0.00918
1548808092110927360 53 0.99876 0.04962 -0.00469 0.03146 -0.04969 0.99862 -0.01678 0.67770 0.00385 0.01700 0.99985 -0.00863
1548808092144264448 54 0.99874 0.04999 -0.00394 0.03178 -0.05003 0.99867 -0.01242 0.69014 0.00331 0.01260 0.99992 -0.00898
1548808092177602304 55 0.99880 0.04890 -0.00284 0.03233 -0.04893 0.99872 -0.01318 0.70316 0.00220 0.01331 0.99991 -0.00892
1548808092210940416 56 0.99871 0.05062 -0.00339 0.03168 -0.05066 0.99861 -0.01419 0.71536 0.00267 0.01434 0.99989 -0.00937
1548808092244278272 57 0.99869 0.05110 -0.00314 0.03282 -0.05114 0.99862 -0.01191 0.72810 0.00252 0.01205 0.99992 -0.00980
1548808092277615360 58 0.99859 0.05300 -0.00372 0.03321 -0.05305 0.99848 -0.01522 0.74094 0.00291 0.01540 0.99988 -0.01047
1548808092310953472 59 0.99851 0.05443 -0.00380 0.03458 -0.05447 0.99844 -0.01203 0.75222 0.00314 0.01222 0.99992 -0.01076
1548808092344291328 60 0.99846 0.05546 -0.00205 0.03461 -0.05548 0.99841 -0.01003 0.76409 0.00149 0.01012 0.99995 -0.01109
1548808092377628416 61 0.99818 0.06026 -0.00375 0.03540 -0.06030 0.99808 -0.01405 0.77705 0.00289 0.01425 0.99989 -0.01129
1548808092410966272 62 0.99801 0.06300 -0.00368 0.03629 -0.06303 0.99798 -0.00801 0.78857 0.00317 0.00822 0.99996 -0.01128
1548808092444304384 63 0.99789 0.06483 -0.00158 0.03588 -0.06485 0.99784 -0.01003 0.80128 0.00093 0.01011 0.99995 -0.01124
1548808092477642496 64 0.99765 0.06851 -0.00321 0.03713 -0.06854 0.99758 -0.01149 0.81356 0.00241 0.01168 0.99993 -0.01171
1548808092510979328 65 0.99759 0.06930 -0.00208 0.03767 -0.06931 0.99757 -0.00685 0.82540 0.00160 0.00698 0.99997 -0.01192
1548808092544317440 66 0.99732 0.07304 -0.00290 0.03784 -0.07307 0.99728 -0.00941 0.83816 0.00221 0.00960 0.99995 -0.01174
1548808092577655296 67 0.99716 0.07515 -0.00478 0.03969 -0.07519 0.99713 -0.00835 0.85025 0.00414 0.00868 0.99995 -0.01140
1548808092610992384 68 0.99694 0.07793 -0.00526 0.04019 -0.07798 0.99692 -0.00866 0.86318 0.00457 0.00904 0.99995 -0.01163
1548808092644330496 69 0.99680 0.07967 -0.00605 0.04062 -0.07972 0.99678 -0.00827 0.87463 0.00537 0.00872 0.99995 -0.01211
1548808092677668352 70 0.99652 0.08314 -0.00615 0.04125 -0.08319 0.99650 -0.00768 0.88787 0.00549 0.00817 0.99995 -0.01272
1548808092711006464 71 0.99626 0.08625 -0.00592 0.04298 -0.08630 0.99623 -0.00833 0.89983 0.00518 0.00881 0.99995 -0.01278
1548808092744343296 72 0.99598 0.08929 -0.00670 0.04359 -0.08932 0.99599 -0.00407 0.91128 0.00631 0.00466 0.99997 -0.01277
1548808092777681408 73 0.99591 0.09014 -0.00582 0.04466 -0.09017 0.99591 -0.00492 0.92282 0.00535 0.00543 0.99997 -0.01365
1548808092811019264 74 0.99547 0.09468 -0.00814 0.04632 -0.09473 0.99548 -0.00653 0.93594 0.00749 0.00727 0.99995 -0.01320
1548808092844357376 75 0.99537 0.09586 -0.00737 0.04774 -0.09588 0.99539 -0.00262 0.94774 0.00708 0.00332 0.99997 -0.01323
1548808092877694464 76 0.99487 0.10081 -0.00800 0.04842 -0.10085 0.99489 -0.00496 0.96080 0.00746 0.00574 0.99996 -0.01367
1548808092911032320 77 0.99457 0.10373 -0.00796 0.05030 -0.10375 0.99460 -0.00277 0.97154 0.00763 0.00359 0.99996 -0.01330
1548808092944370432 78 0.99451 0.10440 -0.00738 0.05073 -0.10441 0.99453 -0.00048 0.98288 0.00729 0.00124 0.99997 -0.01357
1548808092977707520 79 0.99450 0.10439 -0.00831 0.05205 -0.10440 0.99453 -0.00149 0.99405 0.00811 0.00235 0.99996 -0.01457
1548808093011045376 80 0.99443 0.10496 -0.00982 0.05477 -0.10497 0.99448 -0.00041 1.00729 0.00973 0.00144 0.99995 -0.01451
1548808093044383488 81 0.99412 0.10772 -0.01092 0.05676 -0.10775 0.99418 -0.00177 1.02012 0.01066 0.00294 0.99994 -0.01467
1548808093077721344 82 0.99424 0.10662 -0.01130 0.05866 -0.10663 0.99430 0.00001 1.03241 0.01123 0.00119 0.99994 -0.01470
1548808093111058432 83 0.99409 0.10799 -0.01083 0.05958 -0.10798 0.99415 0.00077 1.04403 0.01085 0.00040 0.99994 -0.01493
1548808093144396288 84 0.99431 0.10596 -0.01131 0.06144 -0.10595 0.99437 0.00139 1.05527 0.01139 -0.00018 0.99994 -0.01499
1548808093177734400 85 0.99415 0.10735 -0.01173 0.06403 -0.10731 0.99422 0.00417 1.06749 0.01211 -0.00288 0.99992 -0.01519
1548808093211072512 86 0.99412 0.10732 -0.01440 0.06584 -0.10731 0.99422 0.00129 1.08011 0.01445 0.00027 0.99990 -0.01586
1548808093244409344 87 0.99390 0.10931 -0.01467 0.06776 -0.10930 0.99401 0.00146 1.09335 0.01474 0.00016 0.99989 -0.01635
1548808093277747456 88 0.99404 0.10815 -0.01393 0.06887 -0.10812 0.99413 0.00275 1.10583 0.01415 -0.00122 0.99990 -0.01632
1548808093311085312 89 0.99393 0.10909 -0.01421 0.07013 -0.10907 0.99403 0.00217 1.11765 0.01437 -0.00061 0.99990 -0.01638
1548808093344422400 90 0.99400 0.10844 -0.01428 0.07271 -0.10838 0.99409 0.00547 1.12942 0.01478 -0.00389 0.99988 -0.01682
1548808093377760512 91 0.99386 0.10967 -0.01455 0.07422 -0.10960 0.99396 0.00589 1.14111 0.01511 -0.00426 0.99988 -0.01727
1548808093411098368 92 0.99370 0.11137 -0.01281 0.07547 -0.11132 0.99377 0.00443 1.15407 0.01322 -0.00298 0.99991 -0.01787
1548808093444436480 93 0.99374 0.11111 -0.01182 0.07435 -0.11105 0.99380 0.00590 1.16649 0.01240 -0.00455 0.99991 -0.01752
1548808093477773312 94 0.99376 0.11096 -0.01165 0.07641 -0.11089 0.99381 0.00636 1.17911 0.01229 -0.00502 0.99991 -0.01771
1548808093511111424 95 0.99373 0.11119 -0.01140 0.07731 -0.11112 0.99379 0.00606 1.19043 0.01200 -0.00476 0.99992 -0.01821
1548808093544449280 96 0.99389 0.10990 -0.01047 0.07802 -0.10981 0.99391 0.00863 1.20178 0.01136 -0.00743 0.99991 -0.01759
1548808093577787392 97 0.99381 0.11051 -0.01107 0.08054 -0.11044 0.99386 0.00677 1.21510 0.01175 -0.00551 0.99992 -0.01877
1548808093611124480 98 0.99359 0.11239 -0.01247 0.08188 -0.11231 0.99365 0.00715 1.22788 0.01320 -0.00570 0.99990 -0.01910
1548808093644462336 99 0.99368 0.11168 -0.01104 0.08364 -0.11159 0.99372 0.00835 1.24025 0.01190 -0.00707 0.99990 -0.01963
1548808093677800448 100 0.99368 0.11173 -0.01098 0.08373 -0.11165 0.99372 0.00747 1.25439 0.01175 -0.00619 0.99991 -0.01972
1548808093711137280 101 0.99381 0.11068 -0.00960 0.08543 -0.11061 0.99384 0.00715 1.26772 0.01033 -0.00604 0.99993 -0.01926
1548808093744475392 102 0.99380 0.11061 -0.01101 0.08766 -0.11055 0.99385 0.00623 1.28153 0.01163 -0.00497 0.99992 -0.01947
1548808093777813504 103 0.99374 0.11100 -0.01243 0.09031 -0.11096 0.99382 0.00386 1.29483 0.01278 -0.00245 0.99992 -0.01952
1548808093811151360 104 0.99357 0.11254 -0.01225 0.09102 -0.11249 0.99364 0.00489 1.30796 0.01272 -0.00348 0.99991 -0.02010
1548808093844488448 105 0.99369 0.11164 -0.01109 0.09150 -0.11159 0.99374 0.00516 1.32085 0.01159 -0.00389 0.99993 -0.01973
1548808093877826304 106 0.99374 0.11137 -0.00896 0.09193 -0.11134 0.99377 0.00440 1.33307 0.00939 -0.00338 0.99995 -0.02000
1548808093911164416 107 0.99394 0.10956 -0.00910 0.09276 -0.10951 0.99397 0.00596 1.34450 0.00970 -0.00493 0.99994 -0.02098
1548808093944501504 108 0.99382 0.11045 -0.01153 0.09561 -0.11041 0.99388 0.00370 1.35761 0.01187 -0.00240 0.99993 -0.02131
1548808093977839360 109 0.99356 0.11256 -0.01311 0.09800 -0.11252 0.99364 0.00408 1.37024 0.01349 -0.00258 0.99991 -0.02154
1548808094011177472 110 0.99364 0.11197 -0.01166 0.09892 -0.11192 0.99371 0.00470 1.38284 0.01212 -0.00336 0.99992 -0.02182
1548808094044515328 111 0.99364 0.11210 -0.01018 0.09870 -0.11208 0.99369 0.00342 1.39529 0.01050 -0.00226 0.99994 -0.02143
1548808094077852416 112 0.99385 0.11044 -0.00801 0.09849 -0.11041 0.99388 0.00406 1.40800 0.00841 -0.00315 0.99996 -0.02154
1548808094111190272 113 0.99383 0.11048 -0.00939 0.10131 -0.11045 0.99388 0.00375 1.42091 0.00975 -0.00269 0.99995 -0.02223
1548808094144528384 114 0.99382 0.11043 -0.01100 0.10339 -0.11042 0.99388 0.00146 1.43395 0.01109 -0.00024 0.99994 -0.02255
1548808094177866496 115 0.99361 0.11242 -0.01020 0.10398 -0.11237 0.99365 0.00514 1.44656 0.01071 -0.00396 0.99993 -0.02255
1548808094211203328 116 0.99377 0.11111 -0.00909 0.10552 -0.11108 0.99380 0.00359 1.45951 0.00944 -0.00256 0.99995 -0.02310
1548808094244541440 117 0.99365 0.11216 -0.00881 0.10654 -0.11215 0.99369 0.00233 1.47250 0.00902 -0.00133 0.99996 -0.02301
1548808094277879296 118 0.99381 0.11086 -0.00765 0.10767 -0.11082 0.99382 0.00579 1.48492 0.00824 -0.00491 0.99995 -0.02320
1548808094311216384 119 0.99389 0.10998 -0.00910 0.10859 -0.10997 0.99393 0.00130 1.49783 0.00919 -0.00029 0.99996 -0.02331
1548808094344554496 120 0.99380 0.11089 -0.00815 0.10997 -0.11087 0.99383 0.00280 1.51113 0.00841 -0.00188 0.99996 -0.02296
1548808094377892352 121 0.99388 0.11016 -0.00786 0.11066 -0.11014 0.99391 0.00299 1.52373 0.00814 -0.00211 0.99996 -0.02367
1548808094411230464 122 0.99384 0.11048 -0.00840 0.11164 -0.11048 0.99388 0.00085 1.53638 0.00844 0.00008 0.99996 -0.02419
1548808094444567296 123 0.99393 0.10982 -0.00643 0.11217 -0.10981 0.99395 0.00283 1.54916 0.00670 -0.00211 0.99998 -0.02403
1548808094477905408 124 0.99406 0.10866 -0.00633 0.11205 -0.10865 0.99408 0.00194 1.56187 0.00651 -0.00124 0.99998 -0.02439
1548808094511243264 125 0.99414 0.10789 -0.00691 0.11472 -0.10788 0.99416 0.00203 1.57269 0.00709 -0.00127 0.99997 -0.02523
1548808094544581376 126 0.99401 0.10913 -0.00658 0.11542 -0.10911 0.99402 0.00366 1.58556 0.00694 -0.00292 0.99997 -0.02569
1548808094577918464 127 0.99401 0.10896 -0.00902 0.11770 -0.10895 0.99405 0.00096 1.59829 0.00907 0.00003 0.99996 -0.02608
1548808094611256320 128 0.99394 0.10963 -0.00774 0.11918 -0.10960 0.99397 0.00369 1.60993 0.00810 -0.00282 0.99996 -0.02665
1548808094644594432 129 0.99407 0.10856 -0.00705 0.11998 -0.10853 0.99409 0.00405 1.62262 0.00745 -0.00326 0.99997 -0.02655
1548808094677931520 130 0.99410 0.10812 -0.00817 0.12140 -0.10811 0.99414 0.00180 1.63540 0.00832 -0.00091 0.99997 -0.02724
1548808094711269376 131 0.99402 0.10894 -0.00715 0.12296 -0.10891 0.99404 0.00503 1.64692 0.00766 -0.00422 0.99996 -0.02664
1548808094744607488 132 0.99399 0.10915 -0.00868 0.12428 -0.10914 0.99402 0.00175 1.66000 0.00882 -0.00079 0.99996 -0.02678
1548808094777945344 133 0.99383 0.11061 -0.00828 0.12573 -0.11060 0.99386 0.00135 1.67189 0.00838 -0.00043 0.99996 -0.02707
1548808094811282432 134 0.99402 0.10896 -0.00749 0.12636 -0.10892 0.99404 0.00519 1.68435 0.00802 -0.00435 0.99996 -0.02775
1548808094844620288 135 0.99404 0.10862 -0.00916 0.12772 -0.10862 0.99408 0.00110 1.69781 0.00923 -0.00009 0.99996 -0.02769
1548808094877958400 136 0.99396 0.10943 -0.00799 0.12864 -0.10941 0.99399 0.00220 1.71008 0.00818 -0.00132 0.99997 -0.02782
1548808094911296512 137 0.99389 0.11013 -0.00716 0.13048 -0.11010 0.99391 0.00493 1.72288 0.00766 -0.00412 0.99996 -0.02806
1548808094944633344 138 0.99372 0.11157 -0.00809 0.13148 -0.11158 0.99376 -0.00007 1.73668 0.00803 0.00097 0.99997 -0.02970
1548808094977971456 139 0.99349 0.11378 -0.00602 0.13243 -0.11376 0.99350 0.00351 1.74896 0.00638 -0.00280 0.99998 -0.03002
1548808095011309312 140 0.99335 0.11496 -0.00689 0.13451 -0.11492 0.99335 0.00652 1.76059 0.00760 -0.00569 0.99995 -0.03004
1548808095044646400 141 0.99305 0.11732 -0.00901 0.13649 -0.11730 0.99309 0.00215 1.77454 0.00920 -0.00108 0.99996 -0.03058
1548808095077984512 142 0.99267 0.12066 -0.00659 0.13744 -0.12062 0.99268 0.00512 1.78833 0.00716 -0.00429 0.99997 -0.03045
1548808095111322368 143 0.99230 0.12361 -0.00748 0.13893 -0.12361 0.99233 0.00112 1.80103 0.00756 -0.00019 0.99997 -0.03091
1548808095144660480 144 0.99139 0.13072 -0.00728 0.13991 -0.13071 0.99142 0.00234 1.81216 0.00752 -0.00137 0.99997 -0.03228
1548808095177997312 145 0.99145 0.13028 -0.00709 0.14300 -0.13026 0.99148 0.00224 1.82312 0.00732 -0.00130 0.99997 -0.03283
1548808095211335424 146 0.99046 0.13741 -0.00995 0.14431 -0.13738 0.99051 0.00313 1.83595 0.01029 -0.00174 0.99995 -0.03307
1548808095244673280 147 0.99018 0.13958 -0.00832 0.14529 -0.13953 0.99019 0.00689 1.84627 0.00920 -0.00567 0.99994 -0.03306
1548808095278010368 148 0.98947 0.14458 -0.00733 0.14509 -0.14454 0.98948 0.00674 1.85813 0.00823 -0.00561 0.99995 -0.03362
1548808095311348480 149 0.98894 0.14813 -0.00775 0.14896 -0.14811 0.98896 0.00414 1.86956 0.00828 -0.00295 0.99996 -0.03146
1548808095344686336 150 0.98826 0.15251 -0.00921 0.15121 -0.15250 0.98830 0.00199 1.88208 0.00941 -0.00056 0.99996 -0.03203
1548808095378024448 151 0.98732 0.15850 -0.00881 0.15271 -0.15845 0.98735 0.00552 1.89438 0.00958 -0.00405 0.99995 -0.03200
1548808095411361280 152 0.98659 0.16307 -0.00705 0.15345 -0.16303 0.98661 0.00526 1.90657 0.00781 -0.00404 0.99996 -0.03210
1548808095444699392 153 0.98595 0.16686 -0.00784 0.15453 -0.16683 0.98598 0.00353 1.91744 0.00832 -0.00217 0.99996 -0.03256
1548808095478037504 154 0.98551 0.16955 -0.00527 0.15427 -0.16953 0.98551 0.00461 1.92944 0.00597 -0.00365 0.99998 -0.03388
1548808095511375360 155 0.98465 0.17446 -0.00595 0.15567 -0.17444 0.98466 0.00417 1.94064 0.00658 -0.00307 0.99997 -0.03466
1548808095544712448 156 0.98365 0.17995 -0.00683 0.15744 -0.17991 0.98366 0.00633 1.95258 0.00786 -0.00499 0.99996 -0.03458
1548808095578050304 157 0.98292 0.18395 -0.00534 0.15948 -0.18392 0.98293 0.00552 1.96445 0.00626 -0.00444 0.99997 -0.03459
1548808095611388416 158 0.98320 0.18245 -0.00545 0.16033 -0.18244 0.98321 0.00303 1.97720 0.00591 -0.00198 0.99998 -0.03586
1548808095644725504 159 0.98342 0.18128 -0.00381 0.16279 -0.18126 0.98342 0.00487 1.98927 0.00463 -0.00410 0.99998 -0.03613
1548808095678063360 160 0.98388 0.17871 -0.00630 0.16675 -0.17868 0.98389 0.00555 2.00057 0.00719 -0.00433 0.99996 -0.03638
1548808095711401472 161 0.98404 0.17784 -0.00657 0.16883 -0.17781 0.98405 0.00543 2.01270 0.00743 -0.00417 0.99996 -0.03706
1548808095744739328 162 0.98399 0.17819 -0.00475 0.17062 -0.17816 0.98399 0.00563 2.02515 0.00568 -0.00469 0.99997 -0.03696
1548808095778076416 163 0.98409 0.17766 -0.00355 0.17155 -0.17765 0.98409 0.00363 2.03720 0.00413 -0.00294 0.99999 -0.03583
1548808095811414272 164 0.98393 0.17855 -0.00294 0.17265 -0.17854 0.98393 0.00330 2.04918 0.00348 -0.00272 0.99999 -0.03643
1548808095844752384 165 0.98426 0.17671 -0.00324 0.17496 -0.17669 0.98425 0.00500 2.06024 0.00407 -0.00435 0.99998 -0.03645
1548808095878090496 166 0.98440 0.17589 -0.00452 0.17942 -0.17587 0.98440 0.00413 2.07267 0.00518 -0.00327 0.99998 -0.03681
1548808095911427328 167 0.98470 0.17423 -0.00367 0.17902 -0.17422 0.98470 0.00236 2.08458 0.00403 -0.00169 0.99999 -0.03713
1548808095944765440 168 0.98469 0.17428 -0.00279 0.18208 -0.17427 0.98469 0.00436 2.09652 0.00351 -0.00381 0.99999 -0.03642
1548808095978103296 169 0.98427 0.17664 -0.00327 0.18535 -0.17663 0.98428 0.00204 2.10912 0.00358 -0.00143 0.99999 -0.03572
1548808096011440384 170 0.98455 0.17509 -0.00371 0.18733 -0.17508 0.98455 0.00153 2.12128 0.00392 -0.00086 0.99999 -0.03558
1548808096044778496 171 0.98503 0.17233 -0.00306 0.18956 -0.17231 0.98503 0.00445 2.13381 0.00378 -0.00386 0.99999 -0.03628
1548808096078116352 172 0.98534 0.17059 -0.00263 0.19112 -0.17059 0.98534 0.00049 2.14608 0.00267 -0.00003 1.00000 -0.03655
1548808096111454464 173 0.98544 0.17000 -0.00143 0.19206 -0.17000 0.98544 0.00119 2.15770 0.00161 -0.00093 1.00000 -0.03675
1548808096144791296 174 0.98534 0.17058 -0.00039 0.19348 -0.17058 0.98533 0.00437 2.16894 0.00113 -0.00424 0.99999 -0.03706
1548808096178129408 175 0.98529 0.17087 -0.00034 0.19507 -0.17087 0.98529 0.00223 2.17900 0.00071 -0.00214 1.00000 -0.03749
1548808096211467264 176 0.98549 0.16974 0.00017 0.19644 -0.16974 0.98549 0.00216 2.19150 0.00020 -0.00216 1.00000 -0.03722
1548808096244805376 177 0.98602 0.16660 0.00054 0.19958 -0.16660 0.98602 0.00210 2.20452 -0.00018 -0.00216 1.00000 -0.03790
1548808096278142464 178 0.98629 0.16500 0.00080 0.20161 -0.16500 0.98629 -0.00088 2.21743 -0.00093 0.00074 1.00000 -0.03777
1548808096311480320 179 0.98646 0.16397 0.00192 0.20353 -0.16397 0.98646 -0.00094 2.22956 -0.00204 0.00061 1.00000 -0.03878
1548808096344818432 180 0.98620 0.16551 0.00310 0.20379 -0.16551 0.98621 0.00132 2.24011 -0.00284 -0.00182 0.99999 -0.03932
1548808096378155520 181 0.98640 0.16433 0.00238 0.20515 -0.16433 0.98641 -0.00094 2.25273 -0.00250 0.00054 1.00000 -0.03966
1548808096411493376 182 0.98704 0.16046 0.00294 0.20767 -0.16046 0.98704 0.00014 2.26467 -0.00288 -0.00061 1.00000 -0.03963
1548808096444831488 183 0.98767 0.15653 0.00047 0.21118 -0.15653 0.98767 -0.00175 2.27734 -0.00073 0.00165 1.00000 -0.03948
1548808096478169344 184 0.98776 0.15595 0.00117 0.21337 -0.15594 0.98776 -0.00310 2.28997 -0.00164 0.00288 0.99999 -0.03993
1548808096511506432 185 0.98795 0.15478 0.00202 0.21603 -0.15477 0.98795 -0.00225 2.30010 -0.00234 0.00191 1.00000 -0.04079
1548808096544844288 186 0.98768 0.15650 0.00194 0.21710 -0.15650 0.98768 -0.00137 2.31253 -0.00213 0.00105 1.00000 -0.04080
1548808096578182400 187 0.98802 0.15431 0.00153 0.21964 -0.15430 0.98802 -0.00307 2.32588 -0.00199 0.00279 0.99999 -0.04084
1548808096611519488 188 0.98837 0.15207 0.00103 0.22215 -0.15206 0.98837 -0.00307 2.33809 -0.00149 0.00287 0.99999 -0.04059
1548808096644857344 189 0.98889 0.14864 0.00110 0.22432 -0.14863 0.98889 -0.00377 2.35135 -0.00164 0.00357 0.99999 -0.04033
1548808096678195456 190 0.98896 0.14819 0.00201 0.22586 -0.14817 0.98894 -0.00629 2.36363 -0.00292 0.00592 0.99998 -0.04062
1548808096711533312 191 0.98912 0.14709 0.00244 0.22636 -0.14708 0.98912 -0.00388 2.37409 -0.00298 0.00348 0.99999 -0.04141
1548808096744870400 192 0.98915 0.14690 0.00110 0.22920 -0.14689 0.98914 -0.00494 2.38654 -0.00181 0.00473 0.99999 -0.04149
1548808096778208512 193 0.98955 0.14418 -0.00010 0.23160 -0.14418 0.98954 -0.00546 2.39912 -0.00069 0.00541 0.99999 -0.04183
1548808096811546368 194 0.98966 0.14342 0.00114 0.23308 -0.14341 0.98965 -0.00394 2.41112 -0.00169 0.00374 0.99999 -0.04159
1548808096844884480 195 0.99006 0.14058 0.00318 0.23325 -0.14057 0.99006 -0.00516 2.42367 -0.00387 0.00466 0.99998 -0.04308
1548808096878221312 196 0.99035 0.13856 0.00309 0.23477 -0.13853 0.99033 -0.00739 2.43584 -0.00408 0.00689 0.99997 -0.04351
1548808096911559424 197 0.99040 0.13817 0.00275 0.23793 -0.13816 0.99040 -0.00404 2.44627 -0.00328 0.00362 0.99999 -0.04374
1548808096944897280 198 0.99054 0.13726 0.00019 0.24156 -0.13725 0.99051 -0.00663 2.45867 -0.00110 0.00654 0.99998 -0.04420
1548808096978234368 199 0.99079 0.13540 0.00128 0.24273 -0.13539 0.99077 -0.00685 2.47085 -0.00220 0.00661 0.99998 -0.04483
1548808097011572480 200 0.99112 0.13294 0.00290 0.24443 -0.13292 0.99111 -0.00578 2.48317 -0.00364 0.00534 0.99998 -0.04501
1548808097044910336 201 0.99105 0.13340 0.00459 0.24388 -0.13336 0.99104 -0.00715 2.49430 -0.00551 0.00648 0.99996 -0.04579
1548808097078248448 202 0.99176 0.12803 0.00433 0.24579 -0.12801 0.99176 -0.00510 2.50668 -0.00495 0.00451 0.99998 -0.04611
1548808097111585280 203 0.99149 0.13019 0.00251 0.24821 -0.13018 0.99148 -0.00529 2.51822 -0.00318 0.00492 0.99998 -0.04538
1548808097144923392 204 0.99186 0.12730 0.00183 0.25100 -0.12728 0.99184 -0.00674 2.53075 -0.00268 0.00645 0.99998 -0.04591
1548808097178261504 205 0.99206 0.12576 0.00231 0.25256 -0.12575 0.99205 -0.00430 2.54277 -0.00283 0.00397 0.99999 -0.04650
1548808097211599360 206 0.99238 0.12316 0.00338 0.25414 -0.12313 0.99237 -0.00610 2.55519 -0.00411 0.00564 0.99998 -0.04673
1548808097244936448 207 0.99236 0.12335 0.00390 0.25452 -0.12333 0.99236 -0.00414 2.56640 -0.00438 0.00363 0.99998 -0.04674
1548808097278274304 208 0.99287 0.11913 0.00460 0.25614 -0.11912 0.99288 -0.00179 2.57812 -0.00478 0.00123 0.99999 -0.04681
1548808097311612416 209 0.99279 0.11982 0.00235 0.25734 -0.11980 0.99279 -0.00470 2.58964 -0.00290 0.00438 0.99999 -0.04668
1548808097344949504 210 0.99309 0.11728 0.00383 0.25762 -0.11727 0.99309 -0.00342 2.60225 -0.00421 0.00295 0.99999 -0.04688
1548808097378287360 211 0.99338 0.11479 0.00391 0.25847 -0.11478 0.99338 -0.00359 2.61443 -0.00430 0.00312 0.99999 -0.04737
1548808097411625472 212 0.99368 0.11221 0.00400 0.25977 -0.11220 0.99368 -0.00395 2.62680 -0.00442 0.00348 0.99998 -0.04721
1548808097444963328 213 0.99365 0.11235 0.00538 0.26067 -0.11234 0.99367 -0.00267 2.63867 -0.00565 0.00205 0.99998 -0.04733
1548808097478300416 214 0.99400 0.10931 0.00462 0.26091 -0.10930 0.99401 -0.00203 2.64916 -0.00481 0.00152 0.99999 -0.04804
1548808097511638272 215 0.99411 0.10825 0.00527 0.26238 -0.10823 0.99412 -0.00288 2.66097 -0.00555 0.00229 0.99998 -0.04807
1548808097544976384 216 0.99416 0.10771 0.00686 0.26233 -0.10770 0.99418 -0.00155 2.67266 -0.00699 0.00080 0.99998 -0.04876
1548808097578314496 217 0.99458 0.10377 0.00602 0.26381 -0.10377 0.99460 -0.00085 2.68434 -0.00608 0.00022 0.99998 -0.04905
1548808097611651328 218 0.99460 0.10349 0.00783 0.26435 -0.10348 0.99463 -0.00199 2.69715 -0.00799 0.00117 0.99997 -0.04936
1548808097644989440 219 0.99483 0.10124 0.00742 0.26520 -0.10123 0.99486 -0.00199 2.70862 -0.00758 0.00123 0.99997 -0.04983
1548808097678327296 220 0.99470 0.10258 0.00705 0.26665 -0.10258 0.99472 -0.00033 2.72094 -0.00704 -0.00039 0.99998 -0.05011
1548808097711664384 221 0.99478 0.10170 0.00794 0.26805 -0.10169 0.99481 -0.00156 2.73299 -0.00806 0.00075 0.99997 -0.05032
1548808097745002496 222 0.99471 0.10250 0.00680 0.26907 -0.10251 0.99473 -0.00003 2.74463 -0.00677 -0.00067 0.99998 -0.05046
1548808097778340352 223 0.99493 0.10026 0.00724 0.27096 -0.10027 0.99496 0.00025 2.75713 -0.00718 -0.00098 0.99997 -0.05091
1548808097811678464 224 0.99478 0.10183 0.00648 0.27106 -0.10182 0.99480 -0.00137 2.76908 -0.00658 0.00070 0.99998 -0.05002
1548808097845015296 225 0.99503 0.09942 0.00588 0.27281 -0.09942 0.99505 -0.00075 2.78103 -0.00592 0.00016 0.99998 -0.04981
1548808097878353408 226 0.99492 0.10055 0.00521 0.27400 -0.10055 0.99493 -0.00039 2.79340 -0.00522 -0.00014 0.99999 -0.04986
1548808097911691264 227 0.99496 0.10017 0.00533 0.27484 -0.10016 0.99497 -0.00244 2.80539 -0.00555 0.00189 0.99998 -0.04972
1548808097945028352 228 0.99487 0.10094 0.00612 0.27565 -0.10095 0.99489 0.00142 2.81643 -0.00595 -0.00203 0.99998 -0.05013
1548808097978366464 229 0.99498 0.09976 0.00753 0.27718 -0.09977 0.99501 0.00121 2.82839 -0.00737 -0.00196 0.99997 -0.05018
1548808098011704320 230 0.99491 0.10044 0.00770 0.27745 -0.10045 0.99494 0.00017 2.84104 -0.00764 -0.00094 0.99997 -0.05141
1548808098045042432 231 0.99525 0.09720 0.00539 0.27964 -0.09721 0.99526 0.00083 2.85140 -0.00528 -0.00135 0.99999 -0.05048
1548808098078379520 232 0.99499 0.09985 0.00480 0.27914 -0.09985 0.99500 -0.00160 2.86504 -0.00494 0.00112 0.99999 -0.04991
1548808098111717376 233 0.99505 0.09920 0.00603 0.27912 -0.09920 0.99507 -0.00071 2.87589 -0.00607 0.00010 0.99998 -0.05009
1548808098145055488 234 0.99496 0.10005 0.00728 0.27978 -0.10008 0.99498 0.00300 2.88780 -0.00694 -0.00371 0.99997 -0.05016
1548808098178393344 235 0.99516 0.09808 0.00678 0.28136 -0.09807 0.99518 -0.00102 2.90062 -0.00685 0.00035 0.99998 -0.05002
1548808098211730432 236 0.99513 0.09849 0.00487 0.28329 -0.09848 0.99514 -0.00089 2.91275 -0.00493 0.00041 0.99999 -0.05069
1548808098245068288 237 0.99536 0.09618 0.00277 0.28542 -0.09618 0.99536 -0.00027 2.92256 -0.00279 -0.00000 1.00000 -0.04991
1548808098278406400 238 0.99504 0.09941 0.00344 0.28634 -0.09941 0.99505 -0.00031 2.93500 -0.00345 -0.00004 0.99999 -0.05008
1548808098311743488 239 0.99514 0.09843 0.00370 0.28819 -0.09843 0.99514 0.00028 2.94661 -0.00365 -0.00064 0.99999 -0.04985
1548808098345081344 240 0.99515 0.09837 0.00317 0.28979 -0.09837 0.99515 0.00133 2.95917 -0.00302 -0.00163 0.99999 -0.05033
1548808098378419456 241 0.99516 0.09829 0.00218 0.29162 -0.09829 0.99516 0.00016 2.97172 -0.00216 -0.00037 1.00000 -0.05051
1548808098411757312 242 0.99517 0.09817 0.00033 0.29362 -0.09817 0.99517 -0.00028 2.98424 -0.00035 0.00024 1.00000 -0.05094
1548808098445094400 243 0.99516 0.09827 -0.00050 0.29644 -0.09827 0.99516 0.00060 2.99773 0.00055 -0.00055 1.00000 -0.05116
1548808098478432512 244 0.99509 0.09902 0.00017 0.29597 -0.09902 0.99509 -0.00011 3.00852 -0.00018 0.00009 1.00000 -0.05181
1548808098511770368 245 0.99503 0.09962 0.00009 0.29856 -0.09962 0.99503 0.00077 3.02144 -0.00001 -0.00077 1.00000 -0.05175
1548808098545108480 246 0.99517 0.09819 -0.00052 0.29996 -0.09819 0.99517 0.00217 3.03363 0.00073 -0.00211 1.00000 -0.05206
1548808098578445312 247 0.99506 0.09925 -0.00057 0.30152 -0.09925 0.99506 -0.00003 3.04658 0.00056 0.00009 1.00000 -0.05219
1548808098611783424 248 0.99511 0.09879 0.00024 0.30264 -0.09879 0.99511 0.00077 3.05801 -0.00016 -0.00079 1.00000 -0.05263
1548808098645121280 249 0.99511 0.09878 0.00121 0.30370 -0.09879 0.99510 0.00340 3.06999 -0.00087 -0.00350 0.99999 -0.05297
1548808098678458368 250 0.99494 0.10043 0.00149 0.30437 -0.10043 0.99494 0.00104 3.08230 -0.00137 -0.00119 1.00000 -0.05357
1548808098711796480 251 0.99489 0.10095 0.00123 0.30516 -0.10096 0.99489 0.00286 3.09206 -0.00094 -0.00297 1.00000 -0.05361
1548808098745134336 252 0.99503 0.09959 0.00239 0.30582 -0.09960 0.99502 0.00427 3.10466 -0.00196 -0.00449 0.99999 -0.05387
1548808098778472448 253 0.99505 0.09934 0.00192 0.30700 -0.09934 0.99505 0.00049 3.11747 -0.00186 -0.00068 1.00000 -0.05464
1548808098811809280 254 0.99498 0.10006 0.00248 0.30880 -0.10006 0.99498 0.00282 3.12920 -0.00219 -0.00305 0.99999 -0.05453
1548808098845147392 255 0.99494 0.10037 0.00338 0.30957 -0.10039 0.99493 0.00581 3.14036 -0.00278 -0.00612 0.99998 -0.05499
1548808098878485504 256 0.99465 0.10323 0.00234 0.31113 -0.10324 0.99465 0.00251 3.15334 -0.00207 -0.00273 0.99999 -0.05567
1548808098911823360 257 0.99458 0.10393 0.00285 0.31298 -0.10395 0.99457 0.00425 3.16598 -0.00239 -0.00452 0.99999 -0.05548
1548808098945160448 258 0.99459 0.10380 0.00399 0.31146 -0.10382 0.99458 0.00522 3.17615 -0.00343 -0.00561 0.99998 -0.05562
1548808098978498304 259 0.99434 0.10622 0.00167 0.31300 -0.10622 0.99434 -0.00082 3.19215 -0.00175 0.00063 1.00000 -0.05583
1548808099011836416 260 0.99389 0.11040 0.00170 0.31501 -0.11040 0.99389 0.00111 3.20563 -0.00157 -0.00129 1.00000 -0.05509
1548808099045173504 261 0.99344 0.11433 0.00331 0.31613 -0.11434 0.99344 0.00317 3.21900 -0.00293 -0.00352 0.99999 -0.05505
1548808099078511360 262 0.99322 0.11627 0.00228 0.31727 -0.11627 0.99322 -0.00081 3.23103 -0.00236 0.00054 1.00000 -0.05487
1548808099111849472 263 0.99296 0.11838 0.00378 0.31890 -0.11839 0.99296 0.00317 3.24278 -0.00338 -0.00360 0.99999 -0.05527
1548808099145187328 264 0.99262 0.12123 0.00165 0.31761 -0.12124 0.99262 0.00230 3.25221 -0.00136 -0.00249 1.00000 -0.05684
1548808099178524416 265 0.99190 0.12700 0.00075 0.32067 -0.12701 0.99190 0.00056 3.26469 -0.00068 -0.00065 1.00000 -0.05704
1548808099211862272 266 0.99142 0.13072 0.00093 0.32211 -0.13073 0.99141 0.00505 3.27591 -0.00026 -0.00513 0.99999 -0.05708
1548808099245200384 267 0.99092 0.13449 0.00045 0.32335 -0.13449 0.99091 0.00190 3.28817 -0.00020 -0.00194 1.00000 -0.05627
1548808099278537472 268 0.99046 0.13779 0.00200 0.32233 -0.13779 0.99046 0.00061 3.29807 -0.00190 -0.00088 1.00000 -0.05650
1548808099311875328 269 0.99002 0.14090 0.00117 0.32497 -0.14090 0.99002 0.00396 3.31017 -0.00061 -0.00409 0.99999 -0.05705
1548808099345213440 270 0.98912 0.14710 0.00199 0.32681 -0.14710 0.98912 0.00205 3.32321 -0.00167 -0.00232 1.00000 -0.05696
1548808099378551296 271 0.98862 0.15043 -0.00000 0.32866 -0.15043 0.98862 0.00193 3.33571 0.00029 -0.00190 1.00000 -0.05805
1548808099411888384 272 0.98795 0.15475 0.00003 0.32800 -0.15475 0.98795 0.00193 3.34522 0.00027 -0.00191 1.00000 -0.05678
1548808099445226496 273 0.98740 0.15822 0.00093 0.32934 -0.15822 0.98740 0.00232 3.35695 -0.00055 -0.00244 1.00000 -0.05725
1548808099478564352 274 0.98677 0.16212 0.00071 0.33176 -0.16212 0.98677 0.00321 3.36872 -0.00018 -0.00328 0.99999 -0.05665
1548808099511902464 275 0.98573 0.16831 0.00237 0.33355 -0.16832 0.98573 0.00194 3.38188 -0.00201 -0.00231 1.00000 -0.05728
1548808099545239296 276 0.98549 0.16972 -0.00045 0.33389 -0.16972 0.98549 0.00272 3.39166 0.00091 -0.00261 1.00000 -0.05787
1548808099578577408 277 0.98451 0.17530 0.00021 0.33647 -0.17530 0.98451 0.00101 3.40559 -0.00003 -0.00103 1.00000 -0.05757
1548808099611915264 278 0.98390 0.17874 0.00048 0.33731 -0.17874 0.98390 -0.00102 3.41770 -0.00066 0.00092 1.00000 -0.05769
1548808099645252352 279 0.98321 0.18248 0.00075 0.33790 -0.18248 0.98321 0.00208 3.42779 -0.00036 -0.00218 1.00000 -0.05677
1548808099678590464 280 0.98225 0.18759 0.00073 0.33997 -0.18759 0.98225 -0.00001 3.44103 -0.00072 -0.00013 1.00000 -0.05703
1548808099711928320 281 0.98297 0.18378 -0.00197 0.34359 -0.18378 0.98297 -0.00206 3.45360 0.00156 0.00239 1.00000 -0.05736
1548808099745266432 282 0.98253 0.18610 -0.00072 0.34543 -0.18610 0.98253 -0.00072 3.46445 0.00058 0.00084 1.00000 -0.05761
1548808099778603520 283 0.98253 0.18608 -0.00094 0.34718 -0.18609 0.98253 -0.00083 3.47644 0.00077 0.00099 1.00000 -0.05814
1548808099811941376 284 0.98268 0.18530 -0.00072 0.34978 -0.18530 0.98268 -0.00026 3.48796 0.00065 0.00039 1.00000 -0.05838
1548808099845279488 285 0.98252 0.18616 -0.00006 0.35145 -0.18616 0.98252 -0.00054 3.49958 -0.00004 0.00054 1.00000 -0.05832
1548808099878617344 286 0.98246 0.18647 -0.00040 0.35406 -0.18647 0.98246 0.00192 3.51088 0.00075 -0.00181 1.00000 -0.05876
1548808099911954432 287 0.98243 0.18665 -0.00118 0.35839 -0.18665 0.98243 -0.00116 3.52259 0.00094 0.00136 1.00000 -0.05858
1548808099945292288 288 0.98223 0.18766 -0.00255 0.36126 -0.18766 0.98223 -0.00107 3.53427 0.00231 0.00153 1.00000 -0.05890
1548808099978630400 289 0.98252 0.18616 -0.00090 0.36251 -0.18616 0.98252 0.00174 3.54433 0.00121 -0.00154 1.00000 -0.05946
1548808100011967488 290 0.98236 0.18701 -0.00108 0.36475 -0.18701 0.98236 -0.00139 3.55651 0.00080 0.00157 1.00000 -0.05975
1548808100045305344 291 0.98233 0.18715 -0.00096 0.36641 -0.18716 0.98233 -0.00107 3.56813 0.00075 0.00123 1.00000 -0.06057
1548808100078643456 292 0.98231 0.18727 0.00042 0.36921 -0.18727 0.98231 0.00054 3.58021 -0.00031 -0.00061 1.00000 -0.06098
1548808100111981312 293 0.98235 0.18707 -0.00161 0.37193 -0.18707 0.98234 -0.00296 3.59230 0.00103 0.00321 0.99999 -0.06123
1548808100145318400 294 0.98218 0.18792 -0.00174 0.37431 -0.18792 0.98218 -0.00109 3.60386 0.00151 0.00140 1.00000 -0.06154
1548808100178656512 295 0.98241 0.18672 -0.00222 0.37639 -0.18673 0.98241 -0.00101 3.61587 0.00200 0.00140 1.00000 -0.06048
1548808100211994368 296 0.98219 0.18786 -0.00244 0.37915 -0.18787 0.98219 -0.00327 3.62849 0.00178 0.00367 0.99999 -0.06128
1548808100245332480 297 0.98211 0.18832 -0.00226 0.38187 -0.18832 0.98210 -0.00235 3.64021 0.00178 0.00273 0.99999 -0.06166
1548808100278669312 298 0.98214 0.18815 -0.00257 0.38451 -0.18815 0.98214 -0.00264 3.65237 0.00203 0.00307 0.99999 -0.06182
1548808100312007424 299 0.98214 0.18813 -0.00401 0.38709 -0.18815 0.98213 -0.00543 3.66432 0.00291 0.00608 0.99998 -0.06226
1548808100345345280 300 0.98206 0.18854 -0.00345 0.39019 -0.18854 0.98206 -0.00149 3.67604 0.00311 0.00212 0.99999 -0.06240
1548808100378682368 301 0.98221 0.18776 -0.00349 0.39114 -0.18778 0.98220 -0.00404 3.68696 0.00267 0.00462 0.99999 -0.06176
1548808100412020480 302 0.98206 0.18850 -0.00548 0.39383 -0.18853 0.98205 -0.00596 3.69933 0.00426 0.00689 0.99997 -0.06155
1548808100445358336 303 0.98210 0.18834 -0.00349 0.39618 -0.18835 0.98210 -0.00189 3.71154 0.00307 0.00251 0.99999 -0.06214
1548808100478696448 304 0.98220 0.18779 -0.00412 0.39825 -0.18782 0.98218 -0.00628 3.72401 0.00287 0.00694 0.99997 -0.06242
1548808100512033280 305 0.98214 0.18812 -0.00305 0.40045 -0.18814 0.98213 -0.00510 3.73512 0.00204 0.00558 0.99998 -0.06276
1548808100545371392 306 0.98247 0.18639 -0.00238 0.40239 -0.18640 0.98247 -0.00332 3.74677 0.00172 0.00371 0.99999 -0.06335
1548808100578709504 307 0.98208 0.18840 -0.00556 0.40509 -0.18843 0.98206 -0.00702 3.75862 0.00414 0.00794 0.99996 -0.06339
1548808100612046336 308 0.98216 0.18800 -0.00445 0.40851 -0.18802 0.98216 -0.00336 3.77076 0.00374 0.00413 0.99998 -0.06360
1548808100645384448 309 0.98223 0.18763 -0.00434 0.40972 -0.18765 0.98222 -0.00569 3.78251 0.00319 0.00641 0.99997 -0.06413
1548808100678722304 310 0.98235 0.18699 -0.00458 0.41174 -0.18702 0.98233 -0.00764 3.79542 0.00307 0.00836 0.99996 -0.06370
1548808100712060416 311 0.98235 0.18704 -0.00287 0.41352 -0.18705 0.98234 -0.00408 3.80668 0.00205 0.00454 0.99999 -0.06446
1548808100745397504 312 0.98239 0.18676 -0.00500 0.41690 -0.18679 0.98237 -0.00708 3.81930 0.00359 0.00789 0.99996 -0.06450
1548808100778735360 313 0.98210 0.18823 -0.00636 0.41944 -0.18827 0.98210 -0.00594 3.83146 0.00513 0.00703 0.99996 -0.06444
1548808100812073472 314 0.98235 0.18697 -0.00509 0.42351 -0.18700 0.98234 -0.00544 3.84255 0.00399 0.00630 0.99997 -0.06532
1548808100845411328 315 0.98222 0.18767 -0.00568 0.42609 -0.18771 0.98219 -0.00761 3.85499 0.00416 0.00854 0.99995 -0.06559
1548808100878748416 316 0.98246 0.18640 -0.00540 0.42814 -0.18644 0.98244 -0.00723 3.86626 0.00396 0.00811 0.99996 -0.06598
1548808100912086272 317 0.98238 0.18684 -0.00463 0.43147 -0.18686 0.98238 -0.00428 3.87845 0.00375 0.00507 0.99998 -0.06603
1548808100945424384 318 0.98229 0.18721 -0.00700 0.43553 -0.18726 0.98228 -0.00757 3.88986 0.00546 0.00874 0.99995 -0.06554
1548808100978761472 319 0.98215 0.18798 -0.00736 0.43723 -0.18801 0.98216 -0.00453 3.89859 0.00638 0.00583 0.99996 -0.06648
1548808101012099328 320 0.98248 0.18627 -0.00637 0.44030 -0.18629 0.98249 -0.00356 3.91074 0.00559 0.00468 0.99997 -0.06698
1548808101045437440 321 0.98213 0.18806 -0.00731 0.44197 -0.18811 0.98213 -0.00675 3.92220 0.00591 0.00801 0.99995 -0.06661
1548808101078775296 322 0.98247 0.18631 -0.00591 0.44477 -0.18632 0.98248 -0.00277 3.93315 0.00529 0.00382 0.99998 -0.06745
1548808101112112384 323 0.98251 0.18609 -0.00642 0.44797 -0.18611 0.98252 -0.00294 3.94520 0.00577 0.00408 0.99998 -0.06720
1548808101145450496 324 0.98226 0.18730 -0.00928 0.45055 -0.18735 0.98228 -0.00556 3.95640 0.00807 0.00720 0.99994 -0.06724
1548808101178788352 325 0.98217 0.18786 -0.00770 0.45401 -0.18787 0.98219 -0.00109 3.96787 0.00736 0.00252 0.99997 -0.06795
1548808101212126464 326 0.98230 0.18713 -0.00806 0.45718 -0.18716 0.98232 -0.00403 3.97935 0.00717 0.00547 0.99996 -0.06719
1548808101245463296 327 0.98221 0.18761 -0.00793 0.45890 -0.18765 0.98223 -0.00373 3.99214 0.00709 0.00515 0.99996 -0.06789
1548808101278801408 328 0.98244 0.18645 -0.00631 0.46141 -0.18644 0.98246 0.00187 4.00283 0.00655 -0.00066 0.99998 -0.06793
1548808101312139264 329 0.98233 0.18694 -0.00853 0.46530 -0.18697 0.98236 -0.00285 4.01480 0.00784 0.00440 0.99996 -0.06859
1548808101345476352 330 0.98191 0.18922 -0.00727 0.46721 -0.18921 0.98193 0.00142 4.02511 0.00741 -0.00001 0.99997 -0.06924
1548808101378814464 331 0.98229 0.18725 -0.00577 0.46833 -0.18725 0.98231 0.00157 4.03622 0.00596 -0.00046 0.99998 -0.06952
1548808101412152320 332 0.98199 0.18886 -0.00612 0.47058 -0.18887 0.98200 -0.00082 4.04900 0.00586 0.00197 0.99998 -0.06983
