1548809203283051264 10 1.00000 0.00002 -0.00005 0.00001 -0.00002 1.00000 -0.00001 0.00001 0.00005 0.00001 1.00000 0.00000
1548809203316388352 11 1.00000 0.00002 -0.00006 0.00001 -0.00002 1.00000 -0.00002 0.00001 0.00006 0.00002 1.00000 0.00000
1548809203349726208 12 1.00000 0.00003 -0.00005 0.00001 -0.00003 1.00000 -0.00001 0.00001 0.00005 0.00001 1.00000 0.00000
1548809203383064320 13 1.00000 0.00003 -0.00005 0.00001 -0.00003 1.00000 -0.00002 0.00001 0.00005 0.00002 1.00000 0.00000
1548809203416401408 14 1.00000 0.00002 -0.00006 0.00001 -0.00002 1.00000 -0.00002 0.00001 0.00006 0.00002 1.00000 0.00000
1548809203449739264 15 1.00000 0.00003 -0.00006 0.00001 -0.00003 1.00000 -0.00001 0.00001 0.00006 0.00001 1.00000 0.00000
1548809203483077376 16 1.00000 0.00003 -0.00006 0.00001 -0.00003 1.00000 -0.00002 0.00001 0.00006 0.00002 1.00000 0.00000
1548809203516415232 17 1.00000 0.00002 -0.00006 0.00001 -0.00002 1.00000 -0.00003 0.00001 0.00006 0.00003 1.00000 0.00000
1548809203549752320 18 1.00000 0.00003 -0.00005 0.00001 -0.00003 1.00000 -0.00002 0.00001 0.00005 0.00002 1.00000 0.00000
1548809203583090176 19 1.00000 0.00002 -0.00007 0.00001 -0.00002 1.00000 -0.00002 0.00001 0.00007 0.00002 1.00000 0.00000
1548809203616428288 20 1.00000 0.00002 -0.00006 0.00001 -0.00002 1.00000 -0.00003 0.00001 0.00006 0.00003 1.00000 0.00000
1548809203649766400 21 1.00000 0.00003 -0.00006 0.00001 -0.00003 1.00000 -0.00002 0.00001 0.00006 0.00002 1.00000 0.00000
1548809203683103232 22 1.00000 0.00003 -0.00006 0.00001 -0.00003 1.00000 -0.00002 0.00001 0.00006 0.00002 1.00000 0.00000
1548809203716441344 23 1.00000 0.00002 -0.00005 0.00001 -0.00002 1.00000 -0.00003 0.00001 0.00005 0.00003 1.00000 0.00000
1548809203749779200 24 1.00000 0.00002 -0.00006 0.00001 -0.00002 1.00000 -0.00002 0.00001 0.00006 0.00002 1.00000 0.00000
1548809203783116288 25 1.00000 0.00002 -0.00006 0.00001 -0.00002 1.00000 -0.00002 0.00001 0.00006 0.00002 1.00000 0.00000
1548809203816454400 26 1.00000 0.00002 -0.00006 0.00001 -0.00002 1.00000 -0.00003 0.00001 0.00006 0.00003 1.00000 0.00000
1548809203849792256 27 1.00000 0.00003 -0.00006 0.00001 -0.00003 1.00000 -0.00002 0.00001 0.00006 0.00002 1.00000 0.00000
1548809203883130368 28 1.00000 0.00003 -0.00004 0.00001 -0.00003 1.00000 -0.00001 0.00001 0.00004 0.00001 1.00000 0.00000
1548809203916467200 29 1.00000 0.00003 -0.00007 0.00001 -0.00003 1.00000 -0.00002 0.00001 0.00007 0.00002 1.00000 0.00000
1548809203949805312 30 1.00000 0.00002 -0.00007 0.00001 -0.00002 1.00000 -0.00003 0.00001 0.00007 0.00003 1.00000 0.00000
1548809203983143424 31 1.00000 0.00003 -0.00006 0.00001 -0.00003 1.00000 -0.00003 0.00001 0.00006 0.00003 1.00000 0.00000
1548809204016481280 32 1.00000 0.00003 -0.00005 0.00001 -0.00003 1.00000 -0.00002 0.00001 0.00005 0.00002 1.00000 0.00000
1548809204049818368 33 1.00000 0.00003 -0.00006 0.00001 -0.00003 1.00000 -0.00002 0.00001 0.00006 0.00002 1.00000 0.00000
1548809204083156224 34 1.00000 -0.00000 -0.00008 0.00001 0.00000 1.00000 0.00000 0.00001 0.00008 -0.00000 1.00000 0.00000
1548809204116494336 35 1.00000 -0.00174 0.00004 -0.00009 0.00174 1.00000 0.00217 0.00006 -0.00005 -0.00217 1.00000 -0.00012
1548809204149831168 36 1.00000 -0.00288 0.00002 -0.00013 0.00288 1.00000 0.00058 0.00014 -0.00002 -0.00058 1.00000 -0.00002
1548809204183169280 37 1.00000 -0.00003 -0.00038 0.00008 0.00003 1.00000 -0.00069 0.00020 0.00038 0.00069 1.00000 0.00008
1548809204216507392 38 0.99999 -0.00374 -0.00070 -0.00013 0.00374 0.99999 0.00187 0.00037 0.00070 -0.00188 1.00000 -0.00005
1548809204249845248 39 1.00000 -0.00259 -0.00051 -0.00003 0.00259 0.99999 -0.00247 0.00047 0.00051 0.00246 1.00000 0.00023
1548809204283182336 40 1.00000 -0.00211 -0.00061 0.00003 0.00211 0.99999 -0.00466 0.00061 0.00062 0.00466 0.99999 0.00039
1548809204316520192 41 1.00000 -0.00220 -0.00104 0.00027 0.00220 0.99999 -0.00290 0.00183 0.00105 0.00290 1.00000 0.00048
1548809204349858304 42 0.99999 -0.00341 -0.00099 0.00043 0.00341 0.99998 -0.00451 0.00220 0.00100 0.00451 0.99999 0.00046
1548809204383196416 43 0.99999 -0.00315 -0.00090 0.00070 0.00314 0.99998 -0.00467 0.00258 0.00092 0.00467 0.99999 0.00031
1548809204416533248 44 0.99999 -0.00518 -0.00056 0.00072 0.00518 0.99998 -0.00301 0.00288 0.00057 0.00301 1.00000 0.00016
1548809204449871360 45 0.99998 -0.00637 -0.00146 0.00067 0.00636 0.99997 -0.00449 0.00308 0.00149 0.00448 0.99999 0.00023
1548809204483209216 46 0.99997 -0.00756 -0.00253 0.00065 0.00755 0.99996 -0.00441 0.00328 0.00256 0.00439 0.99999 0.00023
1548809204516546304 47 0.99996 -0.00788 -0.00281 0.00065 0.00787 0.99996 -0.00440 0.00350 0.00284 0.00438 0.99999 0.00021
1548809204549884416 48 0.99996 -0.00839 -0.00211 0.00063 0.00838 0.99995 -0.00568 0.00369 0.00215 0.00567 0.99998 0.00027
1548809204583222272 49 0.99996 -0.00878 -0.00118 0.00065 0.00877 0.99994 -0.00643 0.00391 0.00124 0.00642 0.99998 0.00030
1548809204616560384 50 0.99995 -0.00947 -0.00130 0.00066 0.00946 0.99993 -0.00679 0.00413 0.00137 0.00678 0.99998 0.00030
1548809204649897216 51 0.99994 -0.01050 -0.00178 0.00064 0.01049 0.99992 -0.00691 0.00434 0.00185 0.00689 0.99997 0.00029
1548809204683235328 52 0.99995 -0.01028 -0.00177 0.00071 0.01027 0.99992 -0.00734 0.00453 0.00185 0.00732 0.99997 0.00030
1548809204716573184 53 0.99993 -0.01179 -0.00167 0.00067 0.01178 0.99991 -0.00605 0.00472 0.00174 0.00603 0.99998 0.00020
1548809204749910272 54 0.99991 -0.01334 -0.00148 0.00062 0.01333 0.99989 -0.00616 0.00491 0.00156 0.00614 0.99998 0.00019
1548809204783248384 55 0.99991 -0.01364 -0.00133 0.00065 0.01363 0.99989 -0.00660 0.00511 0.00142 0.00658 0.99998 0.00020
1548809204816586240 56 0.99991 -0.01307 -0.00124 0.00077 0.01306 0.99989 -0.00733 0.00531 0.00133 0.00731 0.99997 0.00025
1548809204849924352 57 0.99992 -0.01274 -0.00229 0.00089 0.01272 0.99987 -0.00974 0.00551 0.00241 0.00971 0.99995 0.00041
1548809204883261184 58 0.99992 -0.01246 -0.00274 0.00099 0.01243 0.99986 -0.01077 0.00572 0.00287 0.01073 0.99994 0.00048
1548809204916599296 59 0.99992 -0.01201 -0.00346 0.00109 0.01197 0.99987 -0.01108 0.00592 0.00360 0.01104 0.99993 0.00051
1548809204949937408 60 0.99991 -0.01247 -0.00438 0.00114 0.01241 0.99985 -0.01228 0.00612 0.00453 0.01222 0.99992 0.00061
1548809204983275264 61 0.99997 -0.00593 -0.00441 0.01069 0.00588 0.99993 -0.01063 0.03333 0.00447 0.01060 0.99993 -0.00065
1548809205016612352 62 0.99999 0.00026 -0.00461 0.02381 -0.00028 0.99998 -0.00577 0.08209 0.00461 0.00577 0.99997 -0.00234
1548809205049950208 63 0.99999 -0.00001 -0.00405 0.02409 -0.00003 0.99997 -0.00795 0.08126 0.00405 0.00795 0.99996 -0.00157
1548809205083288320 64 0.99998 0.00387 -0.00480 0.03092 -0.00388 0.99999 -0.00318 0.13526 0.00479 0.00320 0.99998 -0.00488
1548809205116625408 65 0.99998 0.00448 -0.00531 0.03163 -0.00450 0.99998 -0.00340 0.14087 0.00529 0.00342 0.99998 -0.00519
1548809205149963264 66 0.99998 0.00386 -0.00568 0.03192 -0.00388 0.99999 -0.00331 0.14619 0.00567 0.00333 0.99998 -0.00538
1548809205183301376 67 0.99998 0.00345 -0.00542 0.03203 -0.00346 0.99999 -0.00295 0.15132 0.00541 0.00297 0.99998 -0.00590
1548809205216639232 68 0.99998 0.00381 -0.00554 0.03208 -0.00383 0.99999 -0.00270 0.15657 0.00553 0.00272 0.99998 -0.00608
1548809205249976320 69 0.99998 0.00343 -0.00524 0.03242 -0.00345 0.99999 -0.00263 0.16309 0.00523 0.00265 0.99998 -0.00632
1548809205283314176 70 0.99998 0.00382 -0.00583 0.03288 -0.00384 0.99999 -0.00376 0.16978 0.00581 0.00378 0.99998 -0.00677
1548809205316652288 71 0.99997 0.00386 -0.00620 0.03308 -0.00389 0.99999 -0.00366 0.17585 0.00619 0.00369 0.99997 -0.00708
1548809205349990400 72 0.99998 0.00415 -0.00540 0.03282 -0.00415 0.99999 0.00016 0.18181 0.00540 -0.00014 0.99999 -0.00689
1548809205383327232 73 0.99998 0.00396 -0.00438 0.03228 -0.00397 0.99999 -0.00233 0.18910 0.00437 0.00234 0.99999 -0.00732
1548809205416665344 74 0.99998 0.00448 -0.00438 0.03221 -0.00449 0.99999 -0.00253 0.19663 0.00437 0.00255 0.99999 -0.00766
1548809205450003200 75 0.99998 0.00424 -0.00441 0.03286 -0.00424 0.99999 -0.00036 0.20368 0.00441 0.00038 0.99999 -0.00813
1548809205483340288 76 0.99998 0.00495 -0.00504 0.03322 -0.00496 0.99999 -0.00231 0.21122 0.00502 0.00233 0.99998 -0.00870
1548809205516678400 77 0.99998 0.00359 -0.00433 0.03294 -0.00359 0.99999 -0.00102 0.21857 0.00433 0.00103 0.99999 -0.00861
1548809205550016256 78 0.99998 0.00430 -0.00351 0.03233 -0.00430 0.99999 -0.00055 0.22593 0.00351 0.00056 0.99999 -0.00885
1548809205583354368 79 0.99999 0.00395 -0.00362 0.03234 -0.00396 0.99999 -0.00229 0.23397 0.00361 0.00230 0.99999 -0.00927
1548809205616691200 80 0.99998 0.00412 -0.00398 0.03230 -0.00412 0.99999 -0.00073 0.24180 0.00398 0.00075 0.99999 -0.00950
1548809205650029312 81 0.99998 0.00440 -0.00454 0.03370 -0.00441 0.99999 -0.00217 0.25143 0.00454 0.00219 0.99999 -0.00659
1548809205683367424 82 0.99998 0.00453 -0.00353 0.03215 -0.00453 0.99999 0.00040 0.25895 0.00353 -0.00039 0.99999 -0.00966
1548809205716705280 83 0.99999 0.00345 -0.00275 0.03110 -0.00345 0.99999 -0.00032 0.26678 0.00275 0.00033 1.00000 -0.00984
1548809205750042368 84 0.99999 0.00409 -0.00334 0.03149 -0.00408 0.99999 0.00118 0.27491 0.00334 -0.00117 0.99999 -0.00977
1548809205783380224 85 0.99999 0.00239 -0.00417 0.03043 -0.00239 1.00000 -0.00086 0.28456 0.00417 0.00087 0.99999 -0.00887
1548809205816718336 86 0.99998 0.00323 -0.00462 0.02935 -0.00323 0.99999 -0.00087 0.29401 0.00462 0.00089 0.99999 -0.00962
1548809205850055168 87 0.99999 0.00192 -0.00334 0.02796 -0.00193 1.00000 -0.00094 0.30381 0.00334 0.00094 0.99999 -0.00908
1548809205883393280 88 0.99999 0.00181 -0.00299 0.02501 -0.00181 0.99999 -0.00286 0.31610 0.00298 0.00286 0.99999 -0.00882
1548809205916731392 89 0.99999 0.00154 -0.00379 0.02585 -0.00154 1.00000 -0.00182 0.32438 0.00379 0.00183 0.99999 -0.00897
1548809205950069248 90 0.99999 0.00105 -0.00336 0.02582 -0.00105 1.00000 0.00093 0.33347 0.00336 -0.00093 0.99999 -0.00913
1548809205983406336 91 0.99999 0.00178 -0.00267 0.02497 -0.00179 1.00000 -0.00235 0.34390 0.00267 0.00235 0.99999 -0.00963
1548809206016744192 92 1.00000 0.00076 -0.00260 0.02498 -0.00077 1.00000 -0.00228 0.35512 0.00259 0.00228 0.99999 -0.00962
1548809206050082304 93 0.99999 0.00068 -0.00317 0.02514 -0.00069 1.00000 -0.00155 0.36590 0.00317 0.00156 0.99999 -0.00988
1548809206083419392 94 0.99999 0.00022 -0.00316 0.02273 -0.00023 0.99999 -0.00359 0.37945 0.00316 0.00359 0.99999 -0.00955
1548809206116757248 95 1.00000 0.00037 -0.00225 0.02269 -0.00038 0.99999 -0.00400 0.39045 0.00225 0.00400 0.99999 -0.00959
1548809206150095360 96 1.00000 -0.00120 -0.00173 0.02270 0.00120 1.00000 -0.00211 0.40074 0.00173 0.00211 1.00000 -0.00950
1548809206183433216 97 1.00000 -0.00072 -0.00247 0.02284 0.00072 1.00000 -0.00177 0.41189 0.00247 0.00177 1.00000 -0.00980
1548809206216770304 98 0.99999 0.00024 -0.00315 0.02341 -0.00025 0.99999 -0.00484 0.42354 0.00315 0.00484 0.99998 -0.00991
1548809206250108416 99 0.99999 -0.00121 -0.00340 0.02212 0.00121 1.00000 -0.00264 0.43673 0.00340 0.00264 0.99999 -0.00952
1548809206283446272 100 0.99999 -0.00191 -0.00347 0.01891 0.00190 0.99999 -0.00285 0.44984 0.00347 0.00284 0.99999 -0.00953
1548809206316784384 101 1.00000 -0.00119 -0.00215 0.01830 0.00118 0.99998 -0.00638 0.46256 0.00215 0.00637 0.99998 -0.00924
1548809206350121216 102 0.99999 -0.00244 -0.00270 0.01826 0.00243 0.99999 -0.00383 0.47489 0.00271 0.00383 0.99999 -0.00983
1548809206383459328 103 0.99999 -0.00283 -0.00276 0.01803 0.00281 0.99999 -0.00458 0.48801 0.00277 0.00457 0.99999 -0.01029
1548809206416797184 104 1.00000 -0.00046 -0.00283 0.01715 0.00043 0.99997 -0.00817 0.50200 0.00284 0.00817 0.99996 -0.00993
1548809206450134272 105 0.99999 -0.00199 -0.00316 0.01764 0.00197 0.99999 -0.00505 0.51384 0.00317 0.00504 0.99998 -0.01046
1548809206483472384 106 1.00000 -0.00145 -0.00260 0.01764 0.00144 0.99998 -0.00588 0.52692 0.00261 0.00588 0.99998 -0.01061
1548809206516810240 107 1.00000 -0.00089 -0.00248 0.01703 0.00086 0.99995 -0.00975 0.54024 0.00249 0.00975 0.99995 -0.01062
1548809206550148352 108 1.00000 -0.00072 -0.00200 0.01928 0.00071 0.99998 -0.00578 0.55232 0.00200 0.00578 0.99998 -0.01041
1548809206583485184 109 1.00000 -0.00189 -0.00178 0.01953 0.00188 0.99998 -0.00611 0.56539 0.00179 0.00611 0.99998 -0.01071
1548809206616823296 110 1.00000 0.00136 -0.00254 0.01920 -0.00139 0.99994 -0.01125 0.57937 0.00252 0.01125 0.99993 -0.01198
1548809206650161408 111 1.00000 -0.00023 -0.00290 0.01957 0.00022 0.99998 -0.00668 0.59182 0.00290 0.00668 0.99997 -0.01242
1548809206683499264 112 1.00000 0.00080 -0.00201 0.02293 -0.00082 0.99996 -0.00865 0.60379 0.00200 0.00865 0.99996 -0.01190
1548809206716836352 113 1.00000 0.00135 -0.00267 0.02226 -0.00138 0.99994 -0.01097 0.61697 0.00265 0.01097 0.99994 -0.01218
1548809206750174208 114 1.00000 0.00024 -0.00180 0.02259 -0.00025 0.99998 -0.00580 0.62897 0.00180 0.00581 0.99998 -0.01240
1548809206783512320 115 0.99999 0.00159 -0.00342 0.02353 -0.00161 0.99998 -0.00667 0.64188 0.00341 0.00667 0.99997 -0.01245
1548809206816849408 116 0.99999 0.00276 -0.00390 0.02382 -0.00280 0.99994 -0.01101 0.65508 0.00387 0.01102 0.99993 -0.01314
1548809206850187264 117 0.99999 0.00321 -0.00382 0.02527 -0.00323 0.99998 -0.00560 0.66427 0.00380 0.00561 0.99998 -0.01378
1548809206883525376 118 0.99999 0.00286 -0.00316 0.02512 -0.00289 0.99995 -0.00933 0.67726 0.00313 0.00934 0.99995 -0.01386
1548809206916863232 119 0.99999 0.00327 -0.00341 0.02512 -0.00329 0.99996 -0.00770 0.69012 0.00338 0.00771 0.99996 -0.01406
1548809206950200320 120 0.99998 0.00509 -0.00372 0.02571 -0.00512 0.99997 -0.00600 0.70221 0.00369 0.00602 0.99998 -0.01404
1548809206983538176 121 0.99997 0.00684 -0.00348 0.02609 -0.00688 0.99992 -0.01104 0.71574 0.00341 0.01107 0.99993 -0.01483
1548809207016876288 122 0.99996 0.00759 -0.00372 0.02590 -0.00762 0.99994 -0.00806 0.72647 0.00366 0.00808 0.99996 -0.01487
1548809207050214400 123 0.99997 0.00727 -0.00195 0.02498 -0.00728 0.99995 -0.00712 0.73882 0.00190 0.00713 0.99997 -0.01510
1548809207083551232 124 0.99996 0.00869 -0.00252 0.02475 -0.00872 0.99989 -0.01173 0.75319 0.00242 0.01176 0.99993 -0.01560
1548809207116889344 125 0.99993 0.01180 -0.00303 0.02476 -0.01183 0.99989 -0.00861 0.76588 0.00293 0.00864 0.99996 -0.01643
1548809207150227200 126 0.99993 0.01184 -0.00159 0.02635 -0.01185 0.99990 -0.00800 0.77860 0.00150 0.00802 0.99997 -0.01753
1548809207183564288 127 0.99983 0.01819 -0.00328 0.02670 -0.01822 0.99977 -0.01129 0.79146 0.00308 0.01135 0.99993 -0.01862
1548809207216902400 128 0.99989 0.01495 -0.00168 0.02677 -0.01496 0.99987 -0.00675 0.80325 0.00157 0.00677 0.99998 -0.01835
1548809207250240256 129 0.99983 0.01852 -0.00141 0.02699 -0.01852 0.99980 -0.00697 0.81641 0.00128 0.00700 0.99997 -0.01883
1548809207283578368 130 0.99980 0.01985 -0.00375 0.02808 -0.01989 0.99974 -0.01101 0.82902 0.00353 0.01108 0.99993 -0.01927
1548809207316915200 131 0.99973 0.02340 -0.00016 0.02804 -0.02341 0.99971 -0.00612 0.84121 0.00001 0.00612 0.99998 -0.01844
1548809207350253312 132 0.99968 0.02489 -0.00359 0.02864 -0.02493 0.99963 -0.01121 0.85430 0.00331 0.01129 0.99993 -0.01939
1548809207383591424 133 0.99960 0.02810 -0.00239 0.02923 -0.02812 0.99957 -0.00798 0.86613 0.00217 0.00805 0.99997 -0.01930
1548809207416928256 134 0.99960 0.02840 -0.00168 0.02952 -0.02841 0.99958 -0.00604 0.87780 0.00151 0.00609 0.99998 -0.01970
1548809207450266368 135 0.99950 0.03124 -0.00412 0.03054 -0.03128 0.99948 -0.00784 0.89006 0.00387 0.00797 0.99996 -0.02053
1548809207483604224 136 0.99943 0.03363 -0.00195 0.02972 -0.03364 0.99941 -0.00690 0.90295 0.00171 0.00696 0.99997 -0.02082
1548809207516942336 137 0.99931 0.03701 -0.00245 0.03022 -0.03703 0.99929 -0.00704 0.91589 0.00219 0.00712 0.99997 -0.02089
1548809207550279168 138 0.99929 0.03757 -0.00380 0.03067 -0.03760 0.99926 -0.00843 0.92830 0.00348 0.00857 0.99996 -0.02058
1548809207583617280 139 0.99914 0.04140 -0.00117 0.03094 -0.04141 0.99912 -0.00593 0.94035 0.00092 0.00597 0.99998 -0.02070
1548809207616955392 140 0.99911 0.04192 -0.00353 0.03142 -0.04194 0.99910 -0.00692 0.95206 0.00324 0.00706 0.99997 -0.02079
1548809207650293248 141 0.99892 0.04647 -0.00014 0.03111 -0.04647 0.99891 -0.00487 0.96361 -0.00008 0.00488 0.99999 -0.02052
1548809207683630336 142 0.99892 0.04645 -0.00235 0.03229 -0.04647 0.99890 -0.00638 0.97624 0.00205 0.00649 0.99998 -0.02119
1548809207716968192 143 0.99869 0.05103 -0.00366 0.03317 -0.05106 0.99868 -0.00631 0.98886 0.00334 0.00649 0.99997 -0.02135
1548809207750306304 144 0.99871 0.05080 -0.00170 0.03371 -0.05081 0.99869 -0.00565 1.00076 0.00141 0.00573 0.99998 -0.02156
1548809207783643392 145 0.99846 0.05530 -0.00428 0.03458 -0.05532 0.99846 -0.00439 1.01219 0.00403 0.00462 0.99998 -0.02213
1548809207816981248 146 0.99841 0.05643 -0.00127 0.03456 -0.05644 0.99840 -0.00320 1.02331 0.00109 0.00327 0.99999 -0.02196
1548809207850319360 147 0.99827 0.05873 -0.00334 0.03412 -0.05873 0.99827 -0.00178 1.03509 0.00323 0.00197 0.99999 -0.02262
1548809207883657216 148 0.99826 0.05879 -0.00401 0.03560 -0.05880 0.99826 -0.00311 1.04771 0.00382 0.00334 0.99999 -0.02335
1548809207916994304 149 0.99813 0.06109 -0.00352 0.03692 -0.06111 0.99812 -0.00477 1.06087 0.00322 0.00497 0.99998 -0.02347
1548809207950332416 150 0.99810 0.06144 -0.00525 0.03824 -0.06146 0.99810 -0.00362 1.07360 0.00502 0.00394 0.99998 -0.02432
1548809207983670272 151 0.99809 0.06161 -0.00392 0.03863 -0.06162 0.99809 -0.00312 1.08542 0.00372 0.00336 0.99999 -0.02428
1548809208017008384 152 0.99807 0.06203 -0.00411 0.03946 -0.06204 0.99807 -0.00087 1.09676 0.00405 0.00113 0.99999 -0.02446
1548809208050345216 153 0.99801 0.06287 -0.00526 0.04174 -0.06287 0.99802 -0.00048 1.10848 0.00522 0.00081 0.99999 -0.02427
1548809208083683328 154 0.99801 0.06294 -0.00473 0.04293 -0.06295 0.99802 -0.00178 1.12157 0.00461 0.00207 0.99999 -0.02398
1548809208117021184 155 0.99796 0.06361 -0.00497 0.04351 -0.06363 0.99796 -0.00411 1.13525 0.00470 0.00442 0.99998 -0.02390
1548809208150358272 156 0.99804 0.06243 -0.00419 0.04408 -0.06244 0.99804 -0.00370 1.14810 0.00396 0.00396 0.99998 -0.02412
1548809208183696384 157 0.99787 0.06513 -0.00391 0.04479 -0.06514 0.99787 -0.00271 1.15951 0.00372 0.00295 0.99999 -0.02395
1548809208217034240 158 0.99793 0.06416 -0.00528 0.04659 -0.06416 0.99794 -0.00000 1.17046 0.00527 0.00034 0.99999 -0.02442
1548809208250372352 159 0.99789 0.06474 -0.00524 0.04730 -0.06473 0.99790 0.00054 1.18147 0.00527 -0.00020 0.99999 -0.02578
1548809208283709184 160 0.99783 0.06573 -0.00384 0.04701 -0.06573 0.99784 -0.00163 1.19444 0.00372 0.00188 0.99999 -0.02570
1548809208317047296 161 0.99796 0.06385 -0.00250 0.04718 -0.06386 0.99796 -0.00213 1.20702 0.00236 0.00228 0.99999 -0.02635
1548809208350385408 162 0.99789 0.06488 -0.00183 0.04769 -0.06488 0.99789 -0.00009 1.21821 0.00182 0.00021 1.00000 -0.02680
1548809208383723264 163 0.99785 0.06549 -0.00081 0.04764 -0.06548 0.99785 0.00185 1.22866 0.00093 -0.00179 1.00000 -0.02714
1548809208417060352 164 0.99785 0.06549 0.00021 0.04785 -0.06549 0.99785 0.00394 1.23979 0.00005 -0.00394 0.99999 -0.02766
1548809208450398208 165 0.99780 0.06632 0.00086 0.04841 -0.06632 0.99780 0.00166 1.25232 -0.00075 -0.00171 1.00000 -0.02752
1548809208483736320 166 0.99784 0.06572 0.00051 0.04920 -0.06572 0.99784 -0.00075 1.26537 -0.00055 0.00072 1.00000 -0.02788
1548809208517073408 167 0.99787 0.06527 0.00146 0.04982 -0.06527 0.99787 -0.00038 1.27841 -0.00148 0.00029 1.00000 -0.02857
1548809208550411264 168 0.99790 0.06471 0.00319 0.04988 -0.06472 0.99790 0.00184 1.29035 -0.00307 -0.00204 0.99999 -0.02878
1548809208583749376 169 0.99781 0.06610 0.00376 0.04943 -0.06611 0.99781 0.00189 1.30297 -0.00362 -0.00213 0.99999 -0.02870
1548809208617087232 170 0.99780 0.06620 0.00324 0.05003 -0.06620 0.99781 -0.00066 1.31539 -0.00328 0.00044 0.99999 -0.02886
1548809208650424320 171 0.99792 0.06436 0.00351 0.05129 -0.06436 0.99793 0.00128 1.32817 -0.00342 -0.00150 0.99999 -0.02901
1548809208683762176 172 0.99788 0.06503 0.00121 0.05358 -0.06502 0.99788 -0.00377 1.34041 -0.00145 0.00368 0.99999 -0.03030
1548809208717100288 173 0.99784 0.06557 0.00258 0.05369 -0.06557 0.99785 0.00037 1.35191 -0.00255 -0.00054 1.00000 -0.03072
1548809208750437376 174 0.99776 0.06688 0.00298 0.05433 -0.06689 0.99776 0.00216 1.36331 -0.00283 -0.00236 0.99999 -0.03102
1548809208783775232 175 0.99779 0.06642 0.00237 0.05584 -0.06642 0.99779 -0.00041 1.37537 -0.00239 0.00026 1.00000 -0.03183
1548809208817113344 176 0.99775 0.06694 0.00298 0.05629 -0.06694 0.99776 0.00101 1.38753 -0.00291 -0.00120 1.00000 -0.03193
1548809208850451200 177 0.99786 0.06538 0.00268 0.05742 -0.06538 0.99786 -0.00075 1.40106 -0.00273 0.00058 1.00000 -0.03216
1548809208883788288 178 0.99786 0.06542 0.00041 0.05839 -0.06542 0.99785 -0.00390 1.41405 -0.00066 0.00386 0.99999 -0.03315
1548809208917126400 179 0.99790 0.06479 0.00163 0.06071 -0.06479 0.99790 0.00041 1.42441 -0.00160 -0.00051 1.00000 -0.03372
1548809208950464256 180 0.99765 0.06849 0.00105 0.06142 -0.06849 0.99765 0.00105 1.43685 -0.00098 -0.00112 1.00000 -0.03395
1548809208983802368 181 0.99776 0.06692 0.00029 0.06227 -0.06692 0.99775 -0.00392 1.44984 -0.00055 0.00390 0.99999 -0.03411
1548809209017139200 182 0.99784 0.06568 0.00071 0.06334 -0.06568 0.99784 -0.00159 1.46257 -0.00082 0.00154 1.00000 -0.03412
1548809209050477312 183 0.99779 0.06648 0.00011 0.06487 -0.06648 0.99778 -0.00416 1.47525 -0.00038 0.00414 0.99999 -0.03482
1548809209083815424 184 0.99787 0.06522 -0.00123 0.06657 -0.06522 0.99786 -0.00430 1.48674 0.00094 0.00437 0.99999 -0.03452
1548809209117152256 185 0.99775 0.06706 -0.00006 0.06735 -0.06706 0.99775 -0.00089 1.49830 -0.00000 0.00089 1.00000 -0.03480
1548809209150490368 186 0.99779 0.06649 -0.00052 0.06802 -0.06649 0.99777 -0.00598 1.51093 0.00012 0.00600 0.99998 -0.03537
1548809209183828224 187 0.99772 0.06751 -0.00023 0.06895 -0.06751 0.99771 -0.00503 1.52306 -0.00011 0.00503 0.99999 -0.03542
1548809209217166336 188 0.99782 0.06603 -0.00000 0.06966 -0.06603 0.99780 -0.00517 1.53594 -0.00034 0.00515 0.99999 -0.03590
1548809209250503168 189 0.99768 0.06808 -0.00038 0.07036 -0.06808 0.99766 -0.00692 1.54834 -0.00009 0.00693 0.99998 -0.03643
1548809209283841280 190 0.99793 0.06426 0.00021 0.07133 -0.06425 0.99792 -0.00480 1.55979 -0.00052 0.00478 0.99999 -0.03680
1548809209317179392 191 0.99758 0.06958 -0.00015 0.07233 -0.06958 0.99757 -0.00317 1.57132 -0.00007 0.00318 0.99999 -0.03711
1548809209350517248 192 0.99789 0.06485 -0.00069 0.07345 -0.06485 0.99787 -0.00667 1.58395 0.00026 0.00671 0.99998 -0.03783
1548809209383854336 193 0.99770 0.06778 -0.00088 0.07441 -0.06778 0.99769 -0.00512 1.59631 0.00053 0.00516 0.99999 -0.03769
1548809209417192192 194 0.99793 0.06437 -0.00079 0.07473 -0.06437 0.99789 -0.00794 1.60891 0.00027 0.00798 0.99997 -0.03811
1548809209450530304 195 0.99778 0.06662 0.00022 0.07498 -0.06662 0.99777 -0.00363 1.62092 -0.00046 0.00361 0.99999 -0.03844
1548809209483867392 196 0.99798 0.06359 -0.00021 0.07524 -0.06359 0.99797 -0.00218 1.63262 0.00008 0.00219 1.00000 -0.03859
1548809209517205248 197 0.99772 0.06749 -0.00077 0.07736 -0.06749 0.99771 -0.00387 1.64506 0.00051 0.00391 0.99999 -0.03814
1548809209550543360 198 0.99810 0.06161 -0.00092 0.07713 -0.06161 0.99809 -0.00484 1.65766 0.00062 0.00488 0.99999 -0.03830
1548809209583881216 199 0.99797 0.06374 -0.00087 0.07791 -0.06374 0.99796 -0.00433 1.67018 0.00059 0.00438 0.99999 -0.03808
1548809209617218304 200 0.99815 0.06085 -0.00106 0.07938 -0.06086 0.99813 -0.00641 1.68171 0.00067 0.00646 0.99998 -0.03842
1548809209650556416 201 0.99811 0.06140 0.00033 0.07986 -0.06140 0.99811 -0.00035 1.69303 -0.00035 0.00032 1.00000 -0.03911
1548809209683894272 202 0.99814 0.06091 -0.00028 0.08048 -0.06091 0.99814 -0.00252 1.70509 0.00012 0.00254 1.00000 -0.03929
1548809209717232384 203 0.99815 0.06086 0.00077 0.08051 -0.06085 0.99814 -0.00294 1.71751 -0.00094 0.00288 1.00000 -0.03944
1548809209750569216 204 0.99840 0.05648 0.00083 0.08137 -0.05647 0.99840 -0.00162 1.73012 -0.00092 0.00157 1.00000 -0.04011
1548809209783907328 205 0.99841 0.05629 -0.00040 0.08227 -0.05629 0.99840 -0.00506 1.74319 0.00012 0.00507 0.99999 -0.04023
1548809209817245184 206 0.99846 0.05555 0.00019 0.08446 -0.05555 0.99845 -0.00232 1.75398 -0.00032 0.00230 1.00000 -0.04118
1548809209850582272 207 0.99850 0.05473 0.00175 0.08458 -0.05473 0.99850 0.00031 1.76515 -0.00173 -0.00041 1.00000 -0.04190
1548809209883920384 208 0.99867 0.05157 0.00191 0.08434 -0.05156 0.99866 -0.00328 1.77714 -0.00208 0.00317 0.99999 -0.04183
1548809209917258240 209 0.99871 0.05074 0.00212 0.08495 -0.05074 0.99871 0.00080 1.78885 -0.00208 -0.00090 1.00000 -0.04207
1548809209950596352 210 0.99891 0.04676 -0.00035 0.08675 -0.04676 0.99890 -0.00159 1.80210 0.00028 0.00161 1.00000 -0.04216
1548809209983933184 211 0.99891 0.04667 -0.00168 0.08901 -0.04668 0.99889 -0.00603 1.81552 0.00140 0.00610 0.99998 -0.04250
1548809210017271296 212 0.99908 0.04280 0.00138 0.08908 -0.04280 0.99908 -0.00096 1.82674 -0.00142 0.00090 1.00000 -0.04330
1548809210050609408 213 0.99915 0.04121 0.00159 0.08880 -0.04122 0.99915 0.00164 1.83733 -0.00152 -0.00171 1.00000 -0.04408
1548809210083946240 214 0.99921 0.03975 0.00307 0.08912 -0.03975 0.99921 -0.00045 1.84830 -0.00309 0.00033 1.00000 -0.04497
1548809210117284352 215 0.99927 0.03817 0.00154 0.09076 -0.03817 0.99927 0.00332 1.85950 -0.00141 -0.00338 0.99999 -0.04474
1548809210150622208 216 0.99935 0.03592 -0.00123 0.09460 -0.03592 0.99935 0.00096 1.87369 0.00127 -0.00092 1.00000 -0.04539
1548809210183960320 217 0.99943 0.03368 0.00005 0.09498 -0.03368 0.99942 -0.00540 1.88794 -0.00023 0.00540 0.99999 -0.04566
1548809210217297408 218 0.99952 0.03095 0.00069 0.09517 -0.03095 0.99952 0.00099 1.89908 -0.00066 -0.00101 1.00000 -0.04667
1548809210250635264 219 0.99956 0.02966 0.00205 0.09469 -0.02966 0.99956 0.00145 1.90973 -0.00201 -0.00151 1.00000 -0.04715
1548809210283973376 220 0.99958 0.02897 0.00091 0.09543 -0.02897 0.99958 0.00090 1.92097 -0.00089 -0.00093 1.00000 -0.04711
1548809210317311232 221 0.99964 0.02695 -0.00187 0.09935 -0.02694 0.99962 0.00546 1.93232 0.00202 -0.00540 0.99998 -0.04737
1548809210350648320 222 0.99970 0.02446 -0.00224 0.10054 -0.02446 0.99970 0.00113 1.94562 0.00227 -0.00107 1.00000 -0.04803
1548809210383986176 223 0.99971 0.02401 -0.00097 0.10084 -0.02401 0.99971 0.00109 1.95752 0.00100 -0.00106 1.00000 -0.04823
1548809210417324288 224 0.99980 0.01999 -0.00013 0.10092 -0.01999 0.99979 0.00532 1.96834 0.00024 -0.00532 0.99999 -0.04917
1548809210450661376 225 0.99980 0.02000 -0.00034 0.10129 -0.02000 0.99979 0.00408 1.98040 0.00043 -0.00408 0.99999 -0.04906
1548809210483999232 226 0.99982 0.01907 -0.00221 0.10497 -0.01906 0.99982 0.00247 1.99267 0.00226 -0.00243 0.99999 -0.04989
1548809210517337344 227 0.99982 0.01893 -0.00273 0.10630 -0.01891 0.99980 0.00692 2.00532 0.00286 -0.00687 0.99997 -0.05038
1548809210550675200 228 0.99983 0.01816 -0.00387 0.10670 -0.01815 0.99983 0.00271 2.01851 0.00392 -0.00264 0.99999 -0.05037
1548809210584012288 229 0.99983 0.01822 -0.00237 0.10598 -0.01821 0.99983 0.00272 2.03117 0.00242 -0.00268 0.99999 -0.05087
1548809210617350400 230 0.99984 0.01772 -0.00271 0.10559 -0.01770 0.99983 0.00539 2.04313 0.00281 -0.00534 0.99998 -0.05132
1548809210650688256 231 0.99985 0.01663 -0.00377 0.10591 -0.01662 0.99986 0.00204 2.05648 0.00380 -0.00197 0.99999 -0.05151
1548809210684026368 232 0.99981 0.01861 -0.00507 0.10790 -0.01860 0.99982 0.00229 2.06838 0.00511 -0.00219 0.99998 -0.05258
1548809210717363200 233 0.99984 0.01721 -0.00542 0.10910 -0.01717 0.99983 0.00611 2.08078 0.00553 -0.00602 0.99997 -0.05353
1548809210750701312 234 0.99981 0.01856 -0.00603 0.10958 -0.01855 0.99983 0.00113 2.09406 0.00605 -0.00102 0.99998 -0.05356
1548809210784039424 235 0.99984 0.01721 -0.00468 0.10956 -0.01720 0.99985 0.00184 2.10676 0.00471 -0.00175 0.99999 -0.05383
1548809210817376256 236 0.99982 0.01840 -0.00379 0.10873 -0.01839 0.99982 0.00346 2.11975 0.00386 -0.00339 0.99999 -0.05432
1548809210850714368 237 0.99985 0.01669 -0.00388 0.10928 -0.01670 0.99986 -0.00030 2.13279 0.00387 0.00036 0.99999 -0.05472
1548809210884052224 238 0.99978 0.02032 -0.00464 0.11016 -0.02030 0.99978 0.00428 2.14396 0.00473 -0.00419 0.99998 -0.05618
1548809210917390336 239 0.99984 0.01737 -0.00452 0.11026 -0.01736 0.99984 0.00311 2.15617 0.00458 -0.00303 0.99998 -0.05667
1548809210950727168 240 0.99981 0.01940 -0.00341 0.10937 -0.01940 0.99981 0.00108 2.16906 0.00343 -0.00102 0.99999 -0.05716
1548809210984065280 241 0.99988 0.01550 -0.00072 0.10845 -0.01549 0.99987 0.00336 2.18158 0.00078 -0.00335 0.99999 -0.05707
1548809211017403392 242 0.99984 0.01776 -0.00192 0.10866 -0.01776 0.99984 0.00059 2.19458 0.00193 -0.00055 1.00000 -0.05726
1548809211050741248 243 0.99985 0.01665 -0.00377 0.10946 -0.01664 0.99986 0.00059 2.20716 0.00378 -0.00053 0.99999 -0.05783
1548809211084078336 244 0.99982 0.01868 -0.00350 0.10945 -0.01866 0.99981 0.00606 2.21691 0.00361 -0.00599 0.99998 -0.05844
1548809211117416192 245 0.99985 0.01700 -0.00316 0.10993 -0.01699 0.99986 0.00078 2.23101 0.00317 -0.00073 0.99999 -0.05894
1548809211150754304 246 0.99986 0.01685 -0.00216 0.10950 -0.01685 0.99986 -0.00028 2.24492 0.00215 0.00031 1.00000 -0.05894
1548809211184091392 247 0.99988 0.01513 -0.00247 0.11048 -0.01514 0.99988 -0.00122 2.25876 0.00245 0.00125 1.00000 -0.05907
1548809211217429248 248 0.99985 0.01696 -0.00392 0.11031 -0.01697 0.99985 -0.00337 2.27225 0.00386 0.00343 0.99999 -0.05966
1548809211250767360 249 0.99984 0.01727 -0.00454 0.11209 -0.01727 0.99985 -0.00085 2.28459 0.00452 0.00093 0.99999 -0.05981
1548809211284105216 250 0.99983 0.01828 -0.00377 0.11208 -0.01828 0.99983 -0.00032 2.29633 0.00376 0.00039 0.99999 -0.06064
1548809211317442304 251 0.99985 0.01719 -0.00310 0.11145 -0.01720 0.99983 -0.00586 2.31007 0.00300 0.00591 0.99998 -0.06121
1548809211350780416 252 0.99987 0.01611 -0.00241 0.11275 -0.01611 0.99987 -0.00302 2.32295 0.00236 0.00306 0.99999 -0.06096
1548809211384118272 253 0.99987 0.01542 -0.00433 0.11320 -0.01544 0.99987 -0.00523 2.33588 0.00425 0.00529 0.99998 -0.06187
1548809211417455360 254 0.99983 0.01722 -0.00659 0.11450 -0.01727 0.99983 -0.00712 2.34847 0.00646 0.00723 0.99995 -0.06187
1548809211450793216 255 0.99982 0.01811 -0.00552 0.11465 -0.01812 0.99983 -0.00150 2.36087 0.00550 0.00160 0.99998 -0.06216
1548809211484131328 256 0.99983 0.01779 -0.00478 0.11435 -0.01783 0.99981 -0.00730 2.37273 0.00465 0.00739 0.99996 -0.06155
1548809211517469184 257 0.99987 0.01588 -0.00397 0.11408 -0.01590 0.99985 -0.00638 2.38614 0.00387 0.00644 0.99997 -0.06125
1548809211550806272 258 0.99987 0.01562 -0.00444 0.11414 -0.01565 0.99986 -0.00671 2.39959 0.00433 0.00678 0.99997 -0.06258
1548809211584144384 259 0.99985 0.01628 -0.00619 0.11441 -0.01634 0.99981 -0.01043 2.41315 0.00602 0.01053 0.99993 -0.06274
1548809211617482240 260 0.99984 0.01701 -0.00507 0.11444 -0.01704 0.99983 -0.00680 2.42522 0.00496 0.00689 0.99996 -0.06317
1548809211650820352 261 0.99985 0.01677 -0.00451 0.11443 -0.01681 0.99982 -0.00844 2.43812 0.00437 0.00852 0.99995 -0.06365
1548809211684157184 262 0.99986 0.01620 -0.00457 0.11467 -0.01625 0.99980 -0.01138 2.45148 0.00438 0.01145 0.99992 -0.06344
1548809211717495296 263 0.99987 0.01545 -0.00401 0.11383 -0.01549 0.99984 -0.00871 2.46393 0.00387 0.00877 0.99995 -0.06337
1548809211750833408 264 0.99987 0.01501 -0.00552 0.11402 -0.01508 0.99980 -0.01301 2.47734 0.00532 0.01309 0.99990 -0.06383
1548809211784170240 265 0.99986 0.01616 -0.00436 0.11420 -0.01621 0.99980 -0.01169 2.49029 0.00417 0.01176 0.99992 -0.06375
1548809211817508352 266 0.99987 0.01573 -0.00381 0.11506 -0.01577 0.99980 -0.01267 2.50257 0.00361 0.01273 0.99991 -0.06409
1548809211850846208 267 0.99986 0.01574 -0.00479 0.11534 -0.01581 0.99977 -0.01433 2.51570 0.00457 0.01441 0.99989 -0.06428
1548809211884184320 268 0.99989 0.01461 -0.00345 0.11521 -0.01465 0.99980 -0.01359 2.52851 0.00325 0.01364 0.99990 -0.06432
1548809211917521408 269 0.99987 0.01543 -0.00349 0.11441 -0.01547 0.99980 -0.01280 2.53989 0.00329 0.01286 0.99991 -0.06455
1548809211950859264 270 0.99991 0.01321 -0.00358 0.11448 -0.01326 0.99980 -0.01475 2.55259 0.00339 0.01479 0.99988 -0.06499
1548809211984197376 271 0.99988 0.01526 -0.00346 0.11460 -0.01531 0.99981 -0.01223 2.56485 0.00327 0.01228 0.99992 -0.06538
1548809212017535232 272 0.99989 0.01417 -0.00439 0.11520 -0.01423 0.99980 -0.01412 2.57728 0.00419 0.01418 0.99989 -0.06574
1548809212050872320 273 0.99989 0.01378 -0.00463 0.11568 -0.01384 0.99981 -0.01398 2.58978 0.00444 0.01405 0.99989 -0.06596
1548809212084210176 274 0.99991 0.01278 -0.00383 0.11583 -0.01283 0.99984 -0.01230 2.60083 0.00367 0.01235 0.99992 -0.06702
1548809212117548288 275 0.99991 0.01314 -0.00358 0.11520 -0.01319 0.99984 -0.01216 2.61322 0.00342 0.01220 0.99992 -0.06844
1548809212150885376 276 0.99991 0.01331 -0.00344 0.11553 -0.01335 0.99983 -0.01299 2.62579 0.00327 0.01304 0.99991 -0.06861
1548809212184223232 277 0.99990 0.01418 -0.00278 0.11566 -0.01421 0.99983 -0.01168 2.63802 0.00262 0.01172 0.99993 -0.06893
1548809212217561344 278 0.99991 0.01308 -0.00359 0.11684 -0.01313 0.99983 -0.01291 2.65032 0.00342 0.01296 0.99991 -0.06975
1548809212250002176 279 0.99990 0.01343 -0.00354 0.11643 -0.01347 0.99985 -0.01122 2.66363 0.00339 0.01126 0.99993 -0.07055
1548809212283339264 280 0.99991 0.01298 -0.00341 0.11753 -0.01302 0.99986 -0.01086 2.67657 0.00327 0.01090 0.99994 -0.06924
1548809212316677376 281 0.99991 0.01261 -0.00478 0.11843 -0.01267 0.99983 -0.01327 2.68867 0.00461 0.01333 0.99990 -0.06966
1548809212350015232 282 0.99989 0.01421 -0.00340 0.11820 -0.01424 0.99984 -0.01065 2.70059 0.00325 0.01069 0.99994 -0.06986
1548809212383353344 283 0.99988 0.01491 -0.00348 0.11811 -0.01494 0.99983 -0.01109 2.71310 0.00331 0.01114 0.99993 -0.07038
1548809212416690176 284 0.99992 0.01224 -0.00348 0.11881 -0.01227 0.99986 -0.01148 2.72454 0.00334 0.01152 0.99993 -0.07007
1548809212450028288 285 0.99990 0.01369 -0.00353 0.11883 -0.01372 0.99985 -0.01020 2.73666 0.00339 0.01025 0.99994 -0.07024
1548809212483366400 286 0.99992 0.01228 -0.00392 0.11949 -0.01232 0.99987 -0.01024 2.75026 0.00379 0.01029 0.99994 -0.07024
1548809212516703232 287 0.99990 0.01344 -0.00477 0.12062 -0.01349 0.99985 -0.01109 2.76196 0.00462 0.01116 0.99993 -0.06993
1548809212550041344 288 0.99991 0.01287 -0.00400 0.12066 -0.01291 0.99987 -0.00953 2.77406 0.00388 0.00958 0.99995 -0.07052
1548809212583379200 289 0.99991 0.01292 -0.00473 0.12066 -0.01297 0.99986 -0.01069 2.78638 0.00460 0.01075 0.99993 -0.07105
1548809212616717312 290 0.99993 0.01121 -0.00434 0.12127 -0.01125 0.99989 -0.00958 2.79858 0.00424 0.00963 0.99994 -0.07127
1548809212650054400 291 0.99992 0.01168 -0.00449 0.12195 -0.01171 0.99989 -0.00865 2.81026 0.00439 0.00870 0.99995 -0.07049
1548809212683392256 292 0.99992 0.01077 -0.00585 0.12274 -0.01084 0.99988 -0.01101 2.82221 0.00573 0.01107 0.99992 -0.07069
1548809212716730368 293 0.99991 0.01189 -0.00593 0.12309 -0.01194 0.99990 -0.00802 2.83355 0.00584 0.00809 0.99995 -0.07084
1548809212750067200 294 0.99991 0.01191 -0.00550 0.12309 -0.01195 0.99990 -0.00689 2.84562 0.00542 0.00696 0.99996 -0.07125
1548809212783405312 295 0.99990 0.01258 -0.00576 0.12264 -0.01262 0.99989 -0.00823 2.85792 0.00566 0.00830 0.99995 -0.07153
1548809212816743424 296 0.99993 0.01018 -0.00537 0.12350 -0.01021 0.99993 -0.00603 2.87031 0.00530 0.00608 0.99997 -0.07164
1548809212850081280 297 0.99992 0.01142 -0.00577 0.12323 -0.01146 0.99991 -0.00703 2.88305 0.00569 0.00709 0.99996 -0.07249
1548809212883418368 298 0.99993 0.01040 -0.00637 0.12376 -0.01044 0.99992 -0.00726 2.89492 0.00629 0.00732 0.99995 -0.07246
1548809212916756224 299 0.99991 0.01238 -0.00601 0.12376 -0.01239 0.99992 -0.00260 2.90611 0.00598 0.00268 0.99998 -0.07270
1548809212950094336 300 0.99991 0.01173 -0.00636 0.12392 -0.01176 0.99992 -0.00513 2.91831 0.00630 0.00520 0.99997 -0.07326
1548809212983432192 301 0.99992 0.01081 -0.00640 0.12388 -0.01083 0.99993 -0.00358 2.93011 0.00636 0.00365 0.99997 -0.07303
1548809213016769280 302 0.99993 0.01003 -0.00556 0.12522 -0.01004 0.99995 -0.00156 2.94254 0.00554 0.00162 0.99998 -0.07393
1548809213050107392 303 0.99992 0.01070 -0.00698 0.12500 -0.01073 0.99993 -0.00445 2.95469 0.00694 0.00452 0.99997 -0.07409
1548809213083445248 304 0.99991 0.01076 -0.00758 0.12654 -0.01078 0.99994 -0.00217 2.96695 0.00755 0.00226 0.99997 -0.07380
1548809213116782336 305 0.99991 0.01165 -0.00704 0.12627 -0.01165 0.99993 -0.00018 2.97914 0.00704 0.00026 0.99998 -0.07415
1548809213150120192 306 0.99991 0.01157 -0.00726 0.12590 -0.01160 0.99993 -0.00376 2.99192 0.00721 0.00384 0.99997 -0.07423
1548809213183458304 307 0.99993 0.00982 -0.00724 0.12668 -0.00982 0.99995 0.00005 3.00335 0.00724 0.00002 0.99997 -0.07452
1548809213216796416 308 0.99992 0.00976 -0.00774 0.12830 -0.00975 0.99995 0.00097 3.01534 0.00775 -0.00089 0.99997 -0.07430
1548809213250133248 309 0.99989 0.01162 -0.00932 0.12908 -0.01164 0.99993 -0.00270 3.02812 0.00928 0.00281 0.99995 -0.07438
1548809213283471360 310 0.99989 0.01186 -0.00893 0.12937 -0.01184 0.99993 0.00224 3.03947 0.00895 -0.00213 0.99996 -0.07461
1548809213316809216 311 0.99989 0.01159 -0.00926 0.12998 -0.01157 0.99993 0.00164 3.05217 0.00928 -0.00153 0.99996 -0.07490
1548809213350147328 312 0.99989 0.01111 -0.01028 0.13055 -0.01113 0.99994 -0.00187 3.06489 0.01026 0.00199 0.99995 -0.07434
1548809213383484416 313 0.99987 0.01211 -0.01022 0.13105 -0.01207 0.99992 0.00312 3.07650 0.01025 -0.00300 0.99994 -0.07481
1548809213416822272 314 0.99989 0.01081 -0.01058 0.12879 -0.01080 0.99994 0.00123 3.08830 0.01059 -0.00112 0.99994 -0.07518
1548809213450160384 315 0.99989 0.01171 -0.00958 0.12837 -0.01170 0.99993 0.00105 3.10059 0.00959 -0.00094 0.99995 -0.07569
1548809213483497216 316 0.99986 0.01384 -0.00950 0.12829 -0.01380 0.99990 0.00424 3.11234 0.00956 -0.00410 0.99995 -0.07594
1548809213516835328 317 0.99988 0.01200 -0.00950 0.12855 -0.01197 0.99992 0.00324 3.12524 0.00954 -0.00313 0.99995 -0.07615
1548809213550173184 318 0.99988 0.01299 -0.00889 0.12824 -0.01297 0.99991 0.00313 3.13791 0.00893 -0.00301 0.99996 -0.07683
1548809213583511296 319 0.99990 0.01180 -0.00761 0.12822 -0.01176 0.99992 0.00471 3.15055 0.00766 -0.00462 0.99996 -0.07684
1548809213616848384 320 0.99989 0.01158 -0.00960 0.12797 -0.01157 0.99993 0.00155 3.16305 0.00962 -0.00144 0.99995 -0.07798
1548809213650186240 321 0.99987 0.01298 -0.00953 0.12750 -0.01293 0.99990 0.00494 3.17536 0.00959 -0.00482 0.99994 -0.07863
1548809213683524352 322 0.99989 0.01250 -0.00855 0.12740 -0.01246 0.99991 0.00525 3.18713 0.00861 -0.00514 0.99995 -0.07829
1548809213716862208 323 0.99989 0.01223 -0.00833 0.12693 -0.01219 0.99991 0.00504 3.19988 0.00839 -0.00494 0.99995 -0.07819
1548809213750199296 324 0.99992 0.01075 -0.00714 0.12686 -0.01072 0.99994 0.00382 3.21328 0.00718 -0.00374 0.99997 -0.07861
1548809213783537408 325 0.99990 0.01107 -0.00913 0.12726 -0.01104 0.99994 0.00233 3.22678 0.00915 -0.00223 0.99996 -0.07807
1548809213816875264 326 0.99990 0.01033 -0.00950 0.12735 -0.01032 0.99995 0.00119 3.23892 0.00951 -0.00109 0.99995 -0.07893
1548809213850212352 327 0.99989 0.01216 -0.00840 0.12668 -0.01212 0.99992 0.00372 3.25092 0.00845 -0.00361 0.99996 -0.07922
1548809213883550208 328 0.99990 0.01202 -0.00703 0.12616 -0.01200 0.99992 0.00354 3.26360 0.00707 -0.00345 0.99997 -0.07947
1548809213916888320 329 0.99993 0.01052 -0.00598 0.12523 -0.01050 0.99994 0.00358 3.27590 0.00602 -0.00352 0.99998 -0.07946
1548809213950226176 330 0.99993 0.00848 -0.00781 0.12618 -0.00846 0.99996 0.00264 3.28885 0.00783 -0.00258 0.99997 -0.08015
1548809213983563264 331 0.99991 0.01019 -0.00891 0.12725 -0.01017 0.99995 0.00206 3.30108 0.00893 -0.00197 0.99996 -0.08029
1548809214016901376 332 0.99991 0.01086 -0.00811 0.12754 -0.01082 0.99993 0.00399 3.31281 0.00815 -0.00390 0.99996 -0.08087
