1686751364005892608 12 1 0 0 -0 0 1 0 -0 0 0 1 -0
1686751364605714176 16 0.992917 -0.118517 0.00828454 0.0473327 0.118553 0.99294 -0.00388023 0.0128457 -0.00776618 0.0048349 0.999958 -0.00963429
1686751364806047232 19 0.982984 -0.183465 0.00912882 0.0748485 0.183541 0.982977 -0.00827478 0.0253882 -0.00745529 0.00980949 0.999924 -0.00794367
1686751364956046592 22 0.971483 -0.236929 0.00922725 0.0953139 0.237035 0.971416 -0.0128658 0.036538 -0.00591522 0.0146861 0.999875 -0.00751635
1686751365105618176 25 0.956001 -0.29317 0.0106279 0.120879 0.293303 0.95591 -0.0144577 0.0507615 -0.00592072 0.0169388 0.999839 -0.00746559
1686751365255661568 28 0.938061 -0.346253 0.012243 0.149938 0.346396 0.938003 -0.0126624 0.0681086 -0.00709959 0.0161191 0.999845 -0.00916568
1686751365405505536 32 0.917838 -0.396741 0.0130367 0.172753 0.396922 0.917692 -0.0171642 0.0879464 -0.00515395 0.0209285 0.999768 -0.00998826
1686751365605516800 36 0.891223 -0.453415 0.0116827 0.210183 0.453563 0.890829 -0.0265382 0.110793 0.00162556 0.0289503 0.99958 -0.0101255
1686751365805409280 40 0.863023 -0.504912 0.0159542 0.248619 0.50516 0.862471 -0.0309424 0.138317 0.00186316 0.0347635 0.999394 -0.0119221
1686751366005440512 44 0.826456 -0.562639 0.0202094 0.288352 0.562995 0.826086 -0.0248593 0.177579 -0.00270789 0.0319229 0.999487 -0.0131287
1686751366205343488 47 0.785565 -0.618438 0.0205677 0.327054 0.618777 0.78522 -0.0233162 0.219674 -0.00173052 0.0310432 0.999517 -0.0136553
1686751366355254272 51 0.751079 -0.659918 0.0197279 0.356447 0.660196 0.750514 -0.0294922 0.255107 0.00465641 0.0351753 0.99937 -0.0145382
1686751366555182848 55 0.70493 -0.709044 0.0181678 0.388369 0.709115 0.70399 -0.039427 0.295508 0.0151655 0.0406764 0.999057 -0.014318
1686751366755610368 59 0.660463 -0.750513 0.0227916 0.434125 0.750685 0.659353 -0.0415437 0.350943 0.0161513 0.0445474 0.998877 -0.0166082
1686751366955131136 63 0.610686 -0.791577 0.0216353 0.577013 0.791714 0.609789 -0.0366908 0.51402 0.0158507 0.0395355 0.999092 -0.0270685
1686751367155380480 66 0.555527 -0.831219 0.0215675 0.647058 0.831356 0.554764 -0.032934 0.631654 0.0154105 0.036226 0.999225 -0.0300797
1686751367305091840 69 0.50782 -0.861199 0.0213151 0.680994 0.861201 0.5069 -0.0372246 0.696778 0.0212532 0.03726 0.99908 -0.0295218
1686751367454933504 73 0.457611 -0.888827 0.024043 0.716946 0.888819 0.456531 -0.0397533 0.779984 0.0243575 0.0395615 0.99892 -0.0315823
1686751367654973184 76 0.390161 -0.920413 0.0247656 0.742608 0.920409 0.389149 -0.0375571 0.878391 0.0249305 0.0374478 0.998988 -0.0322551
1686751367804704512 81 0.357531 -0.933574 0.0246994 0.761732 0.933415 0.356366 -0.041716 0.944243 0.0301429 0.0379696 0.998824 -0.0313357
1686751368054670848 90 0.339838 -0.940131 0.0257601 0.801117 0.940038 0.338706 -0.0400909 1.06393 0.0289656 0.0378399 0.998864 -0.0325048
1686751368504717824 102 0.32463 -0.945503 0.0252856 0.873532 0.945242 0.323357 -0.0442516 1.27836 0.0336637 0.0382665 0.9987 -0.0324342
1686751369104832512 118 0.295458 -0.955012 0.0256177 0.972893 0.95472 0.294178 -0.0443694 1.59569 0.0348371 0.0375671 0.998687 -0.0321619
1686751369904876544 135 0.251788 -0.967473 0.0244851 1.08602 0.967027 0.250512 -0.0458607 2.03953 0.0382352 0.035225 0.998648 -0.0301478
1686751370754836736 151 0.233167 -0.972141 0.0239864 1.25047 0.971484 0.231776 -0.0499931 2.68801 0.0430409 0.0349591 0.998461 -0.0250547
1686751371554797824 167 0.222182 -0.974747 0.0224169 1.40418 0.974069 0.220902 -0.0489157 3.36184 0.0427286 0.0327038 0.998551 -0.0201978
1686751372354620672 188 0.210516 -0.977233 0.0264507 1.56879 0.976926 0.209299 -0.0425306 4.08245 0.0360262 0.0347938 0.998745 -0.0162592
1686751373405388800 209 0.198264 -0.979797 0.0262335 1.80311 0.979121 0.19676 -0.0510675 5.1615 0.0448741 0.0358106 0.998351 -0.011073
1686751374454803200 222 0.238117 -0.971001 0.0213771 2.08212 0.970334 0.236889 -0.0483255 6.31614 0.0418601 0.03225 0.998603 0.000945631
1686751375104705280 239 0.263193 -0.964569 0.0183541 2.2886 0.964026 0.262216 -0.0435456 7.04437 0.03719 0.0291547 0.998883 0.00490002
1686751375954617600 242 0.328482 -0.944381 0.0156035 2.58651 0.94412 0.327827 -0.0341498 7.95026 0.0271352 0.0259492 0.999295 0.00614623
1686751376104706560 246 0.384338 -0.923086 0.0140442 2.65517 0.922682 0.383575 -0.0390931 8.09427 0.0306992 0.0279833 0.999137 0.00644465
1686751376304653568 252 0.438643 -0.898569 0.012915 2.76152 0.898265 0.437978 -0.0359871 8.2656 0.0266804 0.0273866 0.999269 0.00441176
1686751376604679168 256 0.488628 -0.872408 0.0121226 2.91183 0.872094 0.487939 -0.0369725 8.52676 0.02634 0.0286378 0.999243 0.00253315
1686751376804713216 264 0.541542 -0.840595 0.0114544 3.0316 0.840408 0.540979 -0.0325101 8.6882 0.0211313 0.027232 0.999406 0.00187621
1686751377204658176 276 0.587688 -0.808975 0.0134811 3.27717 0.808936 0.587174 -0.0291465 9.02606 0.015663 0.0280344 0.999484 -0.00135166
1686751377804699904 286 0.630518 -0.776118 0.00932202 3.64193 0.775797 0.629792 -0.0387265 9.46771 0.0241854 0.0316498 0.999206 0.000413926
1686751378304818176 298 0.673114 -0.739439 0.0121591 3.9524 0.739177 0.67218 -0.0423178 9.79655 0.0231183 0.0374725 0.99903 -0.00493206
1686751378904904448 302 0.718808 -0.694946 0.0190975 4.36495 0.695033 0.717739 -0.0421909 10.191 0.0156134 0.0436006 0.998927 -0.0112956
1686751379104607232 307 0.761293 -0.647993 0.0232003 4.51581 0.648376 0.760406 -0.0373073 10.3007 0.00653326 0.0434443 0.999034 -0.0162285
1686751379354690048 313 0.801606 -0.597198 0.0279679 4.70086 0.597844 0.800971 -0.0320794 10.4235 -0.00324373 0.0424355 0.999094 -0.0272544
1686751379654651392 328 0.834002 -0.550866 0.031421 4.92544 0.551672 0.833537 -0.0295625 10.5573 -0.00990565 0.0419893 0.999069 -0.0371701
1686751380404744704 332 0.829283 -0.558508 0.0189256 5.44405 0.558825 0.828687 -0.0314972 10.9013 0.00190799 0.0366962 0.999325 -0.0559258
1686751380604609792 339 0.815365 -0.578811 0.0125078 5.60791 0.578868 0.814709 -0.0340694 11.0235 0.00952953 0.0350194 0.999341 -0.0594088
1686751380955564288 349 0.784329 -0.620289 -0.00830081 5.82354 0.619638 0.784004 -0.0372496 11.2101 0.0296134 0.0240725 0.999272 -0.0584308
1686751381454676992 357 0.74944 -0.662072 0.000775591 6.11534 0.662052 0.749408 -0.00865612 11.4865 0.00514974 0.00700074 0.999962 -0.0682238
1686751381854720768 364 0.726898 -0.686735 -0.00386985 6.34196 0.686266 0.726589 -0.0332864 11.686 0.0256707 0.0215401 0.999438 -0.0655922
1686751382204606464 368 0.689524 -0.724257 -0.002787 6.51272 0.723637 0.689083 -0.0389118 11.8738 0.0301026 0.0248138 0.999239 -0.069959
1686751382404768256 373 0.651992 -0.758225 0.00104593 6.58089 0.757651 0.651444 -0.0398038 11.9567 0.0294988 0.0267442 0.999207 -0.0704641
1686751382654717440 377 0.639896 -0.768318 0.0148403 6.68148 0.768167 0.638999 -0.0399927 12.0662 0.0212441 0.036991 0.99909 -0.0737403
1686751382854655232 380 0.609042 -0.792788 0.0235611 6.74996 0.792977 0.608051 -0.0382298 12.1544 0.0159818 0.041967 0.998991 -0.0771591
1686751383005482240 383 0.566017 -0.824209 0.0174282 6.77281 0.824176 0.565256 -0.0349279 12.2341 0.0189365 0.0341337 0.999238 -0.0747911
1686751383154672128 385 0.51775 -0.855236 0.0224972 6.81361 0.855172 0.51659 -0.0426078 12.3066 0.0248179 0.0412992 0.998839 -0.0755051
1686751383254647552 391 0.499734 -0.865964 0.0192688 6.83369 0.865792 0.498723 -0.0409896 12.3623 0.0258857 0.0371667 0.998974 -0.0763943
1686751383554647296 399 0.47306 -0.88072 0.0234006 6.91242 0.880663 0.471929 -0.0414158 12.5098 0.0254323 0.0402002 0.998868 -0.0784372
1686751383954727168 403 0.416966 -0.908599 0.0242151 6.94526 0.908205 0.415431 -0.050809 12.6152 0.0361053 0.0431779 0.998415 -0.076365
1686751384154621696 408 0.359849 -0.932589 0.0280351 6.95812 0.932333 0.358281 -0.0488922 12.673 0.0355519 0.0437319 0.998411 -0.0780197
1686751384405229056 417 0.305584 -0.951771 0.0273925 6.96292 0.951512 0.304183 -0.0458084 12.7383 0.0352668 0.0400626 0.998575 -0.0770009
1686751384854680064 431 0.251649 -0.967486 0.0253817 6.9658 0.967098 0.250363 -0.0451758 12.8135 0.0373523 0.0359151 0.998657 -0.0749032
1686751385554670592 481 0.196493 -0.980252 0.0222813 6.99353 0.979389 0.195134 -0.0521577 13.0149 0.0467798 0.0320707 0.99839 -0.0707587
1686751388054782464 489 0.153854 -0.987772 0.025222 7.07231 0.987017 0.152445 -0.0505857 13.5219 0.0461222 0.0326773 0.998401 -0.0655536
1686751388455020544 491 0.100844 -0.994554 0.0263356 7.09253 0.993871 0.0994989 -0.0481641 13.7193 0.0452815 0.0310312 0.998492 -0.0624841
1686751388554796800 494 0.0424967 -0.998621 0.030831 7.09286 0.997818 0.0408615 -0.0518601 13.7375 0.0505288 0.0329677 0.998178 -0.0626898
1686751388704742144 497 -0.0155239 -0.999436 0.0297668 7.07678 0.998494 -0.017062 -0.0521313 13.7605 0.0526098 0.0289127 0.998197 -0.059576
1686751388854878720 500 -0.0793734 -0.996064 0.0394547 7.06686 0.99474 -0.0817145 -0.0617651 13.7703 0.064746 0.0343447 0.997311 -0.0576009
1686751389004648704 504 -0.136465 -0.99001 0.0354619 7.04781 0.988708 -0.138348 -0.0575801 13.8021 0.0619109 0.0272038 0.997711 -0.0571452
1686751389204648192 508 -0.199218 -0.979312 0.0355008 7.01132 0.977362 -0.201194 -0.0654613 13.8552 0.0712496 0.0216561 0.997223 -0.0525726
1686751389404754688 512 -0.25871 -0.965005 0.042842 6.97579 0.963067 -0.26111 -0.065756 13.9716 0.0746413 0.024248 0.996916 -0.0477414
1686751389604535296 515 -0.32613 -0.944203 0.0460306 6.91446 0.942385 -0.328568 -0.0628756 14.096 0.0744915 0.022873 0.996959 -0.0444787
1686751389754586624 518 -0.394313 -0.918728 0.0213382 6.82543 0.917617 -0.394886 -0.0452171 14.2184 0.0499684 0.00175062 0.998749 -0.0471883
1686751389904628736 530 -0.44685 -0.89378 0.0385125 6.77793 0.892616 -0.448313 -0.0474644 14.3264 0.0596884 0.0131674 0.99813 -0.0439021
1686751390504630272 536 -0.449181 -0.892747 0.0351922 6.5128 0.891713 -0.450413 -0.0444588 14.8334 0.0555415 0.0114113 0.998391 -0.0301907
1686751390804769536 540 -0.398324 -0.916901 0.0251003 6.38139 0.916042 -0.399054 -0.0402962 15.1351 0.046964 0.00694205 0.998872 -0.0189909
1686751391004705536 544 -0.339493 -0.93956 0.0443961 6.32134 0.938538 -0.341498 -0.050249 15.3506 0.0623732 0.0246083 0.997749 -0.00955884
1686751391205015808 547 -0.273719 -0.9608 0.0440697 6.24077 0.959973 -0.27574 -0.0491915 15.6398 0.059415 0.0288411 0.997817 -0.00326737
1686751391354877184 550 -0.2193 -0.974825 0.040288 6.21236 0.973848 -0.221221 -0.0517846 15.7999 0.0593935 0.027878 0.997845 0.00224232
1686751391504915200 553 -0.160623 -0.985986 0.0450813 6.20775 0.984954 -0.163071 -0.0572155 15.9566 0.0637651 0.0352129 0.997344 0.0091297
1686751391654961152 557 -0.0885492 -0.995171 0.0423598 6.20077 0.994221 -0.0908958 -0.0571137 16.1212 0.0606882 0.0370577 0.997469 0.0125511
1686751391855039488 561 -0.0116761 -0.999096 0.0408679 6.21388 0.998455 -0.0138694 -0.0538032 16.3543 0.0543214 0.0401766 0.997715 0.0165672
1686751392054913792 568 0.0491468 -0.998072 0.0378994 6.23718 0.9977 0.0472844 -0.0485628 16.5943 0.0466771 0.040199 0.998101 0.0171883
1686751392404675584 578 0.118183 -0.99244 0.0330852 6.29719 0.991826 0.116365 -0.0523542 17.0041 0.0481085 0.0390022 0.99808 0.0251572
1686751392905070080 587 0.16692 -0.985419 0.0329792 6.40998 0.985054 0.165229 -0.0486707 17.6062 0.0425119 0.0406104 0.99827 0.0296306
1686751393354554368 594 0.177245 -0.983662 0.0315182 6.51997 0.982962 0.175353 -0.0551048 18.1395 0.0486776 0.0407483 0.997983 0.0368088
1686751393704988928 604 0.180309 -0.983065 0.032743 6.60725 0.982888 0.178802 -0.0442863 18.6097 0.0376818 0.0401679 0.998482 0.0399157
1686751394204705536 615 0.199495 -0.979416 0.0307678 6.7136 0.979023 0.197892 -0.0485015 19.1145 0.0414145 0.0397982 0.998349 0.0451866
1686751394754674176 625 0.211452 -0.976916 0.0303893 6.85205 0.9767 0.210034 -0.044071 19.7385 0.0366709 0.0390001 0.998566 0.0507659
1686751395254795008 634 0.213677 -0.976437 0.0302093 6.98362 0.976158 0.212203 -0.0456722 20.3016 0.0381856 0.0392482 0.9985 0.0570573
1686751395704670720 649 0.216881 -0.975746 0.0297048 7.096 0.975617 0.215603 -0.0410604 20.7993 0.03366 0.0378858 0.998715 0.0552758
1686751396455088384 652 0.214456 -0.976342 0.0276652 7.30497 0.976069 0.21318 -0.0429298 21.6777 0.0360165 0.0362097 0.998695 0.05725
1686751396605067264 662 0.214526 -0.976323 0.0277911 7.34763 0.975999 0.213189 -0.0444604 21.8638 0.037483 0.036662 0.998625 0.0585192
1686751397105570816 670 0.21025 -0.977181 0.0302084 7.49159 0.976893 0.208773 -0.045765 22.4938 0.038414 0.0391325 0.998495 0.0643036
1686751397504882688 681 0.20394 -0.978487 0.0311807 7.60213 0.978206 0.202405 -0.046325 23.0055 0.0390173 0.0399487 0.99844 0.0646731
1686751398055060480 691 0.206167 -0.978052 0.0301446 7.74945 0.977429 0.204388 -0.0534621 23.6747 0.0461275 0.0404864 0.998115 0.0771083
1686751398555134976 707 0.226836 -0.973363 0.0333255 7.8952 0.973125 0.225121 -0.04846 24.2843 0.0396669 0.0434224 0.998269 0.0814929
1686751399354802176 717 0.253714 -0.966692 0.0337017 8.15912 0.966333 0.251771 -0.0530277 25.2373 0.0427763 0.046021 0.998024 0.094624
1686751399855260416 734 0.262866 -0.964269 0.0329617 8.33556 0.963989 0.261054 -0.050749 25.8615 0.0403309 0.0451149 0.998167 0.0974169
1686751400705245184 746 0.255489 -0.966158 0.035568 8.63435 0.966254 0.253918 -0.0433502 26.9223 0.0328517 0.0454432 0.998427 0.100227
1686751401305149184 760 0.251672 -0.967151 0.0357856 8.83454 0.967206 0.250033 -0.0446745 27.658 0.0342594 0.0458554 0.99836 0.103331
1686751402004994816 768 0.216363 -0.975679 0.0351789 9.04601 0.97541 0.214473 -0.050753 28.5475 0.0419737 0.045295 0.998091 0.112011
1686751402405471744 782 0.206857 -0.97778 0.0340051 9.16553 0.977532 0.205115 -0.0485672 29.0834 0.0405131 0.0432875 0.998241 0.11629
1686751403104957952 789 0.194568 -0.980141 0.0383109 9.3574 0.980174 0.192786 -0.0457527 29.9974 0.0374583 0.0464534 0.998218 0.125977
1686751403455020544 806 0.192954 -0.980597 0.0346181 9.44794 0.980415 0.19126 -0.0469649 30.4544 0.0394326 0.0430021 0.998296 0.127292
1686751404304843264 810 0.182835 -0.982569 0.0336058 9.67782 0.982343 0.181201 -0.046559 31.6235 0.0396581 0.0415251 0.99835 0.137262
1686751404504969472 824 0.179939 -0.983121 0.0330826 9.73935 0.982861 0.178318 -0.0467634 31.908 0.0400749 0.0409302 0.998358 0.140514
1686751405204888832 827 0.220664 -0.974827 0.0319323 9.94257 0.974581 0.219073 -0.0468882 32.8526 0.0387124 0.0414672 0.99839 0.150316
1686751405354939904 840 0.227908 -0.973167 0.0316723 9.99116 0.972752 0.226147 -0.0511071 33.0346 0.0425731 0.042457 0.998191 0.153196
1686751406004980736 845 0.255701 -0.966344 0.0282215 10.2188 0.965793 0.254035 -0.0520693 33.8878 0.0431476 0.0405703 0.998245 0.162059
1686751406255054336 859 0.258112 -0.965713 0.0278476 10.3113 0.965166 0.256474 -0.0517253 34.2165 0.0428096 0.0402285 0.998273 0.167257
1686751406954962176 864 0.260003 -0.965269 0.0255914 10.5546 0.964811 0.258621 -0.0474794 35.1115 0.0392119 0.0370357 0.998544 0.173066
1686751407204958464 883 0.259793 -0.965331 0.0253692 10.6473 0.964663 0.258237 -0.0523346 35.4382 0.0439689 0.0380688 0.998307 0.173433
1686751408154898176 888 0.256967 -0.965914 0.0312795 11.011 0.965867 0.25559 -0.0421202 36.7387 0.0326897 0.0410353 0.998623 0.182135
1686751408404958208 903 0.260299 -0.965053 0.0302722 11.1077 0.964762 0.258716 -0.0479661 37.0872 0.038458 0.041691 0.99839 0.188809
1686751409155100672 908 0.316899 -0.948026 0.0286782 11.4218 0.947643 0.315228 -0.051034 38.04 0.0393413 0.0433494 0.998285 0.192836
1686751409405019648 915 0.353858 -0.934726 0.0327234 11.5365 0.934776 0.352273 -0.0458017 38.324 0.0312845 0.0467964 0.998414 0.186361
1686751409755321856 921 0.418468 -0.907591 0.034094 11.7382 0.908018 0.41726 -0.0373867 38.7451 0.0197058 0.0466031 0.998719 0.186179
1686751410054934272 925 0.47639 -0.87866 0.031754 11.9246 0.878861 0.474826 -0.046303 39.0817 0.025607 0.0499657 0.998423 0.187292
1686751410255031296 931 0.53042 -0.847167 0.0310354 12.0678 0.84747 0.528982 -0.0444277 39.2852 0.0212205 0.0498669 0.99853 0.181883
1686751410554818304 938 0.579501 -0.814314 0.0327299 12.3194 0.814849 0.578252 -0.0405688 39.6374 0.0141096 0.0501796 0.998641 0.176661
1686751410904897792 945 0.62572 -0.779089 0.0386654 12.6066 0.78001 0.624433 -0.0408419 39.9677 0.00767549 0.055715 0.998417 0.167813
1686751411255016192 953 0.673462 -0.738594 0.0304668 12.8984 0.73911 0.672069 -0.0451627 40.2892 0.0128811 0.0529337 0.998515 0.161627
1686751411654980608 962 0.715285 -0.698146 0.0309757 13.2725 0.698749 0.71381 -0.0471627 40.6411 0.0108157 0.055379 0.998407 0.154796
1686751412104949760 968 0.756827 -0.652159 0.0436009 13.7637 0.653522 0.756162 -0.0335887 41.1059 -0.0110642 0.0539149 0.998484 0.130626
1686751412405096192 974 0.793806 -0.607202 0.0343091 14.047 0.608152 0.792961 -0.0369339 41.2971 -0.00477945 0.0501835 0.998729 0.122672
1686751412704933120 980 0.830168 -0.556942 0.0252543 14.3959 0.557506 0.82906 -0.0429815 41.5288 0.00300087 0.0497613 0.998757 0.10877
1686751413005140992 987 0.859699 -0.510128 0.0261975 14.7417 0.510782 0.85897 -0.0356723 41.7302 -0.0043054 0.0440487 0.99902 0.0954703
1686751413354968576 994 0.885501 -0.46443 0.0139128 15.1885 0.464594 0.884607 -0.0402949 41.9732 0.00640675 0.042145 0.999091 0.0794357
1686751413705240832 1000 0.904528 -0.425356 0.0300108 15.6516 0.426182 0.904114 -0.0307682 42.1879 -0.0140457 0.0406208 0.999076 0.0557354
1686751414005010432 1007 0.920174 -0.390628 0.0262748 16.0372 0.391331 0.919711 -0.0314868 42.3485 -0.0118656 0.0392555 0.999159 0.0375656
1686751414355013120 1011 0.944072 -0.328604 0.0273427 16.496 0.329301 0.943845 -0.0267989 42.5075 -0.017001 0.0343041 0.999267 0.0105413
1686751414555040768 1016 0.961563 -0.272923 0.0301737 16.7669 0.273623 0.961582 -0.0221516 42.5794 -0.0229688 0.0295563 0.999299 -0.00273766
1686751414804916992 1021 0.976428 -0.214392 0.0250034 17.0842 0.214979 0.976329 -0.0237981 42.6433 -0.0193095 0.0286124 0.999404 -0.0185378
1686751415054985216 1026 0.987408 -0.156703 0.0216817 17.3947 0.157261 0.987187 -0.0270219 42.6806 -0.0171695 0.0300913 0.9994 -0.0332667
1686751415305196032 1031 0.994864 -0.0991044 0.0206034 17.7262 0.0995601 0.994779 -0.0224076 42.7081 -0.0182752 0.0243438 0.999537 -0.0498009
1686751415555020032 1038 0.999314 -0.0352181 0.0114565 18.0493 0.0354394 0.999177 -0.0197213 42.7126 -0.0107526 0.0201138 0.99974 -0.0645106
1686751415905540096 1048 0.999474 0.0295536 0.0133627 18.5003 -0.0293 0.999394 -0.0187912 42.6877 -0.01391 0.0183898 0.999734 -0.081189
1686751416405346816 1055 0.997874 0.0582637 0.0291973 19.1593 -0.0578771 0.998227 -0.0139159 42.6484 -0.0299563 0.0121965 0.999477 -0.121557
1686751416755354112 1060 0.995469 0.0950847 -0.000615909 19.5721 -0.0950836 0.995364 -0.014472 42.5984 -0.000763014 0.014465 0.999895 -0.134264
1686751417005701632 1068 0.990923 0.13254 -0.0224598 19.8562 -0.13283 0.991066 -0.0119798 42.5534 0.0206714 0.0148544 0.999676 -0.137927
1686751417405251840 1077 0.984217 0.176725 0.00925086 20.3681 -0.176633 0.984227 -0.00992377 42.4573 -0.0108587 0.00813314 0.999908 -0.162105
1686751417855195904 1088 0.971695 0.235937 0.0119708 20.9139 -0.235752 0.971696 -0.0150849 42.3147 -0.0151911 0.0118358 0.999815 -0.187283
1686751418405109760 1100 0.959177 0.282778 -0.0040106 21.5895 -0.282804 0.959009 -0.0179977 42.0971 -0.00124316 0.0183972 0.99983 -0.215871
1686751419005367040 1107 0.967867 0.250231 0.0248731 22.3512 -0.249568 0.967982 -0.0269401 41.8863 -0.030818 0.0198669 0.999328 -0.264173
1686751419355300864 1119 0.971391 0.237367 -0.00754309 22.7438 -0.237475 0.971175 -0.0205901 41.7825 0.00243824 0.0217924 0.99976 -0.274722
1686751419955249408 1128 0.974466 0.224533 -0.000637129 23.5129 -0.224487 0.974201 -0.0232049 41.5946 -0.00458959 0.0227555 0.999731 -0.306922
1686751420405498112 1145 0.976251 0.216615 0.00328546 24.1053 -0.216488 0.976022 -0.0226514 41.4543 -0.00811334 0.0214022 0.999738 -0.333906
1686751421255603968 1149 0.978602 0.205677 0.00595885 25.2728 -0.205519 0.97844 -0.0204141 41.1871 -0.0100291 0.0187526 0.999774 -0.388721
1686751421456125440 1161 0.979481 0.201357 0.00846776 25.5572 -0.201108 0.979278 -0.0238945 41.1218 -0.0131036 0.0217013 0.999679 -0.406341
1686751422055410176 1168 0.980791 0.194876 0.0084797 26.3291 -0.194671 0.980652 -0.0206095 40.9587 -0.012332 0.0185629 0.999752 -0.444414
1686751422405388032 1183 0.980418 0.196506 0.0128666 26.7974 -0.196183 0.980301 -0.0228621 40.8535 -0.0171056 0.0198902 0.999656 -0.469582
1686751423155468800 1193 0.985796 0.167257 0.0151874 27.7861 -0.166917 0.985738 -0.0214559 40.6721 -0.0185594 0.0186161 0.999654 -0.519623
1686751423655467008 1209 0.984263 0.175896 0.0169478 28.4476 -0.175483 0.984205 -0.0233551 40.5416 -0.0207882 0.0200135 0.999584 -0.55671
1686751424455288064 1218 0.982586 0.18557 0.00945928 29.4778 -0.185308 0.982399 -0.0235386 40.3329 -0.0136608 0.0213758 0.999678 -0.612264
1686751424905712128 1231 0.979094 0.202711 0.0168077 30.0817 -0.202368 0.979103 -0.0200988 40.2001 -0.0205307 0.0162773 0.999657 -0.643671
1686751425555771904 1240 0.976145 0.21633 0.0184769 30.9331 -0.21606 0.976256 -0.0155357 40.0108 -0.021399 0.011173 0.999709 -0.69209
1686751426005844736 1255 0.972824 0.230278 0.0241852 31.5384 -0.229881 0.97305 -0.0180991 39.8596 -0.0277012 0.0120476 0.999544 -0.729301
1686751426755933184 1264 0.961491 0.273692 0.0250531 32.4988 -0.273426 0.961797 -0.013563 39.5766 -0.0278081 0.00619054 0.999594 -0.785396
1686751427205775360 1281 0.95987 0.279719 0.0201638 33.0607 -0.279395 0.960018 -0.0174321 39.4016 -0.0242336 0.0110989 0.999645 -0.8173
1686751428055848192 1291 0.96949 0.243633 0.0270392 34.1746 -0.243092 0.969758 -0.0218058 39.0955 -0.0315341 0.0145675 0.999397 -0.88762
1686751428555869952 1311 0.977511 0.20962 0.0230365 34.8322 -0.209101 0.977622 -0.0230663 38.9432 -0.0273562 0.0177306 0.999468 -0.933018
1686751429555846656 1325 0.981422 0.189992 0.0267333 36.1795 -0.189303 0.981566 -0.0263058 38.6567 -0.0312384 0.0207564 0.999296 -1.0226
1686751430255850752 1344 0.983771 0.178733 0.0157733 37.0985 -0.178455 0.983791 -0.0175587 38.4754 -0.0186559 0.0144589 0.999721 -1.0741
1686751431206672128 1353 0.986431 0.161947 0.0269816 38.423 -0.161444 0.986682 -0.0198642 38.2302 -0.0298392 0.0152386 0.999439 -1.15792
1686751431656656640 1368 0.987738 0.153771 0.0269993 39.0212 -0.153182 0.987938 -0.0226766 38.1306 -0.0301606 0.0182627 0.999378 -1.19844
1686751432406281472 1378 0.98444 0.172857 0.0315837 40.0806 -0.172178 0.984795 -0.0230965 37.953 -0.0350958 0.0172992 0.999234 -1.26675
1686751432906004480 1399 0.972562 0.231202 0.0258585 40.7761 -0.230685 0.972791 -0.0214814 37.7712 -0.0301215 0.0149268 0.999435 -1.30979
1686751433956218624 1412 0.965256 0.259593 0.0298524 42.1869 -0.259121 0.965662 -0.0187877 37.3844 -0.0337045 0.0103995 0.999378 -1.4018
1686751434605611264 1427 0.963132 0.267632 0.0273775 43.0485 -0.267247 0.963479 -0.0169314 37.1325 -0.0309091 0.00899064 0.999482 -1.45869
1686751435355716096 1440 0.97526 0.219518 0.0260596 44.0496 -0.219202 0.975573 -0.0144433 36.8816 -0.0285936 0.00837371 0.999556 -1.52093
1686751436005966080 1459 0.975637 0.217623 0.0278146 44.9782 -0.217354 0.976014 -0.0123832 36.6664 -0.0298423 0.00603593 0.999536 -1.58277
1686751436955404032 1480 0.977351 0.210122 0.0251751 46.2679 -0.209852 0.977647 -0.0129623 36.3695 -0.027336 0.00738573 0.999599 -1.66458
1686751438005433344 1512 0.977615 0.208772 0.0261319 47.7266 -0.208332 0.977881 -0.0186165 36.0423 -0.0294405 0.0127557 0.999485 -1.76117
1686751439605560064 1533 0.971487 0.234695 0.0336286 49.952 -0.234215 0.972025 -0.0176023 35.4809 -0.036819 0.00922411 0.999279 -1.90425
1686751440655241216 1575 0.974671 0.221106 0.0335988 51.4024 -0.220649 0.975209 -0.0167914 35.1158 -0.0364785 0.00895252 0.999294 -2.00165
1686751442755713280 1598 0.982167 0.185747 0.0290945 54.3122 -0.185425 0.982567 -0.0134261 34.4988 -0.0310811 0.00779185 0.999486 -2.19605
1686751443905087744 1641 0.978781 0.202117 0.0337127 55.8945 -0.201738 0.979335 -0.0143171 34.1581 -0.0359098 0.00721216 0.999329 -2.30067
1686751446055158784 1658 0.972401 0.231538 0.0287485 58.785 -0.231009 0.972734 -0.0205692 33.4332 -0.0327272 0.0133603 0.999375 -2.50258
1686751446905145856 1691 0.975129 0.220469 0.0227584 59.9465 -0.219975 0.97525 -0.0223287 33.1606 -0.0271179 0.0167671 0.999492 -2.57504
1686751448555022080 1702 0.974852 0.220252 0.0339385 62.1661 -0.219643 0.975359 -0.0207713 32.6221 -0.0376771 0.0127946 0.999208 -2.74428
1686751449105473024 1728 0.976566 0.212569 0.0336631 62.9215 -0.212035 0.977082 -0.0187328 32.4494 -0.0368736 0.0111561 0.999258 -2.79174
1686751450405236480 1734 0.965698 0.257457 0.0338198 64.6565 -0.256901 0.966232 -0.0199348 32.0128 -0.0378102 0.0105626 0.999229 -2.91644
1686751450705309440 1760 0.963067 0.267265 0.032736 65.0526 -0.266797 0.963585 -0.0180053 31.8907 -0.0363561 0.00860646 0.999302 -2.94421
1686751452005414400 1762 0.96446 0.262268 0.0321436 66.8114 -0.261822 0.964958 -0.01746 31.3775 -0.0355965 0.00842358 0.999331 -3.07188
1686751452105708288 1781 0.964184 0.263102 0.033552 66.9564 -0.262658 0.964737 -0.0171105 31.3349 -0.0368707 0.00768494 0.99929 -3.08305
1686751453055286528 1790 0.966745 0.25296 0.0376234 68.1513 -0.252426 0.967441 -0.0183969 31.0041 -0.0410521 0.00828799 0.999123 -3.17481
1686751453505309952 1817 0.967702 0.248976 0.0395499 68.7222 -0.248382 0.968469 -0.0193634 30.8437 -0.0431238 0.00891454 0.99903 -3.2181
1686751454855151104 1818 0.971702 0.233335 0.0367507 70.4027 -0.232594 0.972294 -0.023333 30.4085 -0.0411769 0.0141247 0.999052 -3.36256
1686751454905126912 1830 0.971759 0.233549 0.0337618 70.4704 -0.2329 0.97225 -0.0220611 30.3905 -0.0379773 0.0135749 0.999186 -3.36903
1686751455505252096 1851 0.972681 0.227845 0.0444751 71.2552 -0.226994 0.973615 -0.0234015 30.1964 -0.0486335 0.0126666 0.998736 -3.43386
1686751456555170816 1874 0.974933 0.216544 0.0511331 72.6312 -0.21555 0.976191 -0.0242765 29.8643 -0.0551726 0.0126462 0.998397 -3.54556
1686751457705091072 1880 0.959635 0.275585 0.0561566 74.0615 -0.274875 0.961269 -0.0201386 29.5027 -0.0595315 0.00388967 0.998219 -3.67941
1686751458005113856 1885 0.939076 0.339411 0.0541895 74.3932 -0.339218 0.940618 -0.013008 29.3728 -0.0553867 -0.00616651 0.998446 -3.70414
1686751458255062016 1890 0.914127 0.402191 0.0511251 74.6612 -0.402322 0.915462 -0.00816587 29.2495 -0.0500873 -0.0131041 0.998659 -3.72778
1686751458505047040 1894 0.884317 0.462011 0.0673016 74.9515 -0.462695 0.886497 -0.00598918 29.0939 -0.0624298 -0.0258438 0.997715 -3.75854
1686751458705020672 1898 0.852189 0.517226 0.0790631 75.173 -0.518599 0.85501 -0.00366143 28.9535 -0.0694935 -0.0378818 0.996863 -3.78236
1686751458904930304 1902 0.822245 0.563214 0.0818763 75.3793 -0.56508 0.825036 -0.000458498 28.8112 -0.0678092 -0.0458897 0.996642 -3.80665
1686751459104894208 1906 0.777963 0.622809 0.0829628 75.5705 -0.624989 0.780634 0.000384662 28.6415 -0.064524 -0.0521501 0.996553 -3.83136
1686751459304960000 1910 0.740125 0.667849 0.0786904 75.7431 -0.670306 0.742054 0.00674286 28.4712 -0.0538893 -0.0577373 0.996876 -3.8504
1686751459504972800 1914 0.691968 0.717051 0.0837752 75.9218 -0.719714 0.694267 0.00231186 28.2792 -0.0565047 -0.0618939 0.996482 -3.87145
1686751459704995328 1918 0.639329 0.764592 0.0816006 76.0703 -0.767383 0.641173 0.00458308 28.074 -0.0488159 -0.0655489 0.996655 -3.89115
1686751459904904960 1922 0.594443 0.800148 0.0800059 76.2169 -0.803173 0.595656 0.0103433 27.87 -0.0393798 -0.070407 0.996741 -3.90722
1686751460104866816 1927 0.541801 0.836953 0.0772147 76.3406 -0.839958 0.542478 0.013747 27.6512 -0.0303817 -0.0723052 0.99692 -3.91692
1686751460354921216 1931 0.481206 0.873871 0.0692021 76.4804 -0.876329 0.481541 0.0128615 27.3625 -0.0220844 -0.0668329 0.99752 -3.9307
1686751460555001856 1936 0.426331 0.902127 0.0663973 76.5812 -0.904098 0.427324 -0.000836356 27.1164 -0.0291277 -0.0596731 0.997793 -3.94837
1686751460805174784 1941 0.365616 0.929254 0.0530332 76.6797 -0.930576 0.366098 0.000677231 26.8133 -0.018786 -0.0495991 0.998593 -3.95979
1686751461054999808 1945 0.301196 0.95291 0.0352695 76.7518 -0.953561 0.301035 0.00991789 26.5073 -0.00116649 -0.0366188 0.999329 -3.96765
1686751461254932224 1950 0.239956 0.9701 0.0364341 76.8032 -0.970783 0.239827 0.00791652 26.2432 -0.00105806 -0.0372692 0.999305 -3.97282
1686751461504890112 1955 0.171844 0.984457 0.0362608 76.8512 -0.985079 0.171366 0.0159417 25.9243 0.00948004 -0.0384593 0.999215 -3.98053
1686751461754892800 1959 0.109588 0.993239 0.0382915 76.8689 -0.993851 0.108878 0.0201667 25.6121 0.0158613 -0.040266 0.999063 -3.9811
1686751461954904832 1964 0.0547138 0.997591 0.0426554 76.8668 -0.998438 0.0541762 0.01366 25.3543 0.0113162 -0.0433362 0.998996 -3.98696
1686751462204916992 1969 -0.0147316 0.998831 0.046038 76.8498 -0.999829 -0.015229 0.010471 25.0284 0.0111599 -0.0458759 0.998885 -3.99594
1686751462454796288 1976 -0.072504 0.996231 0.0476099 76.8151 -0.997249 -0.0731496 0.0119591 24.7072 0.0153967 -0.0466119 0.998794 -3.99841
1686751462805708544 1998 -0.138725 0.989164 0.0480667 76.7393 -0.990076 -0.139626 0.0159157 24.2894 0.0224546 -0.0453818 0.998717 -4.0023
1686751463904911872 2021 -0.18432 0.981575 0.0503614 76.4618 -0.982703 -0.184981 0.00874699 22.8391 0.0179018 -0.0478781 0.998693 -4.0176
1686751465054854144 2040 -0.231253 0.971675 0.0486861 76.1035 -0.97263 -0.232066 0.0117008 21.3769 0.0226678 -0.0446477 0.998746 -4.03634
1686751466004760320 2056 -0.25409 0.965749 0.0526057 75.7744 -0.966932 -0.254882 0.0088365 20.1934 0.0219421 -0.0486208 0.998576 -4.03604
1686751466804812544 2079 -0.260732 0.963924 0.0535583 75.4838 -0.965108 -0.261638 0.010546 19.1905 0.0241785 -0.0489399 0.998509 -4.04325
1686751467954798336 2092 -0.229356 0.972159 0.0479811 75.0782 -0.973094 -0.230133 0.0112739 17.7194 0.022002 -0.0441044 0.998785 -4.05438
1686751468604815616 2110 -0.207573 0.977097 0.0468474 74.8822 -0.977971 -0.208362 0.0125873 16.8677 0.0220602 -0.0432026 0.998823 -4.06008
1686751469504756992 2124 -0.190621 0.980453 0.048743 74.6176 -0.981415 -0.191454 0.0130038 15.6649 0.0220817 -0.0453584 0.998727 -4.07659
1686751470204761856 2141 -0.184452 0.981719 0.0469604 74.4095 -0.982622 -0.185211 0.0123117 14.6989 0.0207842 -0.0438734 0.998821 -4.09093
1686751471055291136 2165 -0.133615 0.989932 0.0466979 74.2228 -0.990674 -0.134688 0.0206143 13.6198 0.0266964 -0.043508 0.998696 -4.10007
1686751472255880192 2189 -0.0958504 0.994476 0.0427736 74.0409 -0.995001 -0.0969339 0.0240159 12.0154 0.0280295 -0.0402578 0.998796 -4.10898
1686751473454797312 2196 -0.100598 0.993778 0.0478046 73.8589 -0.994589 -0.101701 0.0212173 10.4192 0.0259471 -0.0454115 0.998631 -4.11556
1686751473804741376 2216 -0.112208 0.992616 0.0460778 73.7966 -0.993319 -0.113305 0.0219097 9.96793 0.0269688 -0.0433115 0.998698 -4.11717
1686751474804709888 2231 -0.16611 0.984855 0.0496713 73.5767 -0.98565 -0.167356 0.0220449 8.67183 0.0300238 -0.0452966 0.998522 -4.11051
1686751475554770176 2250 -0.180358 0.982347 0.0496459 73.3993 -0.983173 -0.181539 0.0203667 7.74722 0.0290199 -0.0451372 0.998559 -4.11149
1686751476505554944 2270 -0.191023 0.980309 0.050044 73.1345 -0.981142 -0.192221 0.0203043 6.49745 0.029524 -0.0452217 0.998541 -4.11822
1686751477504713216 2286 -0.184156 0.981689 0.0487203 72.8579 -0.982433 -0.185366 0.0215756 5.18065 0.0302116 -0.0438912 0.998579 -4.11965
1686751478304641536 2291 -0.178621 0.982648 0.0499747 72.6561 -0.983562 -0.179692 0.0177962 4.09887 0.0264675 -0.0459745 0.998592 -4.12035
1686751478555120384 2302 -0.179952 0.982171 0.0543786 72.59 -0.983237 -0.181246 0.019852 3.78504 0.029354 -0.0498947 0.998323 -4.11818
1686751479104664576 2314 -0.195283 0.979321 0.0528586 72.4306 -0.98039 -0.196383 0.0164181 3.05264 0.0264591 -0.0486159 0.998467 -4.11926
1686751479704751872 2325 -0.190983 0.980256 0.0512289 72.2566 -0.981317 -0.191908 0.0137327 2.22257 0.0232928 -0.0476491 0.998593 -4.12198
1686751480254722048 2351 -0.192512 0.979847 0.05328 72.0959 -0.980979 -0.193544 0.0148907 1.47207 0.0249027 -0.0493999 0.998469 -4.12627
1686751481555213056 2355 -0.194051 0.979329 0.0570908 71.7204 -0.980664 -0.195161 0.0145123 -0.236629 0.0253543 -0.0531707 0.998264 -4.12962
1686751481754793216 2371 -0.202297 0.977687 0.0566085 71.6643 -0.979014 -0.203349 0.0134303 -0.512815 0.024642 -0.0527037 0.998306 -4.13482
1686751482554866944 2381 -0.228706 0.971689 0.0592844 71.4458 -0.97308 -0.229964 0.0152377 -1.36942 0.0284396 -0.0542035 0.998125 -4.13358
1686751483054718720 2395 -0.232581 0.970728 0.0599373 71.3049 -0.972021 -0.23409 0.0194144 -1.94 0.0328768 -0.0537449 0.998013 -4.13579
1686751483754723840 2408 -0.260261 0.963678 0.0599145 71.0786 -0.965028 -0.26164 0.0163196 -2.75504 0.0314028 -0.0535718 0.99807 -4.13366
1686751484404670208 2427 -0.285765 0.956621 0.0566961 70.8493 -0.957963 -0.286733 0.00956568 -3.49694 0.0254074 -0.0515793 0.998346 -4.13975
1686751485354884608 2445 -0.338226 0.939202 0.0591887 70.4814 -0.940564 -0.339428 0.0112828 -4.53449 0.0306872 -0.0518547 0.998183 -4.14146
1686751486254628096 2460 -0.378877 0.923565 0.0589983 70.0805 -0.924827 -0.380187 0.0124035 -5.45575 0.0338859 -0.0498638 0.998181 -4.1374
1686751487005089280 2468 -0.433368 0.899159 0.0608732 69.7139 -0.900469 -0.434771 0.0114077 -6.2394 0.0367233 -0.0498707 0.99808 -4.13351
1686751487404826880 2486 -0.484266 0.872802 0.060857 69.5143 -0.87418 -0.485545 0.00738439 -6.59484 0.035994 -0.049624 0.998119 -4.12923
1686751488304759040 2490 -0.46603 0.882721 0.0601683 69.0526 -0.884023 -0.467351 0.00930639 -7.37238 0.0363347 -0.0488531 0.998145 -4.12293
1686751488504653568 2498 -0.412424 0.908764 0.0636712 68.9781 -0.910128 -0.414068 0.0146254 -7.54438 0.0396553 -0.0519171 0.997864 -4.1188
1686751488904657920 2501 -0.355824 0.93262 0.0600826 68.8369 -0.933753 -0.357444 0.0184371 -7.90074 0.038671 -0.049542 0.998023 -4.11762
1686751489054822144 2505 -0.300233 0.951971 0.0600905 68.7853 -0.953203 -0.301777 0.0182982 -8.06605 0.0355533 -0.0517848 0.998025 -4.11843
1686751489254705408 2517 -0.246348 0.967428 0.0582738 68.7416 -0.96868 -0.247709 0.0172946 -8.26032 0.0311662 -0.0521882 0.998151 -4.1188
1686751489854755328 2531 -0.231732 0.971004 0.0587463 68.598 -0.972373 -0.232959 0.0148783 -8.84458 0.0281324 -0.0536755 0.998162 -4.12297
1686751490554736384 2537 -0.239415 0.969088 0.0595647 68.4034 -0.970575 -0.240509 0.0118196 -9.59497 0.0257801 -0.0549822 0.998154 -4.12855
1686751490854858240 2551 -0.25235 0.965768 0.0600887 68.3131 -0.967201 -0.253613 0.0142701 -9.90175 0.0290209 -0.0545168 0.998091 -4.12868
1686751491554849792 2553 -0.27395 0.959623 0.0638372 68.0921 -0.961348 -0.275138 0.0104493 -10.6506 0.0275914 -0.0585072 0.997906 -4.12843
1686751491655668992 2561 -0.273784 0.959629 0.0644485 68.0574 -0.961292 -0.275185 0.0137925 -10.7495 0.0309709 -0.0581777 0.997826 -4.12925
1686751492054958592 2564 -0.274315 0.95932 0.0667526 67.9433 -0.960978 -0.276041 0.0179877 -11.1376 0.0356825 -0.0592135 0.997607 -4.12579
1686751492204708352 2570 -0.276624 0.958707 0.0660233 67.8963 -0.960464 -0.278071 0.0136449 -11.282 0.0314406 -0.0596385 0.997725 -4.12515
1686751492504859648 2572 -0.252086 0.965575 0.0641648 67.8096 -0.967239 -0.253467 0.0142508 -11.6141 0.0300239 -0.0584703 0.997838 -4.12727
1686751492604799488 2578 -0.239324 0.968914 0.0626912 67.7839 -0.97048 -0.240698 0.0152554 -11.6994 0.0298708 -0.0571896 0.997916 -4.12758
1686751492904690432 2581 -0.228615 0.97156 0.0616886 67.6921 -0.973141 -0.229828 0.0132531 -12.0582 0.0270539 -0.0570019 0.998007 -4.13087
1686751493054664704 2592 -0.22628 0.972091 0.0619354 67.6555 -0.973722 -0.227423 0.0119775 -12.2051 0.0257288 -0.0575976 0.998008 -4.13006
1686751493604684800 2598 -0.213355 0.975066 0.0610386 67.5072 -0.976554 -0.214679 0.0159572 -12.8248 0.028663 -0.0562029 0.998008 -4.13432
1686751493905210624 2617 -0.208262 0.976185 0.0607503 67.4294 -0.97793 -0.208893 0.00416629 -13.1683 0.0167574 -0.0585418 0.998144 -4.138
1686751494854688512 2623 -0.182716 0.9814 0.0589059 67.2052 -0.982959 -0.183578 0.0095305 -14.2222 0.0201671 -0.0561608 0.998218 -4.15114
1686751495154625280 2642 -0.177751 0.98233 0.0585874 67.1371 -0.983786 -0.178828 0.0136407 -14.5645 0.0238768 -0.0552128 0.998189 -4.15167
1686751496105423872 2656 -0.16682 0.984285 0.0579082 66.9384 -0.985593 -0.168126 0.0184295 -15.6368 0.0278758 -0.0539995 0.998152 -4.15957
1686751496804731136 2678 -0.167142 0.984772 0.0478276 66.7824 -0.985668 -0.168024 0.0150288 -16.4424 0.0228362 -0.0446302 0.998743 -4.16385
1686751497906469632 2684 -0.119467 0.991536 0.0508256 66.5836 -0.992526 -0.120557 0.0189254 -17.6923 0.0248926 -0.0481848 0.998528 -4.17162
1686751498204724736 2700 -0.0597888 0.996759 0.053826 66.5554 -0.997992 -0.0608171 0.0176711 -18.0464 0.0208873 -0.0526614 0.998394 -4.17115
1686751499004683776 2710 -0.06257 0.996538 0.0547538 66.4977 -0.997905 -0.0633726 0.0130457 -18.9781 0.0164705 -0.0538228 0.998415 -4.18212
1686751499504718080 2730 -0.126998 0.990314 0.0561246 66.4036 -0.991648 -0.128044 0.0154357 -19.6021 0.0224726 -0.0536956 0.998304 -4.18901
1686751500504670464 2749 -0.178646 0.982357 0.0553197 66.1862 -0.983666 -0.179579 0.0123355 -20.6816 0.0220521 -0.0522125 0.998392 -4.20021
1686751501454616320 2770 -0.144728 0.987852 0.0565828 66.017 -0.989194 -0.145804 0.0153509 -21.6786 0.0234144 -0.0537497 0.99828 -4.20712
1686751502504642816 2789 -0.14243 0.987941 0.0607187 65.8441 -0.989462 -0.143726 0.0175301 -22.7841 0.0260456 -0.0575821 0.998001 -4.21437
1686751503454716672 2805 -0.147882 0.986947 0.0637743 65.6836 -0.988867 -0.148631 0.00715033 -23.75 0.0165359 -0.0620069 0.997939 -4.22973
1686751504254913792 2813 -0.21367 0.974284 0.0715231 65.5278 -0.97661 -0.214835 0.00892574 -24.5087 0.0240619 -0.067943 0.997399 -4.23122
1686751504654728960 2820 -0.275743 0.958431 0.0733174 65.4234 -0.960793 -0.277118 0.00909313 -24.8255 0.0290327 -0.0679354 0.997267 -4.23294
1686751505005264640 2825 -0.337888 0.938139 0.0756712 65.3055 -0.940752 -0.33908 0.00311288 -25.1294 0.028579 -0.0701361 0.997128 -4.23266
1686751505254715136 2829 -0.404645 0.911348 0.0755455 65.205 -0.914261 -0.404949 -0.0119392 -25.3392 0.0197113 -0.0738995 0.997071 -4.23453
1686751505454920704 2832 -0.472045 0.878353 0.0752921 65.1144 -0.881308 -0.472278 -0.015803 -25.4832 0.0216782 -0.0738152 0.997036 -4.23375
1686751505605352448 2835 -0.521644 0.849822 0.0754326 65.0377 -0.852824 -0.521888 -0.01801 -25.6098 0.0240621 -0.0737256 0.996988 -4.23327
1686751505754683904 2838 -0.567162 0.818822 0.088642 64.9671 -0.822619 -0.568459 -0.012308 -25.7132 0.0403113 -0.0798993 0.995988 -4.22957
1686751505904853248 2841 -0.612004 0.786586 0.0820617 64.8718 -0.789783 -0.613276 -0.0116523 -25.8569 0.041161 -0.0719422 0.996559 -4.22904
1686751506054671360 2845 -0.655046 0.750662 0.0861502 64.7753 -0.753842 -0.657019 -0.00698425 -25.9528 0.0513596 -0.0695186 0.996258 -4.22391
1686751506254849280 2848 -0.709907 0.698358 0.0912616 64.6433 -0.701729 -0.712409 -0.00707164 -26.064 0.0600771 -0.0690611 0.995802 -4.21993
1686751506405111040 2851 -0.751624 0.653183 0.0917234 64.5265 -0.656628 -0.754144 -0.0102782 -26.1519 0.0624591 -0.0679535 0.995731 -4.21493
1686751506555054848 2855 -0.787958 0.60867 0.0929694 64.4131 -0.611981 -0.790817 -0.00934041 -26.2293 0.0678366 -0.0642553 0.995625 -4.20799
1686751506755116032 2858 -0.834091 0.543145 0.0963626 64.2572 -0.546596 -0.837315 -0.0117045 -26.3204 0.0743286 -0.062434 0.995277 -4.20218
1686751506905080576 2861 -0.866212 0.489924 0.0982361 64.1302 -0.493245 -0.869817 -0.0113007 -26.3801 0.079911 -0.0582432 0.995099 -4.19333
1686751507055588864 2864 -0.894025 0.43691 0.0991372 63.9949 -0.440512 -0.89759 -0.0167635 -26.4371 0.0816604 -0.0586581 0.994933 -4.18401
1686751507206067712 2867 -0.918579 0.38246 0.0996819 63.8578 -0.385979 -0.922331 -0.0180316 -26.4872 0.0850434 -0.0550385 0.994856 -4.17699
1686751507354943744 2870 -0.94084 0.32428 0.0982984 63.7061 -0.327882 -0.944449 -0.0225681 -26.5193 0.0855195 -0.0534633 0.994901 -4.16648
