1686751108005401088 85 1 0 0 -0 0 1 0 -0 0 0 1 -0
1686751108555304448 86 0.992848 0.119294 -0.00458236 -0.0147192 -0.119267 0.992845 0.00584404 -0.00614612 0.00524673 -0.00525573 0.999972 -0.00389846
1686751108605241088 87 0.99311 0.117171 -0.00157655 -0.0327623 -0.117162 0.9931 0.00501566 -0.0119817 0.00215337 -0.00479639 0.999986 0.00188654
1686751108655493376 88 0.991969 0.126478 -0.000951126 -0.00397758 -0.126475 0.991965 0.00299153 -0.0145437 0.00132185 -0.00284721 0.999995 0.00267595
1686751108705181440 89 0.990437 0.137959 -0.00115593 0.00581286 -0.137955 0.990435 0.00253588 -0.0159223 0.00149472 -0.00235217 0.999996 0.00310339
1686751108755167744 90 0.988799 0.149242 -0.00196567 0.00912953 -0.149234 0.988795 0.0037506 -0.0159419 0.00250339 -0.00341524 0.999991 0.00326012
1686751108805188096 91 0.98685 0.161615 -0.00259232 0.0119953 -0.161604 0.986848 0.00393622 -0.0149749 0.00319438 -0.00346554 0.999989 0.00308627
1686751108855172864 92 0.984876 0.17325 -0.00206179 0.0106035 -0.173241 0.984871 0.00411506 -0.0150911 0.00274353 -0.00369564 0.999989 0.00299108
1686751108905363712 93 0.982387 0.186852 -0.00131287 0.00622137 -0.186844 0.98238 0.00430076 -0.0142073 0.00209334 -0.00397971 0.99999 0.00293363
1686751108955075584 94 0.979805 0.199955 -0.00059422 0.0025925 -0.19995 0.979792 0.00529451 -0.0131073 0.00164088 -0.00506878 0.999986 0.00284783
1686751109005009152 95 0.97707 0.212918 -0.000522384 0.00173392 -0.212911 0.977054 0.00585162 -0.0126002 0.00175631 -0.00560623 0.999983 0.00266379
1686751109055164928 96 0.972979 0.230894 -0.000323738 -0.0108032 -0.230884 0.97295 0.0078248 -0.00693551 0.00212168 -0.00753862 0.999969 0.00330497
1686751109105402368 97 0.969776 0.243995 0.000169862 -0.0127073 -0.243986 0.969731 0.00958822 -0.0060081 0.00217476 -0.00933988 0.999954 0.00457211
1686751109154923264 98 0.968002 0.250939 -0.001427 -0.0140229 -0.250911 0.967953 0.0105385 -0.00918748 0.00402579 -0.00984324 0.999943 0.00344989
1686751109205081344 99 0.965311 0.261103 -0.000533645 -0.0145691 -0.261077 0.965239 0.0123341 -0.0125862 0.00373558 -0.011767 0.999924 0.00372233
1686751109255227648 100 0.962367 0.271753 0.000664782 -0.0142131 -0.271741 0.962294 0.0121581 -0.018378 0.00266429 -0.0118812 0.999926 0.00358516
1686751109304961024 101 0.958394 0.285447 0.00105161 -0.0132675 -0.285438 0.958318 0.0122912 -0.0216317 0.0025007 -0.01208 0.999924 0.00315525
1686751109355065088 102 0.952352 0.304995 0.00191619 -0.000722882 -0.304996 0.952277 0.0120982 -0.0351634 0.00186517 -0.0121062 0.999925 0.00238954
1686751109404998656 103 0.947039 0.321104 0.00305527 0.00452602 -0.321116 0.946949 0.0131414 -0.0427619 0.00132656 -0.0134265 0.999909 0.00215487
1686751109455161600 104 0.942138 0.3352 0.00400567 0.00772184 -0.335223 0.942035 0.013962 -0.0471191 0.0009066 -0.014497 0.999895 0.00202809
1686751109505084160 105 0.936944 0.349442 0.00511297 0.00899534 -0.34948 0.936835 0.0142899 -0.0516725 0.000203479 -0.0151757 0.999885 0.0029186
1686751109554929664 106 0.932159 0.362003 0.00575681 0.00815054 -0.362049 0.932033 0.0153428 -0.0651673 0.000188619 -0.0163862 0.999866 0.00332328
1686751109604914688 107 0.926548 0.376129 0.00595482 0.00789701 -0.376176 0.926404 0.0163494 -0.0689773 0.000632917 -0.0173885 0.999849 0.0018054
1686751109655132672 108 0.92135 0.388664 0.00736096 0.00523371 -0.388734 0.921203 0.0164834 -0.0691388 -0.000374433 -0.0180484 0.999837 0.00107127
1686751109705132032 109 0.91527 0.402749 0.00857536 0.00497907 -0.402838 0.915124 0.0164288 -0.0728891 -0.00123083 -0.0184913 0.999828 0.00160333
1686751109754857216 110 0.909113 0.416449 0.00913891 0.00435809 -0.416545 0.908982 0.0155897 -0.0763202 -0.0018148 -0.0179795 0.999837 -0.000610997
1686751109805025536 111 0.903212 0.429065 0.0105725 0.0026358 -0.429187 0.903075 0.0159297 -0.07752 -0.0027129 -0.0189255 0.999817 -9.90402e-06
1686751109854978560 112 0.897281 0.441335 0.0104759 0.00134919 -0.441453 0.89714 0.0161134 -0.0783915 -0.0022869 -0.0190829 0.999815 -0.000775155
1686751109905509632 113 0.890245 0.455361 0.0105106 0.00446166 -0.455477 0.890104 0.0160083 -0.081063 -0.00206592 -0.0190387 0.999817 -0.000816221
1686751109954884864 114 0.883046 0.469142 0.0116125 0.00672903 -0.469279 0.882898 0.0163883 -0.0768142 -0.00256418 -0.0199211 0.999798 0.00178101
1686751110004750592 115 0.876078 0.482008 0.0124535 0.00283376 -0.482158 0.875938 0.0160043 -0.0787501 -0.00319426 -0.0200256 0.999794 0.000881416
1686751110054887168 116 0.867498 0.497288 0.0123214 0.00104422 -0.497427 0.867392 0.0140299 -0.0799012 -0.0037106 -0.0182999 0.999826 -1.28893e-05
1686751110105508608 117 0.858178 0.513185 0.0131402 -4.7905e-06 -0.513337 0.858069 0.0142054 -0.0830427 -0.00398518 -0.0189361 0.999813 -0.00017795
1686751110155033600 118 0.850104 0.526457 0.0129154 0.000592892 -0.526609 0.849959 0.0158975 -0.0850931 -0.00260816 -0.0203159 0.99979 -0.000245361
1686751110204785408 119 0.843265 0.537336 0.0132187 0.00177869 -0.537496 0.843085 0.0174853 -0.0893328 -0.00174899 -0.0218497 0.99976 -7.24753e-05
1686751110254883328 120 0.835544 0.54924 0.0142192 0.00435548 -0.549419 0.835366 0.0174091 -0.09273 -0.00231644 -0.0223583 0.999747 0.000535149
1686751110305383680 121 0.826752 0.562363 0.015121 0.00226567 -0.562559 0.826583 0.0169684 -0.0956928 -0.00295639 -0.0225351 0.999742 0.000655537
1686751110355091200 122 0.817672 0.575476 0.0155185 0.0019503 -0.575678 0.8175 0.0170048 -0.0970893 -0.00290057 -0.022838 0.999735 0.000708185
1686751110404813056 123 0.808027 0.58892 0.0162716 0.00443761 -0.589141 0.807813 0.0187551 -0.0983591 -0.0020992 -0.0247409 0.999692 0.00124916
1686751110454888960 124 0.798868 0.601316 0.0151627 0.00489357 -0.601506 0.798641 0.0190315 -0.100476 -0.000665552 -0.0243241 0.999704 0.000946066
1686751110504886272 125 0.788855 0.61436 0.0164078 0.00870257 -0.614578 0.788629 0.0189515 -0.10482 -0.00129663 -0.0250339 0.999686 0.000643314
1686751110554859520 126 0.778706 0.627169 0.016627 0.0110922 -0.627387 0.778497 0.0180917 -0.108068 -0.00159753 -0.0245196 0.999698 0.000692389
1686751110604651520 127 0.767475 0.640868 0.0164645 0.0127908 -0.641079 0.767203 0.0204474 -0.11156 0.000472482 -0.0262479 0.999655 0.000305904
1686751110654950144 128 0.757758 0.652356 0.0153012 0.0145693 -0.652529 0.757439 0.0221804 -0.114783 0.00287977 -0.0267919 0.999637 4.63038e-05
1686751110704728064 129 0.749952 0.661336 0.014375 0.0178458 -0.661475 0.749597 0.0235816 -0.12264 0.00481993 -0.0271938 0.999619 -7.10069e-05
1686751110755546112 130 0.737808 0.674876 0.0134981 0.015468 -0.674991 0.737488 0.0223429 -0.133414 0.00512399 -0.0255958 0.999659 0.00102754
1686751110804709632 131 0.72393 0.689725 0.014285 0.0153037 -0.689849 0.723578 0.0232979 -0.142879 0.00573288 -0.0267206 0.999627 0.00350799
1686751110854683392 132 0.713855 0.700148 0.0142635 0.0236318 -0.700247 0.713425 0.0260729 -0.151204 0.00807891 -0.0286003 0.999558 0.00403247
1686751110904721152 133 0.704963 0.709087 0.0149129 0.0278138 -0.709175 0.704447 0.0287341 -0.158852 0.00986961 -0.0308324 0.999476 0.00477582
1686751110954848256 134 0.693798 0.720026 0.0143638 0.0303474 -0.720062 0.693213 0.031103 -0.168212 0.0124378 -0.031922 0.999413 0.00556627
1686751111004762112 135 0.682718 0.730544 0.0142113 0.0335854 -0.730547 0.682089 0.0324733 -0.180459 0.0140298 -0.0325522 0.999372 0.00609957
1686751111054645248 136 0.67161 0.740785 0.0133578 0.0354495 -0.740714 0.670919 0.0347737 -0.189122 0.0167979 -0.0332487 0.999306 0.00668022
1686751111104651520 137 0.661633 0.749692 0.0142566 0.0391088 -0.749603 0.660849 0.0370672 -0.197152 0.0183676 -0.0352117 0.999211 0.0102736
1686751111155393024 138 0.650397 0.759477 0.0133364 0.0398438 -0.759335 0.649616 0.0375361 -0.208269 0.0198442 -0.0345402 0.999206 0.0112535
1686751111204677632 139 0.637057 0.770703 0.01324 0.0419271 -0.770564 0.636313 0.0365708 -0.219415 0.0197605 -0.0334999 0.999243 0.0107818
1686751111254662656 140 0.625457 0.78018 0.0111149 0.0448479 -0.779985 0.624797 0.0353881 -0.232811 0.0206645 -0.0308032 0.999312 0.00893812
1686751111304826880 141 0.613135 0.789917 0.00985594 0.046454 -0.78968 0.612513 0.0351322 -0.240115 0.0217147 -0.0293238 0.999334 0.00855342
1686751111354873856 142 0.598979 0.800706 0.00968008 0.047418 -0.800434 0.598341 0.0359643 -0.249325 0.0230048 -0.0292901 0.999306 0.0081465
1686751111404859392 143 0.587305 0.809304 0.00998513 0.0476501 -0.809051 0.586689 0.0351103 -0.257017 0.0225568 -0.028699 0.999334 0.00921569
1686751111454682112 144 0.575466 0.817776 0.00904683 0.0482375 -0.817461 0.574843 0.0362295 -0.26543 0.0244271 -0.0282442 0.999303 0.009685
1686751111504653568 145 0.561553 0.827394 0.00876265 0.0494951 -0.826989 0.560865 0.0389809 -0.272511 0.0273379 -0.0291364 0.999202 0.0104945
1686751111555347968 146 0.550265 0.834942 0.00895744 0.0514098 -0.834499 0.549542 0.0401801 -0.284665 0.0286255 -0.0295847 0.999152 0.0110994
1686751111604658688 147 0.541357 0.840751 0.00837547 0.0496096 -0.840386 0.540758 0.0365083 -0.300822 0.0261653 -0.0268026 0.999298 0.0147836
1686751111654647552 148 0.529683 0.848153 0.00847688 0.0545557 -0.847783 0.529087 0.0364736 -0.317531 0.0264502 -0.026506 0.999299 0.0151052
1686751111704659712 149 0.519378 0.8545 0.00872386 0.0611914 -0.854136 0.518787 0.036226 -0.343494 0.0264293 -0.0262663 0.999306 0.0150102
1686751111754650112 150 0.512323 0.858742 0.00932117 0.0686059 -0.858388 0.511718 0.0362477 -0.363476 0.0263577 -0.0265717 0.999299 0.0144751
1686751111804620032 151 0.502395 0.864592 0.00889397 0.0723659 -0.86421 0.501796 0.036626 -0.374857 0.0272037 -0.026087 0.999289 0.0152218
1686751111854661120 152 0.489538 0.871937 0.0089127 0.0783581 -0.871529 0.488929 0.0372214 -0.38939 0.028097 -0.0259889 0.999267 0.0139291
1686751111904605696 153 0.479945 0.877247 0.00948834 0.0875134 -0.876754 0.479238 0.0404245 -0.406736 0.0309152 -0.0277205 0.999138 0.0151784
1686751111955179264 154 0.471509 0.881813 0.00927572 0.0959543 -0.88121 0.47073 0.0433938 -0.425564 0.0338988 -0.0286344 0.999015 0.0130958
1686751112004661248 155 0.463011 0.886303 0.00941549 0.103332 -0.885736 0.462266 0.0422055 -0.447186 0.0330544 -0.0278812 0.999065 0.0122864
1686751112054591744 156 0.454274 0.890807 0.00991665 0.104685 -0.890262 0.453532 0.0417487 -0.457917 0.0326925 -0.0277938 0.999079 0.0102222
1686751112104690944 157 0.446799 0.894568 0.0108773 0.113294 -0.894038 0.446025 0.0419146 -0.473678 0.0326439 -0.0284521 0.999062 0.0106426
1686751112155118336 158 0.44104 0.897408 0.0119098 0.119394 -0.896893 0.440227 0.0422272 -0.486493 0.032652 -0.0293058 0.999037 0.0113694
1686751112204649216 159 0.439263 0.89828 0.0118918 0.12211 -0.897733 0.438425 0.0431089 -0.489423 0.0335102 -0.0296118 0.999 0.0114973
1686751112254675712 160 0.438361 0.898715 0.0122695 0.125187 -0.898213 0.437542 0.0420807 -0.495593 0.0324501 -0.0294672 0.999039 0.0114742
1686751112304621824 161 0.435376 0.900159 0.0126993 0.128365 -0.899684 0.434559 0.0415637 -0.503166 0.0318954 -0.0295212 0.999055 0.0110771
1686751112355109888 162 0.43452 0.900545 0.0145053 0.132967 -0.900116 0.43364 0.0418007 -0.510787 0.0313534 -0.0312197 0.999021 0.0112139
1686751112404624896 163 0.435173 0.900209 0.0157643 0.13749 -0.89982 0.434253 0.0418121 -0.5186 0.0307939 -0.0323806 0.999001 0.0111944
1686751112454659584 164 0.435199 0.900136 0.018912 0.145826 -0.900013 0.434387 0.0358378 -0.536161 0.0240438 -0.0326176 0.999179 0.00999716
1686751112504638976 165 0.435168 0.900119 0.0203703 0.151326 -0.900113 0.434424 0.0327467 -0.548498 0.0206266 -0.0325859 0.999256 0.00938605
1686751112555130368 166 0.435004 0.900223 0.0192586 0.15185 -0.900144 0.43423 0.0344286 -0.5503 0.0226308 -0.0323121 0.999222 0.00976709
1686751112604729088 167 0.433231 0.90108 0.0191429 0.157186 -0.901035 0.432516 0.0326421 -0.562597 0.0211335 -0.03139 0.999284 0.00953037
1686751112654775296 168 0.428757 0.903243 0.0178975 0.161239 -0.903118 0.428017 0.034351 -0.573353 0.0233669 -0.0308918 0.99925 0.00942445
1686751112704607488 169 0.42483 0.905133 0.0159338 0.169879 -0.904874 0.424055 0.0371431 -0.596754 0.0268627 -0.0301976 0.999183 0.00914641
1686751112755703552 170 0.422058 0.906426 0.0160891 0.176588 -0.906188 0.421299 0.036467 -0.612696 0.0262764 -0.0299709 0.999205 0.0101859
1686751112804597248 171 0.419672 0.907524 0.0165748 0.183976 -0.907399 0.419023 0.0323554 -0.631554 0.0224181 -0.0286186 0.999339 0.0101605
1686751112854753024 172 0.416915 0.908804 0.0160211 0.191091 -0.90881 0.416485 0.024565 -0.653519 0.0156523 -0.0248017 0.99957 0.00815277
1686751112904743168 173 0.415157 0.90956 0.018582 0.199396 -0.90971 0.414862 0.0178057 -0.674299 0.00848641 -0.0242964 0.999669 0.00583921
1686751112955303680 174 0.418112 0.908231 0.0173003 0.20797 -0.908325 0.417765 0.0204479 -0.692764 0.0113439 -0.0242638 0.999641 0.00658292
1686751113004620288 175 0.420772 0.907034 0.0155197 0.216506 -0.907095 0.420462 0.0197432 -0.711849 0.0113824 -0.0223852 0.999685 0.00643677
1686751113054679808 176 0.418169 0.908225 0.0162096 0.224435 -0.90834 0.417946 0.0154634 -0.732187 0.00726949 -0.0211902 0.999749 0.00580785
1686751113104894976 177 0.416522 0.909 0.0151006 0.231481 -0.909074 0.416263 0.0176077 -0.749295 0.00971959 -0.0210615 0.999731 0.0058794
1686751113154648320 178 0.418159 0.908229 0.0162499 0.239794 -0.908327 0.417887 0.0176906 -0.766879 0.00927646 -0.0221577 0.999711 0.0062516
1686751113204697856 179 0.419941 0.907414 0.0157906 0.247922 -0.907515 0.419705 0.016242 -0.786122 0.00811086 -0.0211509 0.999743 0.00592813
1686751113254812160 180 0.420086 0.907394 0.0127818 0.253846 -0.907427 0.419861 0.0171024 -0.801554 0.0101521 -0.0187831 0.999772 0.00597426
1686751113304705280 181 0.421251 0.906892 0.00970328 0.259658 -0.906866 0.42105 0.0176416 -0.817251 0.0119135 -0.0162311 0.999797 0.00621695
1686751113354611200 182 0.426211 0.904601 0.00645907 0.265905 -0.904505 0.426028 0.0192695 -0.832743 0.0146795 -0.0140551 0.999793 0.00622477
1686751113404754944 183 0.429435 0.903094 0.00247483 0.272881 -0.902927 0.429299 0.0206442 -0.848335 0.0175813 -0.0110999 0.999784 0.00725131
1686751113454627072 184 0.428336 0.90362 0.000478992 0.280165 -0.903396 0.428218 0.0224729 -0.86629 0.0201019 -0.0100587 0.999747 0.00735079
1686751113504720128 185 0.427644 0.903944 -0.00256064 0.288093 -0.903704 0.427593 0.0219958 -0.887335 0.0209779 -0.0070923 0.999755 0.00683737
1686751113554734336 186 0.428552 0.903504 -0.00488483 0.298612 -0.903282 0.428558 0.0204848 -0.913525 0.0206015 -0.00436643 0.999778 0.00631787
1686751113604729088 187 0.429465 0.903045 -0.00831163 0.308466 -0.902831 0.429545 0.019701 -0.939212 0.0213612 -0.000956925 0.999771 0.00586459
1686751113654690304 188 0.430129 0.902703 -0.0107717 0.317872 -0.902488 0.430263 0.0197399 -0.962729 0.022454 0.00123062 0.999747 0.0054803
1686751113704729856 189 0.428807 0.903305 -0.0128494 0.32661 -0.90319 0.42897 0.0152453 -0.985787 0.0192832 0.00506809 0.999801 0.00460518
1686751113755511040 190 0.428362 0.903517 -0.0127657 0.336212 -0.903491 0.428491 0.0100074 -1.01023 0.0145118 0.00724693 0.999868 0.0021604
1686751113804567040 191 0.429517 0.90292 -0.0158376 0.345102 -0.902911 0.429698 0.0105483 -1.03212 0.0163297 0.00976921 0.999819 0.00245634
1686751113854623232 192 0.431996 0.901713 -0.0171483 0.353725 -0.901712 0.432201 0.0108223 -1.05269 0.0171702 0.0107876 0.999794 0.0029657
1686751113904689408 193 0.431767 0.901833 -0.0165777 0.364444 -0.901877 0.431927 0.00751958 -1.07594 0.0139418 0.0117043 0.999834 0.00216083
1686751113954962944 194 0.430529 0.902429 -0.0163412 0.373047 -0.902437 0.430711 0.00979853 -1.09454 0.0158808 0.0105283 0.999818 0.00221023
1686751114004610816 195 0.430958 0.902195 -0.0178543 0.381543 -0.90218 0.431191 0.0121158 -1.11201 0.0186295 0.0108863 0.999767 0.00277581
1686751114054668544 196 0.433522 0.90096 -0.0181335 0.390516 -0.900926 0.433771 0.013197 -1.13098 0.0197558 0.0106158 0.999748 0.00307312
1686751114104800768 197 0.436424 0.899495 -0.0210612 0.398315 -0.899569 0.436679 0.00935213 -1.15022 0.0176092 0.0148645 0.999734 0.00215612
1686751114154569216 198 0.438032 0.898723 -0.0205972 0.406934 -0.898835 0.438238 0.00659908 -1.17134 0.0149572 0.0156228 0.999766 0.00108181
1686751114204662272 199 0.439433 0.898005 -0.0220242 0.416914 -0.898174 0.439619 0.00422135 -1.1936 0.013473 0.0179265 0.999749 0.000295801
1686751114254690048 200 0.441628 0.896911 -0.0226764 0.427111 -0.897075 0.441845 0.00537058 -1.21581 0.0148364 0.0179706 0.999728 0.000542423
1686751114304625408 201 0.442048 0.896631 -0.0254331 0.437392 -0.896869 0.442279 0.00400693 -1.23907 0.0148413 0.0210389 0.999668 -0.000413284
1686751114354951424 203 0.442427 0.896457 -0.0249524 0.448315 -0.896747 0.442543 -0.000945135 -1.26522 0.0101953 0.0227942 0.999688 -0.00241303
1686751114454836480 206 0.441635 0.896621 -0.032081 0.468374 -0.897146 0.4417 -0.00541425 -1.31733 0.00931568 0.0311725 0.999471 -0.00433824
1686751114604814080 213 0.440872 0.897031 -0.0311132 0.502346 -0.897536 0.440894 -0.00651688 -1.39075 0.00787178 0.0307983 0.999495 -0.0053872
1686751114955255808 226 0.454143 0.890204 -0.035939 0.578514 -0.890786 0.454422 -0.000450921 -1.5459 0.0159301 0.0322188 0.999354 -0.00774041
1686751115605080064 244 0.47657 0.878444 -0.0348816 0.73899 -0.878287 0.477479 0.0250213 -1.83767 0.0386351 0.0187116 0.999078 -0.00733866
1686751116504653056 248 0.506618 0.862064 0.0135286 1.05249 -0.86185 0.50594 0.0351993 -2.36712 0.0234994 -0.0294922 0.999289 -0.0117466
1686751116704654080 255 0.524421 0.851243 0.0191661 1.16318 -0.85109 0.523399 0.0412269 -2.54726 0.0250626 -0.0379324 0.998966 -0.0132894
1686751117054686208 263 0.571877 0.820088 0.0203217 1.34062 -0.820128 0.570991 0.036874 -2.82325 0.0186364 -0.0377538 0.999113 -0.0183166
1686751117455057152 268 0.599564 0.800284 0.00826933 1.56655 -0.800009 0.599003 0.0343785 -3.16344 0.0225592 -0.0272277 0.999375 -0.0226188
1686751117704711936 269 0.607613 0.79422 0.00458369 1.72673 -0.793544 0.606836 0.0451422 -3.38497 0.0330713 -0.0310663 0.99897 -0.0235205
1686751117754748928 270 0.609866 0.792436 0.0104683 1.77896 -0.792129 0.609117 0.0388461 -3.46214 0.0244066 -0.0319831 0.99919 -0.0268342
1686751117804720896 274 0.61407 0.789181 0.0105301 1.80941 -0.788874 0.613309 0.0391202 -3.50513 0.0244148 -0.0323295 0.999179 -0.0241365
1686751118004705536 287 0.613242 0.789788 0.0130249 1.93908 -0.78941 0.612204 0.0451378 -3.68162 0.0276754 -0.0379624 0.998896 -0.029122
1686751118654785024 298 0.602936 0.797666 0.0140128 2.29606 -0.797401 0.602002 0.041775 -4.16091 0.0248868 -0.0363615 0.999029 -0.0315674
1686751119204697856 306 0.583893 0.810679 0.0432312 2.61218 -0.811808 0.583448 0.0236047 -4.60612 -0.00608728 -0.0488781 0.998786 -0.0495679
1686751119605687296 316 0.5686 0.82216 0.0273089 2.82619 -0.822611 0.56837 0.016321 -4.9346 -0.00210304 -0.0317448 0.999494 -0.0612049
1686751120104723200 323 0.55102 0.834491 0.00118855 3.09217 -0.83449 0.551021 -0.00158424 -5.36755 -0.00197694 -0.000118887 0.999998 -0.0775623
1686751120454861824 331 0.544448 0.838786 -0.00390485 3.27617 -0.838795 0.544444 -0.00202512 -5.6661 0.000427333 0.00437793 0.99999 -0.0882766
1686751120855246848 334 0.552758 0.83317 -0.0169096 3.51363 -0.833185 0.552934 0.00817082 -6.04985 0.0161576 0.00957235 0.999824 -0.101891
1686751121005616640 340 0.554903 0.831857 0.00984444 3.60848 -0.831911 0.554828 0.00946209 -6.17085 0.00240914 -0.0134402 0.999907 -0.100861
1686751121305049856 344 0.596106 0.802866 -0.0080575 3.79925 -0.802876 0.59614 0.00261276 -6.4459 0.0069011 0.00491169 0.999964 -0.109748
1686751121505008384 354 0.610223 0.792227 0.00201849 3.94354 -0.792209 0.610224 -0.00567384 -6.64008 -0.00572669 0.00186324 0.999982 -0.119581
1686751122005459456 355 0.630364 0.776158 -0.0148437 4.77375 -0.776035 0.630533 0.0140414 -7.77835 0.0202578 0.00266807 0.999791 -0.154929
1686751122055311872 356 0.634683 0.772384 -0.0245122 4.83392 -0.772229 0.635107 0.0173806 -7.8612 0.0289924 0.00789784 0.999548 -0.156217
1686751122105150464 361 0.641077 0.767024 -0.0263341 4.87802 -0.766992 0.641515 0.0135215 -7.91365 0.027265 0.0115297 0.999562 -0.156315
1686751122355222016 368 0.655842 0.754857 -0.00791949 5.09539 -0.754258 0.655682 0.0342896 -8.15322 0.0310764 -0.0165152 0.999381 -0.157907
1686751122705423872 378 0.693609 0.719825 0.0275444 5.41319 -0.72034 0.692871 0.0322572 -8.47647 0.0041348 -0.0422152 0.9991 -0.16529
1686751123205463040 385 0.665913 0.745051 0.0381962 5.90316 -0.746029 0.665106 0.0327853 -8.99394 -0.000977741 -0.0503276 0.998732 -0.18811
1686751123555433216 391 0.622109 0.781666 0.0444816 6.17079 -0.782879 0.620417 0.0467225 -9.31578 0.00892423 -0.0638903 0.997917 -0.19892
1686751123855540224 396 0.570209 0.819788 0.0529975 6.39468 -0.821484 0.56862 0.0428334 -9.65647 0.00497886 -0.0679606 0.997676 -0.208935
1686751124105976064 408 0.521282 0.851605 0.0550734 6.56983 -0.853332 0.51945 0.0446788 -9.93607 0.00944085 -0.0702861 0.997482 -0.214348
1686751124706131712 413 0.493693 0.868168 0.0505168 6.96074 -0.869547 0.491975 0.043 -10.6688 0.0124783 -0.0651555 0.997797 -0.230549
1686751124955924736 417 0.482634 0.874537 0.0474307 7.12543 -0.87561 0.480616 0.0481195 -10.9649 0.0192863 -0.0647549 0.997715 -0.234385
1686751125155866368 418 0.474225 0.87908 0.0482605 7.22832 -0.880266 0.472468 0.0436618 -11.1886 0.0155807 -0.0631876 0.99788 -0.237002
1686751125205899008 419 0.474503 0.878972 0.0474999 7.257 -0.880064 0.472587 0.0463606 -11.2373 0.0183019 -0.0638012 0.997795 -0.237746
1686751125255755520 425 0.474573 0.878972 0.0467897 7.28522 -0.880002 0.472613 0.0472603 -11.2977 0.019427 -0.0636034 0.997786 -0.237651
1686751125556360960 432 0.452083 0.890794 0.045907 7.48266 -0.891634 0.449887 0.0508979 -11.6893 0.0246866 -0.0639424 0.997648 -0.238717
1686751125906334976 441 0.438524 0.897413 0.0484371 7.70288 -0.898542 0.436732 0.0434362 -12.1789 0.0178262 -0.0625707 0.997881 -0.252577
1686751126356297216 451 0.438749 0.897139 0.0513803 7.97879 -0.898555 0.437375 0.0360789 -12.7641 0.00989533 -0.0619977 0.998027 -0.26335
1686751126856364544 457 0.477696 0.877375 0.0449494 8.29576 -0.87838 0.476061 0.0425937 -13.3693 0.015972 -0.0598295 0.998081 -0.276507
1686751127156616960 468 0.515913 0.855533 0.0435429 8.52161 -0.856436 0.51401 0.0480797 -13.7421 0.0187523 -0.0620967 0.997894 -0.277849
1686751127706327040 476 0.549993 0.834351 0.0369569 8.96767 -0.835111 0.548894 0.0361208 -14.4679 0.00985205 -0.0507293 0.998664 -0.30966
1686751128105818112 483 0.573075 0.818771 0.0346185 9.28591 -0.819484 0.572265 0.0309562 -14.9426 0.00553515 -0.0461095 0.998921 -0.322007
1686751128456227328 488 0.585713 0.809633 0.0378838 9.57975 -0.810518 0.585004 0.0288376 -15.3523 0.00118573 -0.047596 0.998866 -0.345845
1686751128706494208 494 0.58654 0.808616 0.0459335 9.74762 -0.809867 0.584909 0.0446792 -15.5693 0.00926144 -0.0634062 0.997945 -0.35411
1686751129006830080 495 0.579565 0.813257 0.0521304 9.98132 -0.814911 0.577982 0.0430866 -15.8975 0.00491 -0.0674531 0.99771 -0.359676
1686751129056492544 496 0.578829 0.813729 0.0529382 9.99466 -0.815416 0.577 0.0465614 -15.9179 0.007343 -0.0701177 0.997512 -0.362263
1686751129106688512 502 0.578053 0.814285 0.0528601 10.041 -0.81597 0.576277 0.0457991 -15.9793 0.00683144 -0.0696066 0.997551 -0.365762
1686751129406583040 508 0.558133 0.827786 0.0570741 10.2746 -0.829747 0.556584 0.0416367 -16.3377 0.0026997 -0.0705959 0.997501 -0.37575
1686751129706445056 516 0.547104 0.835227 0.0554354 10.5056 -0.837063 0.546041 0.034136 -16.7057 -0.0017587 -0.0650788 0.997879 -0.388596
1686751130106895616 520 0.523085 0.849975 0.0626538 10.8135 -0.852246 0.52231 0.0294751 -17.2259 -0.00767166 -0.0688144 0.9976 -0.413455
1686751130306811392 528 0.499353 0.864549 0.0565773 10.948 -0.866397 0.498401 0.0308557 -17.4812 -0.00152186 -0.0644263 0.997921 -0.420589
1686751130707028736 533 0.488458 0.871013 0.0523956 11.2224 -0.872557 0.488063 0.0209574 -17.9992 -0.00731819 -0.055955 0.998406 -0.439316
1686751130956430336 540 0.486814 0.872187 0.0479767 11.3928 -0.873503 0.485938 0.0292741 -18.314 0.00221877 -0.0561589 0.998419 -0.451527
1686751131307187200 546 0.484446 0.873239 0.0525897 11.6576 -0.874736 0.48436 0.0152112 -18.8027 -0.0121893 -0.0533712 0.9985 -0.472673
1686751131607085312 555 0.47899 0.876523 0.0477126 11.8626 -0.87782 0.478319 0.0253493 -19.1944 -0.000602601 -0.0540252 0.998539 -0.488885
1686751132056747008 561 0.475199 0.878654 0.0464019 12.1725 -0.879762 0.473619 0.0412659 -19.7902 0.0142817 -0.0604322 0.99807 -0.506456
1686751132356033536 571 0.47446 0.878341 0.0583549 12.3944 -0.880277 0.47337 0.0321387 -20.1929 0.000605285 -0.066617 0.997778 -0.51935
1686751132856007168 573 0.490006 0.869791 0.0579465 12.6994 -0.871719 0.488932 0.0324234 -20.7651 -0.000130341 -0.0664008 0.997793 -0.537639
1686751132956102400 578 0.491519 0.869011 0.0568301 12.805 -0.870855 0.49081 0.0267896 -20.9595 -0.00461232 -0.0626583 0.998024 -0.540703
1686751133205880320 579 0.500873 0.864388 0.0442753 12.9945 -0.865494 0.499798 0.0334879 -21.2979 0.00681785 -0.0550932 0.998458 -0.557404
1686751133256078848 581 0.5045 0.862187 0.0459706 13.0276 -0.863396 0.503449 0.032976 -21.3605 0.00528768 -0.0563272 0.998398 -0.556038
1686751133356155392 585 0.511094 0.858527 0.0414104 13.1166 -0.859455 0.509845 0.0373503 -21.5052 0.0109534 -0.0546799 0.998444 -0.559656
1686751133556121088 591 0.542402 0.839262 0.0379353 13.2765 -0.839961 0.540869 0.0438964 -21.7604 0.0163226 -0.0556736 0.998316 -0.565222
1686751133856033536 597 0.567784 0.821855 0.0466428 13.5688 -0.82317 0.566625 0.0364245 -22.1901 0.00350666 -0.0590762 0.998247 -0.581611
1686751134155843840 604 0.57687 0.815526 0.0462397 13.8581 -0.816827 0.575667 0.0374265 -22.6173 0.00390363 -0.05936 0.998229 -0.592842
1686751134506126592 612 0.580291 0.81316 0.0450916 14.1925 -0.814381 0.57892 0.0404309 -23.0838 0.0067724 -0.0601835 0.998164 -0.601345
1686751134905895936 621 0.575837 0.816194 0.0473252 14.5454 -0.817563 0.574752 0.0353676 -23.6124 0.00166658 -0.0590573 0.998253 -0.626203
1686751135355918336 629 0.563305 0.82439 0.055395 14.9634 -0.82621 0.562665 0.0280201 -24.2247 -0.00806933 -0.0615517 0.998071 -0.651861
1686751135755915008 635 0.553357 0.831175 0.0542635 15.3071 -0.83289 0.551402 0.0474335 -24.7437 0.00950456 -0.0714432 0.997399 -0.659722
1686751136055866112 641 0.547227 0.835287 0.0532752 15.591 -0.836919 0.545281 0.0472704 -25.1828 0.0104344 -0.0704547 0.99746 -0.674636
1686751136355634688 649 0.529715 0.845715 0.0645623 15.8327 -0.848172 0.528418 0.0371442 -25.5748 -0.00270241 -0.0744358 0.997222 -0.684563
1686751136755699712 653 0.506057 0.860774 0.0545419 16.1548 -0.862396 0.504001 0.0474944 -26.145 0.0133928 -0.0710716 0.997381 -0.699881
1686751136955824128 659 0.491614 0.868985 0.0563992 16.2517 -0.870793 0.490128 0.0386494 -26.3451 0.00594292 -0.0681125 0.99766 -0.706262
1686751137255648000 665 0.486392 0.872135 0.05295 16.5203 -0.873723 0.485105 0.0357848 -26.843 0.00552288 -0.0636691 0.997956 -0.713717
1686751137555645952 672 0.470536 0.881637 0.0362372 16.7226 -0.882206 0.469227 0.0392339 -27.2444 0.0175866 -0.0504296 0.998573 -0.72166
1686751137905920256 679 0.445405 0.894396 0.0408704 16.9658 -0.895321 0.44474 0.0246385 -27.7538 0.00385983 -0.0475663 0.998861 -0.737733
1686751138255600640 682 0.421817 0.90579 0.040177 17.1912 -0.906667 0.421154 0.0241606 -28.2465 0.00496374 -0.0466186 0.9989 -0.755717
1686751138406424576 685 0.418464 0.907381 0.0393463 17.2944 -0.908204 0.41771 0.0261372 -28.4729 0.00728109 -0.046672 0.998884 -0.755643
1686751138555805952 687 0.407271 0.912471 0.0390787 17.4109 -0.913251 0.406399 0.0285058 -28.7301 0.0101292 -0.0472983 0.998829 -0.764683
1686751138655653376 695 0.404101 0.914235 0.0296153 17.4598 -0.914541 0.403184 0.0325104 -28.8638 0.0177817 -0.0402219 0.999033 -0.767327
1686751139055652352 707 0.370035 0.928584 0.0283859 17.661 -0.929001 0.369672 0.0172849 -29.4257 0.00555702 -0.0327666 0.999448 -0.778789
1686751139655963392 716 0.326835 0.944669 0.0279051 17.9566 -0.945078 0.326611 0.012386 -30.3083 0.00258657 -0.0304206 0.999534 -0.810049
1686751140105741824 723 0.279322 0.959847 0.0259519 18.1285 -0.960191 0.27912 0.0111533 -30.9448 0.00346179 -0.0280341 0.999601 -0.820402
1686751140455763968 730 0.242104 0.969968 0.0234113 18.2223 -0.969455 0.240858 0.0463098 -31.3247 0.0392802 -0.0339079 0.998653 -0.816114
1686751140805980672 742 0.220373 0.974565 0.0407214 18.3416 -0.975349 0.220654 -0.00246788 -31.8761 -0.0113904 -0.0391737 0.999167 -0.842439
1686751141406052352 750 0.172024 0.984964 0.0159359 18.4667 -0.98483 0.171583 0.0258507 -32.7514 0.0227277 -0.0201411 0.999539 -0.863042
1686751141806106112 755 0.111632 0.993262 0.0311246 18.5234 -0.993578 0.110976 0.0220593 -33.281 0.0184566 -0.0333872 0.999272 -0.867288
1686751142056253952 762 0.0579232 0.997085 0.0496609 18.5652 -0.998186 0.0570251 0.0193156 -33.6392 0.0164274 -0.0506897 0.998579 -0.876577
1686751142406054912 770 0.00453818 0.998506 0.0544449 18.5533 -0.999362 0.00260007 0.0356159 -34.1589 0.0354212 -0.0545718 0.997881 -0.873359
1686751142807318784 779 -0.0183501 0.999436 0.0281273 18.5051 -0.99968 -0.0188306 0.0169159 -34.8445 0.017436 -0.0278079 0.999461 -0.890342
1686751143256913152 788 -0.0450951 0.998412 0.0337533 18.4693 -0.998282 -0.0463032 0.0359106 -35.5863 0.0374165 -0.032076 0.998785 -0.886924
1686751143706884608 796 -0.0523237 0.997207 0.0532996 18.4525 -0.99815 -0.0538782 0.0281563 -36.2878 0.0309494 -0.0517278 0.998182 -0.89737
1686751144106954496 801 -0.0416938 0.996663 0.0701707 18.4244 -0.997831 -0.0451179 0.0479405 -36.9113 0.0509465 -0.0680196 0.996382 -0.879498
1686751144357227776 807 -0.0209968 0.996958 0.0750621 18.4073 -0.997043 -0.0264313 0.0721566 -37.3072 0.073921 -0.0733251 0.994565 -0.86786
1686751144656922624 816 -0.0181547 0.996423 0.082531 18.4067 -0.998623 -0.0221348 0.0475686 -37.8157 0.0492253 -0.0815537 0.995453 -0.862236
1686751145107249408 823 0.00265746 0.995506 0.0946658 18.4162 -0.999458 -0.000462137 0.0329167 -38.5438 0.0328125 -0.094702 0.994965 -0.857384
1686751145456751360 833 0.030816 0.996848 0.0731029 18.4043 -0.997764 0.0263401 0.0614195 -39.0694 0.0593004 -0.0748322 0.995431 -0.850038
1686751145956867328 835 0.0255348 0.995115 0.0953637 18.4358 -0.999091 0.0221453 0.0364335 -39.8809 0.0341437 -0.0962073 0.994776 -0.850775
1686751146057047552 841 0.0409307 0.995457 0.0859603 18.4339 -0.994349 0.0321485 0.101174 -39.9942 0.0979512 -0.0896157 0.991148 -0.853457
1686751146357848064 847 0.044922 0.995544 0.082913 18.4545 -0.997201 0.0397215 0.0633406 -40.4012 0.0597649 -0.0855263 0.994542 -0.789331
1686751146657160704 857 0.0364456 0.995689 0.0852899 18.4772 -0.99883 0.0335786 0.0348115 -40.8237 0.0317976 -0.0864588 0.995748 -0.811799
1686751147157326336 867 0.0478429 0.994202 0.0963002 18.5162 -0.997843 0.0432324 0.0494074 -41.476 0.0449577 -0.0984562 0.994125 -0.797895
1686751147657055744 881 0.0508874 0.993724 0.0996141 18.5532 -0.998594 0.0491469 0.0198508 -42.1368 0.0148306 -0.100484 0.994828 -0.807443
1686751148356856320 889 0.0781773 0.991601 0.103028 18.6153 -0.996503 0.0746653 0.0375206 -43.048 0.0295129 -0.105601 0.993971 -0.795294
1686751148757650944 901 0.0495276 0.994213 0.0953234 18.6434 -0.997508 0.044437 0.0548059 -43.5539 0.0502529 -0.0978002 0.993937 -0.793932
1686751149357650688 911 0.0237595 0.99669 0.0777455 18.6283 -0.999629 0.0226476 0.0151526 -44.3794 0.0133417 -0.0780767 0.996858 -0.791015
1686751149857313536 924 -0.020266 0.996741 0.0780866 18.6244 -0.99888 -0.0235259 0.0410568 -45.0121 0.0427601 -0.077167 0.996101 -0.807222
1686751150507301632 929 -0.0763116 0.994008 0.0782638 18.5495 -0.996512 -0.0786906 0.0277729 -45.8334 0.0337652 -0.0758715 0.996546 -0.788582
1686751150756888064 940 -0.0880894 0.99272 0.0821444 18.5179 -0.995784 -0.0898791 0.0183432 -46.1503 0.0255927 -0.0801822 0.996452 -0.763859
1686751151307559424 946 -0.089353 0.992232 0.0865588 18.4651 -0.995029 -0.0927655 0.0362308 -46.7534 0.043979 -0.0828911 0.995588 -0.802103
1686751151607428096 957 -0.085582 0.991476 0.0982371 18.4574 -0.994244 -0.0913657 0.0559627 -46.9053 0.0644612 -0.0928822 0.993588 -0.782275
1686751152157579264 966 -0.0851626 0.990406 0.108823 18.4137 -0.996091 -0.0872011 0.0141042 -47.5573 0.0234584 -0.107197 0.993961 -0.800012
1686751152607641088 974 -0.0748056 0.992002 0.101669 18.391 -0.995637 -0.0800014 0.048022 -48.0815 0.0557716 -0.0976329 0.993659 -0.777982
1686751153008900864 982 -0.0464064 0.991561 0.121052 18.3827 -0.992817 -0.0591606 0.103991 -48.4792 0.110275 -0.115356 0.987184 -0.74894
1686751153408361728 994 -0.0210242 0.990335 0.137096 18.3951 -0.995521 -0.0333788 0.0884495 -48.8663 0.0921707 -0.134623 0.986601 -0.728037
1686751154008551168 995 0.0374545 0.989312 0.140918 18.432 -0.994729 0.0234401 0.0998273 -49.4244 0.0954573 -0.143914 0.984975 -0.70743
1686751154058481664 997 0.0391169 0.987971 0.149612 18.4415 -0.993532 0.0224811 0.111309 -49.4381 0.106606 -0.152999 0.982459 -0.705626
1686751154158594816 1000 0.0402979 0.986572 0.158275 18.4574 -0.994456 0.024203 0.102331 -49.539 0.0971262 -0.161521 0.982078 -0.694592
1686751154308390400 1007 0.0669637 0.985766 0.154212 18.4703 -0.994746 0.0539651 0.0869899 -49.7462 0.0774296 -0.159227 0.984201 -0.677791
1686751154658694656 1014 0.10825 0.983551 0.144602 18.4979 -0.990521 0.0943381 0.0998448 -50.0912 0.084561 -0.154039 0.98444 -0.666923
1686751155008811264 1019 0.163427 0.9764 0.141192 18.5621 -0.982954 0.148937 0.107796 -50.4221 0.0842234 -0.156402 0.984096 -0.651167
1686751155258538240 1024 0.224851 0.966715 0.122082 18.6037 -0.971076 0.211991 0.109867 -50.6206 0.0803301 -0.143255 0.98642 -0.648383
1686751155509244928 1029 0.281435 0.952781 0.114032 18.6816 -0.956389 0.268827 0.114247 -50.8128 0.0781976 -0.141213 0.986886 -0.630874
1686751155758300928 1035 0.337107 0.934711 0.112583 18.7671 -0.938244 0.323656 0.122253 -51.0334 0.0778326 -0.146842 0.986093 -0.634441
1686751156058338560 1038 0.398047 0.910667 0.110654 18.8799 -0.915456 0.386542 0.111918 -51.2588 0.0591479 -0.145847 0.987537 -0.622746
1686751156208105472 1043 0.445769 0.88817 0.111549 18.9525 -0.894339 0.436597 0.097676 -51.3875 0.038051 -0.143304 0.988947 -0.634796
1686751156457724672 1046 0.507538 0.852028 0.128269 19.0951 -0.861525 0.499509 0.0909122 -51.57 0.0133881 -0.156649 0.987564 -0.650327
1686751156607926272 1049 0.562655 0.817195 0.12495 19.1786 -0.826673 0.555149 0.0917705 -51.6645 0.00562859 -0.154928 0.98791 -0.651304
1686751156757311488 1050 0.608846 0.784232 0.119523 19.2192 -0.793253 0.603284 0.0824461 -51.635 -0.00744955 -0.145009 0.989402 -0.663491
1686751156807944192 1052 0.62686 0.770309 0.116921 19.2401 -0.779028 0.622133 0.0778869 -51.6567 -0.0127437 -0.139909 0.990082 -0.66392
1686751156907599872 1054 0.658042 0.741405 0.131524 19.307 -0.752105 0.655596 0.0673217 -51.6772 -0.0363141 -0.143221 0.989024 -0.683979
1686751157007444224 1055 0.678565 0.721655 0.13698 19.3556 -0.733702 0.674809 0.0794666 -51.703 -0.0350876 -0.154426 0.987381 -0.687266
1686751157057369088 1057 0.694695 0.705586 0.139814 19.3911 -0.71795 0.692086 0.0745989 -51.7247 -0.0441277 -0.152203 0.987364 -0.689526
1686751157157663744 1060 0.724123 0.673865 0.146804 19.4597 -0.687318 0.722683 0.0729672 -51.763 -0.0569228 -0.153738 0.986471 -0.701938
1686751157307145216 1062 0.76372 0.627494 0.1516 19.5666 -0.642146 0.762527 0.0787462 -51.82 -0.0661864 -0.157489 0.9853 -0.720626
1686751157408607744 1065 0.791609 0.590404 0.157414 19.6393 -0.603542 0.795721 0.0506445 -51.8725 -0.0953565 -0.135096 0.986233 -0.741903
1686751157558065920 1070 0.822614 0.555641 0.120704 19.7011 -0.564099 0.824161 0.0505185 -51.9274 -0.0714089 -0.109646 0.991402 -0.729727
1686751157807435008 1074 0.860776 0.493431 0.124861 19.8649 -0.502261 0.863191 0.051336 -52.0113 -0.0824479 -0.106901 0.990845 -0.755607
1686751158007304192 1078 0.890704 0.443839 0.0982501 19.9972 -0.451435 0.889021 0.0764647 -52.0581 -0.0534084 -0.112461 0.99222 -0.772711
1686751158208653824 1080 0.920696 0.373582 0.112939 20.129 -0.382536 0.921177 0.0714119 -52.0931 -0.0773586 -0.108952 0.991032 -0.78853
1686751158308327680 1083 0.936769 0.329627 0.117519 20.2079 -0.335604 0.941362 0.0347588 -52.1313 -0.0991703 -0.0720007 0.992462 -0.805217
1686751158459389952 1087 0.956175 0.266311 0.121685 20.3289 -0.270652 0.962462 0.0203576 -52.1709 -0.111696 -0.0523998 0.99236 -0.823014
1686751158657996288 1091 0.969386 0.211 0.125577 20.4763 -0.215471 0.97624 0.0229951 -52.1951 -0.117741 -0.0493492 0.991817 -0.844926
1686751158859641856 1094 0.983794 0.143431 0.107593 20.6083 -0.148292 0.98819 0.0385953 -52.1952 -0.100787 -0.0539251 0.993446 -0.860463
1686751159007955712 1097 0.991605 0.0903831 0.092469 20.7098 -0.093832 0.995019 0.0336479 -52.2 -0.0889673 -0.042042 0.995147 -0.87136
1686751159158945536 1100 0.995278 0.032788 0.0913561 20.825 -0.0351238 0.999093 0.0240781 -52.2027 -0.0904837 -0.0271732 0.995527 -0.887006
1686751159308859392 1103 0.996086 -0.0274145 0.0840361 20.9283 0.0250175 0.999253 0.0294454 -52.193 -0.0847806 -0.0272277 0.996028 -0.893369
1686751159459275008 1107 0.992697 -0.0830206 0.0875179 21.0305 0.0810767 0.99638 0.0255434 -52.1777 -0.0893218 -0.0182612 0.995835 -0.90473
1686751159658261760 1112 0.985728 -0.146505 0.0829217 21.1561 0.146487 0.989192 0.00632443 -52.168 -0.0829521 0.00591283 0.996536 -0.921691
1686751159909284352 1116 0.97665 -0.209725 0.0465892 21.3074 0.208798 0.977664 0.0239876 -52.1138 -0.0505794 -0.0136998 0.998626 -0.928857
1686751160109209088 1120 0.963949 -0.261641 0.0484369 21.5015 0.262124 0.965027 -0.00377867 -52.075 -0.0457542 0.0163389 0.998819 -0.948803
1686751160309921792 1125 0.947344 -0.312856 0.0682635 21.6997 0.314648 0.949055 -0.0170349 -52.0234 -0.0594564 0.0376169 0.997522 -0.966921
1686751160559607040 1132 0.927332 -0.369968 0.0563915 21.8797 0.371364 0.928344 -0.016313 -51.9421 -0.0463154 0.0360693 0.998275 -0.980806
1686751160909442816 1139 0.905818 -0.418383 0.0667061 22.1627 0.419586 0.907705 -0.00449807 -51.8078 -0.0586675 0.0320634 0.997763 -1.01093
1686751161259447552 1146 0.88416 -0.463457 0.0588866 22.4338 0.464853 0.885307 -0.011939 -51.6688 -0.0465995 0.0379296 0.998193 -1.02986
1686751161609611776 1155 0.865179 -0.495757 0.0754279 22.7072 0.496972 0.867761 0.00304099 -51.5097 -0.066961 0.0348545 0.997147 -1.06303
1686751162060613376 1160 0.840615 -0.536631 0.0734422 23.0419 0.537841 0.843038 0.00385464 -51.2964 -0.0639831 0.03626 0.997292 -1.10347
1686751162311400192 1167 0.831448 -0.554405 0.0364658 23.2108 0.555361 0.831229 -0.0251265 -51.1943 -0.0163811 0.0411431 0.999019 -1.10085
1686751162661755392 1172 0.795818 -0.605057 0.0240742 23.4579 0.60512 0.796116 0.00541024 -50.988 -0.0224394 0.0102622 0.999696 -1.12187
1686751162912345600 1177 0.755919 -0.652961 0.0472047 23.6332 0.653596 0.756839 0.0025538 -50.8432 -0.0373939 0.0289224 0.998882 -1.135
1686751163161760000 1184 0.722077 -0.691401 0.023869 23.7799 0.691483 0.722368 0.00595749 -50.6853 -0.0213612 0.0122032 0.999697 -1.1459
1686751163513466112 1189 0.694661 -0.719332 0.00281107 23.9832 0.719257 0.694519 -0.0177047 -50.4666 0.0107832 0.0143206 0.999839 -1.14982
1686751163761680384 1197 0.656514 -0.753689 0.0307002 24.1456 0.754238 0.656481 -0.0125674 -50.2926 -0.0106822 0.0314059 0.99945 -1.15786
1686751164162123520 1203 0.626035 -0.776838 0.0678449 24.4161 0.77786 0.628239 0.015801 -49.9864 -0.0548976 0.0428819 0.997571 -1.198
1686751164461728000 1209 0.589116 -0.807308 0.0345816 24.5418 0.807578 0.589694 0.00890316 -49.7817 -0.0275802 0.0226823 0.999362 -1.21094
1686751164761389824 1215 0.55766 -0.829766 0.0224696 24.676 0.829855 0.556696 -0.0378175 -49.6 0.0188709 0.0397359 0.999032 -1.20715
1686751165060988672 1221 0.50675 -0.861897 -0.0183849 24.7848 0.860812 0.507044 -0.0436948 -49.3712 0.0469823 0.00631639 0.998876 -1.20652
1686751165360732416 1225 0.45423 -0.890854 -0.0073886 24.9001 0.890293 0.454215 -0.0326789 -49.1394 0.0324682 0.00826575 0.999439 -1.20269
