1403715278812143104 83 -0.32226 -0.002986 -0.946646 -1.07056 0.00408833 0.999981 -0.00454599 -0.264504 0.946642 -0.00533519 -0.322242 1.34876
1403715278962142976 86 -0.310965 -0.00430514 -0.950412 -1.61468 0.00570987 0.999963 -0.0063978 -0.404784 0.950404 -0.00741622 -0.310929 2.51285
1403715279212143104 91 -0.312133 -0.00473041 -0.950027 -2.34873 -0.00165452 0.999989 -0.00443558 -0.552192 0.950037 0.00018735 -0.312137 2.98554
1403715279512143104 97 -0.323385 -0.00610707 -0.946248 -2.88142 0.002782 0.999969 -0.00740455 -0.689043 0.946263 -0.00502698 -0.323358 2.70383
1403715279812143104 103 -0.325812 -0.00636675 -0.945413 -3.13967 0.00202548 0.99997 -0.00743218 -0.720019 0.945432 -0.00433641 -0.325789 3.16578
1403715280112143104 109 -0.370666 -0.00528728 -0.928751 -3.20675 -0.0053967 0.999979 -0.00353894 -0.638466 0.928751 0.00370043 -0.370686 3.98084
1403715280412143104 115 -0.364384 -0.00338039 -0.931243 -3.87081 -0.0449518 0.998892 0.0139631 -0.654338 0.930163 0.046949 -0.364132 5.0495
1403715280562142976 118 -0.354007 0.0223017 -0.934977 -4.42727 -0.016271 0.999417 0.0299994 -0.812747 0.935101 0.025833 -0.353438 5.62329
1403715280612143104 119 -0.345682 0.0394442 -0.937522 -0.220133 0.00606254 0.999189 0.0398033 -0.0423662 0.938332 0.00807551 -0.34564 0.285201
1403715280762142976 123 -0.337098 0.10573 -0.935514 -0.252017 0.0394155 0.994388 0.0981809 -0.0547514 0.940644 -0.0037771 -0.339374 0.308225
1403715280862142976 124 -0.333005 0.155779 -0.929968 -0.271287 0.0601287 0.98776 0.143928 -0.0629499 0.941006 -0.00798894 -0.338296 0.319087
1403715280912143104 126 -0.328565 0.18017 -0.927138 -0.280608 0.0686463 0.983596 0.166814 -0.0672215 0.941984 -0.0088352 -0.335543 0.319257
1403715281012143104 127 -0.326489 0.217591 -0.919815 -0.302255 0.0827432 0.975986 0.201509 -0.0749408 0.941572 -0.010318 -0.336653 0.335646
1403715281162142976 130 -0.32369 0.256344 -0.910776 -0.335451 0.0946761 0.966543 0.238392 -0.0864567 0.941414 -0.00906361 -0.33713 0.353219
1403715281462142976 137 -0.323466 0.336223 -0.884491 -0.403934 0.123721 0.941746 0.312742 -0.108203 0.938117 -0.00826822 -0.346221 0.374879
1403715281612143104 140 -0.317393 0.400013 -0.859797 -0.435733 0.143634 0.916496 0.37337 -0.111523 0.937353 -0.00499081 -0.348345 0.376492
1403715281762142976 142 -0.306076 0.478311 -0.823126 -0.46891 0.172139 0.878176 0.446291 -0.114658 0.936315 -0.00509348 -0.351124 0.373922
1403715281912143104 145 -0.290103 0.558889 -0.776842 -0.50532 0.201193 0.829228 0.521443 -0.116193 0.935608 -0.00502336 -0.353006 0.36541
1403715282062142976 148 -0.270089 0.632734 -0.725741 -0.545647 0.229903 0.774332 0.589538 -0.11837 0.934985 -0.00762247 -0.354606 0.351226
1403715282162142976 151 -0.257113 0.676022 -0.69057 -0.57361 0.244618 0.736849 0.63025 -0.12033 0.934909 -0.00687973 -0.354821 0.341214
1403715282312143104 153 -0.236997 0.735284 -0.634972 -0.619563 0.264962 0.677735 0.685909 -0.122922 0.934681 -0.00568536 -0.355443 0.324233
1403715282462142976 157 -0.219135 0.789134 -0.573801 -0.674409 0.28414 0.614219 0.736206 -0.126244 0.933405 -0.00171111 -0.358821 0.30867
1403715282612143104 161 -0.195676 0.836357 -0.512073 -0.73312 0.295239 0.548182 0.782515 -0.129546 0.935171 0.00193542 -0.354191 0.290509
1403715282812143104 164 -0.150471 0.887912 -0.434707 -0.814651 0.31084 0.459905 0.831785 -0.133131 0.938476 -0.00996442 -0.345201 0.265346
1403715283012143104 168 -0.112218 0.929527 -0.351266 -0.896768 0.317571 0.368508 0.8737 -0.134435 0.941571 -0.0135066 -0.336544 0.235318
1403715283212143104 172 -0.0607305 0.960877 -0.270236 -0.979678 0.324842 0.275024 0.904898 -0.135018 0.943816 -0.0328292 -0.328835 0.205502
1403715283412143104 176 -0.0216228 0.981833 -0.188513 -1.05285 0.328777 0.185052 0.9261 -0.138628 0.94416 -0.0419537 -0.326805 0.177726
1403715283612143104 180 -0.00718933 0.993931 -0.109772 -1.11325 0.346784 0.10544 0.932 -0.143294 0.937918 -0.0313666 -0.345437 0.152795
1403715284162142976 190 0.0152594 0.998371 -0.0549754 -1.26369 0.359017 0.0458446 0.932204 -0.132282 0.933206 -0.033962 -0.357732 0.0921478
1403715284662142976 200 -0.00601012 0.996829 -0.0793489 -1.34956 0.344663 0.0765531 0.9356 -0.0673167 0.938707 -0.0217255 -0.34403 0.0462149
1403715285062142976 210 0.0273025 0.999399 -0.0213369 -1.39128 0.302155 0.0120956 0.953182 0.00529968 0.952868 -0.0324713 -0.301643 0.0306105
1403715285212143104 213 0.0558868 0.997517 0.0428638 -1.40333 0.301652 -0.0577939 0.951665 0.0199858 0.951779 -0.0402555 -0.304132 0.0319261
1403715285412143104 215 0.100685 0.990291 0.0958488 -1.41485 0.333603 -0.124364 0.934474 0.027008 0.937322 -0.0621119 -0.342885 0.0561592
1403715285712143104 222 0.13014 0.984466 0.117856 -1.39847 0.350638 -0.156883 0.923277 0.0406074 0.927425 -0.0788307 -0.365607 0.175727
1403715286012143104 228 0.0895899 0.985964 0.140884 -1.3406 0.355118 -0.163778 0.920363 0.0680026 0.930519 -0.0324249 -0.364807 0.285664
1403715286462142976 237 0.0814344 0.985967 0.145732 -1.23819 0.35918 -0.165425 0.91849 0.15214 0.929709 -0.0224527 -0.367611 0.403525
1403715286712143104 242 0.0808776 0.982092 0.170161 -1.18583 0.333532 -0.187545 0.923896 0.220022 0.939263 -0.0179681 -0.342727 0.451455
1403715286912143104 246 0.0949748 0.971594 0.216761 -1.14715 0.337533 -0.236276 0.911178 0.274821 0.93651 -0.013375 -0.350386 0.476823
1403715287262142976 253 0.0970427 0.959006 0.266251 -1.10448 0.32841 -0.283385 0.901022 0.387027 0.939537 1.85002e-06 -0.342447 0.524581
1403715287562142976 258 0.13248 0.952424 0.274479 -1.08493 0.301955 -0.302537 0.904044 0.486464 0.944072 -0.0368873 -0.327669 0.562343
1403715287762142976 263 0.177182 0.929506 0.323458 -1.06724 0.288528 -0.363276 0.885879 0.545303 0.940935 -0.063635 -0.332554 0.591233
1403715287912143104 266 0.18673 0.900764 0.392117 -1.04886 0.271415 -0.430903 0.860614 0.583583 0.944175 -0.0542757 -0.324944 0.618459
1403715288012143104 268 0.193 0.874791 0.444399 -1.02876 0.259175 -0.48228 0.8368 0.601569 0.94635 -0.0463253 -0.319804 0.642574
1403715288112143104 270 0.203679 0.847063 0.490916 -1.00967 0.245089 -0.529577 0.812084 0.620717 0.947864 -0.0450867 -0.315469 0.661387
1403715288262142976 273 0.218365 0.815739 0.535618 -0.983417 0.237514 -0.576785 0.781605 0.640744 0.946522 -0.0434579 -0.319699 0.676797
1403715288812143104 285 0.229629 0.7926 0.564851 -0.894122 0.236934 -0.608423 0.757419 0.67155 0.943998 -0.0400932 -0.327506 0.680849
1403715289112143104 290 0.226966 0.767892 0.599023 -0.843585 0.251126 -0.64042 0.725809 0.659022 0.940969 -0.0143042 -0.338191 0.654848
1403715289312143104 294 0.234133 0.738185 0.632664 -0.811392 0.252692 -0.674593 0.693593 0.651389 0.938791 -0.00252379 -0.344479 0.594112
1403715289512143104 298 0.257264 0.691412 0.675103 -0.780681 0.242711 -0.722455 0.647417 0.652414 0.935364 -0.00270211 -0.353676 0.526073
1403715289662142976 301 0.279854 0.65173 0.704933 -0.762445 0.232879 -0.758426 0.608734 0.660328 0.93137 -0.006192 -0.364023 0.467157
1403715290212143104 312 0.283396 0.65029 0.704847 -0.694735 0.229341 -0.759609 0.608602 0.763386 0.931176 -0.0108245 -0.364408 0.381178
1403715290612143104 319 0.297091 0.674717 0.675643 -0.634715 0.235066 -0.737496 0.633122 0.898812 0.925462 -0.0292742 -0.377706 0.430639
1403715291012143104 328 0.292037 0.662101 0.690172 -0.553612 0.195237 -0.747705 0.634681 1.0736 0.936268 -0.0506034 -0.347624 0.453217
1403715291362142976 334 0.323669 0.621902 0.713075 -0.466707 0.13802 -0.776615 0.61467 1.20701 0.93605 -0.100531 -0.337201 0.449802
1403715291662142976 341 0.348476 0.572756 0.741967 -0.369419 0.132565 -0.813745 0.565903 1.27081 0.927896 -0.0988443 -0.359498 0.416849
1403715291912143104 346 0.332862 0.547015 0.7681 -0.257694 0.162757 -0.835652 0.524591 1.29896 0.928823 -0.0496025 -0.367187 0.384696
1403715292312143104 354 0.315898 0.586735 0.745621 -0.054325 0.205093 -0.80951 0.550118 1.36107 0.926361 -0.020859 -0.376058 0.3279
1403715292462142976 357 0.296091 0.643194 0.706139 0.0256472 0.236962 -0.765642 0.598032 1.39941 0.9253 -0.00974377 -0.379112 0.306385
1403715292562142976 360 0.273211 0.686176 0.67418 0.0859486 0.245361 -0.727371 0.640881 1.43871 0.930137 -0.00967829 -0.367086 0.29362
1403715292662142976 360 0.230463 0.731747 0.641431 0.151608 0.247338 -0.681577 0.688678 1.48749 0.941122 -6.47489e-05 -0.338067 0.281334
1403715292762142976 363 0.190362 0.775918 0.601426 0.212654 0.253502 -0.630703 0.733451 1.535 0.948419 0.0128415 -0.316759 0.276603
1403715292862142976 365 0.161871 0.81608 0.554808 0.259171 0.263983 -0.577542 0.772501 1.5767 0.950847 0.0214143 -0.308919 0.279079
1403715292962142976 367 0.155988 0.85163 0.500394 0.298535 0.279319 -0.523949 0.804648 1.61937 0.947443 0.0142543 -0.319606 0.292952
1403715293062142976 369 0.154975 0.881449 0.446129 0.331248 0.281935 -0.472266 0.835151 1.65992 0.946835 -0.00364838 -0.3217 0.322527
1403715293162142976 370 0.152284 0.906163 0.394561 0.360716 0.283908 -0.422499 0.86075 1.701 0.946682 -0.0190596 -0.321607 0.359996
1403715293262142976 373 0.143123 0.927205 0.346131 0.388087 0.286947 -0.373585 0.882097 1.73964 0.947194 -0.0269273 -0.319527 0.396621
1403715293412143104 376 0.117044 0.952309 0.281794 0.427017 0.277506 -0.303803 0.911424 1.79181 0.953568 -0.0284771 -0.29983 0.451916
1403715293562142976 379 0.097804 0.970186 0.221752 0.463708 0.279826 -0.24064 0.929403 1.83645 0.955056 -0.0288475 -0.295018 0.503421
1403715293762142976 383 0.0771642 0.985813 0.149058 0.513429 0.309016 -0.165789 0.936495 1.88252 0.947921 -0.0262027 -0.317425 0.573885
1403715293962142976 387 0.050752 0.995818 0.0759713 0.560073 0.324864 -0.0883933 0.941621 1.91823 0.944398 -0.0231089 -0.327991 0.641657
1403715294112143104 389 0.0281319 0.999508 0.0138886 0.595231 0.322178 -0.0222188 0.946418 1.94619 0.946261 -0.0221499 -0.322645 0.672716
1403715294262142976 392 0.011228 0.998601 -0.0516748 0.626082 0.307752 0.0457186 0.950367 1.9687 0.9514 -0.0265738 -0.306808 0.672571
1403715294412143104 396 -0.00884159 0.993102 -0.116921 0.657552 0.300398 0.114163 0.946957 1.98529 0.953773 -0.0267503 -0.299335 0.637494
1403715294562142976 400 -0.0378456 0.98283 -0.180591 0.695191 0.301439 0.18353 0.935656 1.99757 0.952734 -0.0190266 -0.303209 0.589933
1403715294712143104 402 -0.081065 0.967428 -0.239816 0.731426 0.322065 0.253125 0.912251 2.00588 0.94324 -0.00328469 -0.332094 0.549213
1403715294862142976 405 -0.118227 0.946961 -0.298809 0.768893 0.326936 0.321263 0.888765 2.00813 0.937622 0.00738419 -0.347577 0.506578
1403715295012143104 407 -0.143361 0.922445 -0.358529 0.800965 0.306784 0.385847 0.870061 2.01394 0.94092 0.0147418 -0.338307 0.462957
1403715295162142976 410 -0.146843 0.894133 -0.423041 0.827509 0.285112 0.447785 0.847466 2.01761 0.947179 0.00383017 -0.320682 0.422923
1403715295312143104 414 -0.153174 0.861306 -0.484447 0.851935 0.270159 0.508055 0.81786 2.01772 0.950554 -0.00560266 -0.31051 0.400551
1403715295462142976 417 -0.184178 0.817917 -0.54506 0.876183 0.263073 0.575336 0.774455 2.01034 0.947033 -0.000752742 -0.321136 0.405655
1403715295612143104 421 -0.214852 0.77387 -0.595789 0.901703 0.241644 0.63319 0.735309 2.00011 0.946281 0.0140139 -0.323043 0.409861
1403715295812143104 424 -0.225062 0.730277 -0.645013 0.938037 0.217692 0.682951 0.697272 1.98914 0.949714 0.0165154 -0.312682 0.381957
1403715296012143104 428 -0.212493 0.685892 -0.695987 0.97068 0.207389 0.727683 0.65381 1.97028 0.954901 -0.00540981 -0.296874 0.334607
1403715296212143104 431 -0.226288 0.651877 -0.723775 1.0177 0.236656 0.757579 0.608333 1.94771 0.944875 -0.0336272 -0.325701 0.270846
1403715296362142976 434 -0.268334 0.623178 -0.734606 1.05784 0.254417 0.781342 0.569892 1.93769 0.929123 -0.0339752 -0.368207 0.227073
1403715296762142976 444 -0.292539 0.555328 -0.77848 1.16068 0.216005 0.831428 0.511928 1.96875 0.931538 -0.0183966 -0.363178 0.217237
1403715297162142976 451 -0.31948 0.459924 -0.828494 1.23835 0.179506 0.887858 0.423658 2.04487 0.930435 -0.0133695 -0.366212 0.211596
1403715297312143104 454 -0.35233 0.38812 -0.851602 1.25119 0.181907 0.920998 0.344488 2.07636 0.918027 -0.033539 -0.395097 0.204124
1403715297462142976 457 -0.36698 0.312312 -0.876235 1.25906 0.148891 0.949532 0.276079 2.12168 0.918236 -0.0291482 -0.39496 0.191232
1403715297662142976 461 -0.382624 0.227365 -0.895491 1.25359 0.118348 0.973323 0.196558 2.20078 0.916293 -0.0307721 -0.399325 0.171172
1403715297912143104 466 -0.350066 0.133517 -0.927161 1.21509 0.0966352 0.989656 0.10603 2.32636 0.931727 -0.0524788 -0.359347 0.157738
1403715298012143104 469 -0.305414 0.089173 -0.948035 1.1911 0.0768312 0.994667 0.0688077 2.38388 0.949115 -0.0518238 -0.310637 0.155968
1403715298162142976 471 -0.272523 0.0159241 -0.962017 1.16142 0.00668175 0.99987 0.0146579 2.47144 0.962126 -0.00243335 -0.272594 0.151199
1403715298212143104 472 -0.274059 -0.00863678 -0.961674 1.15377 -0.0249763 0.999686 -0.0018604 2.50292 0.961389 0.0235092 -0.274188 0.150107
1403715298312143104 474 -0.27864 -0.0536708 -0.958895 1.1444 -0.0793131 0.996313 -0.0327179 2.556 0.957115 0.0669365 -0.281869 0.145926
1403715298512143104 477 -0.304463 -0.107493 -0.946439 1.14204 -0.131882 0.988799 -0.0698781 2.64827 0.94335 0.103543 -0.315229 0.145991
1403715299012143104 487 -0.364841 -0.132837 -0.921545 1.17624 -0.0834237 0.990453 -0.109742 2.6942 0.927325 0.0368401 -0.37244 0.178141
1403715299162142976 491 -0.383276 -0.170011 -0.907852 1.18008 -0.0649873 0.985441 -0.157105 2.66928 0.921345 -0.00121573 -0.388745 0.191124
1403715299312143104 494 -0.387025 -0.221235 -0.895135 1.16992 -0.0736689 0.975105 -0.209148 2.63584 0.919122 -0.0150017 -0.393688 0.204333
1403715299462142976 497 -0.381951 -0.284044 -0.87945 1.14452 -0.0916017 0.958547 -0.269808 2.59778 0.919632 -0.0224944 -0.392137 0.217064
1403715299562142976 498 -0.368762 -0.332385 -0.868064 1.11956 -0.10593 0.942824 -0.316011 2.57148 0.923468 -0.0245789 -0.382887 0.226443
1403715299662142976 501 -0.351967 -0.383573 -0.85381 1.09007 -0.122197 0.923201 -0.364374 2.54615 0.928002 -0.0239149 -0.371808 0.234557
1403715299762142976 504 -0.33859 -0.438097 -0.832723 1.05623 -0.138224 0.898554 -0.416528 2.52449 0.930726 -0.0259303 -0.364797 0.240707
1403715299862142976 504 -0.326106 -0.493728 -0.806156 1.018 -0.153843 0.869123 -0.47006 2.49986 0.932731 -0.0292681 -0.359383 0.246889
1403715299962142976 507 -0.30847 -0.548835 -0.776934 0.97726 -0.173423 0.835523 -0.521368 2.47879 0.935292 -0.0260882 -0.352914 0.250004
1403715300112143104 509 -0.273008 -0.610309 -0.743633 0.91286 -0.191626 0.792007 -0.579659 2.44621 0.942733 -0.0157519 -0.333175 0.25324
1403715300262142976 512 -0.223817 -0.644373 -0.731224 0.84599 -0.213708 0.764446 -0.608236 2.41936 0.950913 0.0201349 -0.308804 0.256736
1403715300462142976 517 -0.212829 -0.662426 -0.718259 0.770572 -0.188905 0.749127 -0.63492 2.39126 0.958655 0.00055315 -0.284572 0.263023
1403715300962142976 527 -0.214532 -0.643869 -0.734445 0.659853 -0.187955 0.765113 -0.615853 2.40154 0.958462 0.00592212 -0.285159 0.274597
1403715301312143104 534 -0.167788 -0.625809 -0.761715 0.650027 -0.206364 0.777847 -0.593606 2.45042 0.963982 0.0575907 -0.259658 0.272528
1403715301612143104 539 -0.228467 -0.628855 -0.743199 0.719185 -0.202307 0.777392 -0.595596 2.50731 0.9523 0.0142805 -0.30483 0.248011
1403715301962142976 547 -0.239617 -0.616617 -0.749911 0.840237 -0.219733 0.786814 -0.57675 2.5804 0.945675 0.0265811 -0.324026 0.201515
1403715302312143104 553 -0.250086 -0.599313 -0.760448 0.985329 -0.24651 0.798935 -0.548577 2.63243 0.936317 0.0502664 -0.347539 0.173507
1403715302762142976 563 -0.300219 -0.574524 -0.76144 1.19173 -0.203283 0.818462 -0.537398 2.63172 0.931957 -0.00654889 -0.362509 0.169689
1403715302962142976 567 -0.327124 -0.58024 -0.745862 1.27013 -0.21293 0.81425 -0.540054 2.61491 0.920679 -0.017848 -0.389912 0.157133
1403715303112143104 570 -0.326349 -0.613493 -0.719112 1.31883 -0.236381 0.789561 -0.56632 2.59111 0.915216 -0.0148333 -0.40269 0.144948
1403715303212143104 572 -0.30976 -0.650109 -0.693835 1.34158 -0.25335 0.759779 -0.59879 2.5728 0.91644 -0.00969812 -0.400055 0.136381
1403715303312143104 574 -0.273807 -0.693896 -0.665987 1.35941 -0.2632 0.720075 -0.642042 2.55041 0.925071 -0.000508105 -0.379795 0.131517
1403715303412143104 576 -0.232606 -0.737631 -0.633873 1.37315 -0.276213 0.675015 -0.684149 2.52454 0.932524 0.0159466 -0.360756 0.12602
1403715303512143104 577 -0.202992 -0.777809 -0.594817 1.38632 -0.289051 0.627992 -0.722548 2.49526 0.935545 0.025261 -0.352303 0.120048
1403715303612143104 579 -0.179734 -0.81503 -0.550837 1.40073 -0.296996 0.578784 -0.759475 2.46293 0.937811 0.0270927 -0.346088 0.115628
1403715303712143104 582 -0.166916 -0.849331 -0.500775 1.41781 -0.293977 0.527669 -0.796958 2.4276 0.941125 0.0141911 -0.33776 0.112117
1403715303812143104 583 -0.154436 -0.879407 -0.450326 1.43644 -0.290276 0.476065 -0.830122 2.39408 0.944399 0.00251795 -0.328792 0.109219
1403715303912143104 585 -0.143061 -0.903228 -0.404614 1.4567 -0.282806 0.42908 -0.857853 2.36175 0.948448 -0.00829775 -0.316823 0.106906
1403715304062142976 589 -0.131862 -0.923439 -0.36038 1.48399 -0.280554 0.383456 -0.879916 2.3206 0.950738 -0.0149213 -0.309637 0.102814
1403715304312143104 594 -0.13601 -0.933484 -0.331827 1.52362 -0.283207 0.357597 -0.889898 2.27781 0.949366 -0.0270598 -0.313006 0.09048
1403715304812143104 604 -0.12516 -0.919831 -0.371815 1.57786 -0.297556 0.392312 -0.870375 2.25281 0.946465 0.00169939 -0.322803 -0.00380869
1403715305362142976 614 -0.143515 -0.917312 -0.371406 1.64875 -0.31384 0.398106 -0.861984 2.26379 0.938567 -0.00714582 -0.345023 0.0090517
1403715305662142976 621 -0.133273 -0.927674 -0.348796 1.68367 -0.315132 0.373336 -0.872532 2.26584 0.939644 -0.00636778 -0.342096 0.0690647
1403715305912143104 625 -0.135431 -0.933659 -0.33157 1.7048 -0.319118 0.357926 -0.877526 2.2671 0.937988 -0.0130344 -0.346422 0.175282
1403715306312143104 634 -0.173703 -0.928248 -0.328911 1.71046 -0.29668 0.367797 -0.881309 2.26869 0.939046 -0.0555043 -0.33928 0.306178
1403715306462142976 637 -0.197546 -0.91301 -0.356916 1.69262 -0.251947 0.399147 -0.881592 2.27641 0.947364 -0.0842311 -0.30888 0.348
1403715306612143104 640 -0.199105 -0.888083 -0.414326 1.661 -0.220075 0.452512 -0.864176 2.2989 0.954947 -0.0808789 -0.285542 0.386201
1403715306712143104 642 -0.188844 -0.865589 -0.463782 1.63368 -0.203486 0.496521 -0.843836 2.32485 0.960693 -0.0649805 -0.2699 0.41092
1403715306812143104 643 -0.170706 -0.837428 -0.519205 1.60612 -0.191802 0.545102 -0.816135 2.35977 0.966474 -0.0397348 -0.253673 0.43351
1403715306912143104 646 -0.14933 -0.803169 -0.576733 1.58122 -0.1826 0.59564 -0.782221 2.40178 0.971781 -0.0114976 -0.235605 0.454086
1403715307012143104 648 -0.129474 -0.762678 -0.633686 1.56301 -0.196215 0.646134 -0.73757 2.45344 0.971976 0.0288426 -0.233306 0.471781
1403715307112143104 649 -0.128218 -0.718703 -0.683393 1.55166 -0.216875 0.692722 -0.687824 2.50764 0.967742 0.0600196 -0.244688 0.476388
1403715307212143104 652 -0.146973 -0.673949 -0.724011 1.5508 -0.241401 0.734266 -0.634491 2.55958 0.959231 0.0815244 -0.270609 0.467791
1403715307312143104 654 -0.170722 -0.630253 -0.757387 1.55806 -0.259026 0.770343 -0.582647 2.6078 0.950663 0.0967127 -0.294767 0.451058
1403715307412143104 657 -0.215099 -0.590302 -0.777995 1.57359 -0.2503 0.803356 -0.540342 2.65402 0.943971 0.0785054 -0.320554 0.425983
1403715307512143104 657 -0.261214 -0.551034 -0.792546 1.59391 -0.225461 0.83317 -0.504969 2.69251 0.938581 0.0467833 -0.341872 0.402086
1403715307662142976 661 -0.308543 -0.490327 -0.815095 1.6267 -0.185365 0.871469 -0.454072 2.74697 0.932974 0.0109895 -0.359775 0.36697
1403715307762142976 663 -0.32669 -0.444238 -0.834222 1.64658 -0.169489 0.89588 -0.410698 2.77541 0.92981 0.00722081 -0.367968 0.3406
1403715307862142976 664 -0.338501 -0.395037 -0.854027 1.66325 -0.156649 0.9186 -0.362817 2.80582 0.927835 0.0109691 -0.372829 0.315179
1403715307962142976 667 -0.34687 -0.345701 -0.871878 1.67666 -0.144908 0.938185 -0.314341 2.83494 0.926652 0.0173067 -0.375523 0.289236
1403715308062142976 669 -0.351012 -0.294906 -0.888719 1.68816 -0.130989 0.955242 -0.265244 2.85816 0.927164 0.0233087 -0.373931 0.262
1403715308162142976 671 -0.355937 -0.247221 -0.901216 1.69785 -0.117451 0.968561 -0.219307 2.8768 0.9271 0.027789 -0.373783 0.23896
1403715308312143104 675 -0.359628 -0.186542 -0.914259 1.70697 -0.099063 0.981908 -0.161378 2.89698 0.927822 0.0325333 -0.371601 0.200397
1403715308512143104 677 -0.36301 -0.129783 -0.922703 1.7068 -0.0636925 0.991392 -0.114386 2.90835 0.929606 0.0172458 -0.368152 0.149832
1403715309062142976 689 -0.367016 -0.124439 -0.921854 1.63386 -0.0109167 0.99152 -0.129497 2.91156 0.930151 -0.0374639 -0.365262 0.154745
1403715309262142976 693 -0.334754 -0.149185 -0.930421 1.5787 0.0125903 0.986592 -0.162721 2.92414 0.942221 -0.0661858 -0.328387 0.170991
1403715309712143104 702 -0.314171 -0.197386 -0.92862 1.4681 -0.050907 0.980243 -0.191136 3.00235 0.948 -0.012776 -0.318012 0.202234
1403715310012143104 708 -0.329629 -0.215955 -0.91908 1.41361 -0.0116663 0.974345 -0.224757 3.06787 0.944039 -0.063364 -0.323692 0.217425
1403715310212143104 712 -0.288131 -0.199294 -0.936623 1.37934 0.00293338 0.977915 -0.208983 3.13349 0.957587 -0.0629618 -0.281183 0.221922
1403715310362142976 715 -0.268475 -0.157209 -0.950372 1.36643 -0.0201918 0.987295 -0.157613 3.19392 0.963075 -0.0231254 -0.268238 0.226303
1403715310462142976 716 -0.269536 -0.119092 -0.955598 1.36623 -0.0239072 0.992845 -0.116991 3.23425 0.962693 -0.00868769 -0.270455 0.227464
1403715310612143104 720 -0.298619 -0.0704665 -0.951767 1.37621 -0.022873 0.997512 -0.0666769 3.29376 0.954098 0.00185875 -0.299488 0.230081
1403715310762142976 723 -0.328257 -0.0392308 -0.943773 1.39141 -0.0183069 0.999214 -0.0351679 3.3485 0.944411 0.00573347 -0.328717 0.233754
1403715311062142976 728 -0.345534 -0.00775951 -0.938374 1.41454 0.0127652 0.999834 -0.0129682 3.44149 0.938319 -0.0164596 -0.345378 0.237467
1403715311412143104 736 -0.358921 0.00914706 -0.933323 1.41556 0.0497972 0.998715 -0.00936216 3.55769 0.932039 -0.0498372 -0.358915 0.238424
1403715311662142976 741 -0.356499 0.0196797 -0.934089 1.39181 0.0165757 0.999754 0.0147369 3.65075 0.934149 -0.0102295 -0.356737 0.246443
1403715311912143104 746 -0.347201 0.031168 -0.937273 1.34285 0.0354278 0.99917 0.0201025 3.75387 0.937121 -0.0262259 -0.348017 0.259834
1403715312112143104 749 -0.344845 0.0460069 -0.937531 1.29216 0.0211529 0.998925 0.0412391 3.83529 0.938421 -0.00561039 -0.345448 0.265815
1403715312312143104 754 -0.341279 0.0589888 -0.938109 1.23567 0.020817 0.998258 0.0551979 3.91482 0.939731 -0.000690696 -0.341913 0.275225
1403715312562142976 759 -0.33273 0.068069 -0.940562 1.15356 0.038416 0.997542 0.0586027 4.01082 0.942239 -0.0166337 -0.334527 0.289486
1403715312662142976 760 -0.318533 0.0670634 -0.945536 1.12047 0.0264907 0.997734 0.0618414 4.04845 0.947542 -0.00534937 -0.319588 0.29063
1403715312762142976 762 -0.304218 0.0630812 -0.950511 1.08739 0.0137367 0.997992 0.0618358 4.08722 0.952503 0.00575469 -0.304474 0.288541
1403715312912143104 765 -0.28152 0.0502064 -0.958241 1.04111 -0.0106082 0.998406 0.0554274 4.13926 0.959497 0.0257691 -0.280538 0.285959
1403715312962142976 767 -0.274047 0.0438914 -0.960714 1.02836 -0.0167644 0.998588 0.0504039 4.15579 0.96157 0.0299189 -0.272924 0.288521
1403715313062142976 769 -0.266998 0.0314797 -0.963183 1.0065 -0.0272937 0.998818 0.0402102 4.1848 0.96331 0.0370248 -0.265823 0.301121
1403715313112143104 770 -0.271396 0.0249842 -0.962143 0.99649 -0.0314238 0.9989 0.0348025 4.1995 0.961955 0.0396795 -0.270313 0.316132
1403715313162142976 770 -0.270845 0.0211222 -0.962391 0.991438 -0.0339612 0.998927 0.0314817 4.20496 0.962024 0.0412107 -0.269837 0.323448
1403715313262142976 773 -0.27888 0.0115536 -0.960256 0.982198 -0.0265511 0.999453 0.0197363 4.21945 0.959959 0.0309999 -0.278421 0.345988
1403715313312143104 773 -0.285795 0.00697678 -0.958265 0.97955 -0.021205 0.999683 0.0136025 4.22629 0.958056 0.0242075 -0.285556 0.35594
1403715313512143104 778 -0.310774 0.00650423 -0.950462 0.978438 -0.0115035 0.999878 0.0106037 4.24443 0.950414 0.014229 -0.310661 0.390376
1403715313662142976 781 -0.31867 0.0292902 -0.947413 0.983274 -0.014205 0.999263 0.0356711 4.25401 0.947759 0.0248253 -0.318019 0.415759
1403715313762142976 783 -0.320462 0.0423254 -0.946315 0.988057 -0.0128228 0.998716 0.0490114 4.25394 0.947175 0.0278407 -0.319507 0.433807
1403715313962142976 786 -0.319343 0.0593775 -0.945777 1.00034 0.00581538 0.998139 0.0607013 4.24769 0.947621 0.0138845 -0.319095 0.47266
1403715314112143104 789 -0.326621 0.0846523 -0.941357 1.01013 0.0151281 0.996322 0.0843461 4.24257 0.945034 0.0133083 -0.3267 0.49548
1403715314212143104 792 -0.33128 0.125477 -0.935152 1.01561 0.0175726 0.991766 0.126848 4.23448 0.943369 0.0255892 -0.330757 0.503323
1403715314262142976 792 -0.333213 0.148064 -0.931153 1.01925 0.0211181 0.988517 0.149628 4.23317 0.942615 0.0301938 -0.332513 0.510856
1403715314362142976 795 -0.337901 0.196704 -0.920397 1.02672 0.0326763 0.979779 0.197399 4.22239 0.940614 0.0366261 -0.337496 0.516088
1403715314412143104 795 -0.337261 0.219181 -0.915541 1.02992 0.0422338 0.975063 0.217873 4.21371 0.940463 0.0348133 -0.338107 0.51575
1403715314562142976 799 -0.340502 0.270014 -0.900639 1.03239 0.069718 0.962492 0.2622 4.18563 0.937656 0.0264887 -0.346555 0.520594
1403715314712143104 802 -0.334728 0.299418 -0.89348 1.03057 0.0922522 0.954033 0.285149 4.15358 0.937788 0.0130219 -0.346964 0.524393
1403715315062142976 809 -0.314244 0.323117 -0.892662 1.00576 0.100959 0.946338 0.307005 4.05102 0.943959 0.00635202 -0.330003 0.526884
1403715315212143104 812 -0.312135 0.32213 -0.893759 0.993535 0.104891 0.946695 0.304577 3.99966 0.94423 0.00132192 -0.329285 0.522752
1403715315562142976 819 -0.299883 0.379652 -0.875177 0.971495 0.132229 0.925086 0.355994 3.88717 0.944767 -0.00896764 -0.327619 0.522167
1403715315712143104 822 -0.282172 0.425244 -0.859969 0.964586 0.158236 0.904748 0.395466 3.83607 0.946224 -0.0244885 -0.322583 0.521576
1403715315812143104 824 -0.265336 0.462285 -0.846103 0.957079 0.189036 0.885469 0.424512 3.79675 0.945443 -0.0473056 -0.322335 0.522746
1403715315862142976 825 -0.258472 0.479063 -0.838863 0.961592 0.201204 0.876025 0.43829 3.78417 0.944833 -0.0554969 -0.322817 0.522259
1403715316012143104 828 -0.249248 0.539121 -0.804502 0.963682 0.219977 0.840523 0.495107 3.74711 0.943125 -0.0535672 -0.328093 0.520999
1403715316112143104 830 -0.248515 0.5785 -0.776903 0.970244 0.221298 0.814762 0.535902 3.72718 0.94301 -0.0387475 -0.330501 0.516576
1403715316212143104 832 -0.25326 0.618287 -0.74403 0.97889 0.223403 0.785694 0.576867 3.71004 0.94125 -0.0201211 -0.337112 0.508041
1403715316262142976 833 -0.261418 0.637898 -0.724394 0.985284 0.226933 0.770073 0.596228 3.7053 0.93817 -0.00852453 -0.346071 0.503454
1403715316312143104 834 -0.269357 0.658207 -0.703001 0.988106 0.233741 0.752835 0.615308 3.69758 0.934244 0.00141793 -0.356631 0.498334
1403715316412143104 836 -0.289623 0.691672 -0.661595 0.99452 0.247422 0.721829 0.646332 3.68112 0.924609 0.0234996 -0.380193 0.482964
1403715316612143104 839 -0.277923 0.736378 -0.616851 0.974614 0.264053 0.675977 0.687991 3.64202 0.923599 0.0283277 -0.382312 0.451504
1403715316862142976 844 -0.22861 0.775171 -0.588938 0.924896 0.264911 0.631664 0.728576 3.60822 0.936781 0.0105436 -0.349756 0.404345
1403715317062142976 849 -0.182991 0.827299 -0.531121 0.869208 0.268576 0.561761 0.78249 3.57526 0.945717 0.000542447 -0.32499 0.357551
1403715317212143104 852 -0.159109 0.871478 -0.463907 0.825954 0.293246 0.490403 0.820677 3.54739 0.942704 -0.00546138 -0.333585 0.325071
1403715317362142976 855 -0.134405 0.912538 -0.386277 0.7815 0.312188 0.408957 0.857492 3.51874 0.940465 -0.00533989 -0.339849 0.296627
1403715317512143104 858 -0.0947098 0.946115 -0.309672 0.737282 0.329117 0.323336 0.887206 3.49173 0.939527 -0.0178912 -0.342006 0.272829
1403715317662142976 860 -0.0570081 0.970462 -0.234423 0.693736 0.336372 0.239747 0.910701 3.46857 0.940002 -0.0269361 -0.340103 0.255744
1403715317812143104 863 -0.00594384 0.985994 -0.166672 0.651634 0.343835 0.158527 0.925552 3.44641 0.939011 -0.0518063 -0.339962 0.237436
1403715317962142976 866 0.0446472 0.99382 -0.101629 0.615822 0.351645 0.0795856 0.932744 3.42659 0.935068 -0.0773817 -0.345919 0.224613
1403715318162142976 871 0.0830181 0.996056 -0.0313084 0.58557 0.348075 0.000455836 0.937467 3.40173 0.933784 -0.0887244 -0.346665 0.202067
1403715318412143104 876 0.0875026 0.995857 0.0247546 0.584369 0.350084 -0.0540066 0.93516 3.37616 0.932622 -0.0731627 -0.353359 0.175675
1403715318562142976 879 0.0665648 0.995134 0.0726488 0.604115 0.35822 -0.0917906 0.929114 3.36307 0.931261 -0.035822 -0.362587 0.151513
1403715318712143104 882 0.0704488 0.990045 0.12185 0.625452 0.394494 -0.139847 0.908194 3.35698 0.916194 -0.0159122 -0.400419 0.13009
1403715318862142976 884 0.093114 0.980534 0.172868 0.647782 0.409937 -0.195979 0.890811 3.36402 0.907348 -0.0120817 -0.420206 0.108462
1403715319012143104 887 0.106371 0.968838 0.22369 0.668636 0.39415 -0.247621 0.885059 3.38988 0.91287 -0.00597706 -0.408207 0.0871224
1403715319162142976 890 0.108556 0.953653 0.280644 0.693554 0.368524 -0.300803 0.879606 3.43299 0.923258 0.00793792 -0.384098 0.0729189
1403715319312143104 895 0.116303 0.9329 0.340839 0.713704 0.350892 -0.359632 0.864604 3.48839 0.929165 0.0190419 -0.369174 0.0632072
1403715319462142976 898 0.131593 0.90806 0.397631 0.72954 0.33121 -0.418343 0.845748 3.55389 0.934336 0.020405 -0.35581 0.0496488
1403715319662142976 901 0.162234 0.871084 0.463565 0.734378 0.308768 -0.491011 0.814599 3.65733 0.937199 0.0109787 -0.348621 0.0441881
1403715319962142976 906 0.18542 0.847463 0.49742 0.712201 0.304521 -0.530833 0.790875 3.8319 0.934284 0.00483102 -0.356497 0.115028
1403715320212143104 911 0.193937 0.81034 0.552935 0.688079 0.284921 -0.585867 0.75867 3.98508 0.938727 0.0104086 -0.344504 0.18418
1403715320362142976 914 0.207262 0.760583 0.615269 0.666105 0.234641 -0.649216 0.723507 4.08029 0.94973 -0.00558833 -0.313021 0.220252
1403715320512143104 917 0.247997 0.690705 0.679282 0.637557 0.188796 -0.722201 0.665419 4.17009 0.950186 -0.0367757 -0.309506 0.252637
1403715320662142976 920 0.291576 0.611332 0.735702 0.602665 0.138297 -0.787983 0.599964 4.25156 0.946497 -0.0731897 -0.314302 0.283507
1403715320912143104 925 0.352558 0.507437 0.786264 0.539877 0.0540027 -0.849846 0.524257 4.35312 0.934231 -0.14237 -0.327023 0.330357
1403715321462142976 937 0.368356 0.459883 0.807974 0.480365 0.0646087 -0.879645 0.471222 4.38497 0.927437 -0.121375 -0.353735 0.382466
1403715321812143104 944 0.343551 0.46444 0.816252 0.516657 0.0659966 -0.878945 0.472335 4.304 0.936812 -0.108401 -0.332614 0.418029
1403715321962142976 947 0.328915 0.446826 0.831962 0.543127 0.0287862 -0.885315 0.4641 4.23597 0.943921 -0.128701 -0.304056 0.425842
1403715322112143104 950 0.350737 0.418439 0.83779 0.570934 0.0347948 -0.899827 0.434857 4.14755 0.935827 -0.12337 -0.330163 0.438169
1403715322212143104 952 0.350693 0.404663 0.844549 0.592696 0.0662982 -0.910288 0.408632 4.07925 0.934141 -0.0873122 -0.34606 0.445514
1403715322312143104 954 0.351314 0.384978 0.853446 0.616869 0.0905752 -0.92125 0.378279 4.00338 0.931866 -0.0555935 -0.358517 0.452247
1403715322362142976 955 0.353955 0.371587 0.858277 0.629277 0.0982548 -0.927381 0.360984 3.96487 0.930087 -0.0434425 -0.364761 0.4534
1403715322412143104 955 0.357243 0.355262 0.863809 0.641301 0.103244 -0.93419 0.34151 3.9267 0.928288 -0.0328186 -0.370411 0.452451
1403715322462142976 957 0.362704 0.337549 0.868623 0.653758 0.105538 -0.940977 0.321597 3.89007 0.925909 -0.0249714 -0.37692 0.450073
1403715322512143104 958 0.367098 0.320941 0.873061 0.66646 0.104635 -0.946882 0.304081 3.8524 0.924278 -0.0202749 -0.38118 0.440188
1403715322612143104 960 0.377231 0.293929 0.878238 0.694854 0.102583 -0.955726 0.2758 3.78449 0.92042 -0.0139482 -0.390681 0.416641
1403715322662142976 961 0.382606 0.283954 0.879195 0.710802 0.101917 -0.958764 0.2653 3.75258 0.918273 -0.011901 -0.395768 0.405891
1403715322812143104 963 0.383609 0.266444 0.884224 0.766218 0.0992143 -0.963824 0.247387 3.66304 0.918151 -0.00717205 -0.396167 0.368842
1403715322912143104 966 0.380979 0.262137 0.886645 0.809444 0.103386 -0.965031 0.240888 3.60812 0.918785 -0.00010623 -0.394758 0.352711
1403715323112143104 971 0.371996 0.260534 0.890922 0.908202 0.109447 -0.965418 0.23662 3.51876 0.92176 0.00948674 -0.387646 0.352934
1403715323312143104 973 0.366466 0.264364 0.892084 1.0256 0.121159 -0.964181 0.235957 3.45595 0.922509 0.0216136 -0.38537 0.350768
1403715323512143104 978 0.366098 0.264314 0.89225 1.15997 0.11942 -0.964231 0.236638 3.41689 0.922882 0.0199198 -0.384567 0.331413
1403715323612143104 979 0.356363 0.262901 0.896598 1.23739 0.114199 -0.964659 0.237468 3.40786 0.927342 0.0177662 -0.373792 0.341486
1403715323712143104 982 0.317031 0.260218 0.912019 1.31943 0.0994962 -0.965443 0.240875 3.40506 0.943182 0.0143777 -0.331966 0.359863
1403715323762142976 982 0.294425 0.258891 0.91994 1.35627 0.0927786 -0.965804 0.242104 3.40917 0.95116 0.0140691 -0.308377 0.370099
1403715323862142976 985 0.257038 0.257661 0.931419 1.42534 0.0801569 -0.966165 0.245152 3.41884 0.963071 0.0116461 -0.268995 0.387558
1403715323962142976 987 0.217696 0.257995 0.941301 1.48403 0.0674526 -0.966102 0.249192 3.43114 0.973683 0.00924493 -0.227719 0.407228
1403715324062142976 989 0.193787 0.260416 0.945849 1.52766 0.0557467 -0.96549 0.254402 3.44493 0.979459 0.00342811 -0.201617 0.421216
1403715324112143104 990 0.200834 0.26154 0.944067 1.54299 0.0518981 -0.96519 0.256351 3.45442 0.97825 -0.0024886 -0.207416 0.429959
1403715324362142976 995 0.263536 0.269294 0.926299 1.5524 0.0219402 -0.961669 0.273335 3.49375 0.9644 -0.0517106 -0.259343 0.461857
1403715324462142976 998 0.309926 0.272799 0.910783 1.53579 0.00970683 -0.95881 0.283881 3.49613 0.950711 -0.0791413 -0.299809 0.467915
1403715324662142976 1001 0.36053 0.26962 0.89293 1.50546 0.0167809 -0.959031 0.282803 3.49835 0.932597 -0.0869748 -0.350284 0.495831
1403715324862142976 1005 0.344049 0.268773 0.899662 1.49009 0.0523069 -0.962154 0.267439 3.48504 0.937494 -0.0449534 -0.345086 0.526524
1403715325162142976 1011 0.289035 0.276912 0.916394 1.46857 0.063816 -0.960695 0.27017 3.46064 0.955189 -0.0196082 -0.295346 0.55389
1403715325562142976 1019 0.336536 0.287154 0.89682 1.39433 0.0498772 -0.95647 0.287537 3.43012 0.940349 -0.0520354 -0.336209 0.558973
1403715325912143104 1026 0.368758 0.279743 0.886432 1.33441 0.0176094 -0.95557 0.294237 3.37443 0.929359 -0.0928926 -0.3573 0.555588
1403715326112143104 1029 0.361396 0.274063 0.891225 1.3224 0.0440392 -0.959778 0.277286 3.31361 0.931372 -0.0609611 -0.35893 0.549165
1403715326312143104 1034 0.333812 0.265986 0.904335 1.32386 0.0717633 -0.963751 0.256972 3.24725 0.939904 -0.0208823 -0.340799 0.533865
1403715326562142976 1039 0.277708 0.256089 0.925903 1.32496 0.0612856 -0.966574 0.248956 3.17077 0.958709 -0.0123927 -0.28412 0.51103
1403715326912143104 1046 0.314657 0.241527 0.917963 1.27295 0.0450658 -0.969796 0.239718 3.06916 0.948135 -0.0340602 -0.316038 0.467791
1403715327112143104 1050 0.343298 0.232904 0.909892 1.22518 0.021068 -0.970433 0.240451 3.0079 0.93899 -0.0633768 -0.338054 0.445291
1403715327462142976 1057 0.375469 0.223183 0.899562 1.16627 0.00127185 -0.970697 0.240301 2.86904 0.926834 -0.0890816 -0.364751 0.417311
1403715327712143104 1062 0.366486 0.263096 0.892451 1.15399 0.0453555 -0.963099 0.265297 2.73676 0.929317 -0.0567503 -0.364895 0.396262
1403715327962142976 1067 0.347402 0.360809 0.865522 1.16741 0.0988146 -0.931958 0.348842 2.59649 0.932495 -0.0356621 -0.359417 0.371897
1403715328062142976 1068 0.329863 0.393834 0.857954 1.17852 0.114756 -0.91881 0.377649 2.53782 0.937028 -0.0261168 -0.348276 0.358823
1403715328412143104 1076 0.266033 0.416803 0.869196 1.20876 0.131031 -0.908956 0.395765 2.35685 0.955017 0.00860489 -0.296427 0.337817
1403715328612143104 1080 0.278666 0.403656 0.87144 1.20352 0.137354 -0.914806 0.37982 2.26764 0.950515 0.0138527 -0.310369 0.32798
1403715328862142976 1085 0.304202 0.451852 0.838625 1.1703 0.154992 -0.892092 0.424439 2.18738 0.939914 0.000865194 -0.341409 0.313942
1403715328962142976 1086 0.297504 0.499229 0.813794 1.156 0.165334 -0.866452 0.47109 2.16528 0.940296 -0.00560301 -0.340313 0.308557
1403715329062142976 1089 0.285716 0.556122 0.780445 1.13825 0.179116 -0.831032 0.526596 2.14943 0.941426 -0.0106668 -0.33705 0.301499
1403715329162142976 1091 0.277574 0.616513 0.736793 1.12524 0.193571 -0.787092 0.585676 2.1341 0.941001 -0.0199462 -0.337816 0.298413
1403715329212143104 1092 0.271969 0.643297 0.715683 1.11265 0.203666 -0.765348 0.610543 2.13161 0.940507 -0.0202889 -0.339168 0.294396
1403715329262142976 1092 0.267797 0.66898 0.693362 1.10457 0.214366 -0.742979 0.634058 2.12641 0.939325 -0.0211658 -0.342374 0.289758
1403715329412143104 1095 0.257461 0.720512 0.643876 1.08067 0.232494 -0.692955 0.682466 2.11296 0.937902 -0.0260111 -0.345923 0.276639
1403715329662142976 1100 0.251032 0.753239 0.607958 1.04943 0.249477 -0.657197 0.711234 2.09394 0.935278 -0.0268713 -0.352893 0.245612
1403715330212143104 1112 0.238721 0.766096 0.596748 1.01215 0.24489 -0.642147 0.726413 2.07287 0.939703 -0.0272728 -0.340903 0.145816
1403715330762142976 1123 0.242966 0.7708 0.588927 1.00699 0.215333 -0.634829 0.742041 2.07835 0.945833 -0.0534753 -0.32022 0.118187
1403715330962142976 1127 0.250256 0.803304 0.540439 1.00541 0.210902 -0.590027 0.779351 2.08143 0.94493 -0.0810579 -0.317076 0.156916
1403715331112143104 1130 0.243635 0.844407 0.477093 1.00973 0.226209 -0.527823 0.818677 2.077 0.943118 -0.0915358 -0.319609 0.184902
1403715331262142976 1133 0.212772 0.882778 0.418845 1.02635 0.260956 -0.46443 0.84629 2.06083 0.941611 -0.0707664 -0.329183 0.22127
1403715331662142976 1140 0.153736 0.917452 0.366944 1.10199 0.295246 -0.397044 0.869014 1.99917 0.942972 -0.0252598 -0.331914 0.362766
1403715331862142976 1145 0.135085 0.916592 0.376313 1.14517 0.296767 -0.399787 0.867237 1.97031 0.945347 -0.00547314 -0.326019 0.422762
1403715332412143104 1156 0.211584 0.903628 0.372409 1.26503 0.283551 -0.421402 0.861405 1.91282 0.935324 -0.076663 -0.345387 0.456313
1403715332962142976 1166 0.152418 0.929419 0.33608 1.5005 0.27764 -0.366626 0.887976 1.91844 0.948517 -0.0420339 -0.313924 0.496676
1403715333112143104 1170 0.117351 0.942168 0.313925 1.58397 0.231292 -0.333346 0.913994 1.92996 0.965781 -0.0346499 -0.257034 0.506807
1403715333612143104 1180 0.103976 0.950802 0.29183 1.82153 0.25205 -0.309032 0.917044 1.86972 0.962112 -0.0217948 -0.271782 0.490359
1403715333812143104 1184 0.120975 0.950868 0.284981 1.89592 0.292604 -0.308493 0.905105 1.81793 0.948551 -0.0261089 -0.315547 0.470711
1403715334262142976 1193 0.109692 0.974278 0.196853 2.07426 0.330492 -0.22253 0.9172 1.71245 0.937413 -0.0355512 -0.346401 0.459827
1403715334812143104 1204 0.0815423 0.980661 0.17792 2.33272 0.329759 -0.195006 0.923705 1.65204 0.940537 -0.0166502 -0.339283 0.467563
1403715335162142976 1210 0.0715406 0.98105 0.180066 2.49736 0.332258 -0.193658 0.923093 1.64374 0.940471 -0.00621022 -0.339816 0.461285
1403715335712143104 1222 0.0572459 0.993088 0.102461 2.727 0.33655 -0.115818 0.934516 1.68269 0.939924 -0.0190139 -0.340854 0.451668
1403715336112143104 1229 0.0234911 0.999179 0.0330016 2.88685 0.315268 -0.0387303 0.948212 1.74385 0.948712 -0.0118702 -0.315919 0.439016
1403715336312143104 1234 0.0189337 0.999627 0.0197027 2.96453 0.303876 -0.0245274 0.952396 1.77567 0.952523 -0.0120452 -0.304227 0.431351
1403715336662142976 1241 0.0118546 0.999835 0.0137753 3.08859 0.327347 -0.0168976 0.944753 1.82434 0.94483 -0.00669039 -0.327493 0.423731
1403715336912143104 1246 0.00897959 0.999791 0.0183549 3.17255 0.324974 -0.0202771 0.945506 1.86359 0.94568 -0.00252537 -0.325088 0.429376
1403715337312143104 1254 -0.00913169 0.999193 -0.039117 3.2821 0.342569 0.0398775 0.938646 1.94068 0.939448 -0.00482887 -0.342657 0.462777
