1403715274512143104 5 1 0.00066298 -0.000211733 -0.000310633 -0.000662917 1 0.000299721 0.000401189 0.000211932 -0.00029958 1 -6.20746e-05
1403715276612143104 47 1 0.000509799 0.000710732 0.00121982 -0.000510509 0.999999 0.000999689 -0.000582379 -0.000710222 -0.00100005 0.999999 -0.000287318
1403715278462142976 84 0.999957 -0.00272461 0.00884937 0.00889829 0.00266134 0.999971 0.00715354 -0.00290755 -0.0088686 -0.00712968 0.999935 -0.00278184
1403715278712143104 89 0.999005 -0.012992 0.0426645 0.0435587 0.0126511 0.999886 0.00825101 -0.00399066 -0.0427669 -0.00770305 0.999055 0.0126156
1403715278912143104 93 0.997563 -0.020997 0.0665391 0.113528 0.0207427 0.999775 0.00451077 -0.0123398 -0.0666189 -0.00311958 0.997774 0.0213825
1403715279112143104 97 0.997369 -0.0173835 0.0703719 0.165788 0.0170761 0.999842 0.00496687 -0.0136395 -0.0704471 -0.00375213 0.997508 0.031397
1403715279662142976 108 0.998464 -0.0162999 0.0529527 0.174316 0.0161587 0.999865 0.00309451 -0.0245085 -0.052996 -0.00223411 0.998592 0.0760166
1403715280262142976 120 0.99991 0.0128848 -0.00386714 0.251501 -0.0128296 0.99982 0.0139728 -0.0169631 0.00404648 -0.0139219 0.999895 0.0640805
1403715280412143104 123 0.999558 0.0281356 0.00960984 0.287406 -0.0283602 0.999307 0.0240879 -0.0231582 -0.00892546 -0.0243498 0.999664 0.0730402
1403715280562142976 126 0.999751 -0.000106386 0.0223248 0.314663 -0.000835492 0.99911 0.0421762 -0.0322341 -0.0223094 -0.0421844 0.998861 0.0893816
1403715280612143104 127 0.999521 -0.0152059 0.0269474 0.326375 0.0137587 0.998495 0.0530982 -0.0319939 -0.0277142 -0.052702 0.998226 0.0931165
1403715280812143104 131 0.997569 -0.0627663 0.0302877 0.36621 0.0581562 0.989205 0.134507 -0.0473261 -0.0384032 -0.132418 0.99045 0.120313
1403715280862142976 132 0.996782 -0.0738643 0.0311409 0.374969 0.0680814 0.985163 0.157543 -0.0509087 -0.0423157 -0.154916 0.987021 0.126668
1403715280962142976 134 0.995443 -0.0908241 0.0290497 0.394545 0.0833939 0.976914 0.196682 -0.0556091 -0.0462425 -0.193363 0.980037 0.139179
1403715281062142976 136 0.99426 -0.103691 0.0263731 0.412527 0.0951156 0.969492 0.225915 -0.0594216 -0.048994 -0.22211 0.97379 0.152554
1403715281112143104 137 0.99386 -0.107796 0.0249408 0.421736 0.0987918 0.966064 0.238665 -0.0646908 -0.0498215 -0.234736 0.970782 0.16225
1403715281412143104 143 0.990969 -0.133669 0.01059 0.463591 0.124147 0.944474 0.30423 -0.0802637 -0.0506682 -0.300168 0.95254 0.214681
1403715281462142976 144 0.990285 -0.138883 0.00681142 0.471268 0.129376 0.938236 0.320898 -0.0827973 -0.0509579 -0.316899 0.947089 0.223292
1403715281612143104 147 0.987213 -0.15938 -0.00288814 0.48117 0.14839 0.91222 0.381882 -0.088005 -0.05823 -0.377428 0.924206 0.251217
1403715281762142976 150 0.98189 -0.188449 -0.0194867 0.491745 0.176678 0.873685 0.453276 -0.0888827 -0.0683943 -0.44851 0.891157 0.280685
1403715281912143104 153 0.975046 -0.218593 -0.0387666 0.496267 0.205711 0.823942 0.528018 -0.0899517 -0.0834798 -0.522816 0.848348 0.315681
1403715282012143104 155 0.969741 -0.238628 -0.0515637 0.495805 0.224315 0.787549 0.573976 -0.092826 -0.096358 -0.568175 0.817247 0.340728
1403715282162142976 158 0.961923 -0.263078 -0.0741217 0.50295 0.248962 0.731449 0.634824 -0.0940757 -0.112792 -0.629105 0.769094 0.380293
1403715282262142976 160 0.957193 -0.275933 -0.0874238 0.501949 0.261186 0.693204 0.671751 -0.0953298 -0.124756 -0.665829 0.7356 0.408817
1403715282362142976 162 0.951766 -0.289039 -0.102945 0.50255 0.274683 0.653172 0.705632 -0.0940476 -0.136715 -0.699873 0.701061 0.437997
1403715282512143104 165 0.94407 -0.304019 -0.12769 0.50533 0.29184 0.590094 0.752741 -0.0937107 -0.153499 -0.747905 0.645815 0.487424
1403715282662142976 168 0.93649 -0.319898 -0.143706 0.509641 0.301504 0.525143 0.795814 -0.094274 -0.179114 -0.7886 0.588241 0.544527
1403715282862142976 172 0.922487 -0.348895 -0.165195 0.512548 0.316563 0.438817 0.840968 -0.0911299 -0.220919 -0.828077 0.51525 0.623388
1403715283062142976 176 0.909838 -0.369853 -0.188161 0.513513 0.32337 0.347766 0.880052 -0.0897412 -0.260053 -0.86155 0.43601 0.704255
1403715283262142976 180 0.892623 -0.397866 -0.211958 0.515349 0.330183 0.256898 0.908286 -0.0893143 -0.306924 -0.880742 0.360681 0.780021
1403715283462142976 184 0.87772 -0.411278 -0.245881 0.516849 0.339385 0.171336 0.924912 -0.0918928 -0.338267 -0.895262 0.289966 0.844402
1403715283662142976 188 0.86812 -0.401314 -0.292087 0.518006 0.358147 0.0990283 0.928399 -0.0947525 -0.343655 -0.910571 0.229698 0.898589
1403715284312143104 201 0.845516 -0.430703 -0.315591 0.518097 0.376781 0.0624735 0.924193 -0.0717313 -0.378337 -0.900329 0.215103 1.06787
1403715284612143104 207 0.865487 -0.402063 -0.298794 0.516254 0.359958 0.0843525 0.929147 -0.0304847 -0.348371 -0.911718 0.217732 1.11204
1403715285062142976 216 0.870798 -0.405818 -0.277531 0.514914 0.31433 0.0255014 0.948971 0.0418194 -0.378032 -0.913598 0.149767 1.15428
1403715285212143104 219 0.859404 -0.41192 -0.302898 0.517658 0.312829 -0.0449758 0.948744 0.0548924 -0.40443 -0.910109 0.090208 1.16454
1403715285412143104 223 0.828626 -0.429392 -0.359169 0.544646 0.346523 -0.110465 0.931514 0.0604989 -0.43966 -0.896337 0.0572602 1.16127
1403715285612143104 227 0.812587 -0.438448 -0.384014 0.611912 0.361386 -0.137907 0.922162 0.0657795 -0.457278 -0.888113 0.046387 1.13303
1403715285912143104 233 0.820645 -0.416965 -0.390746 0.701776 0.360843 -0.152093 0.920141 0.087624 -0.443097 -0.896107 0.0256446 1.05469
1403715286312143104 241 0.824624 -0.395759 -0.404192 0.773699 0.37325 -0.156242 0.91448 0.145446 -0.425065 -0.904966 0.0188762 0.938259
1403715286512143104 245 0.831675 -0.383931 -0.40114 0.795602 0.369058 -0.157555 0.915955 0.190252 -0.414865 -0.909821 0.0106583 0.888126
1403715286762142976 250 0.839928 -0.38104 -0.386431 0.817851 0.33682 -0.192306 0.921721 0.256424 -0.425526 -0.904338 -0.0331816 0.825805
1403715287012143104 255 0.825666 -0.365545 -0.429713 0.829557 0.358976 -0.247182 0.900021 0.326938 -0.435216 -0.897373 -0.0728679 0.777352
1403715287362142976 262 0.835413 -0.35934 -0.415885 0.852534 0.32856 -0.280082 0.901999 0.441588 -0.440606 -0.890185 -0.115919 0.726178
1403715287712143104 269 0.805871 -0.403573 -0.433244 0.891019 0.308737 -0.337951 0.889084 0.548896 -0.505225 -0.850246 -0.147747 0.689676
1403715287862142976 272 0.800644 -0.3935 -0.451803 0.906017 0.29382 -0.399308 0.86846 0.586388 -0.522148 -0.828077 -0.204085 0.660106
1403715287962142976 274 0.802072 -0.374825 -0.464958 0.91806 0.28173 -0.448997 0.847956 0.608379 -0.5266 -0.811115 -0.254529 0.638521
1403715288062142976 276 0.800989 -0.359716 -0.478561 0.928653 0.267354 -0.500303 0.823541 0.625712 -0.535666 -0.787592 -0.304566 0.615098
1403715288212143104 279 0.795303 -0.345202 -0.498326 0.937017 0.253929 -0.55674 0.790924 0.645644 -0.550466 -0.755563 -0.355121 0.584144
1403715288512143104 285 0.786845 -0.33249 -0.519929 0.9055 0.24803 -0.601065 0.759738 0.671435 -0.565116 -0.726754 -0.390477 0.548109
1403715289112143104 297 0.782658 -0.296775 -0.547149 0.873455 0.267615 -0.633197 0.726253 0.670506 -0.561987 -0.714833 -0.416155 0.453078
1403715289312143104 301 0.778542 -0.27299 -0.56511 0.806865 0.269677 -0.667554 0.694007 0.665937 -0.566698 -0.692711 -0.4461 0.446865
1403715289512143104 305 0.767603 -0.253634 -0.588604 0.734864 0.259842 -0.716357 0.647545 0.66888 -0.58589 -0.650002 -0.483973 0.448898
1403715289662142976 308 0.755534 -0.241937 -0.608797 0.67729 0.250251 -0.752243 0.609511 0.671929 -0.605427 -0.612859 -0.507801 0.453086
1403715290062142976 316 0.749445 -0.245804 -0.614746 0.573724 0.237065 -0.76733 0.595823 0.731875 -0.618169 -0.592271 -0.516799 0.447393
1403715290412143104 323 0.74054 -0.260096 -0.619637 0.594076 0.261278 -0.738079 0.622071 0.826235 -0.61914 -0.622566 -0.47862 0.393631
1403715290762142976 330 0.753148 -0.271106 -0.599391 0.600404 0.241692 -0.733382 0.635402 0.957709 -0.611844 -0.62342 -0.486821 0.326176
1403715291162142976 338 0.748171 -0.313347 -0.584854 0.579979 0.180692 -0.751922 0.634006 1.12133 -0.638428 -0.580023 -0.505947 0.250828
1403715291562142976 346 0.733091 -0.302713 -0.609051 0.51437 0.155621 -0.797077 0.583481 1.2283 -0.662088 -0.522525 -0.537221 0.160288
1403715291862142976 352 0.728488 -0.260164 -0.633735 0.441846 0.169515 -0.827856 0.534715 1.268 -0.663755 -0.496961 -0.558981 0.0669832
1403715292362142976 362 0.738221 -0.233562 -0.632834 0.290506 0.234543 -0.790737 0.565441 1.34006 -0.632471 -0.565848 -0.528958 -0.125174
1403715292512143104 365 0.746723 -0.252617 -0.615296 0.244292 0.260194 -0.740408 0.619754 1.37759 -0.61213 -0.622881 -0.487151 -0.188553
1403715292612143104 367 0.765257 -0.267184 -0.585657 0.219527 0.265683 -0.697596 0.665411 1.40653 -0.58634 -0.66481 -0.462854 -0.229973
1403715292712143104 369 0.791486 -0.273966 -0.546344 0.194835 0.267899 -0.647947 0.713018 1.44194 -0.549345 -0.710709 -0.439446 -0.272282
1403715292812143104 371 0.810286 -0.280439 -0.514578 0.17854 0.27439 -0.594323 0.75597 1.47738 -0.517829 -0.753747 -0.404622 -0.314636
1403715292912143104 373 0.814229 -0.293103 -0.501121 0.175682 0.291822 -0.539571 0.789748 1.51042 -0.501868 -0.789274 -0.353801 -0.353568
1403715293012143104 375 0.812327 -0.321467 -0.486604 0.182149 0.299039 -0.486741 0.820767 1.54564 -0.5007 -0.812245 -0.299262 -0.390166
1403715293112143104 377 0.812769 -0.349412 -0.466174 0.201257 0.300013 -0.434894 0.849035 1.58146 -0.499399 -0.829927 -0.24864 -0.427858
1403715293212143104 379 0.814622 -0.367687 -0.44855 0.221653 0.305387 -0.385564 0.870677 1.61592 -0.493082 -0.846254 -0.201802 -0.460527
1403715293362142976 382 0.827423 -0.383318 -0.410414 0.249865 0.300899 -0.314451 0.900323 1.66691 -0.474164 -0.86844 -0.144844 -0.509387
1403715293512143104 385 0.84088 -0.392531 -0.372612 0.282031 0.292767 -0.249143 0.923155 1.71009 -0.455201 -0.885351 -0.0945795 -0.555572
1403715293712143104 389 0.842066 -0.3993 -0.362608 0.325004 0.319699 -0.171962 0.931784 1.75449 -0.434416 -0.900549 -0.0171474 -0.619238
1403715293912143104 393 0.846581 -0.402338 -0.34846 0.3609 0.339777 -0.0954141 0.935654 1.78871 -0.409697 -0.910505 0.0559296 -0.681725
1403715294062142976 396 0.855998 -0.402288 -0.324702 0.380495 0.341231 -0.0321701 0.939429 1.81381 -0.388367 -0.914948 0.109736 -0.720681
1403715294212143104 399 0.868477 -0.405838 -0.28468 0.373607 0.326697 0.0366463 0.944418 1.83406 -0.372848 -0.91321 0.164413 -0.752066
1403715294362142976 402 0.877354 -0.408947 -0.251022 0.344649 0.319092 0.10653 0.941717 1.85218 -0.358371 -0.906319 0.223956 -0.777596
1403715294512143104 405 0.889243 -0.399913 -0.222074 0.29446 0.312617 0.176884 0.933264 1.86323 -0.333943 -0.899323 0.282313 -0.796069
1403715294662142976 408 0.896506 -0.385489 -0.218345 0.2394 0.328843 0.248748 0.911036 1.86769 -0.296881 -0.888551 0.349769 -0.818037
1403715294812143104 411 0.905692 -0.365032 -0.215577 0.189689 0.33868 0.317161 0.885835 1.87038 -0.254985 -0.875306 0.41088 -0.831876
1403715294962142976 414 0.917642 -0.34772 -0.192415 0.144534 0.326198 0.382483 0.864466 1.87422 -0.226997 -0.856036 0.464408 -0.846488
1403715295112143104 417 0.926404 -0.343332 -0.15459 0.104424 0.305347 0.444803 0.84197 1.8806 -0.220313 -0.827208 0.516903 -0.858294
1403715295262142976 420 0.931451 -0.345207 -0.115028 0.069883 0.287379 0.50402 0.81448 1.8836 -0.223188 -0.791705 0.568675 -0.869623
1403715295412143104 423 0.939029 -0.32967 -0.0976834 0.0582163 0.280075 0.568572 0.773488 1.88119 -0.199456 -0.753686 0.626238 -0.891397
1403715295562142976 426 0.950228 -0.300861 -0.0809348 0.059683 0.262009 0.631115 0.730099 1.8769 -0.168579 -0.714966 0.678531 -0.912517
1403715295762142976 430 0.960395 -0.273179 -0.0549116 0.0260994 0.233957 0.683524 0.691418 1.86752 -0.151348 -0.676881 0.720365 -0.933172
1403715295962142976 434 0.961872 -0.272658 -0.021465 -0.0245721 0.220983 0.728533 0.648388 1.8477 -0.16115 -0.628409 0.761008 -0.942508
1403715296112143104 437 0.957816 -0.287079 -0.0131654 -0.0761321 0.234249 0.753375 0.614454 1.83256 -0.166478 -0.591618 0.788843 -0.958011
1403715296262142976 440 0.957608 -0.285584 -0.0377912 -0.136054 0.253976 0.775053 0.57861 1.81404 -0.135952 -0.56368 0.814728 -0.972633
1403715296412143104 443 0.9599 -0.271534 -0.0697242 -0.191794 0.265226 0.799034 0.53963 1.80593 -0.090816 -0.536483 0.83901 -0.992875
1403715296762142976 450 0.971328 -0.234353 -0.0400016 -0.234154 0.223079 0.840248 0.494185 1.84075 -0.0822025 -0.488939 0.868436 -1.0716
1403715297162142976 458 0.980829 -0.193231 -0.0252265 -0.266703 0.186726 0.894887 0.405353 1.91731 -0.055752 -0.402292 0.913812 -1.13773
1403715297312143104 461 0.981812 -0.184891 -0.043145 -0.282038 0.18879 0.926674 0.325013 1.95049 -0.0201107 -0.327247 0.944725 -1.15015
1403715297512143104 465 0.989977 -0.138583 -0.0272166 -0.305004 0.141071 0.96116 0.237214 2.01561 -0.0067144 -0.238676 0.971076 -1.14783
1403715297762142976 470 0.991928 -0.123242 -0.0298282 -0.320269 0.126193 0.982469 0.137221 2.12387 0.0123939 -0.139878 0.990091 -1.11896
1403715297912143104 473 0.993953 -0.107985 0.0199323 -0.31922 0.105885 0.990604 0.086553 2.20535 -0.0290914 -0.083919 0.996048 -1.0863
1403715298012143104 475 0.993288 -0.0903975 0.072167 -0.31051 0.0868213 0.994905 0.0512475 2.261 -0.076432 -0.0446379 0.996075 -1.06316
1403715298162142976 478 0.993678 -0.0168139 0.111003 -0.298849 0.0171153 0.999852 -0.00176339 2.35024 -0.110957 0.0036521 0.993818 -1.03588
1403715298312143104 481 0.992125 0.0742325 0.100888 -0.296115 -0.0694349 0.996319 -0.0502656 2.43949 -0.104248 0.0428646 0.993627 -1.01958
1403715298512143104 485 0.989495 0.129019 0.0652246 -0.295226 -0.123104 0.988504 -0.0877811 2.53668 -0.0758002 0.0788295 0.994002 -1.01562
1403715298762142976 490 0.981787 0.179509 0.0622108 -0.2856 -0.174181 0.98125 -0.0825226 2.59885 -0.0758578 0.0701837 0.994646 -1.03416
1403715298962142976 494 0.995418 0.0941487 0.0167125 -0.281377 -0.0916729 0.989335 -0.113195 2.58781 -0.0271914 0.111144 0.993432 -1.05345
1403715299112143104 497 0.998263 0.057614 -0.0123262 -0.271854 -0.0588387 0.985699 -0.157908 2.55529 0.00305228 0.158358 0.987377 -1.06519
1403715299262142976 500 0.997985 0.058851 -0.0237115 -0.257959 -0.0624843 0.976505 -0.206237 2.51789 0.0110171 0.207303 0.978215 -1.06664
1403715299412143104 503 0.996981 0.0721119 -0.0287772 -0.238177 -0.0771628 0.961368 -0.26423 2.47809 0.00861134 0.265653 0.96403 -1.05375
1403715299512143104 505 0.995815 0.0875605 -0.0261797 -0.221521 -0.0913645 0.946988 -0.308005 2.4506 -0.00217725 0.309108 0.951024 -1.03608
1403715299612143104 507 0.994108 0.106517 -0.0200672 -0.201984 -0.106675 0.928646 -0.355298 2.42587 -0.0192101 0.355346 0.934537 -1.01522
1403715299712143104 509 0.992023 0.124802 -0.0177702 -0.183497 -0.12123 0.905834 -0.405916 2.39904 -0.0345623 0.404832 0.913738 -0.989356
1403715299812143104 511 0.989217 0.144847 -0.0216516 -0.165572 -0.138572 0.877827 -0.458495 2.37524 -0.0474054 0.456551 0.888433 -0.95745
1403715299912143104 513 0.98562 0.166771 -0.0272059 -0.14911 -0.157104 0.845136 -0.510944 2.35293 -0.0622178 0.50787 0.859184 -0.922329
1403715300012143104 515 0.981222 0.18992 -0.0336773 -0.131704 -0.176256 0.811949 -0.556482 2.32749 -0.078343 0.551968 0.830177 -0.885605
1403715300162142976 518 0.973923 0.225936 -0.020671 -0.0982521 -0.192087 0.772659 -0.605063 2.30068 -0.120734 0.593255 0.79591 -0.834189
1403715300412143104 523 0.967119 0.254237 0.0066146 -0.0564765 -0.190768 0.742391 -0.642233 2.25796 -0.16819 0.619854 0.766481 -0.746775
1403715300762142976 530 0.97362 0.22815 0.00326984 -0.00775656 -0.172511 0.745411 -0.643897 2.24633 -0.149342 0.626347 0.765105 -0.665351
1403715301112143104 537 0.964787 0.261853 0.024883 0.0151806 -0.190922 0.762223 -0.618518 2.28455 -0.180927 0.591988 0.785376 -0.620207
1403715301362142976 542 0.955748 0.290174 0.0484278 0.00792789 -0.202412 0.768076 -0.607526 2.32464 -0.213485 0.570839 0.792822 -0.627386
1403715301612143104 547 0.968262 0.249936 -0.000913425 -0.0404769 -0.19881 0.767975 -0.608842 2.36897 -0.15147 0.5897 0.793291 -0.673596
1403715301862142976 552 0.967694 0.251496 -0.017838 -0.101327 -0.212425 0.775157 -0.594985 2.41912 -0.135809 0.579552 0.803539 -0.738539
1403715302212143104 559 0.963131 0.267788 -0.0258716 -0.183909 -0.23403 0.7865 -0.571531 2.48135 -0.132701 0.556514 0.820172 -0.848503
1403715302612143104 567 0.972269 0.230936 -0.0369007 -0.262786 -0.212484 0.806402 -0.551875 2.49682 -0.0976909 0.544412 0.83311 -1.01246
1403715302912143104 573 0.977019 0.200708 -0.0717636 -0.316396 -0.20677 0.810672 -0.547775 2.47824 -0.0517662 0.550025 0.833542 -1.12395
1403715303112143104 577 0.97081 0.217251 -0.101633 -0.352831 -0.235333 0.78096 -0.578549 2.45269 -0.0463192 0.585579 0.809291 -1.1754
1403715303212143104 579 0.965502 0.236405 -0.109168 -0.367127 -0.252849 0.750971 -0.610008 2.43253 -0.0622272 0.616567 0.784839 -1.19436
1403715303312143104 581 0.959704 0.262228 -0.101019 -0.377233 -0.262897 0.710835 -0.652379 2.40916 -0.0992638 0.652648 0.75113 -1.20755
1403715303412143104 583 0.95088 0.294165 -0.0964027 -0.385493 -0.276144 0.665321 -0.693608 2.38216 -0.139897 0.686159 0.713873 -1.2176
1403715303512143104 585 0.942064 0.318726 -0.104543 -0.392312 -0.290035 0.61742 -0.731213 2.35492 -0.16851 0.719171 0.67409 -1.22885
1403715303612143104 587 0.935205 0.334475 -0.116268 -0.399198 -0.298309 0.567248 -0.767621 2.32589 -0.190797 0.752567 0.63027 -1.24024
1403715303712143104 589 0.933499 0.335102 -0.127618 -0.408081 -0.294979 0.515289 -0.804652 2.29244 -0.203881 0.788786 0.57987 -1.25292
1403715303812143104 591 0.931475 0.336436 -0.138437 -0.417816 -0.291606 0.462924 -0.837058 2.25861 -0.217531 0.820068 0.529309 -1.26775
1403715303912143104 593 0.931215 0.334333 -0.145119 -0.426731 -0.283797 0.415314 -0.864276 2.22778 -0.228686 0.846012 0.48163 -1.28353
1403715304062142976 596 0.929246 0.335321 -0.155118 -0.440647 -0.280934 0.368612 -0.886116 2.18852 -0.239955 0.866998 0.436734 -1.30536
1403715304312143104 601 0.929505 0.327813 -0.168992 -0.466658 -0.283648 0.342551 -0.895658 2.14747 -0.23572 0.880453 0.411387 -1.33723
1403715304762142976 610 0.924016 0.347436 -0.159635 -0.564355 -0.292535 0.37355 -0.880275 2.12695 -0.246207 0.860086 0.446804 -1.34974
1403715304962142976 614 0.921456 0.351229 -0.166002 -0.595803 -0.30408 0.38616 -0.870871 2.1265 -0.241772 0.852947 0.462631 -1.36098
1403715305512143104 625 0.920924 0.34316 -0.184771 -0.580162 -0.314542 0.374463 -0.872262 2.13603 -0.230135 0.861405 0.45279 -1.44702
1403715305762142976 630 0.920442 0.339698 -0.193368 -0.510237 -0.314712 0.350651 -0.882043 2.13728 -0.231824 0.872725 0.429661 -1.50342
1403715306112143104 637 0.914783 0.345006 -0.210104 -0.393128 -0.330842 0.341479 -0.879736 2.13951 -0.231768 0.874278 0.426522 -1.57401
1403715306362142976 642 0.939634 0.288056 -0.184694 -0.323383 -0.285445 0.36219 -0.887322 2.13935 -0.188704 0.886478 0.42255 -1.59716
1403715306512143104 645 0.953568 0.264666 -0.143739 -0.276443 -0.244385 0.401014 -0.882872 2.15077 -0.176025 0.877006 0.447075 -1.59195
1403715306612143104 647 0.958343 0.261816 -0.114153 -0.243634 -0.223611 0.439101 -0.870166 2.16605 -0.177698 0.859443 0.479354 -1.58164
1403715306712143104 649 0.95985 0.268394 -0.0815652 -0.208495 -0.207474 0.483552 -0.850372 2.19071 -0.188794 0.833152 0.519822 -1.56705
1403715306812143104 651 0.958616 0.28099 -0.045821 -0.175414 -0.195391 0.532268 -0.823719 2.22483 -0.207068 0.798584 0.565144 -1.54968
1403715306912143104 653 0.955301 0.295526 -0.00801979 -0.143154 -0.186949 0.582863 -0.790772 2.26733 -0.229019 0.756925 0.612058 -1.53532
1403715307012143104 655 0.947591 0.319126 0.0151633 -0.117591 -0.201405 0.633533 -0.747042 2.31715 -0.248007 0.704836 0.664604 -1.52373
1403715307112143104 657 0.942378 0.333762 0.0229347 -0.104229 -0.223901 0.680152 -0.698041 2.3723 -0.248579 0.652684 0.71569 -1.51733
1403715307212143104 659 0.941321 0.337211 0.0142522 -0.10887 -0.248772 0.721745 -0.645908 2.42805 -0.228094 0.604461 0.763282 -1.51144
1403715307312143104 661 0.942287 0.33474 0.00662672 -0.130446 -0.265284 0.758552 -0.595166 2.48053 -0.204253 0.559059 0.803575 -1.51043
1403715307412143104 663 0.953097 0.302561 -0.00794698 -0.161946 -0.256361 0.793048 -0.552588 2.52622 -0.160889 0.528707 0.833417 -1.51468
1403715307512143104 665 0.965794 0.258411 -0.0215751 -0.191546 -0.231891 0.82344 -0.517855 2.5702 -0.116054 0.505144 0.855196 -1.52376
1403715307662142976 668 0.978841 0.202647 -0.0283511 -0.238751 -0.192176 0.862861 -0.467482 2.6271 -0.0702706 0.463039 0.883548 -1.5408
1403715307762142976 670 0.983046 0.181199 -0.0280529 -0.271737 -0.175801 0.887967 -0.424981 2.65971 -0.0520959 0.422708 0.904767 -1.54993
1403715307862142976 672 0.985665 0.166871 -0.0248629 -0.301152 -0.163854 0.911715 -0.376732 2.6896 -0.0401977 0.375405 0.925989 -1.55647
1403715307962142976 674 0.987712 0.155062 -0.0195135 -0.331532 -0.152829 0.932195 -0.328109 2.71792 -0.032687 0.327059 0.944438 -1.55983
1403715308062142976 676 0.989858 0.141581 -0.0116772 -0.360082 -0.139183 0.950048 -0.279351 2.74223 -0.028457 0.278143 0.960118 -1.56131
1403715308162142976 678 0.991829 0.127442 -0.00579224 -0.387143 -0.125246 0.964095 -0.234169 2.76267 -0.0242587 0.232981 0.972179 -1.56049
1403715308312143104 681 0.994051 0.108905 0.00139164 -0.425713 -0.106944 0.978411 -0.176846 2.78365 -0.020621 0.175645 0.984238 -1.55278
1403715308512143104 685 0.997311 0.0728965 0.00760675 -0.471195 -0.0712883 0.988906 -0.130315 2.79594 -0.0170219 0.129422 0.991443 -1.53437
1403715309162142976 698 0.999759 0.0139557 0.0169218 -0.411633 -0.0110987 0.987295 -0.158511 2.7951 -0.018919 0.158285 0.987212 -1.44806
1403715309312143104 701 0.998259 0.00369183 0.0588694 -0.383755 0.00725981 0.982761 -0.184737 2.80705 -0.0585365 0.184843 0.981023 -1.41133
1403715309612143104 707 0.996308 0.0651103 0.0559578 -0.334951 -0.0527664 0.978553 -0.199121 2.85879 -0.0677225 0.195433 0.978376 -1.34906
1403715309862142976 712 0.997358 0.05906 0.0422921 -0.301022 -0.0482692 0.973912 -0.221733 2.91152 -0.0542843 0.219106 0.97419 -1.30952
1403715310162142976 718 0.996478 0.0248067 0.0801007 -0.271639 -0.00542397 0.972308 -0.233642 2.99017 -0.0836784 0.232385 0.969018 -1.26321
1403715310312143104 721 0.993624 0.0430104 0.104219 -0.262976 -0.0223107 0.981105 -0.192185 3.05102 -0.110515 0.188635 0.975809 -1.24385
1403715310412143104 723 0.992942 0.0484584 0.108249 -0.255741 -0.0313679 0.98752 -0.154341 3.09614 -0.114377 0.149856 0.98207 -1.24006
1403715310512143104 725 0.994001 0.0439221 0.100168 -0.252934 -0.032149 0.992699 -0.116257 3.14159 -0.104543 0.112339 0.988155 -1.24246
1403715310662142976 728 0.997239 0.0353278 0.065313 -0.249846 -0.0304835 0.996812 -0.0737345 3.20786 -0.0677097 0.07154 0.995137 -1.25304
1403715310862142976 732 0.998934 0.0232103 0.0399043 -0.248213 -0.0214246 0.998775 -0.0446082 3.28356 -0.0408908 0.0437057 0.998207 -1.27338
1403715311162142976 738 0.999616 -0.0173908 0.0215621 -0.247749 0.0181273 0.999242 -0.0344436 3.3847 -0.0209467 0.0348212 0.999174 -1.2924
1403715311512143104 745 0.999678 -0.0235762 0.00940887 -0.236388 0.0237806 0.99947 -0.0222363 3.51232 -0.00887964 0.0224529 0.999708 -1.28087
1403715311762142976 750 0.999787 -0.0116186 0.0170325 -0.209417 0.0117886 0.999881 -0.00990984 3.61805 -0.0169153 0.0101085 0.999806 -1.25257
1403715312012143104 755 0.999532 -0.0206594 0.0225411 -0.173207 0.0205707 0.99978 0.00415823 3.72125 -0.022622 -0.0036926 0.999737 -1.20304
1403715312212143104 759 0.999636 -0.0067597 0.0261344 -0.141433 0.00610739 0.99967 0.0249595 3.80249 -0.0262945 -0.0247907 0.999347 -1.15391
1403715312362142976 762 0.99948 -0.0178761 0.0268305 -0.1181 0.0170642 0.999398 0.030191 3.86152 -0.0273541 -0.0297174 0.999184 -1.11257
1403715312562142976 766 0.998824 -0.0299625 0.0381172 -0.0883485 0.0286985 0.999034 0.0332872 3.93495 -0.0390778 -0.0321542 0.998719 -1.04983
1403715312662142976 768 0.998262 -0.0190148 0.0557825 -0.0789366 0.0169605 0.999169 0.0370708 3.97101 -0.056441 -0.0360603 0.997755 -1.0159
1403715312762142976 770 0.997398 -0.00709098 0.0717389 -0.0679175 0.00436486 0.999265 0.0380862 4.0072 -0.0719562 -0.037674 0.996696 -0.983666
1403715312912143104 773 0.995209 0.0161933 0.0964168 -0.0520116 -0.0193828 0.999292 0.0322353 4.0572 -0.0958266 -0.0339497 0.994819 -0.936869
1403715313012143104 775 0.993595 0.0275818 0.109578 -0.0343651 -0.0303053 0.99927 0.0232664 4.08574 -0.108856 -0.0264382 0.993706 -0.914764
1403715313112143104 777 0.993376 0.038945 0.108104 -0.00911323 -0.0407115 0.99907 0.0141813 4.11111 -0.107451 -0.0184885 0.994038 -0.902141
1403715313162142976 778 0.993126 0.0417945 0.109337 1.85421e-05 -0.0430433 0.999032 0.00908472 4.12177 -0.108852 -0.0137285 0.993963 -0.901795
1403715313262142976 780 0.994114 0.0358753 0.102227 0.0221684 -0.0357736 0.999356 -0.00282946 4.13728 -0.102263 -0.000844222 0.994757 -0.903316
1403715313312143104 781 0.994819 0.0320897 0.0964659 0.0293568 -0.0314168 0.99947 -0.00848657 4.14342 -0.0966871 0.00541195 0.9953 -0.905674
1403715313562142976 786 0.99758 0.0220374 0.0659456 0.0738947 -0.0218599 0.999755 -0.00341239 4.16394 -0.0660046 0.00196257 0.997817 -0.922242
1403715313612143104 787 0.997723 0.022934 0.0634204 0.0789802 -0.0232935 0.999716 0.00493491 4.16907 -0.0632892 -0.00640095 0.997975 -0.926251
1403715313762142976 790 0.998019 0.0226414 0.0586903 0.106387 -0.0241736 0.999382 0.0255292 4.17611 -0.058076 -0.0268974 0.99795 -0.940492
1403715313862142976 792 0.998227 0.0169282 0.0570622 0.125302 -0.0188322 0.999278 0.0329967 4.17961 -0.0564624 -0.0340128 0.997825 -0.952095
1403715314062142976 796 0.998639 -0.00654037 0.0517347 0.155218 0.00416945 0.998942 0.0458042 4.16872 -0.0519796 -0.0455261 0.99761 -0.977731
1403715314112143104 797 0.998796 -0.00633883 0.0486544 0.160491 0.00340373 0.998182 0.0601729 4.1663 -0.0489474 -0.0599349 0.997001 -0.983809
1403715314212143104 799 0.999054 -0.0102331 0.0422759 0.167695 0.00587561 0.994773 0.101939 4.16028 -0.0430981 -0.101594 0.993892 -0.995086
1403715314262142976 800 0.999168 -0.0137029 0.0384171 0.175441 0.00875458 0.991975 0.126131 4.15584 -0.0398372 -0.12569 0.991269 -1.00087
1403715314362142976 802 0.999182 -0.0259991 0.0309595 0.17634 0.0202043 0.984427 0.174629 4.14375 -0.0350176 -0.173861 0.984147 -1.01059
1403715314512143104 805 0.998453 -0.0512575 0.0215313 0.176351 0.0450671 0.972984 0.22643 4.12184 -0.0325558 -0.225109 0.973789 -1.02038
1403715314612143104 807 0.99721 -0.0729012 0.0160268 0.177075 0.0667004 0.966703 0.247055 4.09904 -0.0335038 -0.245297 0.968869 -1.02224
1403715314912143104 813 0.995643 -0.0904359 0.0227063 0.18296 0.0805706 0.957 0.278673 4.02857 -0.046932 -0.27563 0.960117 -1.01585
1403715315062142976 816 0.994365 -0.100902 0.0325243 0.186609 0.0879417 0.956407 0.278482 3.98475 -0.0592059 -0.274053 0.95989 -1.00647
1403715315262142976 820 0.993755 -0.107113 0.0312819 0.191401 0.0944891 0.956868 0.27473 3.92089 -0.0593598 -0.270058 0.961013 -0.993411
1403715315412143104 823 0.992811 -0.116067 0.029246 0.19388 0.102516 0.95067 0.292773 3.87282 -0.0617847 -0.28767 0.955735 -0.985846
1403715315662142976 828 0.987715 -0.154257 0.0249932 0.200349 0.135579 0.925444 0.353797 3.79065 -0.0777052 -0.346062 0.934988 -0.976292
1403715315762142976 830 0.981789 -0.188473 0.0238564 0.204245 0.165282 0.909317 0.381869 3.7544 -0.093665 -0.370972 0.923908 -0.970825
1403715315912143104 833 0.973485 -0.228457 0.011611 0.202501 0.201434 0.880181 0.429774 3.71145 -0.108405 -0.41604 0.902862 -0.972047
1403715315962142976 834 0.972156 -0.234185 0.00839784 0.199229 0.205672 0.869869 0.44836 3.70118 -0.112304 -0.434148 0.893814 -0.975798
1403715316112143104 837 0.970342 -0.241436 -0.0120296 0.194896 0.213589 0.832994 0.510393 3.66794 -0.113207 -0.497825 0.859857 -0.982297
1403715316262142976 840 0.97094 -0.234881 -0.0458955 0.178561 0.218341 0.790853 0.571733 3.64652 -0.0979926 -0.56514 0.819155 -0.992938
1403715316312143104 841 0.970258 -0.23362 -0.0634166 0.172922 0.225182 0.774886 0.590632 3.63967 -0.0888426 -0.587345 0.804446 -0.996671
1403715316412143104 843 0.96867 -0.22666 -0.101511 0.159207 0.239592 0.745269 0.622229 3.62551 -0.0653814 -0.627056 0.776226 -0.998875
1403715316512143104 845 0.96631 -0.228458 -0.118541 0.143716 0.249735 0.720815 0.646575 3.60678 -0.0622693 -0.654395 0.753584 -0.989796
1403715316662142976 848 0.963068 -0.245094 -0.111486 0.127117 0.254738 0.695229 0.672135 3.58063 -0.0872284 -0.675711 0.731987 -0.962312
1403715316912143104 853 0.955719 -0.27784 -0.0969891 0.101878 0.260547 0.645663 0.717798 3.54508 -0.136811 -0.711283 0.689463 -0.896664
1403715317112143104 857 0.945043 -0.309478 -0.105437 0.0838007 0.272887 0.569022 0.775723 3.51016 -0.180073 -0.761864 0.622203 -0.828105
1403715317262142976 860 0.93372 -0.328368 -0.142622 0.0739969 0.298614 0.494605 0.816208 3.48105 -0.197475 -0.804699 0.559878 -0.776932
1403715317412143104 863 0.920042 -0.350778 -0.174578 0.0653843 0.319728 0.414572 0.852 3.45414 -0.226488 -0.839693 0.493577 -0.733893
1403715317562142976 866 0.904611 -0.372789 -0.206657 0.0659728 0.337811 0.331376 0.880951 3.42945 -0.259928 -0.866729 0.425698 -0.689141
1403715317712143104 869 0.891121 -0.39091 -0.23042 0.0610139 0.343403 0.249041 0.905568 3.40301 -0.296612 -0.886097 0.356165 -0.639618
1403715317862142976 872 0.86635 -0.428725 -0.25619 0.0591888 0.355277 0.168502 0.919448 3.37838 -0.351022 -0.887582 0.298297 -0.596238
1403715318012143104 875 0.849736 -0.443876 -0.284468 0.0548275 0.359738 0.0937223 0.928334 3.3562 -0.385404 -0.891173 0.239318 -0.563057
1403715318212143104 879 0.837688 -0.452403 -0.305958 0.0391963 0.357199 0.0300516 0.933545 3.3298 -0.413144 -0.891307 0.186772 -0.539526
1403715318462142976 884 0.84175 -0.426841 -0.330552 -0.00142081 0.354807 -0.024095 0.934629 3.3058 -0.406902 -0.904006 0.131164 -0.529262
1403715318612143104 887 0.840389 -0.395281 -0.37081 -0.0179001 0.377013 -0.0651659 0.923913 3.29723 -0.389369 -0.916246 0.0942612 -0.546339
1403715318762142976 890 0.820086 -0.38351 -0.42471 -0.0435659 0.412779 -0.11757 0.903212 3.29551 -0.396324 -0.916023 0.0618868 -0.555771
1403715318912143104 893 0.809053 -0.374072 -0.453325 -0.067661 0.419459 -0.172774 0.891181 3.30869 -0.411689 -0.911164 0.0171248 -0.571355
1403715319062142976 896 0.811845 -0.362371 -0.457814 -0.0918757 0.400123 -0.225745 0.888223 3.34314 -0.425216 -0.904282 -0.0382775 -0.582172
1403715319212143104 899 0.820323 -0.343238 -0.457447 -0.109995 0.375396 -0.280264 0.883476 3.39086 -0.431448 -0.89646 -0.101058 -0.600193
1403715319362142976 902 0.820434 -0.324478 -0.470745 -0.122988 0.36288 -0.340734 0.867305 3.45214 -0.441821 -0.882391 -0.161803 -0.613486
1403715319562142976 906 0.814933 -0.319754 -0.483364 -0.141743 0.334777 -0.421087 0.842977 3.54071 -0.473084 -0.848789 -0.236111 -0.614178
1403715319712143104 909 0.807988 -0.317399 -0.4964 -0.13626 0.324795 -0.462996 0.824708 3.61665 -0.491592 -0.827582 -0.271006 -0.617836
1403715319962142976 914 0.801465 -0.316844 -0.507212 -0.0769731 0.321387 -0.487056 0.812088 3.75654 -0.504346 -0.813871 -0.288528 -0.622883
1403715320112143104 917 0.801431 -0.30845 -0.512413 -0.030649 0.314164 -0.511927 0.79952 3.84502 -0.50893 -0.801741 -0.313371 -0.62438
1403715320262142976 920 0.80264 -0.292033 -0.520083 0.0188425 0.29523 -0.56313 0.771831 3.94043 -0.518275 -0.773046 -0.365774 -0.621047
1403715320412143104 923 0.798535 -0.296232 -0.524012 0.0649807 0.247914 -0.631419 0.734744 4.0305 -0.548526 -0.716629 -0.43077 -0.615725
1403715320562142976 926 0.780956 -0.295065 -0.550495 0.105734 0.207077 -0.709207 0.673903 4.11497 -0.58926 -0.640283 -0.492758 -0.592934
1403715320762142976 930 0.754839 -0.309292 -0.578409 0.159922 0.135138 -0.789587 0.598573 4.20557 -0.641838 -0.529991 -0.554214 -0.559868
1403715320912143104 933 0.733981 -0.325599 -0.596035 0.19543 0.0930607 -0.821101 0.563146 4.25411 -0.672764 -0.468806 -0.572372 -0.532044
1403715321162142976 938 0.721323 -0.294567 -0.626836 0.241989 0.103599 -0.848978 0.518173 4.29463 -0.684807 -0.43871 -0.581871 -0.504183
1403715321312143104 941 0.718931 -0.282857 -0.634925 0.256782 0.111588 -0.854638 0.507091 4.29603 -0.686066 -0.435414 -0.582863 -0.496512
1403715321712143104 949 0.729277 -0.274252 -0.626849 0.282169 0.123789 -0.84815 0.51509 4.22812 -0.672927 -0.45324 -0.584587 -0.532731
1403715321812143104 951 0.738799 -0.27785 -0.613983 0.281168 0.105074 -0.852422 0.512188 4.19575 -0.665684 -0.442918 -0.600574 -0.547801
1403715321962142976 954 0.749372 -0.286643 -0.59689 0.284297 0.0722847 -0.860642 0.504055 4.13248 -0.658192 -0.42087 -0.62422 -0.583114
1403715322112143104 957 0.734515 -0.275404 -0.620194 0.278623 0.0757384 -0.87496 0.478235 4.04134 -0.674353 -0.398243 -0.621812 -0.617479
1403715322212143104 959 0.733509 -0.237667 -0.636772 0.27593 0.107228 -0.884674 0.453711 3.97377 -0.671168 -0.401081 -0.623432 -0.64399
1403715322312143104 961 0.729685 -0.198228 -0.65442 0.279116 0.133744 -0.897197 0.420893 3.91038 -0.670576 -0.394644 -0.628159 -0.67335
1403715322412143104 963 0.725159 -0.167161 -0.667983 0.264618 0.144839 -0.911354 0.3853 3.83822 -0.673176 -0.376153 -0.636665 -0.698214
1403715322462142976 964 0.72038 -0.154998 -0.676039 0.257261 0.147574 -0.918137 0.367758 3.79976 -0.677698 -0.364691 -0.638534 -0.713586
1403715322562142976 966 0.710616 -0.134256 -0.690653 0.237964 0.150501 -0.929899 0.335614 3.73103 -0.687295 -0.342436 -0.640595 -0.740485
1403715322662142976 968 0.703104 -0.119694 -0.700941 0.207406 0.152055 -0.937624 0.312635 3.67077 -0.694639 -0.326397 -0.641047 -0.765318
1403715322812143104 971 0.703371 -0.111363 -0.702046 0.152782 0.147941 -0.943089 0.297819 3.58362 -0.695258 -0.313339 -0.646866 -0.806479
1403715322912143104 973 0.705402 -0.100555 -0.701638 0.12415 0.15197 -0.945411 0.288275 3.54322 -0.692324 -0.309978 -0.651614 -0.837277
1403715323062142976 976 0.709094 -0.0947592 -0.698718 0.0986847 0.155861 -0.945353 0.286383 3.48182 -0.687672 -0.311975 -0.655575 -0.90655
1403715323212143104 979 0.710971 -0.0877647 -0.697723 0.075997 0.16433 -0.943976 0.286191 3.43593 -0.683751 -0.31813 -0.656717 -0.984713
1403715323412143104 983 0.714666 -0.0850632 -0.694274 0.0154586 0.167447 -0.94291 0.287892 3.39923 -0.679127 -0.322 -0.659622 -1.08535
1403715323612143104 987 0.720968 -0.0869826 -0.687487 -0.0254404 0.162139 -0.943378 0.289394 3.39292 -0.673732 -0.320113 -0.666042 -1.20435
1403715323712143104 989 0.750411 -0.0902393 -0.654783 -0.0341996 0.144655 -0.9442 0.295907 3.39937 -0.644949 -0.316769 -0.695484 -1.27163
1403715323812143104 991 0.780042 -0.0916471 -0.61898 -0.0422271 0.128764 -0.944534 0.302119 3.41002 -0.612336 -0.315367 -0.724975 -1.33499
1403715323912143104 993 0.802938 -0.0925483 -0.588834 -0.0475776 0.115855 -0.944801 0.306477 3.42466 -0.584695 -0.314301 -0.747895 -1.39132
1403715324062142976 996 0.830127 -0.102036 -0.548159 -0.0475923 0.0934527 -0.943744 0.317196 3.44748 -0.549687 -0.31454 -0.773892 -1.45248
1403715324112143104 997 0.826955 -0.108345 -0.551731 -0.0480677 0.0896573 -0.943295 0.319619 3.45493 -0.555074 -0.313777 -0.770349 -1.46588
1403715324412143104 1003 0.77577 -0.173607 -0.606665 -0.0230207 0.0561114 -0.938621 0.340355 3.49029 -0.628517 -0.298078 -0.718413 -1.48611
1403715324512143104 1005 0.743716 -0.189777 -0.640992 -0.00560837 0.0555931 -0.937978 0.342208 3.4984 -0.66618 -0.29014 -0.687039 -1.47869
1403715324862142976 1012 0.73294 -0.150322 -0.663478 0.0544594 0.10052 -0.940645 0.324164 3.48241 -0.672826 -0.304285 -0.674326 -1.46911
1403715325012143104 1015 0.755996 -0.127737 -0.641991 0.0734658 0.115261 -0.939472 0.322656 3.46866 -0.644348 -0.317923 -0.695515 -1.47048
1403715325362142976 1022 0.76454 -0.140368 -0.629106 0.106365 0.105836 -0.935417 0.337333 3.4432 -0.635828 -0.324487 -0.700308 -1.44074
1403715325662142976 1028 0.729608 -0.188876 -0.657265 0.1273 0.0755915 -0.93294 0.352008 3.41262 -0.679675 -0.306511 -0.666403 -1.38756
1403715326062142976 1036 0.716198 -0.181117 -0.673986 0.138071 0.0838835 -0.936397 0.34077 3.32101 -0.692837 -0.300595 -0.655453 -1.3493
1403715326262142976 1040 0.732183 -0.136222 -0.667346 0.126295 0.116436 -0.940339 0.319696 3.25648 -0.671081 -0.311779 -0.672639 -1.34965
1403715326512143104 1045 0.772277 -0.120842 -0.623687 0.103771 0.106449 -0.943247 0.314568 3.17953 -0.626305 -0.309325 -0.715584 -1.3517
1403715326862142976 1052 0.761809 -0.130998 -0.634418 0.0819893 0.091589 -0.947722 0.30567 3.07374 -0.641294 -0.290968 -0.709986 -1.30703
1403715327112143104 1057 0.733421 -0.158257 -0.661096 0.0774898 0.0682721 -0.950457 0.303267 2.99556 -0.676337 -0.267557 -0.686281 -1.24812
1403715327412143104 1063 0.711289 -0.177264 -0.68018 0.075475 0.0499278 -0.952492 0.300443 2.87736 -0.701124 -0.247662 -0.668647 -1.19695
1403715327712143104 1069 0.715151 -0.162292 -0.679868 0.0629453 0.0946504 -0.941227 0.324244 2.72724 -0.692532 -0.296233 -0.657758 -1.1844
1403715327912143104 1073 0.722702 -0.17609 -0.668352 0.0386582 0.135706 -0.912025 0.387032 2.61776 -0.677707 -0.370408 -0.635226 -1.18978
1403715328162142976 1078 0.74867 -0.180783 -0.637817 0.0138136 0.170219 -0.877424 0.4485 2.48984 -0.640717 -0.444347 -0.626128 -1.21772
1403715328412143104 1083 0.776213 -0.158538 -0.610213 -0.0017781 0.175009 -0.875651 0.450119 2.37374 -0.605695 -0.45618 -0.651946 -1.23957
1403715328662142976 1088 0.760537 -0.149003 -0.631967 -0.0114265 0.187632 -0.881351 0.433607 2.26589 -0.621593 -0.448352 -0.642342 -1.23166
1403715328912143104 1093 0.748364 -0.191414 -0.635068 -0.00905982 0.20475 -0.844029 0.495674 2.19139 -0.630895 -0.500975 -0.592449 -1.2
1403715329012143104 1095 0.753957 -0.216516 -0.620217 -0.00802647 0.2157 -0.810185 0.545044 2.17219 -0.620501 -0.544721 -0.564143 -1.18204
1403715329112143104 1097 0.758183 -0.245152 -0.604201 -0.00673137 0.229361 -0.767138 0.599077 2.15912 -0.61037 -0.59279 -0.525403 -1.16572
1403715329162142976 1098 0.760133 -0.260501 -0.595262 -0.00753763 0.237279 -0.741561 0.627524 2.14955 -0.604893 -0.618245 -0.501873 -1.15821
1403715329262142976 1100 0.762276 -0.282315 -0.582438 -0.00899304 0.256994 -0.693875 0.672675 2.13892 -0.594046 -0.662447 -0.456371 -1.1405
1403715329362142976 1102 0.764493 -0.298624 -0.571292 -0.0122842 0.271143 -0.65506 0.70525 2.12649 -0.584835 -0.694061 -0.419818 -1.1219
1403715329512143104 1105 0.766346 -0.31335 -0.560825 -0.0197844 0.283398 -0.618553 0.732856 2.11163 -0.576541 -0.720558 -0.385223 -1.09638
1403715329862142976 1112 0.772416 -0.321514 -0.547726 -0.0504097 0.282762 -0.59813 0.749858 2.08498 -0.5687 -0.734078 -0.371093 -1.05523
1403715330162142976 1118 0.774572 -0.327621 -0.54102 -0.0968449 0.28152 -0.587399 0.758755 2.07249 -0.566379 -0.740018 -0.362751 -1.01622
1403715330462142976 1124 0.771268 -0.319109 -0.550741 -0.145854 0.299647 -0.581344 0.756473 2.07039 -0.561567 -0.748471 -0.352752 -0.985868
1403715330812143104 1131 0.775152 -0.362753 -0.517251 -0.116675 0.253612 -0.571198 0.78065 2.07955 -0.578636 -0.736303 -0.350767 -1.00166
1403715331012143104 1135 0.772954 -0.398238 -0.493911 -0.084175 0.260584 -0.510517 0.819432 2.07908 -0.578478 -0.762089 -0.290832 -1.01818
1403715331162142976 1138 0.776481 -0.414765 -0.474391 -0.0616241 0.283797 -0.441982 0.850947 2.07584 -0.562616 -0.795375 -0.225482 -1.03359
1403715331362142976 1142 0.796783 -0.39207 -0.459802 -0.0201886 0.321339 -0.369492 0.871904 2.05084 -0.511741 -0.842471 -0.168418 -1.08233
1403715331612143104 1147 0.807884 -0.383744 -0.447285 0.0417145 0.331446 -0.331706 0.883241 2.01832 -0.487306 -0.861807 -0.14079 -1.168
1403715331862142976 1152 0.819356 -0.363424 -0.443372 0.0942325 0.331045 -0.331474 0.883478 1.98408 -0.468043 -0.87066 -0.151285 -1.25111
1403715332062142976 1156 0.806535 -0.374072 -0.45779 0.110816 0.335704 -0.347608 0.875484 1.96408 -0.486625 -0.85979 -0.15478 -1.30334
1403715332362142976 1162 0.780345 -0.422005 -0.46149 0.0874295 0.322416 -0.360821 0.875132 1.94047 -0.535826 -0.831697 -0.145504 -1.3684
1403715332912143104 1173 0.803728 -0.404732 -0.436134 0.0186314 0.330417 -0.305983 0.89286 1.96066 -0.494819 -0.861723 -0.112197 -1.59695
