1403715277412143104 5 -0.375178 -0.0175933 -0.926786 0.000121182 -0.017406 0.999777 -0.0119327 0.000354957 0.926789 0.0116547 -0.375401 7.10372e-05
1403715277712143104 11 -0.374837 -0.0178271 -0.926919 0.000176449 -0.0169511 0.99978 -0.0123736 0.000211612 0.926936 0.0110742 -0.375057 0.000217061
1403715278012143104 17 -0.375009 -0.0179541 -0.926847 0.000245699 -0.0166022 0.999782 -0.0126495 0.00017081 0.926873 0.0106441 -0.375225 0.000631308
1403715278312143104 23 -0.373125 -0.0161071 -0.927641 0.000173112 -0.0160206 0.999812 -0.0109163 0.0010472 0.927643 0.0107882 -0.373313 0.00203398
1403715278612143104 29 -0.345647 -0.00660106 -0.938341 -0.0153871 -0.00693122 0.999966 -0.0044814 -0.00211236 0.938339 0.00495487 -0.345681 0.0155483
1403715278812143104 33 -0.322812 -0.00542987 -0.946448 -0.0455234 0.00187434 0.999978 -0.00637627 -0.011437 0.946461 -0.0038323 -0.322795 0.0575584
1403715279012143104 37 -0.310669 -0.00663827 -0.950495 -0.0773634 0.00208956 0.999968 -0.00766677 -0.0192753 0.950516 -0.00436795 -0.310645 0.125046
1403715279312143104 43 -0.317588 -0.00767147 -0.948198 -0.112578 -0.00330638 0.99997 -0.00698291 -0.0261658 0.948223 0.000917415 -0.317604 0.126132
1403715279612143104 49 -0.324962 -0.00878635 -0.945686 -0.132311 -0.000390786 0.999958 -0.0091563 -0.0300455 0.945727 -0.00260589 -0.324952 0.12249
1403715279662142976 50 -0.323332 0.0416567 -0.945368 -0.134689 0.0150668 0.999131 0.0388726 -0.0247551 0.946166 -0.00167494 -0.323678 0.124227
1403715279712143104 51 -0.321934 0.0472512 -0.945582 -0.15541 0.017337 0.998881 0.0440119 -0.0284522 0.946603 -0.00222455 -0.322393 0.124989
1403715280212143104 61 -0.38046 0.0490346 -0.923497 -0.17078 -0.000188511 0.998589 0.0530994 -0.0252832 0.924797 0.0203763 -0.379914 0.193267
1403715280262142976 62 -0.378821 0.0487564 -0.924185 -0.17551 -0.00838827 0.998389 0.0561095 -0.0234851 0.925432 0.0290078 -0.377802 0.20208
1403715280512143104 67 -0.358126 0.0666532 -0.931291 -0.211063 -0.0075817 0.997208 0.0742865 -0.0314414 0.933642 0.0336647 -0.356621 0.246157
1403715280562142976 68 -0.35493 0.0780718 -0.931627 -0.218823 0.00326527 0.996604 0.0822729 -0.0340007 0.934887 0.0261591 -0.353979 0.254335
1403715280612143104 69 -0.349836 0.0951275 -0.931968 -0.228448 0.0164526 0.995301 0.0954162 -0.039179 0.936666 0.0180468 -0.349758 0.263223
1403715280762142976 72 -0.338512 0.160704 -0.927138 -0.257198 0.0505256 0.986991 0.152631 -0.0469289 0.939605 0.00482317 -0.342228 0.2852
1403715280862142976 74 -0.333746 0.20943 -0.919104 -0.278216 0.0714598 0.977824 0.196862 -0.0496916 0.93995 2.28528e-05 -0.341311 0.298415
1403715280912143104 75 -0.330774 0.233095 -0.91447 -0.285841 0.0808823 0.972453 0.218618 -0.0545329 0.940237 -0.00165114 -0.340516 0.307532
1403715281012143104 77 -0.325921 0.26884 -0.906367 -0.306356 0.0931896 0.963182 0.252182 -0.0601311 0.940793 -0.00227235 -0.338975 0.317227
1403715281062142976 78 -0.324818 0.282705 -0.902536 -0.313315 0.0988963 0.959201 0.264862 -0.0606501 0.940592 -0.00322532 -0.339525 0.325282
1403715281312143104 83 -0.318788 0.335705 -0.886384 -0.361683 0.117452 0.941959 0.314511 -0.0729581 0.940521 -0.00384508 -0.339714 0.344909
1403715281462142976 86 -0.317284 0.379881 -0.868919 -0.391454 0.133557 0.92503 0.355644 -0.0778566 0.938879 -0.00321009 -0.344233 0.352328
1403715281512143104 87 -0.315532 0.398565 -0.861153 -0.40213 0.139373 0.917137 0.373409 -0.0785688 0.938624 -0.00219894 -0.344936 0.353219
1403715281612143104 89 -0.309416 0.441487 -0.84223 -0.420489 0.153004 0.897267 0.414127 -0.0775753 0.938537 -0.000726845 -0.345178 0.352759
1403715281712143104 91 -0.301659 0.492896 -0.816122 -0.444676 0.169928 0.870088 0.462678 -0.0825425 0.93815 0.000888885 -0.346227 0.351033
1403715281812143104 93 -0.292208 0.545272 -0.78568 -0.467034 0.190128 0.838259 0.511051 -0.0823155 0.937265 -4.66867e-05 -0.348618 0.347009
1403715281912143104 95 -0.280135 0.597442 -0.751391 -0.491532 0.207198 0.801911 0.560364 -0.0837589 0.937333 0.00129119 -0.348432 0.339116
1403715282012143104 97 -0.265542 0.645798 -0.715844 -0.515785 0.226248 0.763507 0.604871 -0.0844624 0.937176 -0.00133906 -0.348854 0.330258
1403715282112143104 99 -0.253119 0.690321 -0.677781 -0.544002 0.241385 0.723503 0.646743 -0.0863548 0.936837 9.70156e-05 -0.349766 0.323703
1403715282212143104 101 -0.238482 0.730005 -0.640484 -0.570752 0.254519 0.683442 0.684198 -0.0879192 0.937202 0.000153962 -0.348788 0.313006
1403715282312143104 103 -0.225351 0.76633 -0.601627 -0.598597 0.268288 0.642447 0.717833 -0.0878054 0.93661 0.000355668 -0.350373 0.302929
1403715282412143104 105 -0.214824 0.800707 -0.559213 -0.629481 0.279293 0.599035 0.750435 -0.0879529 0.935867 0.00502715 -0.352318 0.292721
1403715282512143104 107 -0.199868 0.831999 -0.517523 -0.662707 0.291411 0.554754 0.779312 -0.0857829 0.935485 0.00494704 -0.353332 0.284217
1403715282612143104 109 -0.183014 0.859811 -0.476688 -0.69663 0.297313 0.510579 0.806792 -0.0840329 0.937076 0.00592858 -0.349076 0.271836
1403715282762142976 112 -0.148301 0.895704 -0.419191 -0.751573 0.306019 0.444637 0.841814 -0.0804514 0.940404 -0.00343842 -0.340042 0.253227
1403715282912143104 115 -0.118636 0.925933 -0.358571 -0.808242 0.312763 0.377586 0.871555 -0.0767722 0.942393 -0.00875007 -0.334393 0.231816
1403715283062142976 118 -0.0860872 0.951289 -0.296036 -0.863949 0.318281 0.307828 0.896627 -0.0729136 0.94408 -0.0170345 -0.329277 0.211062
1403715283212143104 121 -0.0467129 0.970516 -0.236468 -0.917883 0.322538 0.238701 0.915965 -0.0692611 0.945403 -0.0334825 -0.324179 0.190033
1403715283362142976 124 -0.0157215 0.984205 -0.176334 -0.96668 0.322247 0.171933 0.930911 -0.0678518 0.946525 -0.042188 -0.31986 0.171337
1403715283512143104 127 0.00252903 0.993083 -0.117384 -1.00817 0.334534 0.109781 0.935967 -0.0674242 0.94238 -0.0416362 -0.331943 0.153849
1403715283662142976 130 0.00853595 0.997982 -0.0629211 -1.04848 0.347834 0.0560306 0.93588 -0.069162 0.937517 -0.0298748 -0.346654 0.138784
1403715284212143104 141 0.0365289 0.998857 -0.0308247 -1.18154 0.359285 0.0156561 0.933096 -0.0479996 0.932513 -0.0451598 -0.358303 0.0822603
1403715284512143104 147 0.0321161 0.998305 -0.0485289 -1.22965 0.356278 0.0339297 0.933764 -0.0120221 0.933828 -0.0472786 -0.354585 0.0588888
1403715284912143104 155 0.00337063 0.999287 -0.0376023 -1.2661 0.326816 0.0344369 0.94446 0.0574104 0.945082 -0.0154725 -0.326467 0.0414181
1403715285062142976 158 0.0380171 0.99926 0.00590004 -1.27775 0.301879 -0.0171131 0.953193 0.0776831 0.952588 -0.0344565 -0.302307 0.040087
1403715285162142976 160 0.0553703 0.997277 0.0487206 -1.28194 0.29633 -0.0630105 0.953005 0.0877574 0.953479 -0.0383308 -0.299012 0.0407641
1403715285262142976 162 0.0779417 0.99306 0.0880691 -1.28831 0.30557 -0.107882 0.946038 0.0944785 0.948974 -0.0468245 -0.311858 0.0441852
1403715285412143104 165 0.112053 0.98617 0.122118 -1.29489 0.330899 -0.152909 0.931195 0.0974691 0.93699 -0.0639346 -0.343456 0.0646946
1403715285712143104 171 0.141961 0.979217 0.144847 -1.282 0.345314 -0.186127 0.919845 0.104966 0.927688 -0.0805646 -0.36456 0.177096
1403715285912143104 175 0.11992 0.979494 0.161897 -1.25135 0.343947 -0.193964 0.918737 0.119158 0.9313 -0.0544914 -0.360154 0.249943
1403715286162142976 180 0.0940335 0.980101 0.174812 -1.20005 0.354252 -0.197038 0.914156 0.146444 0.93041 -0.0240337 -0.365731 0.32227
1403715286462142976 186 0.0931072 0.979851 0.176699 -1.13641 0.353352 -0.198436 0.914202 0.20187 0.930846 -0.0226819 -0.364708 0.389839
1403715286662142976 190 0.0898099 0.977282 0.191973 -1.09584 0.338776 -0.211235 0.916848 0.252106 0.936571 -0.0173061 -0.350051 0.426422
1403715286812143104 193 0.0974865 0.968958 0.227191 -1.06366 0.320151 -0.246677 0.914688 0.290781 0.942337 -0.0164341 -0.334261 0.449214
1403715286962142976 196 0.108572 0.96021 0.257309 -1.03838 0.33839 -0.27908 0.898669 0.331775 0.934722 -0.0104999 -0.355226 0.467624
1403715287212143104 201 0.109252 0.950165 0.291977 -1.0049 0.330672 -0.311746 0.89077 0.406284 0.937401 -0.000769957 -0.348251 0.499801
1403715287562142976 208 0.142538 0.941493 0.305409 -0.980396 0.299638 -0.335125 0.893257 0.519887 0.943345 -0.0358109 -0.329875 0.548525
1403715287762142976 212 0.187584 0.916616 0.353026 -0.958087 0.285734 -0.394785 0.873213 0.575863 0.93977 -0.0629288 -0.335964 0.576757
1403715287862142976 214 0.194863 0.897745 0.395072 -0.941557 0.274441 -0.436609 0.85677 0.60192 0.941653 -0.0585283 -0.331457 0.590105
1403715287962142976 216 0.198696 0.872727 0.445945 -0.927488 0.262302 -0.485773 0.8338 0.621359 0.944308 -0.0487006 -0.325439 0.612507
1403715288062142976 218 0.207146 0.843046 0.496351 -0.908732 0.247654 -0.536018 0.807064 0.637564 0.946445 -0.0442564 -0.319818 0.63208
1403715288162142976 220 0.218478 0.816377 0.534599 -0.890088 0.236335 -0.57579 0.782695 0.649579 0.946791 -0.0446572 -0.318735 0.649404
1403715288312143104 223 0.228009 0.78842 0.571319 -0.865208 0.232393 -0.613884 0.754414 0.665213 0.945519 -0.0392427 -0.323194 0.654494
1403715288862142976 234 0.235822 0.771746 0.59059 -0.777426 0.236526 -0.635036 0.735381 0.685098 0.942573 -0.0337291 -0.332293 0.665744
1403715289062142976 238 0.235075 0.754411 0.612865 -0.743739 0.245201 -0.656169 0.713666 0.676203 0.94054 -0.0174899 -0.339231 0.648853
1403715289212143104 241 0.23969 0.731588 0.638223 -0.720329 0.247749 -0.681712 0.688396 0.670861 0.938706 -0.00688234 -0.344649 0.609359
1403715289362142976 244 0.2464 0.705164 0.664854 -0.699257 0.246454 -0.709043 0.660695 0.668504 0.937308 0.00106048 -0.348499 0.566214
1403715289462142976 246 0.258819 0.680609 0.685408 -0.686011 0.240677 -0.732647 0.636634 0.669166 0.935461 0.000189087 -0.35343 0.533281
1403715289562142976 248 0.272989 0.652175 0.707209 -0.672906 0.232735 -0.758066 0.609237 0.672317 0.933441 -0.00172318 -0.358728 0.496788
1403715289662142976 250 0.288329 0.626019 0.724546 -0.662194 0.227386 -0.7798 0.583273 0.676827 0.930141 -0.00342312 -0.367187 0.460088
1403715290362142976 264 0.300943 0.639342 0.707584 -0.573903 0.236666 -0.76884 0.594033 0.812051 0.923809 -0.0113088 -0.382688 0.401606
1403715290612143104 269 0.307362 0.649493 0.695476 -0.53203 0.229029 -0.759862 0.608404 0.898535 0.92362 -0.0277165 -0.382306 0.42733
1403715290812143104 273 0.291604 0.646891 0.704627 -0.489928 0.212336 -0.76204 0.611727 0.976141 0.932674 -0.0287649 -0.359572 0.439441
1403715291162142976 280 0.319632 0.622512 0.714363 -0.415142 0.155505 -0.778152 0.608521 1.11758 0.934694 -0.0834162 -0.345526 0.450059
1403715291412143104 285 0.334334 0.588134 0.736424 -0.34913 0.128038 -0.802489 0.582767 1.1924 0.933717 -0.100548 -0.343603 0.440924
1403715291612143104 289 0.352251 0.554082 0.754263 -0.28494 0.127724 -0.826837 0.547747 1.22939 0.927149 -0.0966071 -0.362024 0.420461
1403715291812143104 293 0.358089 0.526389 0.771159 -0.209117 0.130551 -0.846043 0.516883 1.24945 0.924515 -0.0844151 -0.371679 0.40027
1403715291962142976 296 0.340664 0.516754 0.785438 -0.141394 0.161363 -0.855148 0.49263 1.26056 0.926234 -0.0410803 -0.374703 0.38136
1403715292312143104 303 0.327052 0.560656 0.760724 0.0262049 0.198106 -0.827783 0.524909 1.3058 0.924008 -0.0209689 -0.381798 0.333268
1403715292412143104 305 0.314205 0.59775 0.737544 0.0760168 0.218133 -0.80156 0.556704 1.32574 0.923955 -0.0140365 -0.382243 0.320487
1403715292512143104 307 0.299556 0.639992 0.707585 0.127056 0.236519 -0.768305 0.594782 1.35092 0.924297 -0.0108131 -0.38152 0.307886
1403715292612143104 309 0.268774 0.686109 0.676029 0.177189 0.242737 -0.72745 0.64179 1.37863 0.932115 -0.00839952 -0.362064 0.298615
1403715292712143104 311 0.224834 0.733303 0.641652 0.226365 0.247185 -0.679894 0.690394 1.41164 0.942523 0.00338321 -0.334125 0.293884
1403715292812143104 313 0.187026 0.777273 0.600722 0.268992 0.254799 -0.628967 0.734491 1.44666 0.948735 0.0156947 -0.315682 0.29197
1403715292912143104 315 0.17103 0.817293 0.550255 0.307415 0.27242 -0.575939 0.770767 1.48011 0.946856 0.018076 -0.32115 0.301805
1403715293012143104 317 0.170607 0.851001 0.496679 0.337315 0.280211 -0.52516 0.803548 1.51677 0.944656 0.00208462 -0.328056 0.322744
1403715293112143104 319 0.168356 0.880065 0.444007 0.366055 0.280128 -0.47458 0.834447 1.55284 0.945085 -0.0161057 -0.326429 0.350017
1403715293212143104 321 0.162873 0.904216 0.3948 0.390185 0.286455 -0.426243 0.858056 1.5861 0.944148 -0.0266613 -0.328441 0.383594
1403715293312143104 323 0.149512 0.924929 0.349505 0.416068 0.284894 -0.378785 0.880544 1.61861 0.946827 -0.0320798 -0.32014 0.412662
1403715293412143104 325 0.131828 0.942433 0.307312 0.442101 0.275156 -0.332625 0.902026 1.64803 0.952319 -0.0343534 -0.303165 0.440813
1403715293512143104 327 0.117706 0.956137 0.268228 0.463195 0.274778 -0.290919 0.916441 1.67482 0.954276 -0.0341677 -0.296968 0.474681
1403715293612143104 329 0.109168 0.966974 0.23031 0.481575 0.286609 -0.252475 0.924182 1.69903 0.951808 -0.0348819 -0.304706 0.508003
1403715293762142976 332 0.093418 0.979867 0.176446 0.51509 0.309801 -0.197032 0.930162 1.72672 0.946201 -0.0322306 -0.32197 0.554405
1403715293912143104 335 0.0759676 0.989728 0.121107 0.550301 0.325341 -0.139414 0.935263 1.74802 0.94254 -0.0316486 -0.33259 0.60292
1403715294012143104 337 0.060337 0.994778 0.0823121 0.572485 0.32827 -0.0976508 0.939523 1.76321 0.942655 -0.0296674 -0.332448 0.630772
1403715294112143104 339 0.0458305 0.99818 0.0391979 0.596552 0.325653 -0.0520245 0.944057 1.77841 0.944378 -0.0305016 -0.327445 0.644773
1403715294212143104 341 0.0334511 0.999431 -0.00438947 0.617656 0.316067 -0.00641211 0.948715 1.79227 0.948147 -0.033123 -0.316102 0.648549
1403715294312143104 343 0.0225336 0.998496 -0.0499735 0.641156 0.308676 0.0405953 0.950301 1.80447 0.9509 -0.0368393 -0.307297 0.635167
1403715294412143104 345 0.00818492 0.995561 -0.0937591 0.662247 0.304921 0.086812 0.948413 1.81298 0.952343 -0.0363518 -0.302856 0.611027
1403715294512143104 347 -0.0119701 0.990475 -0.13717 0.688837 0.30124 0.134379 0.944032 1.82018 0.953473 -0.0300211 -0.29998 0.580132
1403715294612143104 349 -0.0333409 0.982973 -0.180698 0.713362 0.311953 0.182001 0.932502 1.82321 0.949512 -0.0252789 -0.312709 0.548151
1403715294712143104 351 -0.0649105 0.973224 -0.220504 0.738135 0.324099 0.229551 0.917751 1.8261 0.943794 -0.0118933 -0.330321 0.518761
1403715294812143104 353 -0.0906694 0.960892 -0.261658 0.764464 0.32923 0.276889 0.90274 1.82793 0.939886 -0.00429479 -0.34146 0.489592
1403715294912143104 355 -0.112923 0.946855 -0.301188 0.786867 0.325609 0.321653 0.889111 1.83066 0.938737 0.0023316 -0.344627 0.463028
1403715295012143104 357 -0.127391 0.931157 -0.341639 0.805264 0.309113 0.364563 0.878375 1.83264 0.942455 0.00629213 -0.334274 0.438598
1403715295112143104 359 -0.132033 0.913674 -0.384405 0.820502 0.295742 0.406448 0.864486 1.83561 0.946099 0.000456116 -0.323877 0.415321
1403715295212143104 361 -0.130603 0.894537 -0.427488 0.836452 0.282306 0.446885 0.84888 1.83564 0.950392 -0.00981586 -0.310898 0.399422
1403715295312143104 363 -0.137095 0.872706 -0.468603 0.852038 0.275082 0.488004 0.828361 1.83643 0.951596 -0.01534 -0.306969 0.390184
1403715295412143104 365 -0.157109 0.846036 -0.509451 0.866878 0.272888 0.532963 0.800926 1.83403 0.94913 -0.0131903 -0.314607 0.39115
1403715295512143104 367 -0.178856 0.81555 -0.550353 0.882675 0.264777 0.578634 0.771412 1.83152 0.947578 -0.00774931 -0.319431 0.399615
1403715295662142976 370 -0.205272 0.777248 -0.594768 0.907713 0.242552 0.629152 0.738469 1.8252 0.948173 0.00732495 -0.31767 0.397508
1403715295812143104 373 -0.210003 0.746194 -0.631739 0.933154 0.226215 0.665698 0.711107 1.81799 0.951171 0.00642588 -0.308598 0.368867
1403715295962142976 376 -0.201896 0.713228 -0.671226 0.955389 0.216219 0.700888 0.67971 1.80243 0.955242 -0.00790105 -0.29572 0.333344
1403715296112143104 379 -0.196188 0.685743 -0.700904 0.984938 0.228872 0.727076 0.647285 1.7872 0.953482 -0.0334272 -0.299591 0.290663
1403715296212143104 381 -0.212387 0.669382 -0.711913 1.00772 0.244156 0.741778 0.624623 1.77472 0.946192 -0.0411554 -0.320978 0.256737
1403715296312143104 383 -0.239067 0.651093 -0.720365 1.03344 0.258019 0.757802 0.599301 1.76501 0.936095 -0.0425948 -0.349159 0.224949
1403715296412143104 385 -0.266792 0.63004 -0.729295 1.06244 0.264512 0.775533 0.57322 1.76019 0.926744 -0.0399768 -0.373559 0.202686
1403715296762142976 392 -0.280368 0.573962 -0.76939 1.15331 0.223336 0.818546 0.529248 1.79167 0.93355 -0.0234484 -0.35768 0.193671
1403715297112143104 399 -0.297774 0.499695 -0.81341 1.22538 0.180576 0.866163 0.465998 1.85575 0.937402 -0.00811984 -0.348154 0.195885
1403715297212143104 401 -0.324886 0.45779 -0.827573 1.23979 0.193163 0.888715 0.415781 1.87605 0.925817 -0.0247752 -0.37716 0.188948
1403715297312143104 403 -0.342489 0.407678 -0.846463 1.25191 0.190765 0.912359 0.362229 1.89946 0.919951 -0.0374161 -0.390244 0.178554
1403715297412143104 405 -0.353854 0.356992 -0.864491 1.25819 0.170562 0.933423 0.315643 1.92762 0.919617 -0.0357579 -0.391185 0.167465
1403715297562142976 408 -0.36264 0.288692 -0.886087 1.25962 0.133329 0.9571 0.257262 1.98191 0.922343 -0.0248474 -0.385573 0.151247
1403715297712143104 411 -0.377247 0.231466 -0.896721 1.24964 0.128195 0.971993 0.196965 2.0471 0.917197 -0.0406508 -0.396354 0.135522
1403715297862142976 414 -0.356479 0.176647 -0.917452 1.22543 0.11474 0.982808 0.144648 2.12278 0.927231 -0.0537041 -0.370619 0.12424
1403715297962142976 416 -0.320461 0.136811 -0.93733 1.20531 0.09719 0.989042 0.111131 2.17949 0.942263 -0.0554859 -0.330246 0.123842
1403715298062142976 418 -0.282675 0.0891206 -0.955067 1.18486 0.0682196 0.995021 0.0726576 2.24079 0.956787 -0.0446158 -0.287347 0.124123
1403715298212143104 421 -0.270851 0.0162254 -0.962485 1.16408 -0.0194559 0.999561 0.0223255 2.33277 0.962425 0.0247729 -0.270417 0.123341
1403715298362142976 424 -0.28483 -0.048935 -0.957328 1.15529 -0.0907501 0.995587 -0.0238901 2.41893 0.954273 0.080073 -0.288014 0.120359
1403715298562142976 428 -0.307084 -0.0906869 -0.947352 1.15796 -0.139519 0.988984 -0.0494473 2.5081 0.9414 0.116989 -0.316353 0.1238
1403715298962142976 436 -0.351713 -0.101363 -0.930604 1.18761 -0.0923668 0.993027 -0.0732535 2.53826 0.93154 0.0601926 -0.358623 0.1527
1403715299062142976 438 -0.373975 -0.118958 -0.919778 1.19273 -0.0628456 0.992711 -0.102838 2.51773 0.925307 0.019345 -0.378725 0.15978
1403715299162142976 440 -0.382106 -0.145272 -0.912629 1.19283 -0.0563794 0.989392 -0.133885 2.49371 0.922397 0.000295035 -0.386243 0.167497
1403715299262142976 442 -0.386518 -0.177873 -0.904967 1.18661 -0.0617006 0.984015 -0.167057 2.46824 0.920216 -0.00873357 -0.391315 0.175626
1403715299362142976 444 -0.3865 -0.216654 -0.896481 1.17406 -0.0707393 0.976118 -0.205402 2.44391 0.919573 -0.0159716 -0.392595 0.184761
1403715299462142976 446 -0.381823 -0.260478 -0.886771 1.15532 -0.0833201 0.965258 -0.247657 2.41858 0.920472 -0.0206752 -0.390261 0.194476
1403715299562142976 448 -0.368582 -0.309629 -0.876514 1.13117 -0.0981523 0.95059 -0.294523 2.39343 0.924399 -0.0225239 -0.380761 0.203539
1403715299662142976 450 -0.352459 -0.361275 -0.86328 1.10151 -0.115222 0.932213 -0.34308 2.36745 0.928707 -0.0214531 -0.370193 0.212088
1403715299762142976 452 -0.3395 -0.41493 -0.84414 1.06698 -0.133056 0.909604 -0.393595 2.33911 0.931148 -0.021308 -0.364019 0.217576
1403715299862142976 454 -0.327077 -0.471176 -0.819154 1.03098 -0.149229 0.881708 -0.447572 2.31626 0.933141 -0.0241485 -0.3587 0.221992
1403715299962142976 456 -0.309853 -0.526048 -0.792 0.992033 -0.170231 0.850231 -0.498126 2.29241 0.935421 -0.0195232 -0.352996 0.226424
1403715300062142976 458 -0.288334 -0.571728 -0.768109 0.950048 -0.186413 0.820345 -0.540633 2.27371 0.939209 -0.0126972 -0.343111 0.228767
1403715300162142976 460 -0.259814 -0.603834 -0.753579 0.906944 -0.197654 0.79711 -0.570569 2.25627 0.945214 0.000706004 -0.326451 0.232389
1403715300312143104 463 -0.218733 -0.631802 -0.743627 0.844641 -0.211724 0.774656 -0.595887 2.23509 0.952538 0.0271032 -0.30321 0.236567
1403715300562142976 468 -0.218891 -0.644612 -0.732504 0.761856 -0.184457 0.76451 -0.617657 2.21147 0.958156 -8.38324e-05 -0.286247 0.24573
1403715300862142976 474 -0.22644 -0.631525 -0.741553 0.695289 -0.1814 0.775352 -0.604916 2.21974 0.956984 -0.00245922 -0.290129 0.254943
1403715301062142976 478 -0.208225 -0.620399 -0.75614 0.668741 -0.197465 0.783831 -0.588742 2.24488 0.95794 0.0267205 -0.285721 0.25797
1403715301312143104 483 -0.170375 -0.608844 -0.774778 0.669051 -0.210857 0.790588 -0.5749 2.28492 0.962555 0.0654191 -0.263075 0.25653
1403715301562142976 488 -0.212828 -0.611559 -0.762037 0.722921 -0.204148 0.790524 -0.577404 2.3283 0.955525 0.03268 -0.293094 0.238176
1403715301712143104 491 -0.253829 -0.608333 -0.751999 0.7721 -0.205602 0.793628 -0.57261 2.35625 0.945145 0.00926767 -0.32652 0.219123
1403715301962142976 496 -0.243232 -0.597457 -0.764122 0.860381 -0.222479 0.801142 -0.555584 2.40317 0.944109 0.0348656 -0.327786 0.187929
1403715302212143104 501 -0.247091 -0.585731 -0.771923 0.960745 -0.239746 0.808811 -0.536979 2.44069 0.938865 0.0523829 -0.340277 0.165096
1403715302462142976 506 -0.257788 -0.569256 -0.780701 1.07026 -0.246257 0.820036 -0.516623 2.45549 0.934293 0.059074 -0.351579 0.157011
1403715302662142976 510 -0.288851 -0.557973 -0.777966 1.16134 -0.213464 0.829683 -0.515809 2.44653 0.933273 0.0170756 -0.358762 0.156166
1403715302862142976 514 -0.319592 -0.55213 -0.770074 1.24484 -0.207623 0.83375 -0.511618 2.43075 0.924529 -0.00362352 -0.381095 0.150566
1403715303012143104 517 -0.332638 -0.568319 -0.752573 1.2965 -0.222289 0.822781 -0.523086 2.4138 0.916482 -0.00670912 -0.400019 0.141387
1403715303112143104 519 -0.330805 -0.594475 -0.732917 1.32358 -0.238282 0.804095 -0.544658 2.39786 0.913121 -0.00553411 -0.407651 0.134282
1403715303212143104 521 -0.314825 -0.63177 -0.708344 1.34474 -0.256391 0.775156 -0.577405 2.37826 0.913865 -0.000168596 -0.406019 0.12803
1403715303312143104 523 -0.278577 -0.676967 -0.681257 1.35914 -0.267588 0.735958 -0.621903 2.35573 0.922384 0.0090478 -0.386169 0.122851
1403715303412143104 525 -0.237907 -0.721591 -0.650159 1.37263 -0.282618 0.691844 -0.664439 2.32925 0.929262 0.0256719 -0.368529 0.119487
1403715303512143104 527 -0.208575 -0.763411 -0.61131 1.38351 -0.296858 0.644985 -0.70418 2.30198 0.931865 0.034598 -0.361152 0.115213
1403715303612143104 529 -0.185611 -0.80181 -0.568022 1.39617 -0.306096 0.596484 -0.741965 2.27073 0.933731 0.0361523 -0.356145 0.112227
1403715303662142976 530 -0.178311 -0.819894 -0.544039 1.40356 -0.304097 0.571751 -0.761988 2.25474 0.935805 0.0295697 -0.351277 0.111249
1403715303712143104 531 -0.173248 -0.837401 -0.518406 1.41081 -0.303718 0.546138 -0.780697 2.23863 0.936878 0.022195 -0.348951 0.110129
1403715303762142976 532 -0.168303 -0.853708 -0.492806 1.41874 -0.301502 0.520561 -0.79882 2.22186 0.938494 0.0141383 -0.345007 0.108426
1403715303812143104 533 -0.160355 -0.868714 -0.468638 1.42715 -0.300437 0.495211 -0.815171 2.20567 0.940225 0.01008 -0.340404 0.106442
1403715303862142976 534 -0.154476 -0.882662 -0.443899 1.43524 -0.296146 0.47 -0.831503 2.18964 0.942568 0.00301158 -0.334 0.104875
1403715303962142976 536 -0.144194 -0.902538 -0.405751 1.45256 -0.29146 0.430583 -0.854195 2.16027 0.945653 -0.00490952 -0.325141 0.102028
1403715304062142976 538 -0.138183 -0.914999 -0.379054 1.46912 -0.290978 0.403341 -0.867553 2.13468 0.946698 -0.00958424 -0.32198 0.0988105
1403715304212143104 541 -0.137958 -0.923878 -0.356955 1.49272 -0.287379 0.382236 -0.878242 2.10541 0.94783 -0.0185789 -0.318235 0.0930256
1403715304562142976 548 -0.137797 -0.920564 -0.365477 1.53477 -0.307035 0.390521 -0.867884 2.07237 0.94167 -0.00737728 -0.336458 0.0580401
1403715304812143104 553 -0.131532 -0.911467 -0.38978 1.55861 -0.308313 0.411309 -0.85777 2.06763 0.942148 0.0073496 -0.335117 -0.00631114
1403715305312143104 563 -0.146627 -0.9075 -0.393629 1.6251 -0.324076 0.420039 -0.847669 2.07357 0.934599 0.00327411 -0.355688 0.00494355
1403715305562142976 568 -0.143037 -0.91522 -0.376714 1.65422 -0.325756 0.402955 -0.855284 2.07597 0.934571 0.000380099 -0.355776 0.0345473
1403715305712143104 571 -0.143473 -0.921322 -0.361359 1.67083 -0.326116 0.388756 -0.861694 2.07477 0.934379 -0.00578465 -0.356234 0.0875755
1403715305912143104 575 -0.141417 -0.926209 -0.349483 1.68704 -0.330556 0.376949 -0.865241 2.07538 0.933131 -0.00683614 -0.35947 0.171386
1403715306212143104 581 -0.158485 -0.925927 -0.342844 1.69688 -0.331023 0.376965 -0.865056 2.07618 0.930219 -0.0236087 -0.366246 0.272393
1403715306362142976 584 -0.189237 -0.916244 -0.35311 1.69087 -0.292189 0.395862 -0.870586 2.07628 0.937451 -0.0615722 -0.342628 0.314712
1403715306462142976 586 -0.202186 -0.904559 -0.375358 1.6785 -0.261344 0.419209 -0.869461 2.08196 0.943833 -0.0776953 -0.321159 0.342823
1403715306562142976 588 -0.204468 -0.888569 -0.410656 1.66008 -0.24158 0.452348 -0.858499 2.09569 0.948595 -0.0763296 -0.307151 0.370681
1403715306662142976 590 -0.200162 -0.867327 -0.455718 1.63704 -0.220052 0.493045 -0.841715 2.11707 0.954731 -0.0681981 -0.289546 0.397928
1403715306712143104 591 -0.19341 -0.854877 -0.481433 1.62371 -0.213866 0.515634 -0.829688 2.1301 0.957525 -0.0575076 -0.282558 0.410994
1403715306762142976 592 -0.185029 -0.840912 -0.508558 1.61054 -0.210932 0.539415 -0.815193 2.14593 0.959829 -0.0435632 -0.277183 0.423534
1403715306812143104 593 -0.175223 -0.825715 -0.536183 1.59771 -0.203065 0.56321 -0.800974 2.16533 0.963359 -0.0314688 -0.266361 0.436803
1403715306862142976 594 -0.16467 -0.808841 -0.5645 1.58578 -0.196174 0.587736 -0.784909 2.18477 0.966643 -0.0185109 -0.255456 0.448978
1403715306912143104 595 -0.153735 -0.790493 -0.592863 1.57394 -0.19486 0.612467 -0.766103 2.2079 0.968708 -0.00225096 -0.248193 0.460747
1403715306962142976 596 -0.144054 -0.770825 -0.620546 1.56382 -0.200105 0.636822 -0.744591 2.2336 0.969127 0.0169128 -0.245983 0.471445
1403715307012143104 597 -0.134191 -0.749536 -0.648219 1.55474 -0.209835 0.660795 -0.720638 2.25955 0.968484 0.0393156 -0.245952 0.480477
1403715307062142976 598 -0.128892 -0.727157 -0.674262 1.54809 -0.219962 0.68396 -0.695568 2.2855 0.966956 0.0586588 -0.248104 0.484766
1403715307112143104 599 -0.132196 -0.704688 -0.697093 1.5452 -0.231532 0.705763 -0.669546 2.31265 0.963804 0.0728875 -0.256457 0.487595
1403715307162142976 600 -0.141186 -0.682295 -0.717314 1.54319 -0.244808 0.726131 -0.642497 2.34076 0.959237 0.0848923 -0.269551 0.485748
1403715307212143104 601 -0.151371 -0.659706 -0.736122 1.54428 -0.256002 0.745458 -0.615431 2.36831 0.954751 0.0952904 -0.281727 0.482705
1403715307262142976 602 -0.161683 -0.637893 -0.752962 1.54656 -0.266202 0.762908 -0.589158 2.39718 0.95026 0.105183 -0.293158 0.474588
1403715307312143104 603 -0.17464 -0.615853 -0.768262 1.5518 -0.271407 0.780134 -0.563674 2.42251 0.946488 0.110072 -0.30339 0.464402
1403715307412143104 605 -0.218152 -0.574786 -0.788689 1.56951 -0.261705 0.813009 -0.520122 2.47032 0.94017 0.0929376 -0.327784 0.439482
1403715307512143104 607 -0.263441 -0.534844 -0.802833 1.59157 -0.235727 0.842693 -0.484047 2.51223 0.935431 0.0617316 -0.348077 0.41532
1403715307612143104 609 -0.297071 -0.494357 -0.816921 1.61562 -0.20755 0.86852 -0.450107 2.54938 0.932026 0.035838 -0.360616 0.391506
1403715307712143104 611 -0.319946 -0.449673 -0.833924 1.63836 -0.185674 0.892882 -0.410228 2.58009 0.929064 0.023587 -0.369166 0.365444
1403715307812143104 613 -0.333135 -0.401381 -0.853179 1.65937 -0.171878 0.915556 -0.363615 2.61079 0.927081 0.0255097 -0.373992 0.338881
1403715307912143104 615 -0.34221 -0.351659 -0.871337 1.67638 -0.15928 0.935616 -0.315045 2.64099 0.926025 0.0309754 -0.376189 0.311628
1403715308012143104 617 -0.347223 -0.300848 -0.888215 1.68969 -0.147023 0.952896 -0.265281 2.66636 0.926186 0.0384768 -0.375099 0.285366
1403715308112143104 619 -0.351465 -0.250345 -0.902108 1.70027 -0.132433 0.967189 -0.21681 2.6882 0.926787 0.0432684 -0.373087 0.259526
1403715308212143104 621 -0.353966 -0.206983 -0.912067 1.70822 -0.119827 0.977203 -0.175261 2.70554 0.92755 0.0472543 -0.370698 0.23439
1403715308312143104 623 -0.356929 -0.166916 -0.919098 1.71275 -0.107655 0.984701 -0.137022 2.71803 0.927907 0.050038 -0.369437 0.20861
1403715308462142976 626 -0.359418 -0.120269 -0.925394 1.71461 -0.0825947 0.991868 -0.0968293 2.72993 0.929514 0.0416305 -0.366429 0.169734
1403715309112143104 639 -0.361343 -0.109502 -0.925981 1.62449 -0.0146944 0.993626 -0.111767 2.73269 0.932317 -0.0267796 -0.360649 0.175765
1403715309262142976 642 -0.33267 -0.128928 -0.934188 1.58184 0.00317194 0.990452 -0.137823 2.74416 0.943038 -0.0488128 -0.329085 0.189002
1403715309512143104 647 -0.310764 -0.159715 -0.936972 1.51498 -0.0370224 0.987067 -0.155975 2.78266 0.949766 -0.0137823 -0.312658 0.207973
1403715310112143104 659 -0.307685 -0.194363 -0.931425 1.40203 -0.00996237 0.979519 -0.201107 2.92172 0.951436 -0.0525984 -0.303319 0.243793
1403715310212143104 661 -0.286741 -0.179695 -0.941004 1.3873 -0.00928812 0.982726 -0.184832 2.95705 0.957963 -0.0442589 -0.283457 0.248072
1403715310312143104 663 -0.271602 -0.153654 -0.950065 1.37752 -0.026439 0.987991 -0.15223 2.99829 0.962046 -0.0162271 -0.272403 0.251457
1403715310412143104 665 -0.267959 -0.119691 -0.955966 1.37436 -0.0364122 0.992802 -0.114097 3.04258 0.962742 0.00423554 -0.270389 0.258142
1403715310512143104 667 -0.277725 -0.0828427 -0.957082 1.37512 -0.0369052 0.996459 -0.075542 3.08747 0.959951 0.0143414 -0.279799 0.26193
1403715310612143104 669 -0.300063 -0.0527108 -0.952462 1.38323 -0.0352499 0.998403 -0.0441482 3.13055 0.953268 0.020327 -0.301442 0.267074
1403715310712143104 671 -0.322134 -0.030371 -0.946207 1.39367 -0.0321683 0.999259 -0.0211223 3.17067 0.946147 0.0236336 -0.322872 0.27089
1403715310862142976 674 -0.33726 -0.0103431 -0.941355 1.40907 -0.0239448 0.99971 -0.00240557 3.22649 0.941107 0.0217292 -0.33741 0.27862
1403715311162142976 680 -0.354378 0.0130281 -0.935012 1.42898 0.0162619 0.999838 0.00776791 3.327 0.934961 -0.0124523 -0.354532 0.286788
1403715311462142976 686 -0.363411 0.0251055 -0.931291 1.42485 0.0319717 0.999384 0.0144651 3.4349 0.93108 -0.0245182 -0.36399 0.291954
1403715311612143104 689 -0.36238 0.0297924 -0.931554 1.40573 0.011225 0.999556 0.0276006 3.49789 0.931963 -0.000454833 -0.362554 0.296578
1403715311812143104 693 -0.356087 0.0371891 -0.933713 1.37265 0.0151758 0.999306 0.0340141 3.58097 0.93433 -0.00205789 -0.356404 0.307979
1403715312012143104 697 -0.350888 0.0509808 -0.935029 1.32626 0.0209755 0.998694 0.0465806 3.66701 0.936183 -0.00326812 -0.351499 0.317414
1403715312162142976 700 -0.349141 0.0624676 -0.934986 1.28748 0.00815677 0.99794 0.0636278 3.72878 0.937035 0.0145886 -0.348932 0.328838
1403715312362142976 704 -0.347554 0.0761017 -0.934567 1.22837 0.0172907 0.997052 0.0747597 3.80608 0.937501 0.00982372 -0.347845 0.339983
1403715312562142976 708 -0.335758 0.083 -0.938284 1.16207 0.0284129 0.996549 0.0779868 3.88233 0.941519 -0.000474658 -0.336958 0.345689
1403715312712143104 711 -0.312402 0.0816632 -0.946433 1.11109 0.0105305 0.996535 0.0825103 3.93927 0.949891 0.01581 -0.31218 0.343242
1403715312762142976 712 -0.306674 0.079365 -0.9485 1.09401 0.00292165 0.996591 0.0824443 3.95895 0.95181 0.0225124 -0.305861 0.342622
1403715312862142976 714 -0.292587 0.0714264 -0.953567 1.06207 -0.0157982 0.996709 0.0795053 3.9964 0.956108 0.0383269 -0.290496 0.339235
1403715313012143104 717 -0.271006 0.0544435 -0.961037 1.022 -0.0341593 0.997226 0.0661263 4.04385 0.961971 0.050749 -0.268395 0.347213
1403715313062142976 718 -0.26966 0.0486848 -0.961724 1.01129 -0.0394714 0.997323 0.0615543 4.05693 0.962146 0.0545593 -0.267016 0.355747
1403715313112143104 719 -0.270367 0.0436163 -0.961769 1.0054 -0.0442092 0.997357 0.057658 4.06785 0.961742 0.0581079 -0.267724 0.363375
1403715313162142976 720 -0.273027 0.0385627 -0.961233 0.997216 -0.0468092 0.99748 0.0533124 4.07697 0.960867 0.0595503 -0.270534 0.379087
1403715313212143104 721 -0.275936 0.0334218 -0.960595 0.991572 -0.0442509 0.997894 0.0474308 4.08596 0.960157 0.055595 -0.273876 0.392486
1403715313262142976 722 -0.280549 0.0290117 -0.959401 0.989293 -0.0389064 0.998378 0.0415673 4.09262 0.959051 0.0489885 -0.278965 0.402318
1403715313312143104 723 -0.286544 0.0253562 -0.957731 0.98669 -0.0338983 0.998755 0.0365844 4.09606 0.957467 0.0429485 -0.285328 0.41066
1403715313362142976 724 -0.294299 0.0221035 -0.955458 0.984654 -0.0300575 0.999024 0.0323696 4.10135 0.955241 0.0382451 -0.293348 0.420346
1403715313412143104 725 -0.301965 0.0196964 -0.953115 0.984615 -0.0281756 0.999165 0.0295746 4.1056 0.952903 0.0357851 -0.301158 0.428256
1403715313462142976 726 -0.308709 0.0210595 -0.950923 0.983973 -0.0245914 0.999244 0.030113 4.10841 0.950839 0.0326807 -0.307957 0.43792
1403715313512143104 727 -0.311772 0.0260754 -0.949799 0.985228 -0.0236426 0.999101 0.0351897 4.11118 0.949863 0.0334269 -0.310876 0.447339
1403715313562142976 728 -0.313567 0.0335532 -0.948973 0.988526 -0.0225148 0.998832 0.0427557 4.11277 0.949299 0.0347727 -0.312446 0.452994
1403715313612143104 729 -0.316413 0.041418 -0.947717 0.991629 -0.0241709 0.99837 0.0517016 4.11613 0.948314 0.0392662 -0.314896 0.460503
1403715313662142976 730 -0.319101 0.0492656 -0.946439 0.993023 -0.0262591 0.997805 0.0607929 4.11852 0.947357 0.0442518 -0.317107 0.472416
1403715313712143104 731 -0.319245 0.0554935 -0.946046 0.996027 -0.0270166 0.997345 0.0676195 4.12128 0.947287 0.0471462 -0.316898 0.480661
1403715313762142976 732 -0.320468 0.0611476 -0.945284 0.99891 -0.0244794 0.997046 0.0727949 4.12163 0.946943 0.0464684 -0.318024 0.489873
1403715313812143104 733 -0.32119 0.0659181 -0.944718 1.00079 -0.0216497 0.996803 0.076913 4.12331 0.946767 0.0451565 -0.318736 0.501636
1403715313912143104 735 -0.320827 0.0738338 -0.944256 1.00634 -0.0138692 0.996484 0.08263 4.12208 0.947036 0.039606 -0.318674 0.52174
1403715313962142976 736 -0.320146 0.0764073 -0.944282 1.0086 -0.00588962 0.996563 0.0826344 4.11988 0.94735 0.0320166 -0.318596 0.531793
1403715314012143104 737 -0.32268 0.080458 -0.943082 1.01147 0.00104462 0.99641 0.0846502 4.1182 0.946507 0.0263298 -0.321606 0.542446
1403715314062142976 738 -0.324156 0.0884366 -0.941861 1.01657 0.00381883 0.995735 0.0921809 4.1155 0.945996 0.0262842 -0.323112 0.547037
1403715314112143104 739 -0.327751 0.101587 -0.939287 1.019 0.00328585 0.994319 0.106392 4.11296 0.944758 0.0317837 -0.326223 0.555683
1403715314162142976 740 -0.329178 0.119914 -0.936623 1.02383 0.00477155 0.992102 0.12534 4.11004 0.944256 0.03679 -0.32715 0.561643
1403715314212143104 741 -0.332472 0.141507 -0.932437 1.02747 0.00591789 0.988973 0.147977 4.10604 0.943094 0.0436802 -0.329644 0.565196
1403715314262142976 742 -0.333728 0.164154 -0.928267 1.03042 0.00848408 0.985204 0.171173 4.10328 0.942631 0.0492496 -0.330183 0.570561
1403715314312143104 743 -0.337348 0.188116 -0.922393 1.0346 0.0143494 0.980744 0.194769 4.09876 0.941271 0.052469 -0.333551 0.574579
1403715314362142976 744 -0.339011 0.211445 -0.916713 1.03912 0.0208448 0.975865 0.21738 4.09553 0.940552 0.0545853 -0.335236 0.578897
1403715314412143104 745 -0.338049 0.232508 -0.911956 1.04334 0.0295851 0.971149 0.236632 4.08951 0.940663 0.0530131 -0.335175 0.579491
1403715314462142976 746 -0.340889 0.250316 -0.906166 1.04677 0.0375872 0.966758 0.252914 4.08411 0.939352 0.0521554 -0.338966 0.583409
1403715314512143104 747 -0.339767 0.265544 -0.902244 1.05041 0.0452495 0.962819 0.266332 4.07758 0.939421 0.0496645 -0.33915 0.582695
1403715314562142976 748 -0.340343 0.279598 -0.89777 1.05082 0.0563133 0.959116 0.277355 4.0681 0.938614 0.0438393 -0.342173 0.583883
1403715314612143104 749 -0.33816 0.291808 -0.894704 1.05021 0.0668486 0.955759 0.286455 4.05659 0.938711 0.0370578 -0.342707 0.584726
1403715314662142976 750 -0.335022 0.300978 -0.892845 1.05064 0.0735491 0.95307 0.293682 4.04628 0.939335 0.0327217 -0.341436 0.585311
1403715314712143104 751 -0.333425 0.308009 -0.891044 1.04986 0.078115 0.950903 0.29947 4.03621 0.939535 0.0302467 -0.341114 0.58467
1403715314962142976 756 -0.321621 0.327185 -0.888544 1.03762 0.0809815 0.944469 0.318466 3.9707 0.943399 0.0304697 -0.330257 0.586012
1403715315212143104 761 -0.312328 0.326945 -0.891941 1.0148 0.0929768 0.944923 0.313809 3.893 0.945413 0.0150815 -0.325524 0.587068
1403715315412143104 765 -0.309722 0.346102 -0.885599 1.00118 0.102042 0.938119 0.330939 3.83045 0.945336 0.0121312 -0.325873 0.586198
1403715315462142976 766 -0.307586 0.357425 -0.881838 0.998225 0.108357 0.933896 0.34073 3.81506 0.94533 0.0092506 -0.325983 0.586968
1403715315512143104 767 -0.304498 0.370474 -0.877514 0.995001 0.114891 0.928821 0.352268 3.79892 0.945559 0.00644634 -0.325388 0.588354
1403715315562142976 768 -0.299967 0.38319 -0.873605 0.99285 0.121271 0.923664 0.363507 3.78303 0.94621 0.003097 -0.323539 0.587204
1403715315612143104 769 -0.296652 0.397209 -0.86846 0.990074 0.128667 0.917728 0.375792 3.7673 0.946278 -0.000262604 -0.323354 0.589318
1403715315712143104 771 -0.283336 0.427895 -0.858269 0.985985 0.148681 0.903722 0.401473 3.73759 0.947425 -0.0138568 -0.319677 0.590853
1403715315762142976 772 -0.273598 0.444403 -0.853024 0.985129 0.164068 0.895428 0.413872 3.72272 0.947748 -0.0267197 -0.3179 0.590184
1403715315812143104 773 -0.264983 0.46145 -0.846669 0.986096 0.178892 0.886339 0.427084 3.7081 0.947514 -0.0382921 -0.317414 0.588434
1403715315962142976 776 -0.251807 0.518339 -0.817262 0.990202 0.203505 0.853952 0.478907 3.66966 0.946139 -0.0457254 -0.320516 0.587328
1403715316012143104 777 -0.249095 0.537914 -0.805357 0.993598 0.208459 0.841857 0.497817 3.65829 0.945778 -0.0438803 -0.321836 0.583939
1403715316112143104 779 -0.248831 0.577725 -0.777378 0.99986 0.21021 0.815705 0.538922 3.63792 0.94546 -0.0293124 -0.324417 0.580695
1403715316212143104 781 -0.254253 0.616107 -0.745498 1.01046 0.212332 0.787582 0.578471 3.62495 0.943542 -0.0112152 -0.331064 0.573096
1403715316262142976 782 -0.263104 0.634812 -0.726492 1.01793 0.215302 0.772666 0.597187 3.62203 0.940437 0.000707183 -0.339967 0.568661
1403715316312143104 783 -0.271515 0.654756 -0.70539 1.02199 0.222456 0.75577 0.615893 3.61533 0.936372 0.0103057 -0.350858 0.564434
1403715316412143104 785 -0.290866 0.687157 -0.665742 1.03087 0.235573 0.725841 0.646267 3.6035 0.927309 0.031146 -0.372998 0.545852
1403715316462142976 786 -0.295612 0.700662 -0.649374 1.03043 0.241565 0.712487 0.658794 3.59467 0.924262 0.0378809 -0.379875 0.540836
1403715316712143104 791 -0.258472 0.7432 -0.617127 1.0014 0.252548 0.668605 0.699419 3.5569 0.932422 0.0249258 -0.360509 0.500085
1403715316962142976 796 -0.210936 0.794326 -0.569694 0.940296 0.254542 0.607336 0.752563 3.51957 0.943777 0.0137319 -0.330298 0.447672
1403715317112143104 799 -0.177134 0.836767 -0.518117 0.899966 0.267527 0.547557 0.79285 3.49647 0.947129 0.00183056 -0.320849 0.417632
1403715317212143104 801 -0.161985 0.865911 -0.473243 0.875161 0.286871 0.500186 0.817018 3.47972 0.944175 -0.00341509 -0.329428 0.40039
1403715317312143104 803 -0.148766 0.894413 -0.421775 0.846576 0.298533 0.447242 0.843121 3.46085 0.942734 -0.000486097 -0.333546 0.380309
1403715317412143104 805 -0.122962 0.920657 -0.370501 0.816598 0.310301 0.390282 0.866829 3.43987 0.942652 -0.00838011 -0.333671 0.359112
1403715317512143104 807 -0.097537 0.942301 -0.320243 0.788166 0.32318 0.334328 0.885313 3.42349 0.941298 -0.0171452 -0.337142 0.346012
1403715317612143104 809 -0.0739689 0.960411 -0.268586 0.757388 0.326482 0.277804 0.903457 3.40593 0.942305 -0.020861 -0.334106 0.329605
1403715317712143104 811 -0.0470036 0.974057 -0.221369 0.73103 0.33091 0.224284 0.916621 3.38962 0.942491 -0.0301689 -0.332868 0.317978
1403715317812143104 813 -0.00911403 0.983849 -0.178768 0.704533 0.338201 0.171273 0.925357 3.37506 0.94103 -0.0520257 -0.334299 0.30831
1403715317912143104 815 0.0280876 0.99042 -0.135199 0.6779 0.342623 0.117521 0.932093 3.35986 0.939053 -0.0725027 -0.33604 0.293239
1403715318012143104 817 0.0503583 0.994596 -0.0907905 0.658509 0.344036 0.0680667 0.936486 3.34526 0.937605 -0.0783951 -0.33875 0.281285
