1403715524312143104 6 -0.324745 -0.0468149 -0.944642 0.000314124 -0.0465872 0.998354 -0.0334612 0.00121237 0.944653 0.0331419 -0.326392 0.00053213
1403715524612143104 12 -0.324594 -0.0464082 -0.944714 -0.000496855 -0.0463735 0.998375 -0.0331108 -0.000326157 0.944716 0.0330622 -0.326219 -3.42348e-05
1403715524912143104 18 -0.324133 -0.0467749 -0.944854 -0.00115857 -0.0462448 0.998366 -0.0335597 3.12189e-05 0.944881 0.0328168 -0.325766 -0.00039473
1403715525212143104 24 -0.324471 -0.0464182 -0.944756 -0.000671656 -0.0457887 0.998395 -0.0333278 -0.000426283 0.944787 0.0324452 -0.326076 0.00115374
1403715525512143104 30 -0.325183 -0.0465305 -0.944506 -0.000801506 -0.045966 0.998386 -0.0333592 -0.000654295 0.944533 0.0325673 -0.326797 0.00118136
1403715525812143104 36 -0.325006 -0.0464485 -0.94457 -0.000955591 -0.0465681 0.998368 -0.0330708 -0.000133519 0.944565 0.0332386 -0.326639 0.000164907
1403715526112143104 42 -0.324523 -0.0465688 -0.944731 -0.000365309 -0.0466967 0.998358 -0.0331715 -0.000330144 0.944724 0.0333509 -0.326165 0.0003349
1403715526412143104 48 -0.324769 -0.0465857 -0.944645 -0.000213317 -0.0467746 0.998355 -0.0331533 -0.000367653 0.944636 0.0334183 -0.326414 0.0010435
1403715526712143104 54 -0.324759 -0.0464668 -0.944655 -0.000331754 -0.0465936 0.998366 -0.0330906 -0.000221075 0.944648 0.0332683 -0.326394 0.000894954
1403715528462142976 90 -0.346742 -0.0452137 -0.93687 -0.00213559 -0.0401985 0.998636 -0.0333168 -0.000388913 0.937099 0.0261084 -0.348087 0.00439113
1403715528512143104 90 -0.353939 -0.0435759 -0.934253 -0.00297887 -0.0391282 0.998729 -0.0317597 -0.00182936 0.93445 0.0253146 -0.355194 0.00689678
1403715528612143104 92 -0.353483 -0.0405264 -0.934563 -0.00613784 -0.032852 0.998983 -0.0308942 -0.00578317 0.934864 0.0197817 -0.354455 0.0168544
1403715528712143104 94 -0.345829 -0.0366476 -0.937581 -0.0116998 -0.027015 0.999212 -0.029092 -0.0122119 0.937908 0.0152679 -0.346547 0.0346757
1403715528812143104 96 -0.340107 -0.0331956 -0.939801 -0.0183097 -0.0247584 0.999346 -0.026339 -0.0201191 0.940061 0.0143099 -0.340707 0.056318
1403715528912143104 98 -0.333714 -0.030657 -0.942176 -0.0249342 -0.0252669 0.999403 -0.0235697 -0.0293313 0.942336 0.0159403 -0.334289 0.0811763
1403715529062142976 101 -0.338672 -0.0361459 -0.94021 -0.0341067 -0.0299408 0.99917 -0.0276276 -0.0468339 0.940428 0.018794 -0.339473 0.117142
1403715529112143104 102 -0.338908 -0.0450141 -0.939742 -0.0373954 -0.0299034 0.998865 -0.0370618 -0.0543091 0.940344 0.0155409 -0.339869 0.131728
1403715529212143104 104 -0.343061 -0.0733945 -0.936441 -0.0438558 -0.0370185 0.997225 -0.0645969 -0.0711755 0.938583 0.012505 -0.344826 0.167607
1403715529262142976 105 -0.348416 -0.0908363 -0.932928 -0.0472038 -0.0430058 0.995794 -0.0808962 -0.0801002 0.936353 0.0119358 -0.350858 0.187657
1403715529412143104 108 -0.359171 -0.151275 -0.92093 -0.0620331 -0.0711573 0.988342 -0.134596 -0.107713 0.930555 0.0171879 -0.365748 0.240416
1403715529462142976 109 -0.357214 -0.169689 -0.918479 -0.0685256 -0.079495 0.985314 -0.151119 -0.117845 0.930633 0.0190326 -0.365458 0.254998
1403715529662142976 113 -0.344882 -0.218913 -0.912761 -0.0990652 -0.101143 0.975429 -0.195727 -0.161497 0.933181 0.024817 -0.358549 0.293682
1403715529912143104 118 -0.332158 -0.249936 -0.909507 -0.145095 -0.112534 0.967867 -0.224876 -0.224853 0.936487 0.0276556 -0.349611 0.338972
1403715530112143104 122 -0.296667 -0.257333 -0.919657 -0.181978 -0.121306 0.965364 -0.230991 -0.285244 0.947245 0.0430328 -0.317607 0.39177
1403715530162142976 123 -0.293084 -0.256477 -0.921044 -0.190558 -0.127588 0.965223 -0.22818 -0.302224 0.947535 0.0506378 -0.315615 0.407593
1403715530262142976 125 -0.300165 -0.255426 -0.919053 -0.202471 -0.143932 0.964578 -0.22107 -0.339019 0.942966 0.0659238 -0.326297 0.446105
1403715530512143104 130 -0.320107 -0.263013 -0.91014 -0.218634 -0.131149 0.963743 -0.232377 -0.458707 0.93826 0.0449781 -0.342995 0.597066
1403715530662142976 133 -0.319555 -0.284587 -0.903822 -0.225706 -0.128137 0.958051 -0.256358 -0.541774 0.938864 0.0338919 -0.342616 0.682831
1403715530762142976 135 -0.318182 -0.302353 -0.898523 -0.22812 -0.128544 0.952786 -0.275093 -0.5984 0.939275 0.0279697 -0.342025 0.724084
1403715530812143104 136 -0.317874 -0.316588 -0.893716 -0.229433 -0.13104 0.94823 -0.28929 -0.629327 0.939034 0.0251551 -0.342903 0.744339
1403715530912143104 138 -0.315874 -0.348055 -0.882656 -0.230342 -0.137432 0.937259 -0.320404 -0.687052 0.938795 0.0200973 -0.34389 0.785348
1403715530962142976 139 -0.314738 -0.361172 -0.877778 -0.229368 -0.145103 0.932215 -0.331542 -0.714558 0.938022 0.0230193 -0.345811 0.803894
1403715531062142976 141 -0.337855 -0.382897 -0.859793 -0.230988 -0.159141 0.923596 -0.348777 -0.770171 0.927646 0.0189922 -0.372976 0.840417
1403715531212143104 144 -0.392766 -0.401769 -0.827234 -0.24181 -0.167408 0.915727 -0.365264 -0.861085 0.904273 -0.0049775 -0.426926 0.884789
1403715531312143104 146 -0.387801 -0.408531 -0.826264 -0.259962 -0.13476 0.911912 -0.387629 -0.924678 0.911839 -0.0389752 -0.408694 0.915078
1403715531362142976 147 -0.375944 -0.410946 -0.830535 -0.272563 -0.120282 0.910343 -0.395989 -0.955519 0.918803 -0.0489711 -0.391668 0.930284
1403715531412143104 149 -0.365145 -0.414243 -0.83371 -0.288823 -0.111613 0.908567 -0.402553 -0.986055 0.924236 -0.053937 -0.377994 0.949645
1403715531512143104 150 -0.340881 -0.418235 -0.84195 -0.312882 -0.103501 0.906842 -0.408565 -1.04021 0.934392 -0.0521291 -0.352413 0.965639
1403715531612143104 152 -0.335512 -0.421071 -0.842693 -0.343899 -0.0986354 0.905329 -0.413098 -1.08908 0.936858 -0.0554799 -0.345281 0.974102
1403715531812143104 156 -0.315127 -0.421051 -0.850535 -0.414709 -0.117867 0.906622 -0.405146 -1.17214 0.941702 -0.0274225 -0.33533 0.972461
1403715531912143104 158 -0.287016 -0.418663 -0.861593 -0.450881 -0.124098 0.908107 -0.399926 -1.20737 0.949853 -0.00786284 -0.312597 0.972205
1403715531962142976 159 -0.275078 -0.4166 -0.866474 -0.46841 -0.125956 0.90909 -0.397103 -1.22399 0.953136 -9.69915e-05 -0.302544 0.971855
1403715532062142976 161 -0.2629 -0.414202 -0.87139 -0.49968 -0.128601 0.910145 -0.393825 -1.25253 0.956214 0.00852522 -0.292544 0.969859
1403715532212143104 164 -0.253752 -0.412861 -0.874732 -0.536033 -0.131746 0.910656 -0.391598 -1.29241 0.958255 0.0158735 -0.285474 0.966267
1403715532312143104 166 -0.254964 -0.42017 -0.870891 -0.553115 -0.128002 0.907397 -0.400308 -1.32113 0.958441 0.00941101 -0.285136 0.964751
1403715532362142976 167 -0.262489 -0.424223 -0.86668 -0.559885 -0.124285 0.905557 -0.405611 -1.33379 0.956898 0.00124695 -0.290423 0.961434
1403715532462142976 169 -0.275857 -0.43263 -0.858332 -0.572554 -0.113468 0.901394 -0.417868 -1.35352 0.954478 -0.0178791 -0.297746 0.957161
1403715532562142976 171 -0.288399 -0.438983 -0.850952 -0.580901 -0.0963597 0.897508 -0.430342 -1.36916 0.952649 -0.0421128 -0.301141 0.951868
1403715532662142976 173 -0.296602 -0.443686 -0.845677 -0.588577 -0.0666239 0.892981 -0.445137 -1.37997 0.952674 -0.0756863 -0.29442 0.947076
1403715532712143104 174 -0.297095 -0.445893 -0.844342 -0.591582 -0.0515023 0.890465 -0.452129 -1.38092 0.953458 -0.0908394 -0.287517 0.943322
1403715532812143104 176 -0.297074 -0.44863 -0.842898 -0.59728 -0.0320557 0.886939 -0.460773 -1.37537 0.954316 -0.109864 -0.277868 0.934467
1403715532962142976 179 -0.304654 -0.427503 -0.851133 -0.607595 -0.0128693 0.895378 -0.44512 -1.34646 0.952376 -0.124654 -0.278283 0.915927
1403715533012143104 180 -0.309829 -0.411323 -0.857216 -0.61092 -0.00454101 0.902211 -0.431271 -1.33152 0.950782 -0.129728 -0.281399 0.908023
1403715533062142976 181 -0.315609 -0.391674 -0.864282 -0.614434 0.00308523 0.910407 -0.413703 -1.31216 0.948884 -0.133235 -0.286124 0.895823
1403715533112143104 182 -0.318881 -0.369241 -0.872912 -0.618334 0.0108055 0.919517 -0.392902 -1.28892 0.947733 -0.134721 -0.289227 0.880534
1403715533162142976 183 -0.314284 -0.343802 -0.884887 -0.622135 0.0172355 0.929899 -0.367412 -1.26308 0.949172 -0.130723 -0.286327 0.865438
1403715533212143104 184 -0.299351 -0.318068 -0.899567 -0.6264 0.0209685 0.940381 -0.339477 -1.23182 0.953913 -0.120485 -0.274835 0.852617
1403715533262142976 185 -0.286717 -0.292668 -0.912216 -0.630054 0.0259435 0.949473 -0.312776 -1.19593 0.957664 -0.113344 -0.264637 0.842413
1403715533312143104 186 -0.276912 -0.267908 -0.922792 -0.631696 0.0262323 0.957881 -0.285966 -1.15821 0.960537 -0.103394 -0.258221 0.835079
1403715533362142976 187 -0.275616 -0.246904 -0.929018 -0.632208 0.0243253 0.96435 -0.26351 -1.11675 0.96096 -0.0952262 -0.259784 0.83108
1403715533462142976 189 -0.286141 -0.211663 -0.934517 -0.629909 0.0213215 0.973649 -0.227054 -1.02873 0.95795 -0.0848948 -0.274088 0.833739
1403715533512143104 190 -0.297021 -0.19758 -0.934206 -0.625009 0.0276873 0.976165 -0.215257 -0.982093 0.954469 -0.0898015 -0.284471 0.84033
1403715533612143104 192 -0.319667 -0.175813 -0.931076 -0.611933 0.0553808 0.977488 -0.203591 -0.880419 0.94591 -0.116645 -0.302734 0.862834
1403715533662142976 193 -0.332575 -0.167331 -0.928113 -0.605803 0.0704081 0.976981 -0.201371 -0.826553 0.940445 -0.132318 -0.313138 0.880509
1403715533762142976 195 -0.349021 -0.15391 -0.924389 -0.591949 0.0914341 0.976121 -0.197046 -0.706676 0.932644 -0.153294 -0.326614 0.926574
1403715533812143104 196 -0.353873 -0.149405 -0.923283 -0.585797 0.0894492 0.977228 -0.192418 -0.641263 0.931006 -0.150679 -0.33245 0.952782
1403715533912143104 198 -0.355551 -0.14355 -0.923567 -0.574762 0.0663139 0.981771 -0.178126 -0.501504 0.932301 -0.124578 -0.33955 1.00154
1403715533962142976 199 -0.352922 -0.141856 -0.924837 -0.567965 0.054185 0.983683 -0.171559 -0.428492 0.934082 -0.110659 -0.339477 1.02096
1403715534062142976 201 -0.350185 -0.140605 -0.926067 -0.557654 0.0288201 0.986584 -0.160692 -0.276496 0.936237 -0.0829611 -0.341434 1.05275
1403715534112143104 202 -0.346112 -0.141166 -0.927512 -0.553375 0.0130336 0.987796 -0.155204 -0.199405 0.938103 -0.0658069 -0.340048 1.06379
1403715534212143104 204 -0.341499 -0.143052 -0.928932 -0.546057 -0.018702 0.989188 -0.145456 -0.0434387 0.939696 -0.0323002 -0.340482 1.07414
1403715534262142976 205 -0.339753 -0.144267 -0.929384 -0.544305 -0.032545 0.989377 -0.141682 0.0331999 0.939952 -0.0178899 -0.340839 1.07538
1403715534412143104 208 -0.33869 -0.143244 -0.92993 -0.540667 -0.0520434 0.989682 -0.133493 0.266267 0.939458 0.00318383 -0.342651 1.06573
1403715534512143104 210 -0.339212 -0.128689 -0.931866 -0.539425 -0.051927 0.99165 -0.118042 0.421358 0.939276 0.00834757 -0.343062 1.04303
1403715534612143104 212 -0.341172 -0.100949 -0.934565 -0.539584 -0.0420339 0.994861 -0.092117 0.571192 0.939061 0.00785558 -0.343662 1.017
1403715534712143104 214 -0.346994 -0.0617474 -0.935833 -0.541348 -0.028644 0.998063 -0.0552326 0.719906 0.93743 0.00764067 -0.34809 0.991509
1403715534762142976 215 -0.355134 -0.0371881 -0.934075 -0.543235 -0.0202258 0.99928 -0.0320943 0.792383 0.934596 0.0074946 -0.355631 0.976177
1403715534812143104 216 -0.364656 -0.00888339 -0.9311 -0.546451 -0.0125317 0.999911 -0.00463197 0.865094 0.931058 0.00997921 -0.364735 0.961309
1403715534862142976 217 -0.374416 0.021193 -0.927019 -0.550096 -0.00347122 0.9997 0.0242566 0.933783 0.927254 0.0122999 -0.37423 0.94659
1403715534962142976 219 -0.389867 0.0842395 -0.91701 -0.559494 0.0162086 0.996281 0.0846304 1.06903 0.920729 0.0181311 -0.389782 0.916427
1403715535012143104 220 -0.393633 0.11268 -0.912336 -0.566971 0.0247184 0.993398 0.112027 1.13405 0.918935 0.021546 -0.393819 0.902276
1403715535062142976 221 -0.399083 0.137432 -0.906557 -0.577111 0.0336127 0.990232 0.13532 1.1989 0.916299 0.023532 -0.399804 0.887276
1403715535162142976 223 -0.415645 0.177683 -0.892002 -0.599442 0.0522166 0.983776 0.171633 1.32666 0.908027 0.0247609 -0.418179 0.857968
1403715535262142976 225 -0.433865 0.205527 -0.877223 -0.633297 0.0709366 0.978404 0.194148 1.4504 0.898181 0.0220071 -0.439075 0.83233
1403715535412143104 228 -0.437273 0.233666 -0.868443 -0.707744 0.108815 0.972309 0.206823 1.62843 0.892721 -0.00406127 -0.450591 0.796457
1403715535512143104 231 -0.40906 0.244613 -0.87911 -0.773226 0.13908 0.968858 0.204869 1.74741 0.901846 -0.038463 -0.430341 0.778409
1403715535662142976 233 -0.358813 0.240095 -0.902002 -0.883162 0.132929 0.969646 0.205222 1.93303 0.923896 -0.0462657 -0.379837 0.751955
1403715535712143104 234 -0.352033 0.232223 -0.906722 -0.920536 0.122387 0.971836 0.201383 1.99344 0.927952 -0.0400772 -0.37054 0.743432
1403715535812143104 236 -0.34719 0.205031 -0.915107 -1.00193 0.0924376 0.978538 0.184172 2.11653 0.933228 -0.0206476 -0.358691 0.725211
1403715535962142976 239 -0.366897 0.144249 -0.91901 -1.1253 0.032952 0.9893 0.142127 2.30151 0.929678 0.0218627 -0.367724 0.69432
1403715536112143104 242 -0.400249 0.090086 -0.911968 -1.2525 0.00565685 0.99538 0.0958429 2.47759 0.916389 0.0332021 -0.398909 0.666815
1403715536212143104 245 -0.417616 0.062411 -0.906477 -1.34489 -0.0139308 0.997081 0.075067 2.58722 0.908517 0.0439771 -0.415528 0.65045
1403715536362142976 247 -0.423042 0.0261353 -0.905733 -1.49651 -0.0515143 0.997274 0.0528376 2.74773 0.904644 0.0690107 -0.420542 0.637009
1403715536462142976 249 -0.405921 0.00768892 -0.913876 -1.60711 -0.0892979 0.994846 0.0480342 2.84285 0.909535 0.101105 -0.403143 0.628325
1403715536562142976 251 -0.384792 -0.00237133 -0.923 -1.72605 -0.118821 0.991803 0.0469876 2.92155 0.915323 0.127752 -0.38192 0.621938
1403715536712143104 254 -0.343852 -0.0104571 -0.938966 -1.91101 -0.139881 0.989352 0.0402068 3.01561 0.928547 0.145169 -0.341654 0.620409
1403715536762142976 255 -0.320821 -0.0132991 -0.947046 -1.97231 -0.141456 0.98936 0.0340265 3.03893 0.936517 0.144882 -0.319289 0.622174
1403715536862142976 257 -0.277911 -0.0225183 -0.960343 -2.09303 -0.151537 0.988235 0.0206804 3.07288 0.948579 0.151274 -0.278054 0.626477
1403715536962142976 259 -0.236899 -0.0258289 -0.971191 -2.20427 -0.178062 0.983868 0.0172682 3.089 0.955077 0.177023 -0.237677 0.632282
1403715537012143104 260 -0.216765 -0.0250493 -0.975902 -2.25499 -0.192389 0.981162 0.0175487 3.09035 0.957079 0.191557 -0.217501 0.635563
1403715537112143104 262 -0.165012 -0.020319 -0.986082 -2.34555 -0.210643 0.977446 0.0151081 3.0768 0.963535 0.210205 -0.16557 0.646842
1403715537212143104 264 -0.106419 -0.0129967 -0.994236 -2.41523 -0.216643 0.976195 0.0104277 3.04072 0.970433 0.216504 -0.106701 0.660636
1403715537262142976 265 -0.081524 -0.010615 -0.996615 -2.44095 -0.211656 0.97732 0.00690411 3.01465 0.973938 0.211502 -0.0819218 0.66859
1403715537362142976 267 -0.0679467 -0.0191817 -0.997505 -2.47 -0.152145 0.98832 -0.00864154 2.94908 0.98602 0.151178 -0.0700715 0.684436
1403715537412143104 268 -0.0884984 -0.024284 -0.99578 -2.47329 -0.119058 0.992794 -0.01363 2.91059 0.988935 0.117349 -0.0907518 0.68956
1403715537462142976 269 -0.121125 -0.0288771 -0.992217 -2.47088 -0.0839457 0.996294 -0.0187481 2.87004 0.989081 0.0810215 -0.1231 0.695739
1403715537512143104 270 -0.163718 -0.0309547 -0.986021 -2.46211 -0.0536571 0.998307 -0.0224313 2.82896 0.985047 0.0492347 -0.165102 0.702695
1403715537562142976 271 -0.20773 -0.031995 -0.977663 -2.44949 -0.0294741 0.999216 -0.0264378 2.78847 0.977742 0.0233238 -0.20851 0.709118
1403715537612143104 272 -0.245927 -0.0311367 -0.968788 -2.43279 -0.00924926 0.999514 -0.0297762 2.74726 0.969244 0.0016378 -0.246095 0.716177
1403715537662142976 273 -0.273294 -0.0284988 -0.961508 -2.41297 0.00459734 0.999511 -0.0309319 2.7057 0.96192 -0.0128739 -0.273029 0.725601
1403715537812143104 276 -0.254496 -0.0203041 -0.966861 -2.3472 0.0306134 0.999109 -0.0290394 2.58537 0.966589 -0.0369893 -0.253647 0.764994
1403715538012143104 280 -0.242927 -0.0149685 -0.969929 -2.232 0.0341953 0.999127 -0.0239836 2.43842 0.969442 -0.0389933 -0.242203 0.807794
1403715538112143104 282 -0.265598 -0.00834933 -0.964048 -2.16156 0.0476199 0.998628 -0.0217682 2.37467 0.962907 -0.0516895 -0.264836 0.82757
1403715538212143104 284 -0.287032 0.0104254 -0.957864 -2.08598 0.0638039 0.997928 -0.0082579 2.31768 0.955794 -0.0634857 -0.287102 0.840098
1403715538312143104 286 -0.292227 0.0406493 -0.955485 -2.00613 0.0756892 0.996945 0.0192643 2.26668 0.953349 -0.0666903 -0.294411 0.842461
1403715538362142976 287 -0.288158 0.0582579 -0.955809 -1.96542 0.080025 0.996121 0.0365889 2.2448 0.954233 -0.0659452 -0.291703 0.840648
1403715538412143104 288 -0.272486 0.0780005 -0.958993 -1.92438 0.0795068 0.995125 0.0583485 2.22461 0.958869 -0.0603473 -0.277359 0.836344
1403715538462142976 290 -0.254745 0.0986742 -0.961961 -1.88137 0.0704354 0.994031 0.0833113 2.20695 0.96444 -0.0465329 -0.260175 0.831891
1403715538562142976 291 -0.222154 0.145586 -0.964081 -1.78868 0.0521425 0.989148 0.137356 2.17186 0.973616 -0.0197553 -0.227335 0.826836
1403715538662142976 293 -0.208418 0.197927 -0.957803 -1.68939 0.0502593 0.980182 0.191615 2.13677 0.976748 -0.00820246 -0.214235 0.817328
1403715538762142976 295 -0.220933 0.257728 -0.94062 -1.57947 0.0645785 0.966201 0.249569 2.10277 0.973149 -0.00560585 -0.230109 0.805416
1403715538812143104 296 -0.236339 0.289787 -0.927452 -1.51953 0.077456 0.957074 0.279304 2.08749 0.968579 -0.00582637 -0.248639 0.797319
1403715538912143104 298 -0.259927 0.362095 -0.895168 -1.39834 0.104248 0.932136 0.346778 2.04985 0.959985 -0.00318264 -0.280035 0.783817
1403715538962142976 299 -0.264454 0.400409 -0.877347 -1.33613 0.117764 0.916334 0.382705 2.03105 0.957181 -0.00211254 -0.289482 0.771957
1403715539012143104 300 -0.264252 0.439989 -0.858243 -1.27383 0.130179 0.898003 0.420291 2.01393 0.955628 -0.000662054 -0.294576 0.757868
1403715539062142976 301 -0.261789 0.479868 -0.837373 -1.20915 0.144775 0.877339 0.45751 1.99575 0.954205 -0.00145944 -0.29915 0.741802
1403715539162142976 303 -0.250501 0.558581 -0.790719 -1.07863 0.172827 0.829442 0.531184 1.96128 0.952565 -0.00359559 -0.304314 0.700579
1403715539212143104 304 -0.242928 0.596404 -0.765041 -1.01619 0.188247 0.802657 0.565954 1.94135 0.951603 -0.00653076 -0.307259 0.676616
1403715539262142976 305 -0.238806 0.632297 -0.737002 -0.955414 0.20349 0.774694 0.598699 1.92087 0.949507 -0.00699942 -0.313667 0.649786
1403715539312143104 306 -0.237068 0.665252 -0.707982 -0.892382 0.219807 0.746588 0.627926 1.90095 0.9463 -0.00675828 -0.32322 0.620426
1403715539412143104 308 -0.232658 0.721517 -0.652138 -0.768393 0.249182 0.692379 0.677141 1.85996 0.940095 -0.00495896 -0.340877 0.555137
1403715539462142976 309 -0.226272 0.744847 -0.627698 -0.709544 0.256621 0.66723 0.69925 1.83822 0.939652 -0.00285967 -0.342119 0.523117
1403715539562142976 311 -0.20888 0.778071 -0.592431 -0.59769 0.2836 0.627956 0.724736 1.79507 0.935917 -0.0166304 -0.351828 0.471752
1403715539662142976 313 -0.180743 0.799042 -0.573467 -0.488705 0.305359 0.599846 0.739555 1.75549 0.934927 -0.0414441 -0.352413 0.440248
1403715539862142976 317 -0.158612 0.815432 -0.556698 -0.27928 0.306237 0.576659 0.757419 1.6884 0.938648 -0.0503456 -0.341181 0.433474
1403715540062142976 321 -0.186101 0.807352 -0.559954 -0.0742593 0.361046 0.58623 0.725244 1.63972 0.91379 -0.0672003 -0.40059 0.481321
1403715540162142976 323 -0.192038 0.80157 -0.566222 0.0212248 0.399398 0.590854 0.70098 1.63302 0.896439 -0.091533 -0.433611 0.515606
1403715540462142976 329 -0.229488 0.790981 -0.567172 0.293285 0.372311 0.609746 0.699711 1.70073 0.899288 -0.0505889 -0.434421 0.6284
1403715540612143104 332 -0.275365 0.792335 -0.544408 0.408632 0.376031 0.609956 0.697534 1.76899 0.884746 -0.0126381 -0.465903 0.668793
1403715540812143104 336 -0.246111 0.80345 -0.542123 0.531159 0.414605 0.59284 0.690394 1.90311 0.876089 -0.0548529 -0.479019 0.716507
1403715540962142976 339 -0.216651 0.80856 -0.547077 0.603567 0.395037 0.585067 0.708268 2.03798 0.892753 -0.0626686 -0.446166 0.750269
1403715541112143104 342 -0.216471 0.809604 -0.545603 0.662492 0.366603 0.585365 0.723153 2.19832 0.904844 -0.0434778 -0.423517 0.779065
1403715541262142976 345 -0.17172 0.807271 -0.564647 0.71582 0.366877 0.584336 0.723846 2.38219 0.914283 -0.082857 -0.396511 0.806848
1403715541312143104 346 -0.155016 0.807812 -0.568691 0.733467 0.360084 0.582251 0.72892 2.44836 0.919951 -0.0917822 -0.381139 0.817189
1403715541412143104 348 -0.15472 0.811509 -0.563485 0.767888 0.336035 0.579574 0.742411 2.58091 0.929055 -0.0744847 -0.362367 0.827565
1403715541462142976 349 -0.169492 0.813875 -0.55577 0.784436 0.333996 0.577993 0.74456 2.64908 0.92721 -0.0594278 -0.369797 0.832258
1403715541562142976 351 -0.202905 0.817146 -0.539539 0.820618 0.344588 0.575343 0.741782 2.79092 0.916564 -0.0354073 -0.398318 0.84041
1403715541612143104 352 -0.214536 0.817968 -0.533762 0.835326 0.353187 0.574475 0.738402 2.86099 0.910623 -0.0301039 -0.412141 0.845119
1403715541712143104 354 -0.244597 0.817869 -0.520829 0.863981 0.348329 0.575404 0.739984 3.01071 0.904897 -0.000421455 -0.42563 0.853757
1403715541762142976 355 -0.261505 0.816456 -0.514796 0.873919 0.329598 0.576832 0.747415 3.08568 0.907183 0.0257767 -0.419947 0.860303
1403715541812143104 356 -0.278728 0.814583 -0.50869 0.88048 0.308345 0.577543 0.755888 3.1623 0.909524 0.0538349 -0.41215 0.867639
1403715541862142976 358 -0.291428 0.811831 -0.505964 0.885927 0.281677 0.5783 0.765655 3.24077 0.914182 0.0806152 -0.397207 0.874075
1403715541912143104 358 -0.304761 0.807989 -0.504257 0.887583 0.25854 0.579746 0.772691 3.31888 0.916667 0.105116 -0.385582 0.880055
1403715541962142976 360 -0.316919 0.801868 -0.506528 0.890265 0.237247 0.584101 0.776234 3.39441 0.918301 0.125832 -0.375354 0.882623
1403715542012143104 361 -0.329834 0.794174 -0.51039 0.886613 0.218783 0.590231 0.777021 3.46755 0.918338 0.144623 -0.36843 0.882429
1403715542062142976 361 -0.338601 0.784352 -0.519751 0.877638 0.197219 0.599271 0.775873 3.53853 0.920029 0.160207 -0.357603 0.890691
1403715542112143104 362 -0.337971 0.774283 -0.535034 0.863975 0.17721 0.610671 0.771801 3.60849 0.924323 0.166033 -0.3436 0.896117
1403715542162142976 363 -0.335891 0.762617 -0.552804 0.848617 0.15492 0.62364 0.766207 3.67439 0.929073 0.171722 -0.32762 0.901846
1403715542212143104 364 -0.326082 0.750247 -0.575153 0.826077 0.134048 0.638955 0.757474 3.73487 0.935789 0.169901 -0.30892 0.9099
1403715542262142976 365 -0.31383 0.736792 -0.598872 0.802086 0.116275 0.655813 0.745915 3.79161 0.942333 0.164457 -0.291484 0.917086
1403715542312143104 366 -0.295545 0.722322 -0.625223 0.774939 0.10739 0.67543 0.729563 3.84474 0.949274 0.148476 -0.27719 0.923771
1403715542362142976 367 -0.278601 0.705583 -0.651563 0.745201 0.0976662 0.695722 0.711641 3.89277 0.955428 0.134628 -0.262741 0.930959
1403715542412143104 368 -0.255 0.687072 -0.680373 0.714227 0.0960172 0.718149 0.689234 3.93611 0.962162 0.110427 -0.249099 0.94104
1403715542462142976 369 -0.227169 0.667048 -0.709536 0.684053 0.0944696 0.740243 0.66567 3.97764 0.969263 0.0841897 -0.231176 0.950158
1403715542512143104 370 -0.204308 0.647398 -0.734257 0.651899 0.0944343 0.759615 0.64348 4.01503 0.974341 0.0621291 -0.216332 0.958293
1403715542562142976 372 -0.190806 0.62948 -0.753225 0.623831 0.0944779 0.775537 0.624193 4.04926 0.977071 0.0479367 -0.207449 0.964813
1403715542662142976 373 -0.199575 0.600498 -0.77432 0.571575 0.10854 0.798902 0.591587 4.10607 0.973853 0.0340213 -0.224618 0.975361
1403715542912143104 378 -0.235036 0.56042 -0.794158 0.469105 0.137954 0.828009 0.54348 4.20853 0.962147 0.01818 -0.271924 0.98481
1403715543312143104 386 -0.193387 0.554188 -0.809615 0.375108 0.17486 0.83145 0.527366 4.31675 0.965415 -0.0395838 -0.257697 0.930814
1403715543662142976 393 -0.188205 0.568949 -0.800547 0.389647 0.122068 0.822344 0.555743 4.37634 0.974514 0.00687232 -0.224219 0.879141
1403715543812143104 396 -0.191997 0.593204 -0.781822 0.427191 0.0705918 0.802927 0.591882 4.38168 0.978853 0.0584492 -0.196035 0.853719
1403715543912143104 398 -0.206495 0.624949 -0.75286 0.460512 0.0508467 0.775258 0.629595 4.36976 0.977126 0.091728 -0.191864 0.832475
1403715543962142976 399 -0.216109 0.644156 -0.73373 0.480306 0.0496695 0.757769 0.65063 4.35931 0.975105 0.104163 -0.195755 0.818605
1403715544012143104 401 -0.226709 0.665404 -0.711225 0.50025 0.051846 0.737448 0.673411 4.34382 0.972582 0.115794 -0.201685 0.805414
1403715544062142976 402 -0.234775 0.688926 -0.685756 0.520966 0.0592421 0.714304 0.697323 4.32428 0.970243 0.123088 -0.208514 0.791756
1403715544112143104 402 -0.231788 0.714705 -0.659903 0.542652 0.0825841 0.690386 0.718712 4.30227 0.969254 0.112091 -0.219046 0.774024
1403715544162142976 404 -0.224435 0.742656 -0.630945 0.56227 0.111484 0.662779 0.74047 4.27821 0.968091 0.0958468 -0.231545 0.753389
1403715544212143104 404 -0.212986 0.772215 -0.5986 0.582567 0.139665 0.630428 0.76358 4.24901 0.967022 0.0790282 -0.242124 0.730162
1403715544262142976 405 -0.199455 0.802158 -0.562815 0.603403 0.165693 0.593693 0.787448 4.21809 0.965797 0.0638064 -0.251327 0.703002
1403715544312143104 407 -0.18255 0.831311 -0.524974 0.624213 0.192328 0.553824 0.810117 4.18659 0.964202 0.0469198 -0.260985 0.672161
1403715544362142976 407 -0.162905 0.859003 -0.485361 0.643248 0.218373 0.511124 0.831304 4.15313 0.962172 0.029434 -0.270847 0.638037
1403715544412143104 408 -0.140094 0.883741 -0.446514 0.663888 0.241877 0.467844 0.850069 4.11823 0.96014 0.0110879 -0.279298 0.600734
1403715544462142976 409 -0.11884 0.905641 -0.407052 0.683287 0.257882 0.424042 0.868151 4.08075 0.95884 -0.00180072 -0.283942 0.56227
1403715544512143104 410 -0.100955 0.924047 -0.368706 0.7035 0.270306 0.382135 0.88369 4.04217 0.957467 -0.0104503 -0.288354 0.525109
1403715544562142976 411 -0.0837874 0.939101 -0.333271 0.722657 0.279217 0.343175 0.89681 4.00196 0.956565 -0.0179137 -0.290967 0.488082
1403715544612143104 413 -0.0702662 0.950173 -0.303699 0.743551 0.285212 0.310879 0.906647 3.96136 0.955885 -0.0229122 -0.292845 0.457515
1403715544662142976 414 -0.0611295 0.958206 -0.279471 0.763446 0.287972 0.285019 0.914241 3.91936 0.955686 -0.0245928 -0.29336 0.42864
1403715544712143104 414 -0.0555382 0.964068 -0.259784 0.782313 0.280559 0.264771 0.922596 3.87728 0.958229 -0.0216454 -0.285183 0.407979
1403715544762142976 415 -0.0515403 0.967964 -0.245743 0.801124 0.270257 0.250407 0.929655 3.83341 0.961408 -0.018499 -0.274505 0.394116
1403715544962142976 419 -0.0522149 0.973619 -0.222124 0.871802 0.259222 0.228017 0.938516 3.63872 0.964405 -0.00857469 -0.264289 0.401629
1403715545012143104 420 -0.0562988 0.974006 -0.219412 0.892474 0.26821 0.226437 0.93637 3.58657 0.961714 -0.00613203 -0.273986 0.409079
1403715545112143104 422 -0.0580483 0.976829 -0.205997 0.929371 0.283373 0.21398 0.934833 3.4777 0.957251 -0.00410855 -0.289228 0.42651
1403715545212143104 424 -0.0550505 0.981743 -0.182069 0.96758 0.295858 0.190196 0.936106 3.36644 0.953644 -0.00233362 -0.300927 0.436795
1403715545312143104 426 -0.0465167 0.987663 -0.149529 1.00025 0.309517 0.156575 0.937914 3.25371 0.949755 -0.00265309 -0.312982 0.437825
1403715545412143104 428 -0.0183691 0.991885 -0.125804 1.02801 0.317723 0.125094 0.939896 3.14124 0.948006 -0.0227058 -0.317442 0.431937
1403715545512143104 430 0.0255943 0.992873 -0.1164 1.05838 0.32419 0.101902 0.940488 3.02771 0.945646 -0.0618069 -0.319271 0.423759
1403715545612143104 432 0.0638025 0.991622 -0.112313 1.09278 0.328956 0.0853546 0.94048 2.9184 0.942187 -0.0969509 -0.320754 0.425069
1403715545712143104 434 0.082355 0.990115 -0.113537 1.1322 0.330737 0.0803149 0.940299 2.80827 0.940123 -0.114989 -0.320853 0.430056
1403715545862142976 437 0.0632457 0.9899 -0.126881 1.2065 0.332069 0.0990179 0.938044 2.64858 0.941132 -0.10146 -0.322452 0.434992
1403715545962142976 439 0.0228801 0.988413 -0.150054 1.26257 0.328396 0.134334 0.934939 2.5432 0.944263 -0.0706685 -0.321517 0.439414
1403715546062142976 441 -0.0245494 0.981056 -0.192164 1.32219 0.321508 0.189758 0.927698 2.44006 0.946589 -0.0390079 -0.320076 0.443224
1403715546112143104 443 -0.0462042 0.974217 -0.220831 1.35129 0.318087 0.223909 0.921241 2.38792 0.946935 -0.0276782 -0.320231 0.447561
1403715546162142976 443 -0.0636337 0.964539 -0.256155 1.3809 0.314878 0.262969 0.911975 2.33623 0.946997 -0.0226252 -0.320445 0.452181
1403715546212143104 444 -0.0829381 0.952245 -0.293854 1.40929 0.309534 0.304901 0.90068 2.28439 0.947265 -0.0162571 -0.32004 0.456286
1403715546262142976 445 -0.0994794 0.937115 -0.334543 1.43718 0.305815 0.348732 0.885925 2.23283 0.946879 -0.0141771 -0.321276 0.460928
1403715546312143104 446 -0.114755 0.91937 -0.376284 1.46666 0.301881 0.393147 0.868506 2.18182 0.946414 -0.0139278 -0.322656 0.46518
1403715546412143104 449 -0.146769 0.876234 -0.45899 1.52305 0.29191 0.481717 0.826279 2.07953 0.945118 -0.0127118 -0.326482 0.475668
1403715546462142976 449 -0.16178 0.850881 -0.499829 1.55108 0.285888 0.525192 0.801525 2.02757 0.944508 -0.0132248 -0.328222 0.482657
1403715546562142976 452 -0.193241 0.792746 -0.578111 1.60975 0.271507 0.609414 0.744915 1.92536 0.942837 -0.0130132 -0.332999 0.497312
1403715546612143104 452 -0.213197 0.760333 -0.613548 1.63848 0.261662 0.64948 0.713939 1.87482 0.941318 -0.00833225 -0.337418 0.504655
1403715546712143104 455 -0.261565 0.688607 -0.676316 1.69458 0.245861 0.725132 0.643223 1.77552 0.933347 0.00196525 -0.358971 0.519177
1403715546762142976 455 -0.292651 0.649502 -0.701785 1.72245 0.241677 0.760329 0.602903 1.72689 0.925174 0.00683555 -0.379481 0.523326
1403715546812143104 457 -0.321155 0.609717 -0.724641 1.7482 0.240306 0.792598 0.560394 1.6775 0.916031 0.00583787 -0.401065 0.527274
1403715546862142976 458 -0.343749 0.56914 -0.746938 1.77352 0.237518 0.822241 0.51721 1.63573 0.908527 0.000379302 -0.417825 0.534368
1403715546912143104 458 -0.359933 0.528311 -0.768983 1.79542 0.229409 0.849035 0.475931 1.58679 0.904334 -0.00510793 -0.426795 0.537264
1403715547012143104 461 -0.398135 0.441963 -0.803839 1.83581 0.181798 0.896919 0.403096 1.50095 0.899132 0.0143506 -0.437443 0.549929
1403715547062142976 461 -0.413167 0.398608 -0.818782 1.85191 0.157106 0.916833 0.367064 1.45786 0.897001 0.023023 -0.441429 0.557332
1403715547162142976 463 -0.432236 0.309658 -0.846926 1.87724 0.108814 0.95024 0.291897 1.37619 0.895171 0.0340108 -0.444423 0.569977
1403715547212143104 464 -0.438462 0.264454 -0.858962 1.88568 0.0841015 0.963609 0.253742 1.33531 0.894806 0.0390164 -0.444747 0.576406
1403715547262142976 466 -0.443576 0.219835 -0.868857 1.89173 0.0579834 0.974459 0.216952 1.29618 0.894359 0.0458553 -0.444993 0.583754
1403715547312143104 467 -0.44833 0.176539 -0.876262 1.89408 0.033436 0.982929 0.180922 1.2567 0.893243 0.051814 -0.446579 0.58949
1403715547412143104 468 -0.458199 0.0970392 -0.883536 1.88887 -0.00254125 0.993876 0.110476 1.18101 0.888846 0.0528652 -0.455147 0.599034
1403715547462142976 469 -0.466819 0.0596487 -0.882339 1.88169 -0.0166521 0.996953 0.076207 1.14086 0.884196 0.0502676 -0.464403 0.602602
1403715547562142976 472 -0.479538 -0.015751 -0.87738 1.85772 -0.0480659 0.998809 0.00833983 1.05656 0.876204 0.0461713 -0.479724 0.608812
1403715547612143104 472 -0.481333 -0.0568989 -0.874689 1.83985 -0.0670079 0.997359 -0.0280048 1.01686 0.873973 0.0451314 -0.483875 0.608855
1403715547662142976 474 -0.482182 -0.0973433 -0.870646 1.82025 -0.0872724 0.994202 -0.0628243 0.974087 0.871713 0.0456906 -0.487882 0.610686
1403715547712143104 474 -0.481587 -0.137666 -0.865518 1.79541 -0.10955 0.989296 -0.0963985 0.929808 0.869524 0.0483933 -0.491513 0.61137
1403715547762142976 476 -0.47878 -0.178299 -0.859639 1.76478 -0.130583 0.982731 -0.131101 0.884545 0.868169 0.0494852 -0.493795 0.611417
1403715547812143104 477 -0.47553 -0.216489 -0.852645 1.73302 -0.148758 0.975077 -0.164611 0.837105 0.867031 0.0485606 -0.495882 0.614477
1403715547862142976 478 -0.470139 -0.254185 -0.845198 1.69796 -0.165012 0.96606 -0.198745 0.787083 0.86703 0.0460302 -0.496126 0.616587
1403715547912143104 479 -0.458189 -0.290379 -0.840085 1.65872 -0.180203 0.955851 -0.23211 0.738179 0.870396 0.0450361 -0.490288 0.619325
1403715547962142976 480 -0.442916 -0.322464 -0.836566 1.61862 -0.189662 0.945663 -0.264101 0.684773 0.876273 0.0416902 -0.480008 0.623153
1403715548012143104 480 -0.42495 -0.348996 -0.835236 1.57442 -0.190706 0.936499 -0.29428 0.630696 0.8849 0.0342305 -0.464521 0.627452
1403715548062142976 481 -0.402289 -0.370949 -0.836995 1.52806 -0.192531 0.92807 -0.318776 0.576426 0.895039 0.0329076 -0.444771 0.631599
1403715548162142976 483 -0.356388 -0.401549 -0.84365 1.42884 -0.19393 0.915066 -0.353618 0.465028 0.913991 0.0375844 -0.403991 0.635637
1403715548212143104 484 -0.337631 -0.411156 -0.846733 1.37914 -0.195107 0.910588 -0.364365 0.409604 0.920836 0.0421827 -0.387662 0.637211
1403715548312143104 487 -0.309154 -0.421673 -0.852418 1.27828 -0.197686 0.905242 -0.376108 0.297092 0.930239 0.0522358 -0.363218 0.639457
1403715548462142976 489 -0.300777 -0.420121 -0.856172 1.13284 -0.199023 0.905628 -0.374471 0.118788 0.932697 0.0577656 -0.356006 0.619208
1403715548612143104 493 -0.311619 -0.410573 -0.856927 0.991463 -0.181271 0.910956 -0.370541 -0.0636851 0.932756 0.039869 -0.358296 0.584041
1403715548712143104 495 -0.317344 -0.401635 -0.859059 0.902277 -0.167967 0.915366 -0.365912 -0.186078 0.933317 0.0281735 -0.357947 0.559473
1403715548962142976 499 -0.321475 -0.383949 -0.865585 0.678671 -0.149367 0.923225 -0.354042 -0.502108 0.935063 0.0154745 -0.354143 0.511349
1403715549012143104 500 -0.318535 -0.387645 -0.865024 0.635776 -0.148853 0.921692 -0.358226 -0.565134 0.936151 0.0146536 -0.351293 0.499947
1403715549162142976 503 -0.28918 -0.414579 -0.862844 0.50942 -0.145724 0.909914 -0.388356 -0.756672 0.946118 0.0134328 -0.323543 0.474206
1403715549212143104 505 -0.274261 -0.42303 -0.863612 0.469959 -0.143076 0.906003 -0.398357 -0.818427 0.950952 0.0143083 -0.309007 0.467857
1403715549262142976 506 -0.258336 -0.431929 -0.864118 0.430123 -0.138262 0.901804 -0.409431 -0.88187 0.95611 0.0137038 -0.292688 0.461114
1403715549312143104 507 -0.244933 -0.43954 -0.864183 0.392246 -0.135891 0.898098 -0.418274 -0.942432 0.95997 0.0149854 -0.279703 0.452878
1403715549412143104 509 -0.24293 -0.455465 -0.856468 0.322613 -0.111596 0.890176 -0.441738 -1.05515 0.963603 -0.0117328 -0.267079 0.435124
1403715549462142976 510 -0.252943 -0.460249 -0.850994 0.290708 -0.0999895 0.887323 -0.450177 -1.11644 0.9623 -0.0287789 -0.270463 0.428035
1403715549612143104 512 -0.300386 -0.469822 -0.830082 0.201393 -0.0821745 0.879784 -0.468216 -1.27032 0.950271 -0.0724342 -0.302882 0.401406
1403715549712143104 514 -0.332667 -0.456247 -0.825331 0.145009 -0.0646348 0.88415 -0.46271 -1.35969 0.940827 -0.100583 -0.323617 0.385744
1403715549862142976 518 -0.343315 -0.40548 -0.847184 0.0539354 -0.0203077 0.905002 -0.424923 -1.47114 0.939001 -0.128678 -0.318935 0.368231
1403715549962142976 519 -0.353479 -0.353852 -0.865934 -0.00738565 0.025352 0.921731 -0.387001 -1.52514 0.935099 -0.15875 -0.316841 0.35772
1403715550012143104 520 -0.360554 -0.32143 -0.875605 -0.0404384 0.0517687 0.930403 -0.362863 -1.54411 0.931301 -0.176161 -0.31882 0.352693
1403715550112143104 522 -0.372566 -0.247855 -0.894294 -0.108576 0.0833281 0.950846 -0.298244 -1.56856 0.924257 -0.185635 -0.3336 0.346187
1403715550212143104 524 -0.373984 -0.170549 -0.911619 -0.180251 0.0895109 0.97172 -0.218514 -1.57584 0.923105 -0.163321 -0.348142 0.350179
1403715550262142976 525 -0.375198 -0.132943 -0.917362 -0.216585 0.0914417 0.979526 -0.179351 -1.5719 0.922423 -0.151177 -0.35536 0.357327
1403715550312143104 526 -0.376851 -0.0949753 -0.921392 -0.25542 0.0941446 0.985651 -0.140104 -1.56246 0.921477 -0.139543 -0.362503 0.369904
1403715550412143104 528 -0.368104 -0.0202975 -0.929563 -0.331896 0.0994093 0.993172 -0.0610522 -1.5328 0.924455 -0.114881 -0.363573 0.406121
1403715550462142976 529 -0.361802 0.01736 -0.932093 -0.372019 0.0992215 0.994865 -0.0199848 -1.51291 0.92696 -0.0997142 -0.361667 0.424821
1403715550512143104 530 -0.355281 0.0558752 -0.933088 -0.412037 0.102666 0.994505 0.0204622 -1.48925 0.929105 -0.0885262 -0.359065 0.445212
1403715550562142976 531 -0.350644 0.0947231 -0.931706 -0.450295 0.10893 0.992244 0.0598823 -1.46563 0.930152 -0.0804936 -0.358242 0.462849
1403715550612143104 532 -0.344917 0.134288 -0.928978 -0.48897 0.121882 0.987741 0.0975294 -1.44083 0.930686 -0.0795861 -0.357056 0.477885
1403715550712143104 534 -0.329391 0.213514 -0.919735 -0.565079 0.160462 0.972585 0.168316 -1.38652 0.930459 -0.0921405 -0.354622 0.500756
1403715550762142976 535 -0.320021 0.251551 -0.913405 -0.602852 0.184928 0.962148 0.200183 -1.35865 0.929187 -0.104852 -0.354426 0.507149
1403715550862142976 537 -0.296809 0.32695 -0.897222 -0.679132 0.237165 0.935362 0.262393 -1.29519 0.925018 -0.134909 -0.355165 0.508105
1403715550962142976 539 -0.270418 0.397865 -0.876685 -0.751272 0.28039 0.903684 0.32363 -1.22322 0.921008 -0.158298 -0.35593 0.496277
1403715551012143104 540 -0.257937 0.433242 -0.86358 -0.783547 0.295498 0.886369 0.356414 -1.18223 0.919864 -0.163254 -0.35665 0.490132
1403715551112143104 542 -0.238606 0.501951 -0.831332 -0.848448 0.303134 0.851781 0.427293 -1.09019 0.922593 -0.15005 -0.355398 0.48984
1403715551162142976 543 -0.227235 0.536409 -0.812791 -0.877903 0.306456 0.83161 0.463152 -1.037 0.924364 -0.143841 -0.353357 0.49435
1403715551212143104 544 -0.214556 0.567393 -0.795004 -0.905855 0.315389 0.810603 0.493409 -0.983881 0.924389 -0.144872 -0.352869 0.5023
1403715551312143104 547 -0.176943 0.628795 -0.757171 -0.954463 0.339033 0.761167 0.552884 -0.864187 0.923985 -0.158877 -0.347865 0.52416
1403715551362142976 548 -0.158514 0.658293 -0.735883 -0.976855 0.351982 0.734014 0.580803 -0.800056 0.922487 -0.166952 -0.348059 0.535613
1403715551462142976 549 -0.118039 0.71485 -0.689244 -1.01115 0.369641 0.675846 0.63765 -0.665211 0.921647 -0.179505 -0.344014 0.560865
1403715551512143104 550 -0.0999875 0.741793 -0.663134 -1.02407 0.372939 0.645827 0.666201 -0.592721 0.922453 -0.180697 -0.341218 0.572149
1403715551562142976 551 -0.0851593 0.768603 -0.634032 -1.03463 0.369073 0.615411 0.696458 -0.519326 0.925491 -0.174694 -0.336079 0.585986
1403715551612143104 552 -0.0758763 0.793952 -0.603227 -1.04225 0.361503 0.585716 0.725432 -0.44529 0.929278 -0.163026 -0.331458 0.598387
1403715551662142976 553 -0.0653972 0.819554 -0.569258 -1.04446 0.34489 0.553885 0.757801 -0.365031 0.936362 -0.146773 -0.318878 0.611168
1403715551712143104 554 -0.0543502 0.842773 -0.535518 -1.04472 0.32723 0.521728 0.787859 -0.285263 0.943381 -0.132417 -0.304136 0.624452
1403715551762142976 555 -0.0432114 0.864162 -0.501355 -1.04073 0.312497 0.488335 0.814785 -0.202534 0.948936 -0.121464 -0.291149 0.636654
1403715551812143104 556 -0.0268957 0.882896 -0.468798 -1.03567 0.297919 0.454736 0.839321 -0.124938 0.954212 -0.11709 -0.275262 0.648304
1403715551862142976 557 -0.00840602 0.900273 -0.435244 -1.02876 0.283367 0.419562 0.862364 -0.0484616 0.958975 -0.116085 -0.258634 0.660317
1403715551912143104 558 0.012362 0.914969 -0.403334 -1.01924 0.265904 0.385834 0.883418 0.0266575 0.96392 -0.118169 -0.238525 0.669732
1403715551962142976 559 0.0265237 0.930085 -0.366385 -1.00361 0.249012 0.348813 0.903506 0.104374 0.968137 -0.115199 -0.222351 0.681205
1403715552062142976 561 0.0236841 0.957882 -0.286184 -0.963311 0.227196 0.273617 0.934621 0.248303 0.973561 -0.0871555 -0.211146 0.701637
1403715552112143104 563 0.0248948 0.968083 -0.249391 -0.939256 0.225808 0.237575 0.944758 0.315018 0.973854 -0.079834 -0.212687 0.711141
1403715552212143104 564 0.0267258 0.984972 -0.170636 -0.895916 0.220527 0.160682 0.962055 0.434255 0.975015 -0.0633413 -0.212918 0.732319
1403715552312143104 567 0.0312556 0.995511 -0.0893395 -0.842336 0.193792 0.0816512 0.977639 0.537534 0.980545 -0.04787 -0.19037 0.74843
1403715552362142976 567 0.0351588 0.998248 -0.0475995 -0.812666 0.183088 0.040389 0.982267 0.584629 0.982468 -0.0432502 -0.181347 0.753301
1403715552462142976 569 0.046129 0.998167 0.0391844 -0.750758 0.171963 -0.0465754 0.984002 0.665976 0.984023 -0.0386527 -0.173797 0.765963
1403715552562142976 571 0.0718454 0.989365 0.126469 -0.687187 0.155869 -0.136375 0.978318 0.730873 0.985161 -0.0505752 -0.164009 0.772544
