1403715888134057984 1 -0.372659 -0.062178 -0.925883 -0.00164445 -0.063273 0.997133 -0.041496 -0.00191935 0.925809 0.0431195 -0.375525 0.00865491
1403715888384058112 6 -0.374019 -0.0625718 -0.925308 0.000391496 -0.0631959 0.997122 -0.0418836 0.000504585 0.925265 0.0428103 -0.376897 0.0125146
1403715888684058112 12 -0.371882 -0.0623633 -0.926183 -0.00163546 -0.0631881 0.997127 -0.0417689 -0.00104348 0.926127 0.0429906 -0.374754 0.0063881
1403715888984058112 18 -0.371494 -0.0619729 -0.926365 -0.000884388 -0.0630322 0.997151 -0.0414311 -0.00186432 0.926293 0.0429994 -0.374342 0.00557148
1403715889284058112 24 -0.371531 -0.0620185 -0.926347 -0.00129737 -0.0631763 0.997142 -0.04142 -0.00219495 0.926269 0.0431343 -0.374387 0.00563586
1403715889584058112 30 -0.371194 -0.0623452 -0.92646 -0.000746194 -0.0631762 0.997127 -0.0417886 -0.00121793 0.926404 0.0430185 -0.374066 0.00483521
1403715889884058112 36 -0.371471 -0.0615258 -0.926404 -0.00124595 -0.0629735 0.997174 -0.0409747 -0.00332077 0.926306 0.0431179 -0.374296 0.00653781
1403715890184058112 42 -0.371366 -0.0619835 -0.926415 -0.000942051 -0.0624386 0.997178 -0.0416887 -0.0014886 0.926385 0.0423623 -0.374188 0.00629717
1403715890484058112 48 -0.372052 -0.0622665 -0.926121 -0.00195083 -0.0626233 0.997158 -0.0418848 -0.00267723 0.926097 0.0424134 -0.374894 0.00615838
1403715893584058112 110 -0.303392 -0.0717566 -0.95016 0.00714877 -0.0423063 0.997192 -0.0617998 0.00435134 0.951926 0.0214482 -0.305576 -0.00320491
1403715893634057984 111 -0.288439 -0.0736061 -0.954665 0.00480647 -0.0356467 0.997175 -0.0661135 0.00378449 0.956834 0.0149609 -0.290248 -0.00232439
1403715894184058112 122 -0.345908 -0.0690941 -0.935721 0.0492432 -0.0500291 0.997224 -0.0551413 -0.0416385 0.936934 0.0277395 -0.348405 0.0663872
1403715894234057984 123 -0.333427 -0.0674561 -0.94036 0.0533194 -0.0584675 0.996997 -0.0507879 -0.0481573 0.940961 0.0380465 -0.336369 0.0750394
1403715894684058112 132 -0.34407 -0.0579571 -0.937153 0.0719746 -0.0722021 0.996771 -0.0351355 -0.176556 0.936164 0.0555754 -0.347144 0.20395
1403715894734057984 133 -0.344373 -0.0562041 -0.937149 0.0716199 -0.0644825 0.997265 -0.0361142 -0.202658 0.936616 0.047993 -0.347055 0.212302
1403715894934057984 137 -0.323803 -0.0569873 -0.944407 0.0700413 -0.0417365 0.998073 -0.0459157 -0.29775 0.945204 0.0245486 -0.325557 0.262748
1403715894984058112 138 -0.319633 -0.0568585 -0.945834 0.068258 -0.038439 0.998154 -0.0470138 -0.322898 0.946761 0.0213297 -0.321228 0.277235
1403715895134057984 141 -0.315468 -0.056258 -0.947267 0.0667955 -0.0332654 0.998283 -0.0482095 -0.400515 0.948353 0.0163027 -0.316797 0.318754
1403715895184058112 142 -0.316067 -0.0563998 -0.947059 0.0666139 -0.0307708 0.998316 -0.0491829 -0.425703 0.948238 0.0135967 -0.31727 0.334566
1403715895284058112 144 -0.316994 -0.0561127 -0.946766 0.0665132 -0.0261433 0.998386 -0.0504189 -0.476663 0.948067 0.00876914 -0.317949 0.362628
1403715895334057984 145 -0.317229 -0.0554456 -0.946727 0.0660697 -0.0252009 0.99843 -0.0500293 -0.504233 0.948014 0.00798761 -0.318128 0.373695
1403715895434057984 147 -0.316592 -0.0544573 -0.946997 0.0666754 -0.0249733 0.998483 -0.0490692 -0.557514 0.948233 0.00811481 -0.317471 0.399491
1403715895484058112 148 -0.319163 -0.0541896 -0.946149 0.0660962 -0.0239582 0.998506 -0.0491065 -0.584125 0.947397 0.00699506 -0.319984 0.414492
1403715895584058112 150 -0.322007 -0.0524546 -0.945283 0.0650201 -0.0223585 0.998607 -0.0477973 -0.639063 0.946473 0.00574402 -0.322731 0.437555
1403715895634057984 151 -0.320985 -0.0520031 -0.945656 0.0647166 -0.0240399 0.998617 -0.0467556 -0.666728 0.946779 0.00772562 -0.321791 0.449998
1403715895884058112 156 -0.325195 -0.0499628 -0.944326 0.0647294 -0.0220006 0.998733 -0.0452651 -0.798168 0.945391 0.00605575 -0.325882 0.510886
1403715895934057984 157 -0.325357 -0.050026 -0.944267 0.0633589 -0.0206214 0.998737 -0.0458065 -0.824522 0.945366 0.00456864 -0.325978 0.524351
1403715896034057984 159 -0.32794 -0.0497152 -0.94339 0.0639035 -0.0143537 0.998761 -0.0476436 -0.876939 0.94459 -0.00208312 -0.328247 0.546796
1403715896084058112 160 -0.329728 -0.0501899 -0.942741 0.0638195 -0.00870734 0.998705 -0.0501239 -0.903255 0.944036 -0.00831849 -0.329738 0.557834
1403715896284058112 164 -0.326956 -0.0518636 -0.943615 0.0672977 0.0428516 0.996652 -0.0696264 -0.99671 0.944068 -0.0632002 -0.323639 0.596807
1403715896334057984 165 -0.324918 -0.0529968 -0.944256 0.0668256 0.0630382 0.994995 -0.077536 -1.01401 0.943639 -0.084717 -0.319951 0.61096
1403715896434057984 167 -0.319149 -0.0550066 -0.946107 0.0702131 0.0940466 0.991548 -0.0893732 -1.04502 0.943027 -0.117501 -0.311278 0.626706
1403715896484058112 168 -0.317734 -0.0556884 -0.946543 0.0701196 0.10779 0.989681 -0.094409 -1.05619 0.942033 -0.132025 -0.308453 0.637286
1403715896534057984 169 -0.314032 -0.0568111 -0.947711 0.0710591 0.116436 0.988368 -0.0978303 -1.06472 0.942246 -0.141069 -0.303764 0.649234
1403715896634057984 171 -0.303589 -0.0594811 -0.950945 0.0770248 0.132445 0.985726 -0.10394 -1.06695 0.943553 -0.157503 -0.291378 0.672414
1403715896684058112 172 -0.300308 -0.0606691 -0.951911 0.0786296 0.135801 0.985089 -0.105626 -1.06331 0.944126 -0.160991 -0.287591 0.685486
1403715897034057984 179 -0.337095 -0.0644223 -0.939264 0.111887 0.192343 0.971901 -0.135691 -0.930828 0.921613 -0.226401 -0.315232 0.754165
1403715897084058112 180 -0.341731 -0.0649467 -0.937551 0.11705 0.202552 0.969073 -0.140959 -0.891405 0.917711 -0.238073 -0.318007 0.764572
1403715897184058112 182 -0.34283 -0.0635254 -0.937247 0.124475 0.204545 0.968725 -0.140478 -0.79748 0.916858 -0.239869 -0.319114 0.785875
1403715897234057984 183 -0.343977 -0.0618135 -0.936941 0.128232 0.192645 0.971959 -0.134849 -0.746061 0.919004 -0.226882 -0.322423 0.795618
1403715897284058112 184 -0.344625 -0.0601183 -0.936813 0.129486 0.168686 0.977737 -0.124799 -0.689368 0.92346 -0.201036 -0.326812 0.808266
1403715897334057984 185 -0.346532 -0.058591 -0.936206 0.128493 0.136051 0.984355 -0.111963 -0.626154 0.928119 -0.166171 -0.333139 0.822093
1403715897384058112 186 -0.346044 -0.0585148 -0.936392 0.133904 0.0985997 0.990258 -0.0983185 -0.558631 0.933023 -0.126351 -0.336904 0.831544
1403715897484058112 188 -0.347786 -0.0564945 -0.93587 0.137326 0.0486818 0.995748 -0.0782001 -0.418434 0.936309 -0.0727567 -0.343557 0.854085
1403715897534057984 189 -0.347778 -0.0556478 -0.935924 0.139213 0.0332751 0.996876 -0.0716365 -0.349452 0.936986 -0.0560566 -0.34484 0.864331
1403715897684058112 192 -0.348313 -0.0535153 -0.93585 0.138596 0.0430866 0.9964 -0.0730141 -0.130367 0.936388 -0.0657543 -0.344753 0.895513
1403715897784058112 194 -0.346103 -0.0521162 -0.936748 0.135521 0.0696182 0.994277 -0.0810388 0.0203816 0.93561 -0.0932624 -0.340493 0.91424
1403715897834057984 195 -0.342765 -0.0527234 -0.937941 0.134505 0.0759942 0.993595 -0.0836234 0.0998962 0.936343 -0.0999412 -0.336563 0.923484
1403715897884058112 196 -0.334368 -0.0534674 -0.940925 0.134801 0.0803739 0.993134 -0.0849959 0.181742 0.939009 -0.104046 -0.327775 0.928327
1403715897984058112 198 -0.322557 -0.0541938 -0.944998 0.129225 0.0685541 0.9944 -0.0804265 0.346827 0.944064 -0.0907255 -0.317035 0.945382
1403715898034057984 199 -0.311916 -0.0551685 -0.948507 0.125927 0.0581316 0.995334 -0.0770087 0.432106 0.94833 -0.0791584 -0.307253 0.953196
1403715898084058112 200 -0.297272 -0.0544465 -0.953239 0.124955 0.0493825 0.99616 -0.0722981 0.518001 0.953515 -0.0685656 -0.293442 0.961306
1403715898134057984 201 -0.282736 -0.0510613 -0.957838 0.124469 0.0392346 0.997131 -0.0647374 0.605596 0.958395 -0.0558839 -0.279922 0.970343
1403715898184058112 202 -0.269879 -0.0437989 -0.961898 0.124669 0.0350952 0.997854 -0.0552828 0.692106 0.962255 -0.0486776 -0.267762 0.976845
1403715898234057984 203 -0.261298 -0.0342527 -0.96465 0.128457 0.0289759 0.998641 -0.0433084 0.782475 0.964823 -0.0392681 -0.259951 0.984293
1403715898284058112 204 -0.259929 -0.0207607 -0.965405 0.130851 0.0239846 0.999322 -0.0279477 0.868695 0.96533 -0.0304193 -0.259255 0.993159
1403715898334057984 205 -0.263215 -0.00514183 -0.964724 0.130975 0.0226985 0.999676 -0.0115212 0.957408 0.96447 -0.0249304 -0.263013 1.00049
1403715898384058112 206 -0.270634 0.0127856 -0.962597 0.131408 0.022076 0.999731 0.0070722 1.04181 0.962429 -0.0193363 -0.270844 1.00739
1403715898434057984 207 -0.283522 0.0318285 -0.958437 0.136572 0.0245487 0.999362 0.0259256 1.13244 0.958651 -0.0161779 -0.284123 1.01499
1403715898484058112 208 -0.294049 0.0519344 -0.954378 0.145937 0.0300678 0.998531 0.045073 1.21638 0.955317 -0.0154424 -0.295179 1.01613
1403715898534057984 209 -0.308339 0.0733537 -0.948444 0.152172 0.0357675 0.997212 0.0654974 1.30017 0.950604 -0.013728 -0.310103 1.02083
1403715898584058112 210 -0.317784 0.0944642 -0.943446 0.155079 0.0406289 0.995467 0.0859878 1.38584 0.947292 -0.0110056 -0.320182 1.0223
1403715898634057984 211 -0.326655 0.118244 -0.937718 0.162271 0.048272 0.992936 0.108391 1.46874 0.94391 -0.00985887 -0.330056 1.02433
1403715898684058112 212 -0.323926 0.142128 -0.935346 0.170822 0.0535414 0.989821 0.131863 1.5498 0.944566 -0.00736583 -0.328238 1.0243
1403715898734057984 213 -0.319197 0.164865 -0.933238 0.181205 0.060107 0.986291 0.153679 1.63097 0.94578 -0.00704043 -0.32473 1.01765
1403715898784058112 214 -0.3194 0.185845 -0.929218 0.190245 0.0650601 0.982567 0.174152 1.71404 0.945384 -0.0048309 -0.325923 1.00758
1403715898834057984 215 -0.318531 0.204215 -0.925654 0.2024 0.0701053 0.978919 0.191842 1.79333 0.945317 -0.00378566 -0.326132 0.989929
1403715898884058112 216 -0.319135 0.220185 -0.921776 0.211134 0.0742217 0.975455 0.207311 1.87135 0.944798 -0.00225561 -0.327645 0.974417
1403715898934057984 217 -0.322296 0.234293 -0.917187 0.216497 0.080679 0.972161 0.219986 1.9496 0.943195 -0.00309711 -0.332227 0.959149
1403715899034057984 219 -0.321766 0.253516 -0.912248 0.22944 0.0868022 0.967328 0.238206 2.10644 0.942832 -0.00253846 -0.333259 0.910775
1403715899134057984 221 -0.335883 0.26583 -0.903613 0.240929 0.0946845 0.964017 0.248405 2.25765 0.937132 -0.00212293 -0.348967 0.861618
1403715899184058112 222 -0.348669 0.270816 -0.897267 0.243134 0.0965697 0.96263 0.253018 2.33058 0.932258 0.00157052 -0.361791 0.840348
1403715899284058112 224 -0.375888 0.275131 -0.884879 0.247332 0.0869271 0.961165 0.261925 2.47466 0.922579 0.0215343 -0.385207 0.788186
1403715899384058112 226 -0.407464 0.27494 -0.870851 0.244387 0.0806975 0.960713 0.265553 2.61425 0.909649 0.0379278 -0.413643 0.757273
1403715899534057984 229 -0.421323 0.269534 -0.865932 0.218408 0.0695349 0.961605 0.265481 2.81078 0.904241 0.0516405 -0.423888 0.738061
1403715899734057984 233 -0.419409 0.259497 -0.869918 0.145843 0.0666067 0.964487 0.255594 3.05705 0.905351 0.0492561 -0.421798 0.722956
1403715899884058112 236 -0.400573 0.251319 -0.881124 0.0611863 0.0279522 0.964552 0.262407 3.22489 0.915838 0.080484 -0.393399 0.711554
1403715900034057984 239 -0.39016 0.243392 -0.887995 -0.0378503 -0.017799 0.962255 0.271566 3.37436 0.920575 0.12176 -0.371102 0.703512
1403715900234057984 243 -0.387545 0.238839 -0.890373 -0.196306 -0.0463094 0.959591 0.277563 3.52482 0.920687 0.148801 -0.360825 0.693095
1403715900334057984 245 -0.38926 0.238385 -0.889747 -0.28329 -0.0517834 0.958741 0.279525 3.57562 0.919671 0.154882 -0.360855 0.68794
1403715900484058112 248 -0.384238 0.239105 -0.891734 -0.425182 -0.0284428 0.962357 0.270297 3.62803 0.922796 0.129222 -0.362973 0.679575
1403715900534057984 249 -0.370512 0.240984 -0.897021 -0.476405 -0.00844793 0.964842 0.262693 3.63751 0.928789 0.104909 -0.35545 0.678173
1403715900584058112 250 -0.355039 0.242391 -0.902881 -0.528151 0.00728094 0.966489 0.256604 3.64412 0.934823 0.0845307 -0.344906 0.679787
1403715900634057984 251 -0.33584 0.243943 -0.909782 -0.580792 0.0258336 0.967903 0.249992 3.64784 0.941565 0.0604543 -0.331363 0.682821
1403715900684058112 252 -0.312933 0.245172 -0.917585 -0.631876 0.0454861 0.968868 0.243362 3.64891 0.948685 0.0344188 -0.314343 0.683376
1403715900734057984 253 -0.287249 0.245263 -0.925924 -0.682973 0.0579895 0.969342 0.238774 3.64952 0.956099 0.0148935 -0.292665 0.683927
1403715900784058112 254 -0.263005 0.244499 -0.9333 -0.733461 0.0606537 0.969633 0.236925 3.65325 0.962886 0.00570438 -0.269848 0.687487
1403715900834057984 255 -0.24081 0.245457 -0.939022 -0.781831 0.0536904 0.96938 0.239623 3.65366 0.969086 0.00728728 -0.246615 0.690076
1403715900884058112 256 -0.223937 0.246061 -0.94303 -0.828001 0.0457976 0.969192 0.242012 3.65391 0.973527 0.0110069 -0.228307 0.691352
1403715900934057984 257 -0.211854 0.247041 -0.945563 -0.870072 0.0368405 0.968855 0.244873 3.65356 0.976607 0.0170422 -0.214357 0.693142
1403715900984058112 258 -0.199785 0.248168 -0.947892 -0.908792 0.0291148 0.968471 0.247419 3.65002 0.979407 0.0218331 -0.200712 0.69789
1403715901034057984 259 -0.183898 0.247989 -0.951148 -0.943539 0.0246758 0.968511 0.247745 3.64548 0.982636 0.0220894 -0.184226 0.701702
1403715901084058112 260 -0.170535 0.249224 -0.953313 -0.976117 0.0182146 0.968117 0.249836 3.63961 0.985183 0.0252415 -0.169637 0.706107
1403715901134057984 261 -0.158026 0.249338 -0.955436 -1.00312 0.0161721 0.968118 0.249972 3.63088 0.987302 0.0240507 -0.15702 0.71247
1403715901184058112 262 -0.145837 0.250841 -0.95698 -1.02646 0.0128575 0.967721 0.251697 3.6211 0.989225 0.0244023 -0.144354 0.719059
1403715901234057984 263 -0.136025 0.251336 -0.958294 -1.04459 0.0133036 0.967661 0.251904 3.60917 0.990616 0.0215166 -0.13497 0.72587
1403715901284058112 264 -0.13198 0.253092 -0.958398 -1.05841 0.0153133 0.96726 0.253324 3.59548 0.991134 0.0187574 -0.131535 0.735055
1403715901334057984 265 -0.132638 0.253906 -0.958091 -1.06578 0.0203666 0.967126 0.253481 3.5805 0.990955 0.0141082 -0.133449 0.742382
1403715901384058112 266 -0.142855 0.255033 -0.956321 -1.06954 0.0281174 0.966887 0.253651 3.56395 0.989344 0.00934608 -0.145296 0.74953
1403715901434057984 267 -0.160519 0.255869 -0.953291 -1.06847 0.0393753 0.966707 0.25284 3.54602 0.986247 0.00304945 -0.16525 0.756132
1403715901484058112 268 -0.181784 0.257451 -0.949038 -1.06195 0.048016 0.966291 0.252934 3.52833 0.982166 0.00041018 -0.188018 0.762188
1403715901584058112 270 -0.211376 0.260078 -0.942168 -1.04012 0.0533224 0.965581 0.254578 3.49065 0.975949 0.00357306 -0.217969 0.775355
1403715901634057984 271 -0.217769 0.262002 -0.940176 -1.02473 0.0502495 0.965027 0.257288 3.46937 0.974706 0.00878594 -0.223318 0.784431
1403715901734057984 273 -0.230752 0.263073 -0.936774 -0.985327 0.052138 0.964717 0.258077 3.42475 0.971615 0.0107102 -0.236326 0.798639
1403715901784058112 274 -0.241292 0.264269 -0.933777 -0.962948 0.0545455 0.96438 0.258835 3.39986 0.968918 0.0115215 -0.247112 0.805065
1403715901884058112 276 -0.264334 0.264616 -0.927419 -0.91366 0.0561905 0.964215 0.2591 3.35056 0.962793 0.0163767 -0.269744 0.816818
1403715901934057984 277 -0.270546 0.264039 -0.925791 -0.886758 0.0595924 0.964403 0.257636 3.32622 0.960861 0.0145324 -0.27665 0.8233
1403715902034057984 279 -0.274579 0.262676 -0.924991 -0.82968 0.062179 0.964801 0.255524 3.27494 0.959552 0.0126466 -0.281247 0.837449
1403715902084058112 280 -0.270829 0.262266 -0.926212 -0.799591 0.060578 0.964907 0.25551 3.24999 0.96072 0.0130913 -0.277212 0.84224
1403715902234057984 283 -0.278214 0.260438 -0.924537 -0.704422 0.0370498 0.964732 0.260612 3.16842 0.959804 0.0382522 -0.278052 0.851574
1403715902284058112 284 -0.286599 0.259672 -0.922188 -0.671614 0.0332266 0.964682 0.261311 3.13978 0.957474 0.0442503 -0.285105 0.853855
1403715902334057984 285 -0.297197 0.25888 -0.919051 -0.637291 0.0275577 0.964467 0.262762 3.11061 0.954418 0.0527651 -0.293771 0.855317
1403715902384058112 286 -0.305558 0.258035 -0.916544 -0.602516 0.0262002 0.964495 0.2628 3.07968 0.951813 0.056287 -0.30147 0.855664
1403715902484058112 288 -0.316583 0.256037 -0.913356 -0.531789 0.0341428 0.965334 0.258774 3.01178 0.94795 0.0507389 -0.314351 0.857569
1403715902534057984 289 -0.321809 0.255886 -0.911571 -0.498079 0.0489754 0.965997 0.253874 2.97698 0.945537 0.0370543 -0.323398 0.861602
1403715902634057984 291 -0.333979 0.248544 -0.909222 -0.429713 0.0711886 0.968505 0.2386 2.90215 0.939888 0.0149612 -0.341154 0.869729
1403715902684058112 292 -0.340512 0.241182 -0.908781 -0.397033 0.0785742 0.97046 0.228109 2.86649 0.936951 0.00626712 -0.349403 0.873268
1403715902734057984 293 -0.351205 0.229445 -0.90775 -0.365809 0.0817489 0.973321 0.21439 2.83093 0.932723 0.00108754 -0.360592 0.873861
1403715902784058112 294 -0.362085 0.214733 -0.907075 -0.334878 0.0815915 0.976671 0.198639 2.79543 0.928567 -0.00208543 -0.371158 0.873494
1403715902834057984 295 -0.372812 0.198058 -0.906523 -0.305526 0.0805136 0.980175 0.181038 2.75945 0.924407 -0.00549451 -0.381367 0.87111
1403715902884058112 296 -0.385695 0.179989 -0.9049 -0.280493 0.0761274 0.983651 0.163205 2.724 0.91948 -0.00594044 -0.393091 0.86972
1403715902934057984 297 -0.391662 0.156645 -0.906677 -0.254256 0.0647694 0.987651 0.142655 2.69087 0.917827 -0.00285228 -0.396971 0.861729
1403715902984058112 298 -0.398714 0.134801 -0.907114 -0.228495 0.0490155 0.990857 0.125701 2.66154 0.915764 0.00565605 -0.401676 0.848747
1403715903034057984 299 -0.397916 0.11097 -0.910686 -0.203 0.0375942 0.993796 0.104671 2.62508 0.916651 0.0074138 -0.399619 0.844201
1403715903084058112 300 -0.399074 0.0846722 -0.913001 -0.180032 0.0187916 0.996273 0.0841811 2.59288 0.916726 0.0164378 -0.399178 0.83523
1403715903134057984 301 -0.397606 0.0592713 -0.91564 -0.16304 -0.000877454 0.997886 0.0649763 2.5599 0.917556 0.0266384 -0.396714 0.822613
1403715903184058112 302 -0.395459 0.0369477 -0.91774 -0.147312 -0.0192902 0.998636 0.0485168 2.5256 0.918281 0.0368898 -0.394207 0.813758
1403715903284058112 304 -0.403617 -1.1581e-05 -0.914928 -0.118868 -0.0325341 0.999368 0.0143396 2.46081 0.914349 0.0355541 -0.403363 0.800943
1403715903334057984 305 -0.4116 -0.0138439 -0.911259 -0.108502 -0.0339218 0.999424 0.000138579 2.42617 0.910733 0.0309686 -0.411833 0.797714
1403715903384058112 306 -0.420799 -0.0281667 -0.906717 -0.100685 -0.0357416 0.999257 -0.0144541 2.39148 0.90645 0.0263252 -0.421492 0.786312
1403715903434057984 307 -0.427148 -0.0436323 -0.903128 -0.0923666 -0.0360094 0.998863 -0.0312264 2.35625 0.903464 0.0191828 -0.428234 0.781489
1403715903534057984 309 -0.435233 -0.0806981 -0.896694 -0.0905723 -0.0443176 0.996688 -0.0681865 2.28345 0.899227 0.0100623 -0.437368 0.786724
1403715903584058112 310 -0.434155 -0.102508 -0.894987 -0.0952099 -0.0526134 0.994694 -0.0884053 2.2455 0.8993 0.00870668 -0.437245 0.793555
1403715903684058112 312 -0.427269 -0.15314 -0.891061 -0.109193 -0.070612 0.988193 -0.135975 2.17109 0.901363 0.00482182 -0.433038 0.816089
1403715903734057984 313 -0.417878 -0.180779 -0.890335 -0.122002 -0.0822321 0.983506 -0.161101 2.13138 0.904774 0.00589346 -0.425851 0.83377
1403715903784058112 314 -0.404696 -0.209923 -0.89003 -0.135499 -0.0851646 0.977716 -0.19188 2.08926 0.910477 -0.00185411 -0.413556 0.850569
1403715903834057984 315 -0.392166 -0.240247 -0.887968 -0.152601 -0.0892669 0.970677 -0.2232 2.04746 0.915553 -0.00826538 -0.402112 0.873978
1403715903884058112 316 -0.378698 -0.273787 -0.884097 -0.171962 -0.091317 0.961636 -0.258684 2.01007 0.921004 -0.01723 -0.389171 0.90553
1403715903934057984 317 -0.362902 -0.309191 -0.879035 -0.190226 -0.0987129 0.950794 -0.293679 1.97013 0.926584 -0.0198045 -0.375566 0.931322
1403715903984058112 318 -0.346504 -0.346395 -0.871749 -0.212498 -0.110243 0.937919 -0.328868 1.92606 0.931548 -0.0178499 -0.36318 0.958952
1403715904034057984 319 -0.333171 -0.383869 -0.861186 -0.235118 -0.117857 0.923162 -0.365899 1.88396 0.935471 -0.0204095 -0.352813 0.986272
1403715904084058112 320 -0.323288 -0.421152 -0.847417 -0.260629 -0.126909 0.906711 -0.402205 1.8401 0.937752 -0.0224835 -0.346577 1.01503
1403715904134057984 321 -0.314014 -0.459906 -0.830591 -0.283518 -0.134774 0.887575 -0.440507 1.80831 0.939804 -0.0263835 -0.340694 1.04307
1403715904184058112 322 -0.30203 -0.498122 -0.812805 -0.306257 -0.15169 0.866873 -0.47489 1.77408 0.941152 -0.0201371 -0.337382 1.06623
1403715904234057984 323 -0.292039 -0.535024 -0.792756 -0.330156 -0.167945 0.844699 -0.508211 1.74095 0.941545 -0.0152781 -0.336539 1.09033
1403715904284058112 324 -0.274619 -0.571299 -0.773435 -0.352402 -0.189393 0.820741 -0.538995 1.71021 0.942717 -0.00153534 -0.333591 1.11249
1403715904334057984 325 -0.256615 -0.60428 -0.754317 -0.377569 -0.207 0.796704 -0.567815 1.6754 0.944087 0.0104338 -0.329532 1.13778
1403715904384058112 326 -0.234757 -0.636361 -0.734802 -0.397515 -0.224426 0.770986 -0.595998 1.64607 0.945792 0.0249944 -0.32381 1.15966
1403715904434057984 327 -0.219559 -0.665148 -0.713704 -0.42056 -0.23443 0.74609 -0.623212 1.61473 0.947015 0.0304817 -0.319741 1.18198
1403715904484058112 328 -0.203854 -0.691642 -0.692874 -0.445153 -0.245487 0.721237 -0.647729 1.5853 0.947724 0.0380497 -0.316816 1.19819
1403715904534057984 329 -0.183304 -0.715596 -0.674034 -0.464503 -0.259164 0.696572 -0.669045 1.55702 0.94828 0.0520467 -0.313141 1.2121
1403715904584058112 330 -0.161672 -0.738197 -0.654926 -0.484683 -0.270284 0.671403 -0.690047 1.52718 0.949109 0.0654546 -0.30807 1.22278
1403715904634057984 331 -0.140155 -0.759918 -0.634729 -0.501669 -0.278871 0.645401 -0.711118 1.4979 0.950046 0.0773408 -0.302375 1.22717
1403715904684058112 332 -0.120619 -0.781372 -0.612298 -0.51404 -0.282297 0.618335 -0.733464 1.47057 0.951714 0.0843804 -0.295162 1.22777
1403715904734057984 333 -0.110621 -0.804373 -0.583735 -0.529683 -0.28059 0.588723 -0.758073 1.44295 0.953432 0.079932 -0.290824 1.22374
1403715904784058112 334 -0.108877 -0.827585 -0.55068 -0.539526 -0.276066 0.557355 -0.783035 1.41679 0.954952 0.0667697 -0.289151 1.21378
1403715904834057984 335 -0.106248 -0.851133 -0.514086 -0.545585 -0.273767 0.52207 -0.807771 1.39234 0.955909 0.0549159 -0.288481 1.2017
1403715904884058112 336 -0.101425 -0.873514 -0.476115 -0.550531 -0.270624 0.484761 -0.831727 1.36811 0.957327 0.0444903 -0.285561 1.18658
1403715904934057984 337 -0.0935994 -0.894132 -0.437912 -0.551183 -0.266692 0.446286 -0.854227 1.34497 0.959226 0.0368323 -0.28023 1.1753
1403715904984058112 338 -0.0849332 -0.913535 -0.397794 -0.551596 -0.265067 0.405566 -0.874789 1.31927 0.960482 0.0311432 -0.276594 1.16546
1403715905034057984 339 -0.0693786 -0.931166 -0.357933 -0.551664 -0.260985 0.363243 -0.894394 1.2934 0.962846 0.0313634 -0.268222 1.15287
1403715905084058112 340 -0.052307 -0.946979 -0.317008 -0.557123 -0.255345 0.319573 -0.912509 1.26992 0.965434 0.0332158 -0.258522 1.13364
1403715905134057984 341 -0.0348026 -0.960049 -0.277658 -0.558601 -0.246723 0.277481 -0.928511 1.25074 0.968461 0.0361902 -0.246524 1.11259
1403715905184058112 342 -0.0132213 -0.969912 -0.243096 -0.560937 -0.238033 0.239181 -0.941346 1.23698 0.971167 0.045419 -0.234033 1.09445
1403715905234057984 343 0.0073177 -0.978049 -0.208246 -0.554976 -0.231595 0.200932 -0.951835 1.22616 0.972785 0.0551939 -0.225041 1.06542
1403715905284058112 344 0.0255704 -0.983986 -0.176403 -0.554887 -0.240447 0.165226 -0.956496 1.21724 0.970325 0.0668735 -0.232372 1.03393
1403715905334057984 345 0.0377129 -0.988621 -0.145624 -0.550546 -0.254893 0.13139 -0.958001 1.20879 0.966234 0.0732475 -0.247038 1.01031
1403715905384058112 346 0.0493032 -0.992028 -0.115968 -0.545073 -0.269823 0.0985632 -0.957852 1.2041 0.961647 0.0785161 -0.262812 0.985973
1403715905434057984 347 0.0611084 -0.994508 -0.0849678 -0.541052 -0.280703 0.0645683 -0.95762 1.19925 0.957848 0.0823693 -0.275215 0.961814
1403715905484058112 348 0.0685244 -0.996129 -0.0550519 -0.530596 -0.294478 0.0325272 -0.955104 1.19591 0.953198 0.0816595 -0.29111 0.94238
1403715905534057984 349 0.0800828 -0.996442 -0.0262726 -0.519905 -0.303611 0.000720948 -0.952796 1.19784 0.949424 0.0842792 -0.302473 0.915788
1403715905584058112 350 0.0826462 -0.996553 0.00725506 -0.506301 -0.311862 -0.0327763 -0.949562 1.19851 0.946526 0.0762151 -0.313496 0.890725
1403715905634057984 351 0.0772196 -0.99599 0.0451735 -0.491886 -0.32005 -0.0676736 -0.944981 1.20055 0.944248 0.0585133 -0.323992 0.871902
1403715905684058112 352 0.0688218 -0.9941 0.0838396 -0.473773 -0.326375 -0.10185 -0.939737 1.2044 0.942732 0.0373113 -0.331459 0.850949
1403715905784058112 354 0.0655963 -0.984117 0.164954 -0.43482 -0.33716 -0.177447 -0.924573 1.20799 0.939159 0.00503259 -0.343445 0.807985
1403715905834057984 355 0.0713528 -0.975673 0.207295 -0.416733 -0.343195 -0.21915 -0.91334 1.21158 0.93655 -0.00597331 -0.350483 0.787373
1403715905884058112 356 0.0850567 -0.964833 0.248722 -0.395566 -0.353753 -0.262606 -0.897717 1.21419 0.931463 -0.0116295 -0.363649 0.768477
1403715905934057984 357 0.100748 -0.951971 0.289138 -0.372002 -0.366831 -0.305685 -0.878631 1.21714 0.924816 -0.0175446 -0.38001 0.750508
1403715905984058112 358 0.12578 -0.936179 0.32825 -0.353569 -0.376547 -0.351169 -0.857259 1.21935 0.917819 -0.0157753 -0.396686 0.73028
1403715906034057984 359 0.150964 -0.917335 0.368384 -0.341391 -0.381422 -0.397851 -0.834405 1.21949 0.911991 -0.0145447 -0.409953 0.711512
1403715906084058112 360 0.17725 -0.896067 0.406997 -0.326323 -0.376649 -0.443824 -0.813115 1.21773 0.90924 -0.00917043 -0.41617 0.694732
1403715906134057984 361 0.205715 -0.871769 0.444636 -0.3082 -0.359497 -0.489905 -0.794201 1.213 0.910188 0.00353332 -0.414179 0.678279
1403715906184058112 362 0.232738 -0.844561 0.482233 -0.293434 -0.330953 -0.535034 -0.777308 1.21546 0.914496 0.0213127 -0.404033 0.660333
1403715906234057984 363 0.258206 -0.814558 0.519447 -0.275988 -0.299889 -0.578698 -0.758403 1.21186 0.918366 0.0400473 -0.3937 0.642942
1403715906284058112 364 0.277641 -0.783381 0.556084 -0.25571 -0.277365 -0.619557 -0.734315 1.20821 0.919774 0.0496376 -0.389296 0.630965
1403715906334057984 365 0.297866 -0.749539 0.591157 -0.235664 -0.256112 -0.659311 -0.706906 1.20374 0.91961 0.0591608 -0.388353 0.619221
1403715906384058112 366 0.315762 -0.714279 0.62458 -0.211935 -0.234286 -0.696569 -0.678161 1.19907 0.919459 0.0678064 -0.387295 0.603409
1403715906434057984 367 0.32834 -0.678961 0.656662 -0.186652 -0.215671 -0.730729 -0.647705 1.19793 0.919608 0.071045 -0.38636 0.590742
1403715906534057984 369 0.340533 -0.604416 0.720221 -0.135333 -0.172519 -0.793164 -0.584061 1.19152 0.92427 0.0746402 -0.374372 0.564587
1403715906584058112 370 0.342609 -0.567329 0.748837 -0.105292 -0.158135 -0.82053 -0.549294 1.19516 0.926074 0.0697757 -0.370835 0.555938
1403715906634057984 371 0.340415 -0.529013 0.777343 -0.0742362 -0.150219 -0.846698 -0.510428 1.19918 0.928198 0.0569859 -0.367696 0.553695
1403715906684058112 372 0.335574 -0.490069 0.804501 -0.0411778 -0.14446 -0.870693 -0.470133 1.20455 0.930871 0.0415466 -0.362978 0.550983
1403715906734057984 373 0.334393 -0.448077 0.829101 -0.0128798 -0.138075 -0.893545 -0.427216 1.20894 0.932264 0.0283796 -0.360664 0.552062
1403715906784058112 374 0.335239 -0.404364 0.850943 0.0188096 -0.131839 -0.914457 -0.382606 1.21527 0.932863 0.0160768 -0.359873 0.555635
1403715906834057984 375 0.335572 -0.358975 0.870935 0.0501339 -0.123485 -0.933331 -0.337114 1.22063 0.933886 0.00557827 -0.357527 0.557779
1403715906884058112 376 0.33582 -0.311575 0.888901 0.0783233 -0.112978 -0.950217 -0.290385 1.22165 0.935126 -0.00290944 -0.354303 0.560795
1403715906934057984 377 0.335231 -0.2625 0.904828 0.10379 -0.0976219 -0.964909 -0.243762 1.22632 0.937065 -0.00661436 -0.349094 0.562558
1403715906984058112 378 0.332645 -0.213757 0.918507 0.132305 -0.0820114 -0.97684 -0.197631 1.23163 0.939479 -0.00958699 -0.342472 0.559532
1403715907034057984 379 0.334021 -0.16322 0.928326 0.161425 -0.0611172 -0.986571 -0.15147 1.23448 0.940582 -0.00614229 -0.339511 0.554025
1403715907084058112 380 0.338515 -0.112169 0.934251 0.186692 -0.0334503 -0.993676 -0.107184 1.23908 0.940366 0.00503222 -0.340127 0.545249
1403715907134057984 381 0.342025 -0.060493 0.937742 0.219555 -0.00253589 -0.997982 -0.0634541 1.2504 0.939688 0.0193249 -0.341488 0.53407
1403715907184058112 382 0.342268 -0.00666896 0.939579 0.245387 0.0272995 -0.999482 -0.0170387 1.2616 0.939206 0.0314818 -0.341909 0.527469
1403715907234057984 383 0.343339 0.0502219 0.937868 0.261657 0.0521477 -0.998048 0.034354 1.26694 0.937763 0.0371125 -0.345288 0.531419
1403715907284058112 384 0.34181 0.106425 0.933724 0.283557 0.0733815 -0.993556 0.0863813 1.27784 0.9369 0.038992 -0.347417 0.533523
1403715907334057984 385 0.337397 0.1622 0.927283 0.306437 0.0947381 -0.985894 0.137981 1.29167 0.936583 0.0412949 -0.348004 0.535161
1403715907384058112 386 0.329645 0.217489 0.918713 0.323561 0.115862 -0.975068 0.189258 1.30364 0.936969 0.0440556 -0.346625 0.544572
1403715907434057984 387 0.320381 0.270915 0.907723 0.343806 0.14095 -0.961199 0.237127 1.31598 0.936744 0.0519719 -0.346136 0.55604
1403715907484058112 388 0.311539 0.320282 0.89463 0.361196 0.161323 -0.945644 0.282368 1.3316 0.936439 0.0563558 -0.346274 0.565696
1403715907584058112 390 0.294036 0.409703 0.863531 0.395156 0.195861 -0.910125 0.365118 1.36696 0.935511 0.0617742 -0.347855 0.586766
1403715907684058112 392 0.274172 0.486891 0.829317 0.418288 0.212585 -0.871714 0.441501 1.40837 0.93789 0.0552529 -0.342505 0.608461
1403715907784058112 394 0.252 0.556306 0.791846 0.430363 0.216121 -0.829939 0.514289 1.45275 0.943285 0.0415339 -0.329374 0.636481
1403715907884058112 396 0.230856 0.621628 0.748522 0.439638 0.216355 -0.782838 0.583399 1.49842 0.948629 0.0272652 -0.315215 0.657362
1403715907934057984 397 0.225507 0.653039 0.722971 0.444366 0.213223 -0.757177 0.617429 1.52198 0.950622 0.0149193 -0.309991 0.668532
1403715908034057984 399 0.213799 0.715261 0.665351 0.442054 0.213517 -0.698846 0.68266 1.573 0.953258 -0.00388774 -0.302133 0.686075
1403715908134057984 401 0.196315 0.775306 0.600301 0.434244 0.21834 -0.631408 0.744078 1.62301 0.955923 -0.0150038 -0.293235 0.699053
1403715908184058112 402 0.187126 0.804909 0.563121 0.428585 0.225481 -0.593136 0.772883 1.64212 0.956108 -0.0176535 -0.292483 0.704867
1403715908234057984 403 0.177334 0.833363 0.523507 0.421748 0.231576 -0.552336 0.800811 1.66293 0.956517 -0.0207791 -0.290934 0.710699
1403715908334057984 405 0.15674 0.884396 0.439631 0.403415 0.246719 -0.466082 0.849645 1.70002 0.956328 -0.0247078 -0.291251 0.720134
1403715908384058112 406 0.146034 0.906927 0.395167 0.392317 0.255846 -0.420483 0.870481 1.71454 0.955624 -0.0260175 -0.293439 0.726415
1403715908434057984 407 0.133259 0.927173 0.350132 0.377678 0.26237 -0.373682 0.889676 1.72722 0.955722 -0.0266936 -0.293059 0.732266
1403715908484058112 408 0.120406 0.945195 0.303495 0.363407 0.268381 -0.325328 0.906716 1.7381 0.955758 -0.0277219 -0.292844 0.737341
1403715908534057984 409 0.1033 0.960987 0.256578 0.34796 0.274333 -0.27548 0.921332 1.75019 0.95607 -0.024786 -0.292088 0.7432
1403715908584058112 410 0.0882348 0.974488 0.206368 0.335046 0.279118 -0.223065 0.933989 1.75864 0.956194 -0.0248091 -0.291679 0.749407
1403715908634057984 411 0.0662241 0.984987 0.159418 0.319083 0.282361 -0.171738 0.943811 1.76718 0.95702 -0.0174896 -0.289495 0.755573
1403715908684058112 412 0.0464548 0.992806 0.110359 0.302848 0.281644 -0.119013 0.952109 1.77214 0.958394 -0.0131482 -0.285147 0.759902
1403715908734057984 413 0.0270104 0.997697 0.0622202 0.287193 0.278 -0.0672846 0.958222 1.77595 0.960201 -0.00858479 -0.279177 0.76157
1403715908784058112 414 0.0128637 0.999838 0.0126126 0.270973 0.273864 -0.0156542 0.961641 1.77754 0.961683 -0.00891612 -0.274021 0.764643
1403715908884058112 416 -0.0132693 0.99658 -0.0815583 0.235834 0.27084 0.0820986 0.959117 1.77536 0.962533 -0.00936249 -0.271003 0.768219
1403715908984058112 418 -0.0462098 0.98434 -0.170116 0.197266 0.283509 0.176218 0.94264 1.76864 0.957855 -0.00467029 -0.287213 0.768807
1403715909084058112 420 -0.088534 0.96432 -0.249496 0.159504 0.291083 0.264593 0.919381 1.7554 0.952592 0.00877241 -0.304123 0.767154
1403715909184058112 422 -0.125082 0.937353 -0.325151 0.12864 0.289744 0.34795 0.891616 1.74083 0.948896 0.0173145 -0.315115 0.758584
1403715909284058112 424 -0.15111 0.905595 -0.396313 0.0957852 0.284155 0.42379 0.860034 1.71519 0.946796 0.0173454 -0.321368 0.75255
1403715909384058112 426 -0.177869 0.870665 -0.458591 0.0545876 0.271403 0.491351 0.827595 1.68667 0.945887 0.0227407 -0.323698 0.747765
1403715909484058112 428 -0.206671 0.83281 -0.513532 0.00377407 0.249805 0.552383 0.79528 1.6548 0.945983 0.0360787 -0.322202 0.743157
1403715909584058112 430 -0.241767 0.786574 -0.568199 -0.0475538 0.222391 0.614901 0.756597 1.61999 0.944506 0.0565579 -0.323589 0.734621
1403715909634057984 431 -0.255591 0.760117 -0.597407 -0.0781716 0.207484 0.646661 0.734017 1.60035 0.944258 0.0636553 -0.322993 0.727212
1403715909734057984 433 -0.270311 0.6988 -0.662277 -0.14106 0.182356 0.712594 0.677463 1.55368 0.945345 0.0623555 -0.320053 0.70761
1403715909784058112 434 -0.274354 0.664573 -0.695034 -0.177653 0.172686 0.745066 0.644248 1.5264 0.945997 0.0567295 -0.319175 0.700647
1403715909834057984 435 -0.280227 0.623972 -0.729474 -0.209597 0.159498 0.779623 0.605597 1.49808 0.94659 0.0533552 -0.317994 0.696788
1403715909884058112 436 -0.277534 0.579786 -0.766044 -0.243308 0.147466 0.813627 0.562374 1.46892 0.949331 0.0431123 -0.311308 0.689084
1403715909934057984 437 -0.268466 0.531691 -0.803262 -0.277123 0.134728 0.846403 0.515218 1.4411 0.953821 0.0300968 -0.298865 0.678898
1403715909984058112 438 -0.261554 0.479689 -0.837549 -0.3125 0.120168 0.877189 0.464865 1.40927 0.957679 0.0209409 -0.287075 0.670138
1403715910034057984 439 -0.255812 0.423454 -0.869049 -0.343519 0.103913 0.905797 0.410772 1.37796 0.961126 0.0147754 -0.275716 0.660523
1403715910084058112 440 -0.255398 0.363027 -0.896093 -0.371614 0.0860077 0.931687 0.352934 1.34728 0.963003 0.0130678 -0.269174 0.648927
1403715910134057984 441 -0.258313 0.302465 -0.917491 -0.399784 0.0696939 0.953083 0.294577 1.31568 0.963544 0.0121497 -0.267274 0.635976
1403715910184058112 442 -0.263995 0.241248 -0.933866 -0.427439 0.0541397 0.970394 0.23538 1.28185 0.963003 0.01158 -0.269241 0.623421
1403715910234057984 443 -0.274379 0.183414 -0.943968 -0.452536 0.0358986 0.982911 0.180547 1.24338 0.960951 0.0156511 -0.276274 0.615709
1403715910284058112 444 -0.277465 0.124872 -0.952586 -0.479397 0.0167449 0.991995 0.125161 1.2081 0.96059 0.0187767 -0.277335 0.602386
1403715910334057984 445 -0.278133 0.0708509 -0.957926 -0.506255 0.000786121 0.997292 0.0735343 1.17399 0.960542 0.0196992 -0.277435 0.589189
1403715910384058112 446 -0.274649 0.0207223 -0.961321 -0.524081 -0.0146124 0.999562 0.0257214 1.13776 0.961434 0.0211116 -0.274226 0.579436
1403715910434057984 447 -0.266041 -0.0265769 -0.963595 -0.544001 -0.029609 0.999373 -0.0193889 1.1015 0.963507 0.0233729 -0.266661 0.569989
1403715910484058112 448 -0.253975 -0.0716271 -0.964555 -0.559501 -0.042699 0.997112 -0.0628018 1.06692 0.966268 0.0252355 -0.2563 0.558591
1403715910534057984 449 -0.242031 -0.114964 -0.963434 -0.569627 -0.0557034 0.992964 -0.104495 1.02889 0.968668 0.0283756 -0.246732 0.548146
1403715910584058112 450 -0.232991 -0.156549 -0.959796 -0.580031 -0.066522 0.987212 -0.144872 0.992652 0.970201 0.0300936 -0.240425 0.538919
1403715910634057984 451 -0.227128 -0.197131 -0.953705 -0.58583 -0.0758235 0.979905 -0.184489 0.956335 0.970909 0.0304107 -0.237511 0.526645
1403715910684058112 452 -0.22544 -0.235387 -0.945394 -0.592734 -0.0862585 0.971386 -0.221289 0.917223 0.970431 0.031661 -0.239293 0.519585
1403715910734057984 453 -0.225785 -0.27245 -0.935303 -0.59463 -0.0920297 0.961767 -0.257943 0.879068 0.969821 0.0278362 -0.242226 0.51322
1403715910784058112 454 -0.222509 -0.307819 -0.925061 -0.596749 -0.101602 0.951002 -0.292013 0.837925 0.969622 0.0290121 -0.242881 0.502534
1403715910834057984 455 -0.219144 -0.344041 -0.913024 -0.595878 -0.10836 0.938563 -0.327656 0.801361 0.969657 0.0271314 -0.24296 0.497469
1403715910884058112 456 -0.215942 -0.378904 -0.899889 -0.593704 -0.11614 0.925059 -0.361632 0.761666 0.969474 0.0264216 -0.243765 0.487457
1403715910934057984 457 -0.211695 -0.414318 -0.88517 -0.586626 -0.122936 0.909792 -0.396441 0.726318 0.969573 0.0248945 -0.243533 0.475464
1403715910984058112 458 -0.212954 -0.448336 -0.868127 -0.577602 -0.129796 0.893614 -0.42966 0.689887 0.968403 0.0211815 -0.248491 0.470844
1403715911034057984 459 -0.207126 -0.482705 -0.850938 -0.56223 -0.13471 0.875587 -0.463897 0.657459 0.968995 0.0185445 -0.246382 0.463366
1403715911084058112 460 -0.19837 -0.515986 -0.833311 -0.545177 -0.135998 0.856473 -0.497954 0.62417 0.970646 0.01455 -0.240072 0.459682
1403715911134057984 461 -0.188721 -0.549182 -0.814115 -0.528935 -0.138376 0.835612 -0.531606 0.592926 0.972233 0.0123291 -0.233691 0.457881
1403715911184058112 462 -0.179753 -0.581683 -0.793306 -0.510376 -0.140813 0.813351 -0.564474 0.56014 0.973581 0.010242 -0.228111 0.453402
1403715911234057984 463 -0.17003 -0.613676 -0.771033 -0.486016 -0.145198 0.789488 -0.596345 0.531397 0.974683 0.0105558 -0.223341 0.447326
1403715911284058112 464 -0.165327 -0.645998 -0.745221 -0.466415 -0.153028 0.76327 -0.627695 0.505404 0.974294 0.0102653 -0.225045 0.44278
1403715911334057984 465 -0.162017 -0.676121 -0.718757 -0.442544 -0.160822 0.736734 -0.65678 0.477592 0.973595 0.00918232 -0.228099 0.435468
1403715911384058112 466 -0.161153 -0.705223 -0.690427 -0.414469 -0.169441 0.708954 -0.684598 0.454232 0.972275 0.00666176 -0.233744 0.430521
1403715911434057984 467 -0.158683 -0.733275 -0.661156 -0.38533 -0.17862 0.679912 -0.711206 0.434207 0.971038 0.00523949 -0.238867 0.421764
1403715911484058112 468 -0.162794 -0.758222 -0.631345 -0.354824 -0.189543 0.651996 -0.734149 0.414346 0.968283 0.000152329 -0.249857 0.419445
1403715911534057984 469 -0.165605 -0.782111 -0.60073 -0.32207 -0.201429 0.623125 -0.755739 0.393949 0.965402 -0.00414977 -0.260733 0.41282
1403715911584058112 470 -0.168451 -0.803722 -0.570662 -0.288105 -0.218885 0.594981 -0.773361 0.378647 0.9611 -0.00536402 -0.276147 0.402158
1403715911634057984 471 -0.167217 -0.823963 -0.541409 -0.254931 -0.236279 0.56663 -0.789369 0.36298 0.957189 -0.00407243 -0.289435 0.395252
1403715911684058112 472 -0.16088 -0.842719 -0.513753 -0.221147 -0.255302 0.53835 -0.803119 0.347013 0.953383 0.00195605 -0.301758 0.384629
1403715911734057984 473 -0.147265 -0.860391 -0.487894 -0.185999 -0.272369 0.509477 -0.816241 0.334702 0.950857 0.0126841 -0.309372 0.379688
1403715911784058112 474 -0.133309 -0.876532 -0.462516 -0.149626 -0.286866 0.480831 -0.828559 0.322691 0.94865 0.022226 -0.315546 0.381023
1403715911834057984 475 -0.121356 -0.891737 -0.435979 -0.114255 -0.296742 0.451732 -0.841358 0.311587 0.947215 0.0272699 -0.319436 0.383683
1403715911884058112 476 -0.108857 -0.90522 -0.410763 -0.0779412 -0.303365 0.423758 -0.853463 0.299353 0.946636 0.0317057 -0.320741 0.390833
1403715911934057984 477 -0.0991925 -0.917237 -0.385793 -0.0407321 -0.309773 0.396904 -0.864007 0.28724 0.945622 0.0338053 -0.323505 0.40373
1403715911984058112 478 -0.0913734 -0.927535 -0.362396 0.000259958 -0.311849 0.372266 -0.874167 0.274253 0.945728 0.0331372 -0.323266 0.41618
1403715912034057984 479 -0.0852396 -0.936734 -0.339504 0.0401201 -0.314093 0.348633 -0.883063 0.264878 0.945558 0.0313637 -0.323939 0.430127
1403715912084058112 480 -0.0826834 -0.944884 -0.316791 0.0811519 -0.315489 0.326348 -0.891046 0.253132 0.94532 0.0262696 -0.325084 0.448542
1403715912134057984 481 -0.08206 -0.951855 -0.295361 0.121537 -0.314428 0.305951 -0.898626 0.243079 0.945728 0.0191285 -0.324396 0.465644
1403715912184058112 482 -0.0790244 -0.958342 -0.274474 0.162049 -0.315795 0.285221 -0.904944 0.234897 0.945531 0.0151648 -0.325179 0.482835
1403715912234057984 483 -0.0781 -0.964485 -0.252326 0.200736 -0.313723 0.264017 -0.912071 0.227035 0.946297 0.00792779 -0.323201 0.497188
1403715912284058112 484 -0.0741854 -0.969884 -0.231994 0.240145 -0.313489 0.243522 -0.917835 0.218989 0.946689 0.00463764 -0.322114 0.514755
1403715912334057984 485 -0.0698876 -0.974846 -0.211641 0.279674 -0.313984 0.222873 -0.922899 0.209394 0.946853 0.00195249 -0.321661 0.532795
