1403715887584058112 1 -0.367503 -0.0629001 -0.927893 0.00180578 -0.0621476 0.997141 -0.04298 0.00259456 0.927943 0.041871 -0.370362 -0.00501589
1403715887884058112 7 -0.368012 -0.0623286 -0.927729 0.00111808 -0.0620506 0.997173 -0.0423798 0.000720241 0.927748 0.0419699 -0.37084 -0.00394024
1403715888184058112 13 -0.367613 -0.0626038 -0.927869 -8.93329e-06 -0.0615738 0.997181 -0.0428854 0.00172136 0.927938 0.0413673 -0.370431 -0.00554019
1403715888484058112 19 -0.369034 -0.0643411 -0.927186 -5.39292e-05 -0.0622615 0.997071 -0.0444097 0.00677668 0.927328 0.0413393 -0.37196 -0.00162783
1403715888784058112 25 -0.36918 -0.0637726 -0.927167 -1.70037e-05 -0.0621497 0.997104 -0.0438362 0.00476597 0.927278 0.0414398 -0.372074 -0.00124005
1403715889084058112 31 -0.369264 -0.0635099 -0.927152 0.000136052 -0.0621347 0.997117 -0.0435556 0.00389803 0.927245 0.0415248 -0.372145 -0.00107551
1403715889384058112 37 -0.36886 -0.0630277 -0.927346 -1.49065e-05 -0.0620468 0.997143 -0.0430918 0.00288124 0.927412 0.041644 -0.371717 -0.00247647
1403715889684058112 43 -0.369141 -0.062807 -0.927249 6.30511e-05 -0.0618918 0.99716 -0.0429031 0.00239218 0.92731 0.0415518 -0.37198 -0.00168898
1403715889984058112 49 -0.368359 -0.0636702 -0.927501 0.000587333 -0.0617089 0.997126 -0.043942 0.00562737 0.927633 0.0410487 -0.37123 -0.00185985
1403715893584058112 121 -0.312287 -0.0692209 -0.947463 0.00405815 -0.043167 0.997346 -0.0586374 -0.00215001 0.949007 0.0225874 -0.314446 0.00625576
1403715893634057984 122 -0.30013 -0.0715095 -0.951214 0.00668033 -0.0365304 0.997316 -0.0634491 -0.00176068 0.953199 0.0157052 -0.301937 0.0163161
1403715894184058112 133 -0.363475 -0.0672046 -0.929177 0.0512001 -0.052917 0.997274 -0.0514298 -0.0502112 0.9301 0.0304758 -0.366041 0.102087
1403715894234057984 134 -0.352604 -0.0654982 -0.933478 0.052686 -0.0626322 0.996962 -0.0462945 -0.0587829 0.933674 0.0421422 -0.355635 0.115124
1403715894734057984 144 -0.35879 -0.0570538 -0.931673 0.0718476 -0.0674422 0.997106 -0.0350886 -0.202561 0.930979 0.0502447 -0.361599 0.239722
1403715894834057984 146 -0.352684 -0.0566083 -0.934029 0.0696893 -0.0513313 0.997836 -0.0410931 -0.249418 0.934333 0.033452 -0.354827 0.268251
1403715894984058112 149 -0.33583 -0.0573191 -0.940177 0.0642901 -0.0420268 0.998065 -0.0458364 -0.324271 0.940985 0.0241194 -0.337589 0.307371
1403715895034057984 150 -0.333459 -0.0573495 -0.941019 0.0629668 -0.0392602 0.998127 -0.0469177 -0.349954 0.941947 0.0212995 -0.335086 0.322744
1403715895134057984 152 -0.331735 -0.0567223 -0.941666 0.0613788 -0.0369241 0.998207 -0.0471203 -0.402025 0.94265 0.0191387 -0.333234 0.348565
1403715895184058112 153 -0.33231 -0.0564267 -0.941481 0.0600446 -0.0345893 0.998266 -0.0476213 -0.427932 0.942536 0.0167401 -0.333686 0.363216
1403715895284058112 155 -0.333096 -0.055699 -0.941246 0.0574143 -0.0309925 0.998361 -0.0481109 -0.480981 0.942383 0.013146 -0.334276 0.388676
1403715895334057984 156 -0.332036 -0.0546244 -0.941684 0.0566938 -0.0296794 0.998433 -0.0474514 -0.509018 0.9428 0.012193 -0.333137 0.395723
1403715895434057984 158 -0.32871 -0.0533003 -0.942926 0.0586691 -0.029533 0.998498 -0.0461463 -0.562816 0.943969 0.0126787 -0.32979 0.413635
1403715895484058112 159 -0.330899 -0.0535423 -0.942146 0.0605001 -0.0281185 0.998505 -0.0468695 -0.587911 0.943247 0.0109827 -0.33191 0.429
1403715895584058112 161 -0.333932 -0.0529898 -0.941106 0.0611093 -0.0258912 0.998558 -0.0470377 -0.63931 0.942241 0.00865901 -0.334822 0.454558
1403715895634057984 162 -0.333125 -0.0532077 -0.94138 0.0611727 -0.0270308 0.998535 -0.0468728 -0.664296 0.942495 0.00983181 -0.334075 0.468315
1403715895884058112 167 -0.337471 -0.0521169 -0.939892 0.0610061 -0.0253394 0.998607 -0.0462744 -0.793799 0.940995 0.00819996 -0.338322 0.528944
1403715895934057984 168 -0.337474 -0.0529194 -0.939846 0.0614927 -0.0231819 0.998583 -0.0479027 -0.817218 0.941049 0.0056215 -0.338222 0.543059
1403715896034057984 170 -0.339375 -0.0526372 -0.939177 0.0624894 -0.0166937 0.998613 -0.0499359 -0.869155 0.940503 -0.00126866 -0.339783 0.563541
1403715896084058112 171 -0.340431 -0.0534835 -0.938747 0.0630755 -0.0109793 0.998539 -0.0529085 -0.894135 0.940205 -0.00770486 -0.340521 0.57239
1403715896284058112 175 -0.337378 -0.0543011 -0.939802 0.0657159 0.0406652 0.996562 -0.072179 -0.98821 0.940491 -0.0625688 -0.33401 0.610101
1403715896334057984 176 -0.33486 -0.054306 -0.940702 0.0658174 0.0606552 0.995025 -0.0790334 -1.00906 0.940314 -0.0835236 -0.3299 0.623095
1403715896484058112 179 -0.327307 -0.0549155 -0.943321 0.0692673 0.106079 0.989864 -0.0944317 -1.05496 0.938945 -0.130975 -0.318164 0.650385
1403715896534057984 180 -0.323174 -0.056731 -0.944638 0.0721688 0.114505 0.988523 -0.0985403 -1.0623 0.939387 -0.140011 -0.312969 0.66066
1403715896634057984 182 -0.311978 -0.0588901 -0.948262 0.0794876 0.130634 0.985939 -0.104209 -1.06674 0.941065 -0.156386 -0.299898 0.682357
1403715896684058112 183 -0.308404 -0.0590824 -0.949419 0.080554 0.134262 0.985374 -0.104933 -1.06522 0.941733 -0.159833 -0.295961 0.694557
1403715897084058112 191 -0.348671 -0.0603199 -0.935302 0.116584 0.201205 0.969843 -0.137554 -0.901499 0.915394 -0.236148 -0.326019 0.772743
1403715897134057984 192 -0.349304 -0.059621 -0.935111 0.121857 0.20491 0.968958 -0.138322 -0.858166 0.91433 -0.23993 -0.326243 0.782261
1403715897284058112 195 -0.352453 -0.0569269 -0.934096 0.131004 0.167359 0.978223 -0.122764 -0.695266 0.920743 -0.199598 -0.335251 0.819761
1403715897334057984 196 -0.354005 -0.0558074 -0.933577 0.131864 0.134981 0.984718 -0.110048 -0.632738 0.925452 -0.164973 -0.341062 0.832945
1403715897384058112 197 -0.352967 -0.0558766 -0.933966 0.137726 0.0972343 0.990619 -0.0960131 -0.565586 0.93057 -0.124703 -0.344223 0.840326
1403715897434057984 198 -0.355437 -0.0550243 -0.933079 0.138429 0.0692447 0.993973 -0.0849925 -0.495352 0.932132 -0.0948203 -0.349484 0.850879
1403715897484058112 199 -0.354194 -0.0547055 -0.933571 0.139982 0.0473242 0.99596 -0.0763161 -0.424249 0.933974 -0.0712112 -0.350174 0.861178
1403715897534057984 200 -0.354607 -0.054522 -0.933424 0.140089 0.0317086 0.997023 -0.0702829 -0.353016 0.934478 -0.0545204 -0.351823 0.871459
1403715897684058112 203 -0.354507 -0.0522733 -0.933591 0.139871 0.0418314 0.99655 -0.0716828 -0.133766 0.934117 -0.0644655 -0.351098 0.900343
1403715897784058112 205 -0.352104 -0.0503426 -0.934606 0.137424 0.0675761 0.994579 -0.0790316 0.0154789 0.933518 -0.0909843 -0.346793 0.920029
1403715897884058112 207 -0.343104 -0.0514856 -0.937885 0.130992 0.0788744 0.993391 -0.083387 0.177097 0.93598 -0.102586 -0.336775 0.941995
1403715897984058112 209 -0.333424 -0.0524606 -0.941316 0.120662 0.0665075 0.994654 -0.0789908 0.342296 0.940428 -0.088942 -0.328152 0.965094
1403715898034057984 210 -0.323284 -0.053063 -0.944813 0.11577 0.0559282 0.99561 -0.0750526 0.426255 0.944648 -0.077105 -0.318897 0.973143
1403715898084058112 211 -0.310064 -0.052492 -0.949266 0.111586 0.0465813 0.996437 -0.0703155 0.511892 0.949574 -0.0660203 -0.306514 0.985354
1403715898134057984 212 -0.296427 -0.0484913 -0.953824 0.109836 0.0360241 0.997432 -0.0619038 0.597249 0.954376 -0.0527106 -0.293919 0.996698
1403715898184058112 213 -0.28299 -0.0396274 -0.958304 0.112549 0.0302022 0.998282 -0.0501994 0.675786 0.958647 -0.0431489 -0.281307 1.00332
1403715898234057984 214 -0.275538 -0.0281524 -0.960878 0.112869 0.0239086 0.999061 -0.0361271 0.758726 0.960993 -0.0329276 -0.274607 1.01322
1403715898284058112 215 -0.274489 -0.0133631 -0.961497 0.114734 0.0187453 0.999639 -0.0192447 0.840895 0.961407 -0.023306 -0.274139 1.02353
1403715898334057984 216 -0.277105 0.00273397 -0.960836 0.117815 0.0167138 0.999858 -0.00197524 0.925852 0.960694 -0.0166065 -0.277112 1.0313
1403715898384058112 217 -0.283241 0.0197556 -0.958845 0.124486 0.0159164 0.999747 0.0158966 1.01219 0.958917 -0.0107588 -0.283484 1.03742
1403715898434057984 218 -0.294904 0.039095 -0.954727 0.131716 0.0177742 0.999214 0.0354265 1.10143 0.955362 -0.00652209 -0.295367 1.04228
1403715898484058112 219 -0.305011 0.0594618 -0.950491 0.14153 0.0237861 0.998213 0.0548143 1.18403 0.952052 -0.0058895 -0.30588 1.04311
1403715898534057984 220 -0.318555 0.0809446 -0.944442 0.147822 0.0297927 0.99671 0.0753754 1.26842 0.947436 -0.00412623 -0.319918 1.0463
1403715898584058112 221 -0.327026 0.102909 -0.939395 0.156596 0.0345173 0.994691 0.0969501 1.35223 0.944385 -0.000720143 -0.328842 1.04852
1403715898634057984 222 -0.336048 0.125241 -0.933481 0.162396 0.041938 0.992126 0.118012 1.44016 0.940911 0.000509482 -0.338655 1.05126
1403715898684058112 223 -0.332242 0.148965 -0.931356 0.172918 0.0475576 0.988839 0.141194 1.5229 0.941995 0.00261747 -0.335618 1.04809
1403715898734057984 224 -0.327627 0.17111 -0.929184 0.182725 0.054359 0.985248 0.162267 1.60554 0.943242 0.00265358 -0.332095 1.04385
1403715898834057984 226 -0.327427 0.209601 -0.921335 0.206335 0.0649355 0.977772 0.199363 1.77442 0.942642 0.00544962 -0.33376 1.01793
1403715898884058112 227 -0.327429 0.225252 -0.917634 0.216171 0.0683948 0.974271 0.214751 1.85332 0.942397 0.00755426 -0.334411 1.00032
1403715898934057984 228 -0.331069 0.239095 -0.912813 0.222281 0.0750738 0.970973 0.227101 1.93203 0.940616 0.00665753 -0.339408 0.98847
1403715898984058112 229 -0.334242 0.250116 -0.908694 0.225511 0.0767817 0.968166 0.238243 2.01007 0.939355 0.00985964 -0.342806 0.96921
1403715899034057984 230 -0.333388 0.258041 -0.906789 0.229488 0.079798 0.966087 0.245577 2.0879 0.939407 0.00951256 -0.342673 0.947669
1403715899084058112 231 -0.33762 0.265483 -0.903068 0.235806 0.0826185 0.964057 0.252525 2.1624 0.93765 0.0106475 -0.347419 0.921212
1403715899184058112 233 -0.359628 0.276218 -0.891275 0.24411 0.0900432 0.960996 0.261493 2.30991 0.928741 0.0137869 -0.370473 0.87687
1403715899234057984 234 -0.373115 0.279249 -0.884763 0.25025 0.0860919 0.959935 0.266669 2.38126 0.923782 0.0233272 -0.382207 0.849994
1403715899334057984 236 -0.403528 0.281571 -0.870565 0.250493 0.0807815 0.958719 0.272639 2.5239 0.911394 0.039692 -0.409616 0.809295
1403715899484058112 239 -0.429223 0.278466 -0.8592 0.23485 0.0662164 0.958427 0.277547 2.72768 0.900768 0.0622364 -0.429818 0.774916
1403715899684058112 243 -0.427254 0.271504 -0.862403 0.171177 0.0680466 0.960798 0.268769 2.97699 0.901567 0.0561491 -0.42898 0.755294
1403715899834057984 246 -0.416818 0.262574 -0.87024 0.0956466 0.040439 0.961779 0.270824 3.15269 0.90809 0.0776929 -0.411505 0.74552
1403715899984058112 249 -0.403034 0.252703 -0.879605 0.00144646 -0.00973487 0.959884 0.280227 3.31157 0.915133 0.121504 -0.384406 0.739321
1403715900184058112 253 -0.397541 0.247852 -0.883476 -0.147957 -0.0462331 0.956195 0.289056 3.47767 0.916419 0.155758 -0.368668 0.724392
1403715900234057984 254 -0.396371 0.246444 -0.884395 -0.189014 -0.0514065 0.95583 0.28939 3.51061 0.91665 0.160169 -0.366195 0.722102
1403715900434057984 258 -0.399401 0.246828 -0.882924 -0.369482 -0.05279 0.955285 0.290937 3.59858 0.915255 0.16281 -0.368511 0.712727
1403715900484058112 259 -0.393939 0.248304 -0.884961 -0.417295 -0.0321337 0.958509 0.283244 3.61104 0.918575 0.140018 -0.369616 0.711287
1403715900534057984 260 -0.379466 0.25019 -0.890736 -0.466923 -0.0119743 0.961335 0.275121 3.62097 0.925128 0.115065 -0.361798 0.709884
1403715900584058112 261 -0.363169 0.251587 -0.897113 -0.517425 0.00246308 0.96311 0.269098 3.6273 0.93172 0.0955182 -0.350391 0.707771
1403715900684058112 263 -0.321085 0.253777 -0.912416 -0.619728 0.0389885 0.966154 0.255003 3.63421 0.946248 0.0463038 -0.320111 0.709472
1403715900734057984 264 -0.29531 0.253072 -0.921274 -0.671333 0.0516809 0.967099 0.249094 3.63806 0.954003 0.0259477 -0.298673 0.710378
1403715900784058112 265 -0.271707 0.251316 -0.928986 -0.722016 0.0543305 0.967767 0.245917 3.64314 0.960845 0.0163451 -0.276603 0.714731
1403715900834057984 266 -0.250561 0.25199 -0.93473 -0.770639 0.046723 0.967552 0.248314 3.64454 0.966973 0.0185443 -0.254205 0.716843
1403715900884058112 267 -0.232887 0.25158 -0.939399 -0.816369 0.0377525 0.96757 0.249765 3.64738 0.971771 0.0227025 -0.234833 0.717104
1403715900934057984 268 -0.220794 0.251668 -0.942292 -0.857129 0.0289575 0.967401 0.251589 3.64885 0.974891 0.0282629 -0.220884 0.718811
1403715900984058112 269 -0.208921 0.252371 -0.944807 -0.895831 0.0213126 0.967073 0.253605 3.64599 0.9777 0.0328472 -0.20742 0.723448
1403715901034057984 270 -0.193277 0.251385 -0.948393 -0.931492 0.0171776 0.967338 0.252906 3.64387 0.980994 0.0325897 -0.191282 0.727106
1403715901084058112 271 -0.180432 0.251719 -0.950832 -0.963346 0.0109573 0.967153 0.25396 3.64014 0.983526 0.035404 -0.177264 0.732316
1403715901134057984 272 -0.168393 0.251879 -0.952996 -0.991349 0.0094199 0.967169 0.253961 3.63231 0.985675 0.0337882 -0.165237 0.739843
1403715901184058112 273 -0.15683 0.253152 -0.95463 -1.01457 0.00594245 0.966815 0.255407 3.62333 0.987608 0.0343825 -0.15313 0.74767
1403715901234057984 274 -0.147118 0.253179 -0.956168 -1.03255 0.00606588 0.966899 0.255087 3.61289 0.9891 0.031728 -0.143784 0.754313
1403715901284058112 275 -0.142632 0.254722 -0.956437 -1.04644 0.00833478 0.966592 0.256184 3.59943 0.989741 0.0285683 -0.13999 0.763372
1403715901334057984 276 -0.142662 0.255642 -0.956188 -1.05345 0.0128558 0.966466 0.256472 3.58452 0.989688 0.0242962 -0.141164 0.768913
1403715901384058112 277 -0.152294 0.256654 -0.954429 -1.05733 0.0210555 0.966317 0.256491 3.56862 0.988111 0.018966 -0.152568 0.775223
1403715901434057984 278 -0.170173 0.257406 -0.951201 -1.05734 0.0326413 0.966223 0.255632 3.55152 0.984874 0.012453 -0.172827 0.782636
1403715901484058112 279 -0.191599 0.259292 -0.946603 -1.05144 0.04091 0.965743 0.256254 3.53297 0.98062 0.0103725 -0.195643 0.788341
1403715901584058112 281 -0.221647 0.263983 -0.938715 -1.03138 0.0467262 0.964428 0.260182 3.49031 0.974007 0.0138059 -0.226098 0.801983
1403715901634057984 282 -0.227165 0.265837 -0.936871 -1.0158 0.0439181 0.963839 0.26284 3.46854 0.972865 0.0185626 -0.230626 0.809714
1403715901734057984 284 -0.239784 0.267564 -0.933227 -0.978284 0.0458634 0.96332 0.264408 3.42244 0.969742 0.0205997 -0.24326 0.823263
1403715901784058112 285 -0.249776 0.268261 -0.930402 -0.954931 0.0484254 0.963116 0.264693 3.39829 0.967092 0.0210589 -0.253554 0.828897
1403715901884058112 287 -0.272401 0.268291 -0.924022 -0.904559 0.0503492 0.962998 0.264765 3.34859 0.960866 0.0255984 -0.27583 0.83996
1403715901934057984 288 -0.278796 0.266705 -0.922573 -0.876956 0.0535349 0.963485 0.262355 3.32635 0.958857 0.0237535 -0.282893 0.84598
1403715902034057984 290 -0.282219 0.265147 -0.921981 -0.819219 0.0558747 0.963959 0.260116 3.27502 0.957721 0.0218943 -0.286863 0.858625
1403715902084058112 291 -0.278266 0.2644 -0.923396 -0.788951 0.0538077 0.964148 0.259854 3.25098 0.958996 0.0226226 -0.282516 0.862739
1403715902234057984 294 -0.286071 0.263135 -0.921371 -0.694116 0.0305913 0.963573 0.265689 3.16663 0.95772 0.04782 -0.2837 0.873119
1403715902284058112 295 -0.295236 0.262901 -0.918542 -0.663611 0.0275553 0.96334 0.266866 3.13746 0.955027 0.0534779 -0.291657 0.878272
1403715902334057984 296 -0.305776 0.26232 -0.915253 -0.629957 0.0219135 0.962981 0.268678 3.10726 0.951851 0.0620991 -0.300205 0.879188
1403715902384058112 297 -0.314337 0.261677 -0.912534 -0.595655 0.0199262 0.962865 0.269246 3.07566 0.949102 0.0664504 -0.307878 0.879401
1403715902434057984 298 -0.319069 0.260535 -0.911217 -0.559462 0.0188416 0.963026 0.26875 3.04316 0.947544 0.0685812 -0.312181 0.878803
1403715902484058112 299 -0.324047 0.259662 -0.909708 -0.524445 0.0279567 0.963803 0.265144 3.00661 0.945628 0.0604867 -0.319577 0.878125
1403715902534057984 300 -0.328361 0.259859 -0.908104 -0.489781 0.0427376 0.964514 0.260548 2.97085 0.943585 0.0467436 -0.327815 0.878888
1403715902584058112 301 -0.335655 0.257671 -0.906058 -0.456618 0.0542631 0.965552 0.254488 2.93499 0.940421 0.0362547 -0.338074 0.884871
1403715902634057984 302 -0.341246 0.252524 -0.905419 -0.422327 0.0641236 0.967248 0.2456 2.89669 0.937784 0.0257514 -0.346262 0.889258
1403715902684058112 303 -0.34692 0.244936 -0.905347 -0.389103 0.0711497 0.969388 0.234998 2.86067 0.935192 0.0171105 -0.353727 0.889961
1403715902734057984 304 -0.357578 0.233247 -0.904286 -0.357063 0.0747291 0.972349 0.221253 2.82462 0.930889 0.0115389 -0.365121 0.889944
1403715902784058112 305 -0.368456 0.218423 -0.903621 -0.326218 0.0734923 0.975808 0.205906 2.78865 0.926736 0.00945789 -0.375595 0.887913
1403715902834057984 306 -0.378521 0.202481 -0.903174 -0.297251 0.0726865 0.979268 0.189078 2.75048 0.922734 0.00592144 -0.385392 0.883345
1403715902884058112 307 -0.390384 0.184965 -0.901881 -0.27216 0.0677203 0.982726 0.172233 2.71283 0.918158 0.00616118 -0.396166 0.877673
1403715902934057984 308 -0.397484 0.164493 -0.902745 -0.247087 0.0592358 0.986349 0.153645 2.67602 0.915695 0.0075966 -0.401802 0.868281
1403715902984058112 309 -0.402461 0.143129 -0.904179 -0.223628 0.0428775 0.989565 0.13756 2.63985 0.914432 0.0165936 -0.404399 0.858728
1403715903034057984 310 -0.402445 0.119334 -0.907633 -0.199301 0.029408 0.992641 0.117471 2.60497 0.914972 0.0205841 -0.402993 0.845528
1403715903084058112 311 -0.402604 0.0938011 -0.910556 -0.177768 0.0117276 0.995183 0.0973336 2.57486 0.915299 0.0285083 -0.401764 0.836394
1403715903134057984 312 -0.402458 0.0683294 -0.912885 -0.161976 -0.00705338 0.996949 0.0777312 2.54429 0.915411 0.0377225 -0.400748 0.8268
1403715903184058112 313 -0.401062 0.0460021 -0.914895 -0.146679 -0.025214 0.997806 0.0612239 2.51019 0.915704 0.0476228 -0.399022 0.819166
1403715903234057984 314 -0.4031 0.0269756 -0.914758 -0.132113 -0.0336587 0.998452 0.0442758 2.4751 0.914537 0.0486372 -0.401568 0.817243
1403715903284058112 315 -0.409668 0.00823061 -0.912197 -0.118293 -0.0372213 0.998976 0.0257297 2.45048 0.911475 0.0444938 -0.408942 0.811493
1403715903334057984 316 -0.417002 -0.00504143 -0.908892 -0.10776 -0.0386258 0.99918 0.0121794 2.41552 0.908085 0.0401855 -0.416854 0.804815
1403715903384058112 317 -0.426931 -0.0193589 -0.904077 -0.100313 -0.0392019 0.999227 -0.00288413 2.38125 0.903434 0.0342102 -0.42736 0.797779
1403715903434057984 318 -0.434813 -0.0347234 -0.899851 -0.0947932 -0.0396204 0.999026 -0.0194056 2.34601 0.899649 0.0272146 -0.435765 0.795907
1403715903534057984 320 -0.441353 -0.0718039 -0.894456 -0.0913285 -0.0482187 0.997251 -0.0562633 2.27395 0.896037 0.0182975 -0.443602 0.797336
1403715903634057984 322 -0.440022 -0.118356 -0.890153 -0.101098 -0.0649627 0.992874 -0.0999013 2.19863 0.895634 0.013868 -0.444575 0.814744
1403715903684058112 323 -0.433259 -0.145147 -0.889505 -0.109641 -0.0753346 0.989325 -0.124741 2.16066 0.898116 0.0129652 -0.439568 0.827737
1403715903734057984 324 -0.422811 -0.172701 -0.88961 -0.1194 -0.0865072 0.984882 -0.150081 2.12339 0.902079 0.0135017 -0.431359 0.843951
1403715903784058112 325 -0.410148 -0.201664 -0.889444 -0.133479 -0.0876842 0.979449 -0.181637 2.08272 0.907794 0.00349207 -0.419402 0.863731
1403715903834057984 326 -0.398319 -0.232135 -0.887387 -0.150717 -0.0912607 0.972675 -0.213482 2.04339 0.912696 -0.00405048 -0.408619 0.888452
1403715903884058112 327 -0.384115 -0.265751 -0.884213 -0.170558 -0.0943334 0.963965 -0.248741 2.00429 0.918454 -0.0121343 -0.395342 0.918476
1403715903934057984 328 -0.369285 -0.301116 -0.87918 -0.191946 -0.101479 0.953459 -0.283932 1.96406 0.923759 -0.0156336 -0.382655 0.947134
1403715903984058112 329 -0.353963 -0.337941 -0.87207 -0.214107 -0.112242 0.941046 -0.319113 1.92281 0.9285 -0.0150716 -0.371026 0.976741
1403715904034057984 330 -0.341839 -0.374312 -0.861996 -0.235911 -0.117728 0.927083 -0.355888 1.88201 0.932355 -0.0201749 -0.36098 1.00492
1403715904084058112 331 -0.332784 -0.41179 -0.848342 -0.263046 -0.126833 0.910989 -0.392445 1.84171 0.934435 -0.0230023 -0.355391 1.03518
1403715904134057984 332 -0.325833 -0.4492 -0.831897 -0.292654 -0.135175 0.893011 -0.429255 1.80408 0.935714 -0.0274137 -0.351693 1.06453
1403715904184058112 333 -0.313926 -0.48819 -0.814322 -0.31737 -0.151486 0.872447 -0.464638 1.7722 0.937285 -0.0225035 -0.347838 1.08537
1403715904234057984 334 -0.304396 -0.525572 -0.794429 -0.343081 -0.167914 0.850552 -0.498363 1.73934 0.937629 -0.0183038 -0.347155 1.11059
1403715904284058112 335 -0.286867 -0.562706 -0.775286 -0.363956 -0.189115 0.826639 -0.530003 1.71231 0.939118 -0.00542214 -0.343552 1.13091
1403715904334057984 336 -0.267555 -0.59664 -0.756594 -0.386458 -0.206669 0.802482 -0.559742 1.68205 0.941118 0.00660273 -0.338015 1.15493
1403715904384058112 337 -0.245356 -0.628963 -0.737704 -0.405175 -0.224229 0.777148 -0.588015 1.65257 0.943145 0.0211417 -0.331709 1.17542
1403715904434057984 338 -0.229446 -0.6585 -0.716751 -0.427121 -0.234728 0.752098 -0.615833 1.62252 0.944594 0.026941 -0.327135 1.19728
1403715904484058112 339 -0.213643 -0.685556 -0.695967 -0.450704 -0.246521 0.727193 -0.640639 1.59443 0.945296 0.0347024 -0.324364 1.21428
1403715904534057984 340 -0.193793 -0.709699 -0.677327 -0.4713 -0.261261 0.702817 -0.661657 1.56298 0.945614 0.0487346 -0.321618 1.22902
1403715904584058112 341 -0.172597 -0.732781 -0.658211 -0.492284 -0.272682 0.677669 -0.682941 1.53382 0.946496 0.0616083 -0.31678 1.23972
1403715904634057984 342 -0.150869 -0.755193 -0.637905 -0.509402 -0.28126 0.651414 -0.704665 1.50692 0.947698 0.0731047 -0.310683 1.24277
1403715904684058112 343 -0.129977 -0.776861 -0.616111 -0.518958 -0.2842 0.6245 -0.727482 1.48163 0.949914 0.0805429 -0.301954 1.23922
1403715904734057984 344 -0.119385 -0.799164 -0.589138 -0.525313 -0.282311 0.596213 -0.751552 1.45158 0.951865 0.0765965 -0.296791 1.2316
1403715904784058112 345 -0.118834 -0.822274 -0.556546 -0.536693 -0.278351 0.56563 -0.776262 1.41938 0.9531 0.0626687 -0.296097 1.22258
1403715904834057984 346 -0.117367 -0.845665 -0.520648 -0.542834 -0.276771 0.531354 -0.800663 1.39352 0.953742 0.0501286 -0.296419 1.21223
1403715904884058112 347 -0.114407 -0.867518 -0.484069 -0.545359 -0.273629 0.495938 -0.824119 1.36374 0.955007 0.03817 -0.294117 1.19969
1403715904934057984 348 -0.106221 -0.888302 -0.446807 -0.545988 -0.271012 0.458201 -0.846525 1.33537 0.956697 0.0311708 -0.289411 1.18971
1403715904984058112 349 -0.0966811 -0.908921 -0.405605 -0.549314 -0.268453 0.416224 -0.868729 1.312 0.958429 0.0248963 -0.284244 1.17594
1403715905034057984 350 -0.0804212 -0.927442 -0.365218 -0.552703 -0.263887 0.373142 -0.889454 1.28807 0.961195 0.0248454 -0.274748 1.15955
1403715905084058112 351 -0.0627255 -0.943366 -0.325769 -0.554894 -0.258166 0.330639 -0.90776 1.26478 0.964062 0.0271628 -0.264284 1.13882
1403715905134057984 352 -0.0455736 -0.957195 -0.285833 -0.555928 -0.248798 0.28799 -0.924749 1.24902 0.967483 0.0289704 -0.251273 1.11682
1403715905184058112 353 -0.0241169 -0.967636 -0.251195 -0.55917 -0.241016 0.249485 -0.937906 1.23517 0.970221 0.0379228 -0.239233 1.09718
1403715905234057984 354 -0.00381305 -0.976438 -0.215763 -0.557579 -0.236819 0.210508 -0.948474 1.22298 0.971546 0.0474801 -0.232041 1.0743
1403715905284058112 355 0.0131223 -0.982892 -0.183716 -0.556762 -0.247 0.174852 -0.95311 1.21129 0.968927 0.0578848 -0.24048 1.04941
1403715905334057984 356 0.0264235 -0.987908 -0.152773 -0.553972 -0.261031 0.140705 -0.955021 1.20373 0.964969 0.0651134 -0.254156 1.02474
1403715905384058112 357 0.0380333 -0.991684 -0.122952 -0.548694 -0.276068 0.107824 -0.955071 1.19773 0.960385 0.0702675 -0.269671 0.999504
1403715905434057984 358 0.0498359 -0.994473 -0.0924156 -0.542933 -0.287186 0.0743543 -0.954985 1.19249 0.956578 0.074133 -0.281893 0.976329
1403715905484058112 359 0.0584528 -0.996351 -0.0621869 -0.532742 -0.300634 0.0418328 -0.952822 1.18881 0.951947 0.0743906 -0.297092 0.953413
1403715905584058112 361 0.0713331 -0.997453 -0.00028949 -0.503497 -0.321634 -0.022727 -0.946591 1.18698 0.944173 0.0676164 -0.322436 0.912572
1403715905634057984 362 0.0658184 -0.997207 0.0353124 -0.480628 -0.329648 -0.0551326 -0.942493 1.1875 0.941807 0.0503927 -0.332356 0.89224
1403715905684058112 363 0.0582119 -0.995559 0.0739798 -0.460561 -0.335159 -0.0892939 -0.937921 1.19245 0.940362 0.0298032 -0.338868 0.87004
1403715905784058112 365 0.0565793 -0.986167 0.155797 -0.420924 -0.34577 -0.165745 -0.923565 1.19999 0.936612 -0.00161531 -0.350365 0.829753
1403715905834057984 366 0.0622676 -0.97817 0.198258 -0.402386 -0.351732 -0.207406 -0.912835 1.20283 0.934027 -0.0128936 -0.356969 0.80922
1403715905884058112 367 0.0758343 -0.967722 0.240341 -0.38419 -0.360469 -0.25134 -0.898271 1.21076 0.929683 -0.0185158 -0.367894 0.783488
1403715905934057984 368 0.0922771 -0.954761 0.282695 -0.368087 -0.372879 -0.296382 -0.879272 1.21339 0.92328 -0.0242744 -0.383359 0.76319
1403715905984058112 369 0.116877 -0.939298 0.322582 -0.35148 -0.38303 -0.342311 -0.857969 1.21423 0.916312 -0.0232819 -0.399788 0.744284
1403715906034057984 370 0.143462 -0.920865 0.362528 -0.336175 -0.388619 -0.389311 -0.835112 1.21215 0.910162 -0.0210781 -0.413717 0.728337
1403715906084058112 371 0.170442 -0.900058 0.401055 -0.317416 -0.384076 -0.435502 -0.814139 1.21024 0.907433 -0.015272 -0.419919 0.709576
1403715906134057984 372 0.199067 -0.876385 0.438544 -0.298823 -0.368037 -0.481601 -0.795367 1.20514 0.908252 -0.00306865 -0.418413 0.695814
1403715906184058112 373 0.226619 -0.850057 0.475443 -0.27996 -0.341159 -0.526497 -0.778724 1.20211 0.91228 0.0142723 -0.409319 0.683076
1403715906234057984 374 0.252116 -0.820734 0.512672 -0.263592 -0.311321 -0.570412 -0.760072 1.19772 0.916251 0.0320208 -0.399322 0.667392
1403715906284058112 375 0.271738 -0.790119 0.549427 -0.241111 -0.289539 -0.61158 -0.736299 1.19416 0.917783 0.0409997 -0.39496 0.656779
1403715906334057984 376 0.2924 -0.757128 0.584174 -0.220235 -0.267807 -0.651259 -0.710028 1.19135 0.918031 0.0511664 -0.393193 0.64349
1403715906384058112 377 0.310216 -0.722677 0.61766 -0.196363 -0.246558 -0.688642 -0.681895 1.18963 0.918137 0.0592462 -0.39181 0.62834
1403715906434057984 378 0.323397 -0.687453 0.650249 -0.17029 -0.228741 -0.723589 -0.651227 1.18469 0.918201 0.0618663 -0.391255 0.618403
1403715906484058112 379 0.330103 -0.651016 0.683527 -0.14449 -0.209363 -0.756577 -0.619482 1.17735 0.920434 0.0613877 -0.386047 0.610116
1403715906534057984 380 0.336986 -0.613236 0.71441 -0.116573 -0.18711 -0.787277 -0.587524 1.17344 0.92273 0.0643143 -0.380044 0.597573
1403715906584058112 381 0.338849 -0.574757 0.744873 -0.0879629 -0.171049 -0.81615 -0.551944 1.16682 0.925161 0.059616 -0.374863 0.583396
1403715906634057984 382 0.335824 -0.535482 0.774908 -0.0586746 -0.162042 -0.843264 -0.512493 1.1617 0.927882 0.0465399 -0.369959 0.574833
1403715906684058112 383 0.330687 -0.494639 0.803728 -0.0290959 -0.154103 -0.868512 -0.471105 1.15627 0.931074 0.0319315 -0.36343 0.566022
1403715906734057984 384 0.328976 -0.452143 0.829061 0.000845597 -0.14689 -0.891743 -0.428041 1.1546 0.932844 0.0190349 -0.359777 0.561363
1403715906784058112 385 0.329433 -0.408116 0.851419 0.0338333 -0.141859 -0.912915 -0.382705 1.15445 0.933461 0.00529445 -0.358639 0.563414
1403715906834057984 386 0.329086 -0.362205 0.872072 0.065183 -0.134147 -0.932077 -0.336506 1.15552 0.934723 -0.00624663 -0.355322 0.563169
1403715906884058112 387 0.329277 -0.314821 0.890204 0.0977636 -0.12326 -0.949044 -0.290037 1.15907 0.936153 -0.0142238 -0.351304 0.564144
1403715906934057984 388 0.32845 -0.266757 0.906069 0.126111 -0.10793 -0.963605 -0.244572 1.16726 0.938335 -0.017462 -0.345287 0.56611
1403715906984058112 389 0.326036 -0.219222 0.919588 0.158542 -0.0922191 -0.975477 -0.199849 1.18184 0.940849 -0.0196455 -0.338257 0.563536
1403715907034057984 390 0.327334 -0.168797 0.92971 0.186147 -0.0717408 -0.985514 -0.15367 1.18388 0.942181 -0.0163965 -0.334702 0.557707
1403715907084058112 391 0.33208 -0.116882 0.935982 0.208147 -0.0438947 -0.993133 -0.108445 1.1855 0.942229 -0.00507217 -0.33493 0.549884
1403715907134057984 392 0.335569 -0.0659927 0.939701 0.238488 -0.0134938 -0.997778 -0.0652526 1.20031 0.941919 0.00921665 -0.335714 0.53964
1403715907184058112 393 0.335923 -0.0119127 0.941814 0.261277 0.0164576 -0.999693 -0.0185149 1.2111 0.941746 0.0217196 -0.335624 0.534153
1403715907234057984 394 0.336937 0.0441673 0.940491 0.277494 0.0413484 -0.99863 0.0320843 1.21977 0.940619 0.0280774 -0.338301 0.537624
1403715907284058112 395 0.33577 0.10044 0.936574 0.29779 0.0621579 -0.994494 0.0843671 1.23107 0.939891 0.0298875 -0.340165 0.542028
1403715907334057984 396 0.33257 0.1561 0.93007 0.315759 0.083521 -0.987206 0.135825 1.24369 0.939373 0.0325093 -0.341352 0.550115
1403715907384058112 397 0.325173 0.212063 0.92157 0.332151 0.103925 -0.976643 0.188066 1.25486 0.939927 0.0346207 -0.339616 0.561788
1403715907484058112 399 0.30727 0.314835 0.898033 0.370779 0.148393 -0.947995 0.281577 1.28087 0.939981 0.046742 -0.33801 0.581911
1403715907534057984 400 0.299005 0.361646 0.883067 0.386929 0.168968 -0.930846 0.324001 1.29703 0.939173 0.052332 -0.339434 0.597516
1403715907634057984 402 0.282704 0.445873 0.84928 0.41348 0.195749 -0.893582 0.403972 1.3304 0.939021 0.0520411 -0.339898 0.625348
1403715907734057984 404 0.2612 0.520407 0.812989 0.436215 0.204883 -0.852926 0.480146 1.36879 0.943291 0.0411536 -0.329407 0.652994
1403715907834057984 406 0.237033 0.587877 0.773444 0.45177 0.206719 -0.808421 0.551111 1.41374 0.949254 0.029254 -0.313148 0.67525
1403715907884058112 407 0.228528 0.619532 0.750969 0.456223 0.20749 -0.784654 0.58418 1.44131 0.951169 0.0223172 -0.307862 0.685736
1403715907984058112 409 0.216671 0.682319 0.698208 0.457229 0.203272 -0.731054 0.651337 1.4892 0.954848 0.000799817 -0.297095 0.703649
1403715908034057984 410 0.21041 0.713786 0.66801 0.456005 0.203453 -0.700318 0.684223 1.51252 0.956208 -0.00805932 -0.292576 0.710783
1403715908134057984 412 0.192396 0.775055 0.601892 0.451274 0.208014 -0.631624 0.746848 1.55631 0.959017 -0.0184883 -0.282744 0.72164
1403715908184058112 413 0.182958 0.804539 0.565017 0.445217 0.215344 -0.593557 0.775446 1.57859 0.959246 -0.0202009 -0.281848 0.727768
1403715908284058112 415 0.162987 0.860029 0.483513 0.433551 0.22937 -0.509668 0.829233 1.61554 0.959596 -0.0242514 -0.280334 0.74011
1403715908334057984 416 0.152966 0.884718 0.440313 0.424704 0.237428 -0.465408 0.852657 1.6344 0.959286 -0.0258851 -0.281248 0.745836
1403715908384058112 417 0.142332 0.907359 0.395526 0.41485 0.246651 -0.419502 0.873603 1.64844 0.958595 -0.0267843 -0.283509 0.752103
1403715908434057984 418 0.129143 0.927471 0.350885 0.400655 0.253767 -0.372976 0.892464 1.66311 0.958605 -0.0262129 -0.283529 0.757801
1403715908484058112 419 0.117015 0.945526 0.303789 0.388642 0.260275 -0.324396 0.909409 1.67452 0.958417 -0.027346 -0.284057 0.76403
1403715908534057984 420 0.100023 0.961164 0.257212 0.37289 0.265968 -0.27493 0.923945 1.68692 0.958779 -0.0240058 -0.283139 0.769705
1403715908584058112 421 0.0847208 0.974579 0.207407 0.358986 0.271274 -0.222852 0.936348 1.69477 0.958766 -0.0230641 -0.283258 0.775928
1403715908634057984 422 0.0621678 0.985049 0.160668 0.341908 0.275124 -0.171656 0.94596 1.70428 0.959397 -0.0146046 -0.281682 0.782671
1403715908684058112 423 0.0424053 0.992891 0.111221 0.328745 0.274395 -0.118614 0.954274 1.71093 0.960682 -0.00994773 -0.277474 0.786923
1403715908734057984 424 0.0227741 0.997784 0.0625202 0.313463 0.271241 -0.0663576 0.960221 1.71544 0.962242 -0.00491009 -0.272151 0.790732
1403715908834057984 426 -0.00461926 0.999359 -0.0354933 0.283126 0.264148 0.0354524 0.96383 1.71863 0.964471 -0.0049233 -0.264142 0.798844
1403715908884058112 427 -0.0166967 0.996473 -0.0822399 0.266215 0.265192 0.083719 0.960554 1.71737 0.964051 -0.00577132 -0.265655 0.800648
1403715908984058112 429 -0.0491231 0.983902 -0.171826 0.232292 0.277882 0.178705 0.943846 1.7124 0.959358 -0.00138286 -0.282188 0.800253
1403715909084058112 431 -0.0918571 0.963553 -0.251253 0.197243 0.286064 0.267218 0.920196 1.69901 0.953797 0.0126521 -0.300184 0.802679
1403715909134057984 432 -0.11346 0.950668 -0.288716 0.1811 0.284989 0.309522 0.907181 1.6914 0.951792 0.0206474 -0.306048 0.799755
1403715909234057984 434 -0.14496 0.921283 -0.360867 0.144692 0.283899 0.388112 0.876796 1.67356 0.947833 0.0246508 -0.317812 0.797691
1403715909334057984 436 -0.167672 0.888177 -0.427817 0.100086 0.275141 0.458877 0.844825 1.65103 0.94667 0.023944 -0.321315 0.787608
1403715909434057984 438 -0.193249 0.851125 -0.488099 0.0604405 0.25799 0.524051 0.811672 1.62227 0.946623 0.03093 -0.320854 0.772084
1403715909534057984 440 -0.226258 0.808907 -0.542658 0.0133196 0.227759 0.585595 0.777948 1.58982 0.947066 0.0524216 -0.316731 0.756999
1403715909584058112 441 -0.244062 0.784987 -0.569411 -0.016316 0.214463 0.616319 0.757731 1.57126 0.945748 0.0628158 -0.318771 0.750774
1403715909634057984 442 -0.256989 0.75821 -0.599228 -0.042896 0.199254 0.648301 0.734849 1.55257 0.94565 0.0694491 -0.317683 0.741285
1403715909684058112 443 -0.264019 0.728408 -0.63223 -0.0738333 0.185429 0.681594 0.707846 1.53155 0.946525 0.0696512 -0.315022 0.732464
1403715909734057984 444 -0.271644 0.69613 -0.664539 -0.102552 0.174304 0.714671 0.677395 1.50876 0.946482 0.0681786 -0.315474 0.722859
1403715909784058112 445 -0.275473 0.660085 -0.698858 -0.134241 0.163727 0.748581 0.642511 1.48629 0.947263 0.0625723 -0.314288 0.712207
1403715909834057984 446 -0.280161 0.619035 -0.733693 -0.166701 0.149593 0.783117 0.603613 1.46094 0.948225 0.0593536 -0.312003 0.701717
1403715909884058112 447 -0.276893 0.574251 -0.770433 -0.198648 0.136356 0.81715 0.560065 1.43478 0.951177 0.0500247 -0.304566 0.68975
1403715909934057984 448 -0.268315 0.526086 -0.806995 -0.235568 0.123394 0.849581 0.512821 1.40508 0.955396 0.0380193 -0.292871 0.678095
1403715909984058112 449 -0.260274 0.473782 -0.841301 -0.26616 0.10956 0.880196 0.461791 1.37773 0.959299 0.0280196 -0.281 0.668963
1403715910034057984 450 -0.253804 0.417484 -0.87252 -0.298897 0.0932857 0.908417 0.407525 1.34645 0.962747 0.0220378 -0.269505 0.655869
1403715910084058112 451 -0.25287 0.357321 -0.899099 -0.325378 0.0772612 0.933791 0.349379 1.31255 0.964411 0.0188819 -0.263734 0.652489
1403715910134057984 452 -0.256768 0.296534 -0.919858 -0.351227 0.060138 0.954825 0.29102 1.27987 0.9646 0.0194061 -0.263001 0.636921
1403715910184058112 453 -0.261342 0.235132 -0.93617 -0.374175 0.0442276 0.971775 0.231728 1.24596 0.964233 0.0191556 -0.264365 0.62262
1403715910234057984 454 -0.271358 0.177516 -0.945967 -0.401882 0.0261578 0.983842 0.17712 1.21129 0.962123 0.0233184 -0.271617 0.611018
1403715910284058112 455 -0.274172 0.12016 -0.954144 -0.426265 0.00916126 0.992445 0.122351 1.17644 0.961637 0.0248041 -0.273202 0.598178
1403715910334057984 456 -0.274104 0.0657788 -0.959448 -0.448507 -0.00754518 0.99748 0.0705419 1.14378 0.961671 0.026575 -0.272917 0.585115
1403715910384058112 457 -0.270598 0.0151817 -0.962573 -0.464609 -0.0229765 0.999489 0.0222231 1.1097 0.962418 0.0281301 -0.270111 0.577075
1403715910434057984 458 -0.261726 -0.0328577 -0.964583 -0.483369 -0.036862 0.999031 -0.0240291 1.07721 0.964438 0.0292674 -0.262684 0.567651
1403715910484058112 459 -0.250688 -0.0770714 -0.964995 -0.501032 -0.0513276 0.996482 -0.0662522 1.03891 0.966706 0.0329222 -0.253762 0.557169
1403715910534057984 460 -0.238422 -0.120576 -0.963648 -0.512999 -0.0642309 0.992048 -0.108238 0.999851 0.969035 0.0360898 -0.24427 0.544426
1403715910584058112 461 -0.228706 -0.161643 -0.959982 -0.521797 -0.0759133 0.986077 -0.147951 0.963451 0.970531 0.039038 -0.237793 0.535183
1403715910634057984 462 -0.224676 -0.200183 -0.95365 -0.527397 -0.0849376 0.978969 -0.185487 0.923663 0.970725 0.0393264 -0.236954 0.52731
1403715910684058112 463 -0.224184 -0.238332 -0.944955 -0.536317 -0.0954961 0.970341 -0.222079 0.883697 0.969857 0.0404528 -0.240295 0.523202
1403715910734057984 464 -0.22486 -0.275185 -0.934725 -0.540703 -0.103063 0.960627 -0.258018 0.84196 0.968925 0.0383174 -0.244368 0.515408
1403715910784058112 465 -0.221128 -0.31183 -0.924048 -0.538439 -0.112068 0.949352 -0.29355 0.804775 0.968784 0.0386438 -0.244874 0.506166
1403715910834057984 466 -0.217132 -0.347217 -0.912302 -0.535436 -0.119194 0.937036 -0.328262 0.766537 0.968838 0.0374652 -0.244847 0.499045
1403715910884058112 467 -0.214287 -0.381392 -0.899234 -0.52913 -0.126419 0.923705 -0.361645 0.727235 0.968555 0.0361841 -0.246153 0.492621
1403715910934057984 468 -0.210028 -0.416629 -0.884482 -0.517477 -0.132151 0.908455 -0.396542 0.692234 0.968723 0.0335999 -0.245859 0.48179
1403715910984058112 469 -0.211918 -0.450447 -0.867288 -0.507696 -0.138635 0.892325 -0.429577 0.657447 0.967404 0.0292011 -0.251547 0.478569
1403715911034057984 470 -0.207078 -0.4838 -0.850327 -0.492754 -0.143197 0.874795 -0.462848 0.623057 0.967788 0.0259188 -0.25043 0.473687
1403715911084058112 471 -0.19892 -0.517344 -0.832338 -0.47564 -0.145782 0.855482 -0.496889 0.590662 0.969112 0.0224992 -0.245592 0.471529
1403715911134057984 472 -0.187705 -0.549309 -0.814265 -0.456851 -0.146995 0.835373 -0.529664 0.557559 0.971164 0.0202722 -0.237549 0.466641
1403715911184058112 473 -0.177838 -0.58117 -0.794113 -0.439641 -0.148831 0.813578 -0.562085 0.527851 0.97274 0.0182285 -0.231182 0.460891
1403715911234057984 474 -0.168076 -0.612974 -0.772019 -0.413635 -0.153447 0.789883 -0.59375 0.494576 0.973758 0.0186691 -0.22682 0.455258
1403715911284058112 475 -0.163103 -0.644688 -0.746843 -0.393221 -0.160605 0.764232 -0.624624 0.467795 0.973449 0.0180687 -0.228188 0.449932
1403715911334057984 476 -0.159352 -0.6752 -0.720217 -0.369811 -0.168512 0.737436 -0.654058 0.440775 0.972734 0.01714 -0.231291 0.440465
1403715911384058112 477 -0.159016 -0.705593 -0.690545 -0.343658 -0.176643 0.708492 -0.683254 0.422505 0.971345 0.013332 -0.2373 0.436915
1403715911434057984 478 -0.1568 -0.733378 -0.661491 -0.312439 -0.186079 0.679718 -0.709478 0.403955 0.969942 0.0118435 -0.243046 0.429343
1403715911484058112 479 -0.16138 -0.758194 -0.631743 -0.28448 -0.196419 0.652003 -0.732334 0.389076 0.967148 0.00590173 -0.254144 0.426469
1403715911534057984 480 -0.164428 -0.781361 -0.602028 -0.251522 -0.20811 0.624077 -0.753139 0.372742 0.964185 0.00145113 -0.265225 0.419811
1403715911584058112 481 -0.167296 -0.802503 -0.572714 -0.214803 -0.225576 0.596648 -0.770147 0.351976 0.959754 0.00034793 -0.280842 0.406588
1403715911634057984 482 -0.165993 -0.822801 -0.543548 -0.181895 -0.244112 0.568325 -0.785759 0.335528 0.955435 0.00225596 -0.295194 0.400989
1403715911684058112 483 -0.159673 -0.841886 -0.515493 -0.149666 -0.264148 0.539589 -0.799418 0.320392 0.951173 0.00852103 -0.30854 0.394029
1403715911734057984 484 -0.146947 -0.859531 -0.489503 -0.11434 -0.281911 0.510744 -0.812199 0.307811 0.948121 0.0186462 -0.317364 0.391009
1403715911784058112 485 -0.132313 -0.875855 -0.464081 -0.0783942 -0.296398 0.481736 -0.824669 0.296507 0.945855 0.0284385 -0.323341 0.390124
1403715911834057984 486 -0.120473 -0.891148 -0.437427 -0.0441408 -0.30608 0.452513 -0.837584 0.284884 0.944352 0.0329814 -0.327278 0.391012
1403715911884058112 487 -0.107701 -0.904838 -0.411909 -0.00907877 -0.312471 0.424132 -0.849985 0.273564 0.943802 0.0371653 -0.328415 0.397128
1403715911934057984 488 -0.0981206 -0.916792 -0.387123 0.0282753 -0.318535 0.397468 -0.860555 0.261977 0.942819 0.0388741 -0.33103 0.408702
1403715911984058112 489 -0.0897303 -0.927508 -0.362875 0.067351 -0.320994 0.371835 -0.871035 0.249597 0.942821 0.0383226 -0.33109 0.421017
1403715912034057984 490 -0.083752 -0.936624 -0.340177 0.10631 -0.322544 0.348479 -0.880073 0.240121 0.942842 0.036014 -0.331288 0.433461
1403715912084058112 491 -0.0810349 -0.94512 -0.316515 0.146492 -0.323726 0.3253 -0.888471 0.229619 0.942674 0.0304672 -0.332321 0.452571
1403715912134057984 492 -0.0806272 -0.952161 -0.29477 0.186067 -0.322365 0.304749 -0.896219 0.219387 0.943176 0.0227639 -0.331514 0.469029
1403715912184058112 493 -0.0781853 -0.958485 -0.274213 0.227333 -0.324454 0.284545 -0.902089 0.207077 0.942665 0.0184394 -0.333232 0.488255
1403715912234057984 494 -0.0772049 -0.964464 -0.252684 0.268972 -0.322818 0.263969 -0.908905 0.198049 0.943307 0.0113988 -0.331726 0.503944
