1403715887484058112 1 -0.369075 -0.0617802 -0.927344 -6.79101e-07 -0.0617794 0.997212 -0.0418472 4.46794e-07 0.927344 0.041846 -0.371863 2.98664e-07
1403715887784058112 7 -0.370558 -0.0622992 -0.926718 -0.00033068 -0.0626076 0.997154 -0.042 0.000996543 0.926697 0.0424562 -0.373403 0.00406099
1403715888084058112 13 -0.36924 -0.0625846 -0.927224 -0.000189712 -0.061951 0.997168 -0.0426354 0.002051 0.927267 0.0416998 -0.372072 0.000618262
1403715888384058112 19 -0.369103 -0.0623209 -0.927297 -0.000305272 -0.0619144 0.997182 -0.0423731 0.00138037 0.927324 0.041773 -0.371921 0.000120594
1403715888684058112 25 -0.369256 -0.0622323 -0.927242 -0.000223508 -0.0619491 0.997184 -0.0422565 0.00111954 0.927261 0.0418382 -0.372072 0.000437889
1403715888984058112 31 -0.369213 -0.0623495 -0.927251 -0.000188757 -0.0618302 0.997184 -0.0424324 0.00175445 0.927286 0.0416655 -0.372028 0.000339187
1403715889284058112 37 -0.369046 -0.0624598 -0.92731 0.000224188 -0.0618957 0.997176 -0.0425327 0.00161973 0.927348 0.0417 -0.37187 3.4056e-05
1403715889584058112 43 -0.368956 -0.0625429 -0.92734 -6.93579e-05 -0.0618696 0.997173 -0.042637 0.00201388 0.927386 0.041643 -0.371782 -0.000254908
1403715889884058112 49 -0.368549 -0.0624654 -0.927507 0.000230213 -0.0616652 0.997185 -0.0426551 0.00191598 0.927561 0.0414744 -0.371363 -0.000172327
1403715893484058112 122 -0.342238 -0.0643507 -0.937407 0.00179577 -0.0522732 0.997411 -0.0493854 0.002059 0.938158 0.0320997 -0.344716 0.00133424
1403715893534057984 123 -0.325933 -0.0676275 -0.942971 0.00314127 -0.0476303 0.997346 -0.055064 0.00163843 0.944192 0.0269668 -0.328289 0.00716098
1403715893584058112 123 -0.30968 -0.0696525 -0.948286 0.00476824 -0.0429667 0.99732 -0.0592225 -0.000128634 0.94987 0.0224047 -0.311842 0.0105779
1403715893684058112 126 -0.289343 -0.073103 -0.95443 0.00793114 -0.031369 0.997268 -0.0668744 -0.00422667 0.956711 0.0105899 -0.290845 0.0192862
1403715893984058112 133 -0.329964 -0.0718133 -0.941258 0.0321742 -0.0308567 0.99739 -0.0652789 -0.0245382 0.943489 0.00750434 -0.331319 0.0638652
1403715894234057984 136 -0.348411 -0.0668872 -0.934952 0.0516031 -0.0610635 0.996952 -0.0485673 -0.0521611 0.935351 0.04017 -0.351434 0.113392
1403715894484058112 141 -0.330466 -0.060678 -0.941866 0.0596461 -0.0950929 0.994994 -0.0307361 -0.10868 0.939015 0.0794075 -0.334581 0.196404
1403715894734057984 146 -0.356752 -0.0565509 -0.932486 0.0684418 -0.0670941 0.997139 -0.0348028 -0.204347 0.931786 0.0501483 -0.359526 0.243373
1403715894934057984 151 -0.33568 -0.0570101 -0.940249 0.0654564 -0.0445798 0.99801 -0.0445968 -0.29973 0.94092 0.0269459 -0.337554 0.291066
1403715894984058112 152 -0.331412 -0.0565287 -0.941791 0.0638037 -0.041626 0.998108 -0.0452609 -0.326251 0.942567 0.024203 -0.333138 0.304843
1403715895034057984 152 -0.328417 -0.0564809 -0.942842 0.0626772 -0.0393483 0.998162 -0.0460887 -0.351978 0.943713 0.0219629 -0.330036 0.318243
1403715895134057984 155 -0.326308 -0.0559019 -0.943609 0.062109 -0.0367343 0.998246 -0.0464357 -0.403666 0.944549 0.0195105 -0.327789 0.343384
1403715895184058112 155 -0.326898 -0.0554633 -0.943431 0.0621142 -0.0345797 0.99831 -0.0467077 -0.431129 0.944427 0.0173548 -0.328264 0.358844
1403715895284058112 158 -0.327438 -0.0548154 -0.943281 0.062823 -0.0302036 0.998413 -0.0475347 -0.483948 0.94439 0.0129258 -0.328574 0.386456
1403715895334057984 158 -0.327374 -0.0547835 -0.943305 0.0632851 -0.0288964 0.998431 -0.0479565 -0.509122 0.944453 0.0115584 -0.328444 0.397455
1403715895434057984 161 -0.326692 -0.0547207 -0.943545 0.0635878 -0.0293402 0.998429 -0.0477449 -0.560923 0.944675 0.0120859 -0.327784 0.422761
1403715895484058112 161 -0.329105 -0.0543478 -0.942728 0.0624698 -0.0286479 0.998457 -0.0475597 -0.588012 0.943859 0.0113551 -0.330154 0.436592
1403715895584058112 164 -0.331436 -0.0536976 -0.941948 0.0638546 -0.0250078 0.998528 -0.0481237 -0.63772 0.943146 0.00760612 -0.332291 0.46176
1403715895634057984 164 -0.33005 -0.0537079 -0.942434 0.0642996 -0.0260567 0.998518 -0.0477787 -0.662759 0.943604 0.00878738 -0.33096 0.473344
1403715895784058112 167 -0.332557 -0.0524701 -0.941622 0.0647476 -0.0240773 0.998598 -0.0471414 -0.74139 0.942776 0.00699446 -0.333354 0.50801
1403715895884058112 170 -0.331992 -0.0524565 -0.941822 0.0667478 -0.0241018 0.998598 -0.0471229 -0.79257 0.942974 0.00705516 -0.332791 0.528905
1403715895934057984 171 -0.330683 -0.0527243 -0.942268 0.0678525 -0.0223749 0.998596 -0.0480238 -0.818103 0.943477 0.0052025 -0.331398 0.539137
1403715896034057984 173 -0.331925 -0.0523284 -0.941853 0.069094 -0.0155399 0.998628 -0.0500062 -0.869889 0.943178 -0.00196196 -0.332282 0.55807
1403715896084058112 174 -0.332883 -0.0527344 -0.941492 0.0691058 -0.00924647 0.99857 -0.0526622 -0.895064 0.942923 -0.00882488 -0.332895 0.567299
1403715896184058112 176 -0.334153 -0.0535113 -0.940999 0.0681971 0.00861626 0.998172 -0.0598223 -0.944278 0.94248 -0.0280976 -0.333081 0.584057
1403715896234057984 177 -0.333556 -0.0535549 -0.941208 0.0694155 0.0237318 0.997592 -0.0651734 -0.967821 0.942432 -0.0440755 -0.331482 0.59165
1403715896334057984 179 -0.325598 -0.0551589 -0.943898 0.0714659 0.0618261 0.994918 -0.0794673 -1.00828 0.943485 -0.0842319 -0.320533 0.611048
1403715896384058112 180 -0.323504 -0.0565628 -0.944535 0.0736912 0.0799477 0.993008 -0.0868478 -1.0245 0.942843 -0.103609 -0.31672 0.618786
1403715896484058112 182 -0.318131 -0.0582877 -0.946253 0.0767373 0.106223 0.989632 -0.0966718 -1.04915 0.942077 -0.131268 -0.308641 0.637765
1403715896534057984 183 -0.314924 -0.0593335 -0.94726 0.0773968 0.114445 0.988388 -0.0999577 -1.05836 0.942192 -0.139888 -0.304477 0.650167
1403715896584058112 183 -0.310192 -0.0614796 -0.948684 0.0804805 0.123828 0.986793 -0.104437 -1.05935 0.942575 -0.149869 -0.298482 0.6605
1403715896634057984 185 -0.305213 -0.0615348 -0.950294 0.0802574 0.128993 0.986041 -0.105279 -1.06337 0.943507 -0.154713 -0.293015 0.671859
1403715896684058112 187 -0.301866 -0.061224 -0.951382 0.0806407 0.132813 0.985504 -0.10556 -1.06321 0.944054 -0.158221 -0.289359 0.684876
1403715896784058112 187 -0.304063 -0.0625357 -0.950597 0.0889024 0.140849 0.983926 -0.109781 -1.04897 0.942182 -0.16727 -0.290367 0.702225
1403715896834057984 189 -0.311618 -0.0631031 -0.94811 0.092585 0.14599 0.982766 -0.113393 -1.0359 0.938926 -0.17375 -0.297035 0.713313
1403715896934057984 191 -0.321333 -0.0637376 -0.944819 0.106831 0.163374 0.97904 -0.12161 -0.994214 0.932767 -0.193436 -0.304185 0.72301
1403715896984058112 191 -0.328054 -0.0643177 -0.942467 0.112583 0.176432 0.975953 -0.128016 -0.96721 0.928037 -0.208277 -0.308818 0.733014
1403715897084058112 194 -0.338078 -0.0642902 -0.93892 0.123856 0.201386 0.969613 -0.138905 -0.896511 0.919319 -0.236046 -0.314857 0.752863
1403715897134057984 194 -0.338413 -0.0636272 -0.938844 0.129798 0.205206 0.968709 -0.139619 -0.853832 0.91835 -0.239905 -0.314767 0.761913
1403715897234057984 197 -0.340623 -0.0626404 -0.938111 0.138946 0.191261 0.972298 -0.134369 -0.748345 0.920541 -0.225193 -0.319206 0.785372
1403715897284058112 198 -0.340907 -0.0615305 -0.938081 0.141282 0.166914 0.97804 -0.12481 -0.689074 0.92516 -0.199128 -0.323151 0.797015
1403715897334057984 198 -0.341994 -0.0608554 -0.93773 0.144323 0.134846 0.984395 -0.113063 -0.623557 0.929977 -0.165116 -0.328451 0.810045
1403715897384058112 200 -0.340809 -0.0612496 -0.938135 0.151556 0.0979107 0.990137 -0.100214 -0.55318 0.93502 -0.126007 -0.331451 0.817998
1403715897434057984 201 -0.343522 -0.060141 -0.937217 0.153286 0.069959 0.993536 -0.0893973 -0.482739 0.936535 -0.0962767 -0.337094 0.829955
1403715897484058112 202 -0.342311 -0.0592771 -0.937715 0.155639 0.0486754 0.995549 -0.0807019 -0.411084 0.938325 -0.0732688 -0.337902 0.840945
1403715897534057984 203 -0.34235 -0.0587879 -0.937732 0.157133 0.0333863 0.996649 -0.0746703 -0.340069 0.938979 -0.0568707 -0.33924 0.850531
1403715897634057984 205 -0.343553 -0.056682 -0.937421 0.155675 0.0366581 0.996607 -0.0736955 -0.196545 0.938417 -0.0596824 -0.34031 0.872132
1403715897684058112 206 -0.342496 -0.0567077 -0.937806 0.156134 0.0434924 0.99615 -0.0761195 -0.121405 0.938512 -0.0668581 -0.338711 0.879444
1403715897784058112 207 -0.339228 -0.0559934 -0.939036 0.153394 0.0695072 0.994006 -0.0843807 0.0299085 0.938133 -0.093894 -0.333303 0.894444
1403715897834057984 209 -0.336412 -0.0554421 -0.940081 0.15081 0.0763603 0.993372 -0.0859109 0.105997 0.938614 -0.100686 -0.329949 0.906191
1403715897934057984 211 -0.323349 -0.0557145 -0.944638 0.146223 0.0738173 0.993738 -0.083878 0.266967 0.943396 -0.0968525 -0.317211 0.924524
1403715897984058112 211 -0.318123 -0.0560537 -0.946391 0.143481 0.0695312 0.994183 -0.0822568 0.35093 0.945496 -0.0919715 -0.312375 0.935418
1403715898034057984 213 -0.308011 -0.0565215 -0.949702 0.142043 0.0593765 0.995146 -0.0784833 0.435676 0.949528 -0.0805637 -0.30316 0.945986
1403715898084058112 214 -0.294335 -0.055638 -0.954082 0.140431 0.0496172 0.996068 -0.0733934 0.520076 0.954414 -0.068941 -0.290417 0.95788
1403715898134057984 214 -0.279793 -0.0519193 -0.958656 0.140587 0.0396265 0.997061 -0.0655647 0.607545 0.959242 -0.0563327 -0.276913 0.966517
1403715898184058112 216 -0.266683 -0.0443694 -0.962762 0.142774 0.0352988 0.99782 -0.0557628 0.693829 0.963138 -0.0488554 -0.264536 0.974064
1403715898234057984 217 -0.25896 -0.0337767 -0.965297 0.144808 0.0292399 0.998656 -0.0427882 0.780876 0.965445 -0.0393056 -0.257624 0.982929
1403715898284058112 218 -0.255952 -0.020555 -0.966471 0.148234 0.0253521 0.999287 -0.027967 0.869766 0.966357 -0.0316602 -0.255249 0.98555
1403715898334057984 219 -0.258434 -0.00449327 -0.966019 0.150934 0.0240232 0.99965 -0.0110765 0.957781 0.96573 -0.0260694 -0.258235 0.991711
1403715898384058112 220 -0.264492 0.0137584 -0.96429 0.157568 0.0247258 0.999666 0.00748117 1.04466 0.964071 -0.0218641 -0.264744 0.99658
1403715898434057984 220 -0.276771 0.0335526 -0.96035 0.165537 0.0275071 0.999257 0.0269845 1.1352 0.960542 -0.0189479 -0.277489 1.0029
1403715898484058112 222 -0.287385 0.0540943 -0.956286 0.175942 0.033086 0.998369 0.0465317 1.219 0.957243 -0.0182671 -0.288706 1.00466
1403715898534057984 223 -0.30181 0.0609366 -0.951419 0.164784 0.0406422 0.99787 0.0510192 1.35493 0.952502 -0.0232697 -0.303643 0.998197
1403715898584058112 224 -0.309753 0.0981591 -0.945737 0.189911 0.0440288 0.995071 0.0888589 1.38689 0.949797 -0.0141153 -0.312548 1.00692
1403715898634057984 224 -0.318968 0.120754 -0.940042 0.19686 0.0511968 0.992597 0.110133 1.47371 0.946382 -0.0129983 -0.322789 1.01016
1403715898684058112 226 -0.316246 0.144015 -0.937683 0.203172 0.0562351 0.989518 0.13301 1.55693 0.947009 -0.0106669 -0.321029 1.00924
1403715898734057984 227 -0.311593 0.166442 -0.935525 0.213482 0.0632383 0.985989 0.154358 1.64008 0.948109 -0.0110643 -0.317753 1.00431
1403715898784058112 228 -0.311982 0.187062 -0.931491 0.220642 0.0684317 0.982304 0.174347 1.72443 0.94762 -0.00935045 -0.319262 0.992763
1403715898834057984 229 -0.312826 0.205313 -0.927355 0.229742 0.0737331 0.97866 0.1918 1.80608 0.946944 -0.00837683 -0.321288 0.979118
1403715898884058112 229 -0.313071 0.22095 -0.923671 0.238908 0.0774989 0.975262 0.207024 1.88526 0.946563 -0.00677041 -0.322449 0.961107
1403715898934057984 231 -0.315627 0.234368 -0.919484 0.243619 0.0836051 0.972117 0.219085 1.96619 0.945193 -0.00772424 -0.326421 0.940783
1403715898984058112 232 -0.317259 0.245285 -0.916069 0.250693 0.0857699 0.969435 0.22987 2.04571 0.944452 -0.00564267 -0.3286 0.917496
1403715899034057984 233 -0.315566 0.253387 -0.914447 0.257296 0.0891322 0.967342 0.237285 2.12199 0.944708 -0.00662764 -0.327845 0.89264
1403715899084058112 233 -0.319745 0.259649 -0.911233 0.264029 0.0918022 0.965685 0.242952 2.19874 0.943046 -0.00597053 -0.332609 0.865436
1403715899134057984 235 -0.328476 0.2656 -0.9064 0.269544 0.0968706 0.964061 0.247391 2.27283 0.939531 -0.00654158 -0.3424 0.839191
1403715899184058112 236 -0.340221 0.270343 -0.900647 0.272962 0.0984091 0.962759 0.251813 2.34474 0.935182 -0.00295973 -0.354155 0.814153
1403715899284058112 238 -0.367683 0.27512 -0.888323 0.275596 0.089785 0.961276 0.260551 2.48849 0.925607 0.0160421 -0.378146 0.764115
1403715899334057984 239 -0.384381 0.27578 -0.88102 0.275494 0.0882879 0.960945 0.262279 2.55926 0.918943 0.0230314 -0.393717 0.745334
1403715899484058112 242 -0.411971 0.273318 -0.86924 0.255556 0.0728831 0.960781 0.267559 2.75873 0.908278 0.0468738 -0.415734 0.714755
1403715899534057984 243 -0.412556 0.271149 -0.869641 0.243545 0.0720877 0.961396 0.265559 2.82258 0.908076 0.0468675 -0.416176 0.708643
1403715899684058112 246 -0.409599 0.265088 -0.872902 0.191067 0.0742532 0.963363 0.257717 3.00888 0.909239 0.040745 -0.414276 0.692865
1403715899784058112 247 -0.405702 0.258999 -0.876542 0.143363 0.0597693 0.964476 0.257319 3.1263 0.912049 0.0520044 -0.40677 0.686171
1403715899884058112 250 -0.391266 0.252574 -0.884939 0.0856247 0.0309881 0.964671 0.26163 3.23989 0.919756 0.0749442 -0.38527 0.683017
1403715899934057984 250 -0.386857 0.249956 -0.887617 0.053094 0.0148304 0.964124 0.265037 3.29193 0.92202 0.0893675 -0.376685 0.681205
1403715900084058112 254 -0.381118 0.243697 -0.89183 -0.0524852 -0.0244097 0.961646 0.273206 3.4298 0.924204 0.125893 -0.360552 0.673926
1403715900134057984 254 -0.380171 0.242848 -0.892465 -0.0899327 -0.0316657 0.960932 0.274967 3.46924 0.924374 0.132795 -0.357629 0.670789
1403715900234057984 257 -0.378798 0.240569 -0.893666 -0.171205 -0.0445991 0.959758 0.277264 3.5383 0.924404 0.144884 -0.352825 0.665968
1403715900384058112 260 -0.38051 0.239557 -0.89321 -0.304271 -0.0534724 0.95855 0.279861 3.61058 0.92323 0.154252 -0.351928 0.657333
1403715900434057984 260 -0.380182 0.240178 -0.893183 -0.351547 -0.0485971 0.959174 0.278608 3.62596 0.923634 0.149328 -0.352989 0.653812
1403715900534057984 263 -0.361098 0.241491 -0.900716 -0.449181 -0.00836066 0.96501 0.262081 3.65102 0.93249 0.102168 -0.346445 0.652449
1403715900584058112 263 -0.345668 0.241239 -0.906817 -0.499678 0.00704295 0.967028 0.254572 3.6614 0.93833 0.0816109 -0.33597 0.654304
1403715900634057984 265 -0.326684 0.24233 -0.913539 -0.551155 0.0249877 0.968448 0.24796 3.66568 0.944803 0.0581774 -0.322432 0.656923
1403715900684058112 266 -0.304749 0.24191 -0.921199 -0.602454 0.0436678 0.969738 0.240211 3.67103 0.951431 0.0329772 -0.30609 0.656884
1403715900734057984 267 -0.281832 0.234819 -0.930285 -0.653866 0.0592179 0.971997 0.227408 3.6944 0.957635 0.00900121 -0.287845 0.664749
1403715900784058112 267 -0.258152 0.235198 -0.937038 -0.701372 0.062318 0.971947 0.226792 3.69318 0.964092 0.000152312 -0.265567 0.669476
1403715900834057984 269 -0.236333 0.234646 -0.942915 -0.749373 0.0550096 0.972079 0.228116 3.69705 0.970114 0.00204201 -0.242642 0.67273
1403715900884058112 270 -0.219292 0.233873 -0.947214 -0.793155 0.0471992 0.972251 0.229127 3.6993 0.974517 0.00553793 -0.224245 0.674845
1403715900934057984 270 -0.2067 0.234698 -0.949838 -0.834733 0.0388664 0.972006 0.231718 3.6993 0.977632 0.0109793 -0.210036 0.676639
1403715900984058112 272 -0.194315 0.235478 -0.952256 -0.873368 0.0317617 0.971761 0.23382 3.69764 0.980425 0.0151895 -0.196307 0.680753
1403715901034057984 273 -0.178365 0.235258 -0.955426 -0.907525 0.0269338 0.9718 0.234261 3.69224 0.983596 0.0160508 -0.179672 0.684428
1403715901084058112 273 -0.163987 0.234827 -0.958105 -0.938433 0.0190884 0.971827 0.234923 3.68963 0.986278 0.0202354 -0.163849 0.685532
1403715901134057984 275 -0.149947 0.234288 -0.960534 -0.964343 0.0174181 0.971993 0.234363 3.68286 0.988541 0.0184114 -0.149828 0.690265
1403715901184058112 276 -0.137789 0.235308 -0.962104 -0.985767 0.0143318 0.971741 0.235613 3.67392 0.990358 0.0186761 -0.137267 0.697114
1403715901234057984 276 -0.128706 0.235431 -0.963331 -1.00361 0.0151578 0.971764 0.235467 3.66283 0.991567 0.015704 -0.128641 0.705595
1403715901284058112 278 -0.123996 0.236484 -0.963691 -1.01514 0.0177448 0.971559 0.236132 3.65114 0.992124 0.0121789 -0.124666 0.714497
1403715901334057984 279 -0.124921 0.23639 -0.963595 -1.02164 0.0228964 0.971631 0.235393 3.63847 0.991902 0.00734271 -0.12679 0.721487
1403715901384058112 280 -0.13295 0.236725 -0.962437 -1.02321 0.0297509 0.971573 0.234862 3.62329 0.990676 0.0025916 -0.136214 0.725121
1403715901434057984 280 -0.151883 0.236538 -0.959678 -1.02066 0.0409968 0.971614 0.232992 3.60766 0.987548 -0.00395614 -0.157269 0.734044
1403715901484058112 282 -0.174107 0.237255 -0.955718 -1.01163 0.0492319 0.971425 0.232185 3.59083 0.983495 -0.00662668 -0.180813 0.74184
1403715901534057984 283 -0.191244 0.238009 -0.952249 -1.00019 0.0546462 0.971232 0.23178 3.57264 0.98002 -0.0077104 -0.198748 0.746536
1403715901584058112 283 -0.202163 0.239132 -0.949708 -0.988268 0.0552965 0.970972 0.232715 3.55566 0.97779 -0.00546924 -0.209517 0.753209
1403715901634057984 285 -0.20807 0.242181 -0.947658 -0.974477 0.0514989 0.970231 0.236642 3.53267 0.976757 0.000434836 -0.214348 0.76022
1403715901734057984 287 -0.221712 0.245262 -0.943764 -0.936856 0.054768 0.969456 0.239073 3.48518 0.973573 0.00131723 -0.228373 0.776632
1403715901784058112 288 -0.231863 0.245857 -0.941166 -0.912651 0.0569861 0.969304 0.239168 3.46193 0.971078 0.00182088 -0.238756 0.7815
1403715901834057984 288 -0.243977 0.246474 -0.937937 -0.887954 0.0584983 0.969143 0.239457 3.43707 0.968015 0.00355434 -0.250867 0.785325
1403715901884058112 290 -0.25434 0.246233 -0.935243 -0.860745 0.0579319 0.969187 0.239416 3.41318 0.965378 0.00671265 -0.260768 0.791805
1403715901934057984 291 -0.260921 0.245628 -0.933588 -0.833612 0.0606277 0.969349 0.238092 3.38921 0.963454 0.00552181 -0.267815 0.797679
1403715901984058112 292 -0.265366 0.24498 -0.932505 -0.804627 0.0620029 0.969515 0.237058 3.3648 0.962152 0.00508909 -0.272465 0.803249
1403715902034057984 292 -0.263633 0.243797 -0.933306 -0.774094 0.0620839 0.969817 0.235797 3.33995 0.962623 0.00422072 -0.270812 0.807265
1403715902084058112 294 -0.260084 0.243226 -0.93445 -0.743911 0.0598268 0.969954 0.235816 3.31572 0.963731 0.0054267 -0.266821 0.811459
1403715902134057984 295 -0.260121 0.242313 -0.934677 -0.711335 0.0533765 0.970128 0.236649 3.2913 0.9641 0.0116676 -0.265285 0.814208
1403715902184058112 295 -0.261299 0.241278 -0.934616 -0.679466 0.0462338 0.970273 0.237557 3.26415 0.96415 0.0188624 -0.264686 0.818331
1403715902234057984 297 -0.26681 0.23977 -0.933447 -0.644205 0.0365619 0.970379 0.238806 3.24066 0.963055 0.0295871 -0.267673 0.81923
1403715902284058112 298 -0.274113 0.238969 -0.931534 -0.609417 0.0322194 0.970374 0.239452 3.21227 0.961158 0.0356234 -0.273692 0.817875
1403715902334057984 299 -0.284275 0.238222 -0.928675 -0.573874 0.0261606 0.970205 0.240867 3.18377 0.958386 0.0441778 -0.282037 0.819108
1403715902384058112 300 -0.292968 0.2373 -0.926206 -0.537686 0.0241186 0.970237 0.240952 3.15383 0.955818 0.0482524 -0.289972 0.819636
1403715902434057984 300 -0.299247 0.236495 -0.924403 -0.502614 0.0232304 0.970316 0.240721 3.12186 0.953893 0.0505607 -0.295858 0.822498
1403715902484058112 302 -0.304538 0.23522 -0.923 -0.466144 0.0326407 0.971036 0.236693 3.08694 0.951941 0.0419545 -0.303395 0.823326
1403715902534057984 303 -0.310424 0.234953 -0.921105 -0.431544 0.0471596 0.971587 0.231936 3.05222 0.949428 0.0285597 -0.312685 0.827771
1403715902584058112 303 -0.318373 0.233556 -0.918744 -0.399033 0.0593848 0.972184 0.226563 3.01345 0.946104 0.0175722 -0.323387 0.835245
1403715902634057984 305 -0.324737 0.229573 -0.91752 -0.367186 0.0694958 0.973264 0.218924 2.97331 0.943248 0.00732894 -0.332009 0.840543
1403715902684058112 306 -0.331198 0.222313 -0.916998 -0.33582 0.0762215 0.974975 0.208839 2.93716 0.940478 -0.000727624 -0.339855 0.841707
1403715902734057984 307 -0.341848 0.211271 -0.915699 -0.304723 0.0795578 0.97741 0.195809 2.89984 0.936382 -0.00591418 -0.350934 0.841576
1403715902784058112 307 -0.352344 0.196667 -0.914973 -0.272434 0.0780508 0.98044 0.180682 2.86312 0.93261 -0.00775214 -0.360802 0.838005
1403715902834057984 309 -0.362752 0.179983 -0.91434 -0.242199 0.0769671 0.983606 0.163082 2.8271 0.928702 -0.0112157 -0.370658 0.834794
1403715902884058112 310 -0.374489 0.16163 -0.913036 -0.215169 0.071307 0.986794 0.14544 2.792 0.924486 -0.0106402 -0.381069 0.828514
1403715902934057984 310 -0.38145 0.141042 -0.913566 -0.187949 0.0626328 0.989964 0.126685 2.75806 0.922265 -0.00889524 -0.386455 0.819158
1403715902984058112 312 -0.385958 0.119555 -0.914737 -0.162935 0.0459582 0.992827 0.11037 2.7239 0.921371 0.000558453 -0.388685 0.808926
1403715903034057984 313 -0.385241 0.0958907 -0.91782 -0.139698 0.0330288 0.995382 0.0901307 2.68973 0.922225 0.00440749 -0.386629 0.797557
1403715903084058112 314 -0.384367 0.0706775 -0.920471 -0.116201 0.0148545 0.997409 0.0703822 2.65812 0.923061 0.0133794 -0.384421 0.784588
1403715903134057984 314 -0.38334 0.0457981 -0.922471 -0.0988492 -0.00357152 0.998689 0.0510663 2.62446 0.9236 0.0228704 -0.382674 0.776246
1403715903184058112 316 -0.381042 0.0227059 -0.924279 -0.0820108 -0.0224585 0.999176 0.0338046 2.59256 0.924285 0.0336389 -0.380218 0.76658
1403715903234057984 317 -0.381943 0.00295105 -0.924181 -0.0682129 -0.0313764 0.999377 0.0161583 2.56149 0.923653 0.0351691 -0.381612 0.759225
1403715903284058112 318 -0.388433 -0.013688 -0.921375 -0.0551365 -0.0355692 0.999367 0.000148643 2.52826 0.92079 0.0328303 -0.388674 0.751719
1403715903334057984 318 -0.395877 -0.0275934 -0.917889 -0.0449443 -0.0372328 0.999209 -0.0139799 2.49447 0.917548 0.0286412 -0.396592 0.744769
1403715903384058112 320 -0.405471 -0.0422914 -0.913129 -0.0351955 -0.0379321 0.998847 -0.0294178 2.46073 0.91332 0.0227088 -0.406608 0.737712
1403715903434057984 321 -0.41244 -0.0580067 -0.909136 -0.0271986 -0.0386213 0.998187 -0.0461675 2.42584 0.910166 0.0160707 -0.413933 0.733934
1403715903484058112 322 -0.417178 -0.0752163 -0.905707 -0.0242258 -0.0426733 0.997091 -0.0631497 2.38986 0.907822 0.0123048 -0.419174 0.734179
1403715903534057984 322 -0.419333 -0.0948619 -0.902863 -0.0224348 -0.0470124 0.99546 -0.0827561 2.35356 0.906614 0.00774333 -0.421889 0.737207
1403715903584058112 324 -0.418871 -0.116755 -0.900509 -0.0261283 -0.0549806 0.993141 -0.103191 2.31505 0.90638 0.00628682 -0.422417 0.74805
1403715903634057984 325 -0.418419 -0.141324 -0.897192 -0.0326343 -0.0632874 0.989956 -0.126421 2.28028 0.906046 0.00388385 -0.42316 0.758102
1403715903684058112 326 -0.412654 -0.167154 -0.89542 -0.0407892 -0.0732874 0.985924 -0.150274 2.24025 0.907935 0.00361162 -0.419096 0.772523
1403715903734057984 326 -0.403042 -0.195044 -0.894156 -0.0527947 -0.0844156 0.980784 -0.17589 2.20238 0.91128 0.00458966 -0.411762 0.791518
1403715903784058112 328 -0.390274 -0.224238 -0.892975 -0.065146 -0.0857827 0.974525 -0.207225 2.16371 0.916694 -0.00427272 -0.399567 0.812243
1403715903834057984 329 -0.378166 -0.25455 -0.890053 -0.0819232 -0.0889928 0.966996 -0.238744 2.12246 0.92145 -0.0110765 -0.388338 0.835534
1403715903884058112 330 -0.361152 -0.286365 -0.887448 -0.0954819 -0.0904724 0.95795 -0.272297 2.07697 0.928108 -0.0180511 -0.371874 0.85486
1403715903934057984 331 -0.345394 -0.32192 -0.881516 -0.113536 -0.0982478 0.946566 -0.307181 2.03816 0.933301 -0.0194915 -0.358567 0.884624
1403715903984058112 331 -0.328684 -0.359215 -0.873459 -0.133151 -0.109016 0.933092 -0.342716 1.99724 0.938127 -0.0174244 -0.345853 0.915087
1403715904034057984 333 -0.315914 -0.396208 -0.862101 -0.151338 -0.114949 0.917923 -0.379741 1.95645 0.941799 -0.0208681 -0.335528 0.944686
1403715904084058112 333 -0.306189 -0.433432 -0.847576 -0.172698 -0.123339 0.900896 -0.416142 1.91579 0.943947 -0.0228787 -0.329303 0.975205
1403715904134057984 335 -0.297241 -0.47053 -0.830813 -0.195684 -0.132163 0.88204 -0.452258 1.87702 0.945611 -0.0246276 -0.324365 1.00356
1403715904184058112 336 -0.285662 -0.50749 -0.812927 -0.215047 -0.148079 0.861462 -0.485754 1.84027 0.946821 -0.0183838 -0.321236 1.02892
1403715904234057984 337 -0.274404 -0.54415 -0.792845 -0.235726 -0.164046 0.838897 -0.51898 1.80635 0.947519 -0.0123465 -0.319462 1.05272
1403715904284058112 337 -0.256869 -0.579047 -0.773772 -0.258536 -0.18463 0.815292 -0.548827 1.77449 0.948647 0.0018848 -0.316332 1.07117
1403715904334057984 339 -0.237565 -0.612302 -0.754089 -0.283383 -0.202521 0.790474 -0.578045 1.74035 0.950025 0.0153957 -0.311793 1.09606
1403715904384058112 340 -0.214677 -0.643421 -0.734794 -0.304344 -0.217625 0.764933 -0.606231 1.70937 0.952131 0.0297659 -0.304238 1.11091
1403715904434057984 341 -0.198774 -0.671791 -0.713572 -0.324912 -0.227659 0.739835 -0.633099 1.67808 0.953237 0.0366077 -0.299999 1.13264
1403715904484058112 341 -0.182873 -0.697526 -0.692831 -0.345316 -0.238775 0.715127 -0.656948 1.64952 0.9537 0.0452927 -0.297329 1.15185
1403715904534057984 343 -0.162063 -0.720834 -0.673895 -0.364034 -0.253257 0.690432 -0.677617 1.61889 0.953728 0.0608523 -0.29445 1.16747
1403715904584058112 344 -0.140863 -0.743132 -0.654151 -0.383646 -0.26423 0.664991 -0.698548 1.58899 0.954117 0.0744466 -0.290031 1.17885
1403715904634057984 344 -0.120022 -0.764588 -0.633245 -0.402393 -0.273585 0.638631 -0.719237 1.55888 0.95433 0.0869223 -0.285829 1.18809
1403715904684058112 346 -0.100172 -0.786096 -0.609933 -0.417335 -0.277227 0.610792 -0.741673 1.53186 0.955568 0.0947951 -0.279112 1.1877
1403715904734057984 347 -0.0910407 -0.808143 -0.581908 -0.430583 -0.275685 0.58195 -0.76507 1.50052 0.956927 0.0907708 -0.275774 1.18343
1403715904784058112 348 -0.0896801 -0.831261 -0.548601 -0.440277 -0.272428 0.550288 -0.789282 1.47112 0.957988 0.0786713 -0.275808 1.17849
1403715904834057984 348 -0.0885997 -0.854784 -0.511365 -0.451575 -0.271254 0.514686 -0.813339 1.44426 0.958421 0.066648 -0.277464 1.16899
1403715904884058112 350 -0.0850162 -0.877555 -0.471879 -0.458839 -0.267525 0.476308 -0.837592 1.41997 0.959793 0.0550307 -0.275262 1.15462
1403715904934057984 351 -0.074961 -0.898889 -0.431716 -0.467429 -0.264042 0.435374 -0.860658 1.39478 0.961594 0.0494754 -0.26998 1.13872
1403715904984058112 352 -0.0670912 -0.918759 -0.389077 -0.476194 -0.261696 0.392507 -0.881733 1.36791 0.962816 0.0426635 -0.266769 1.1268
1403715905034057984 352 -0.0532861 -0.936038 -0.347842 -0.481071 -0.25993 0.349331 -0.900225 1.33862 0.964156 0.0424449 -0.261918 1.12389
1403715905084058112 354 -0.0368901 -0.950991 -0.307011 -0.483208 -0.253744 0.306066 -0.917572 1.31808 0.966568 0.044053 -0.252599 1.10491
1403715905134057984 355 -0.0203396 -0.963591 -0.266605 -0.484904 -0.244125 0.263375 -0.933293 1.29908 0.96953 0.0461021 -0.240594 1.08329
1403715905184058112 355 0.00140699 -0.972586 -0.232538 -0.485216 -0.236356 0.225626 -0.945108 1.28442 0.971665 0.0562915 -0.229559 1.06431
1403715905234057984 357 0.0206554 -0.980013 -0.197856 -0.481022 -0.231884 0.187806 -0.954442 1.27054 0.972524 0.065594 -0.22337 1.04129
1403715905284058112 358 0.0378247 -0.985407 -0.165956 -0.480509 -0.241694 0.152123 -0.958354 1.25798 0.969615 0.07636 -0.232413 1.01821
1403715905334057984 359 0.0503935 -0.989401 -0.136186 -0.475942 -0.255437 0.119056 -0.959467 1.24764 0.965512 0.0831379 -0.246729 0.992975
1403715905384058112 359 0.0630131 -0.992389 -0.105795 -0.47577 -0.270229 0.0850801 -0.95903 1.242 0.960732 0.0890203 -0.262811 0.967952
1403715905434057984 361 0.075223 -0.994323 -0.0752506 -0.469063 -0.281296 0.05124 -0.958252 1.23869 0.956668 0.0932503 -0.275845 0.945461
1403715905484058112 362 0.0839301 -0.995422 -0.0457359 -0.457915 -0.294282 0.0190902 -0.955528 1.23758 0.952026 0.0936568 -0.291332 0.923266
1403715905534057984 363 0.0950347 -0.995329 -0.0170026 -0.446799 -0.304399 -0.012794 -0.952459 1.23704 0.947792 0.0956922 -0.304193 0.900204
1403715905584058112 363 0.0973957 -0.995127 0.0153634 -0.429978 -0.314644 -0.0454327 -0.948122 1.23444 0.9442 0.087509 -0.317535 0.880477
1403715905634057984 365 0.091831 -0.994456 0.051229 -0.410458 -0.322844 -0.0784009 -0.943199 1.23751 0.941987 0.070076 -0.328254 0.860414
1403715905684058112 366 0.0841331 -0.992339 0.09047 -0.395508 -0.328802 -0.113354 -0.937572 1.23861 0.940644 0.0491342 -0.335819 0.838329
1403715905734057984 366 0.0807247 -0.988079 0.131084 -0.380419 -0.336588 -0.150811 -0.929497 1.24022 0.938186 0.0309119 -0.344749 0.81835
1403715905784058112 368 0.0819228 -0.981117 0.175207 -0.368722 -0.34031 -0.19277 -0.920342 1.24067 0.936738 0.0157722 -0.349676 0.798193
1403715905834057984 368 0.0872452 -0.972039 0.21801 -0.354207 -0.346761 -0.234791 -0.908091 1.24319 0.933887 0.00362925 -0.35755 0.77842
1403715905884058112 370 0.100659 -0.960079 0.260992 -0.34076 -0.356434 -0.279711 -0.891469 1.24518 0.928882 -0.00329246 -0.37036 0.756264
1403715905934057984 371 0.117005 -0.945585 0.303611 -0.327602 -0.367734 -0.325231 -0.871204 1.24767 0.922541 -0.00971298 -0.385778 0.733309
1403715905984058112 371 0.141598 -0.928502 0.343271 -0.315419 -0.377074 -0.371212 -0.848538 1.24682 0.915295 -0.00928712 -0.402677 0.712644
1403715906034057984 373 0.168291 -0.908256 0.383077 -0.303322 -0.381199 -0.418351 -0.824421 1.24534 0.909046 -0.00728602 -0.416631 0.693043
1403715906084058112 374 0.194616 -0.885087 0.422783 -0.289066 -0.376473 -0.465414 -0.801035 1.24122 0.905755 -0.0032723 -0.423789 0.671576
1403715906134057984 375 0.227663 -0.869133 0.439065 -0.276911 -0.370192 -0.494303 -0.786525 1.23442 0.900626 0.0165248 -0.434281 0.649668
1403715906184058112 375 0.254742 -0.841733 0.476016 -0.262034 -0.343209 -0.538909 -0.769275 1.22502 0.904054 0.0325937 -0.426174 0.628248
1403715906234057984 377 0.278379 -0.811586 0.513647 -0.241106 -0.313584 -0.58228 -0.750077 1.21504 0.907838 0.0477338 -0.416595 0.607464
1403715906284058112 378 0.296721 -0.779935 0.551052 -0.221806 -0.291062 -0.623445 -0.725671 1.21862 0.909527 0.0549314 -0.411999 0.599945
1403715906334057984 379 0.316819 -0.745972 0.585792 -0.199167 -0.269454 -0.662948 -0.698495 1.2083 0.909407 0.0634528 -0.411039 0.588365
1403715906384058112 379 0.333729 -0.710574 0.619443 -0.178398 -0.247949 -0.700146 -0.669565 1.20407 0.909476 0.0698628 -0.409846 0.574097
1403715906434057984 381 0.346904 -0.674486 0.65171 -0.152439 -0.229893 -0.734813 -0.638122 1.19727 0.909289 0.0715438 -0.409969 0.566729
1403715906484058112 382 0.352459 -0.638908 0.683791 -0.1241 -0.209581 -0.766011 -0.607703 1.20299 0.912057 0.0708808 -0.40389 0.557412
1403715906534057984 383 0.358683 -0.601406 0.713903 -0.0955616 -0.188412 -0.795696 -0.575647 1.19854 0.914247 0.0719667 -0.398714 0.546582
1403715906584058112 384 0.360716 -0.564243 0.74264 -0.0644809 -0.17285 -0.822896 -0.541263 1.20541 0.916519 0.066877 -0.394361 0.535951
1403715906634057984 384 0.357846 -0.525137 0.772125 -0.0343869 -0.164037 -0.849375 -0.501652 1.20101 0.91926 0.0528572 -0.390087 0.52813
1403715906684058112 386 0.352619 -0.485172 0.800168 -0.00392989 -0.158529 -0.873705 -0.4599 1.20023 0.922241 0.0353191 -0.384999 0.525033
1403715906734057984 387 0.350718 -0.443128 0.825006 0.0252049 -0.152015 -0.896218 -0.416755 1.20089 0.924061 0.0207498 -0.381682 0.522088
1403715906784058112 388 0.351818 -0.399933 0.846332 0.0541143 -0.146291 -0.916517 -0.372285 1.20746 0.924566 0.00716568 -0.380954 0.524267
1403715906834057984 388 0.351786 -0.354814 0.86623 0.0846417 -0.138293 -0.934925 -0.326789 1.21288 0.925809 -0.00483404 -0.377962 0.526491
1403715906884058112 390 0.352264 -0.307431 0.883966 0.113209 -0.127087 -0.951473 -0.280264 1.21776 0.927232 -0.0136138 -0.37424 0.528815
1403715906934057984 391 0.351041 -0.258597 0.899943 0.141317 -0.111622 -0.965812 -0.233984 1.22172 0.929683 -0.0183151 -0.367904 0.527564
1403715906984058112 392 0.348694 -0.20818 0.913824 0.167092 -0.0959628 -0.977825 -0.186143 1.22063 0.932311 -0.0227863 -0.360939 0.526206
1403715907034057984 392 0.349402 -0.157631 0.923618 0.191489 -0.0759015 -0.987269 -0.139781 1.22323 0.933893 -0.0212643 -0.356918 0.520308
1403715907084058112 394 0.353523 -0.106119 0.929387 0.217719 -0.0481618 -0.994291 -0.0952099 1.22883 0.934185 -0.011102 -0.356616 0.510005
1403715907134057984 395 0.356227 -0.0536368 0.932859 0.244663 -0.0180584 -0.99856 -0.0505186 1.23805 0.934225 0.00115016 -0.356682 0.498693
1403715907184058112 396 0.356344 0.00123331 0.934354 0.268867 0.011407 -0.99993 -0.00303053 1.24486 0.934285 0.0117381 -0.356334 0.492409
1403715907234057984 396 0.356068 0.0573058 0.932701 0.293903 0.0355156 -0.998227 0.0477733 1.25523 0.933785 0.0161149 -0.357472 0.488889
1403715907284058112 398 0.352672 0.113532 0.928834 0.320189 0.0562029 -0.99339 0.100083 1.26975 0.934057 0.0169068 -0.356722 0.482652
1403715907334057984 398 0.349066 0.169263 0.921685 0.341125 0.0769731 -0.985407 0.151814 1.28154 0.933932 0.017952 -0.357001 0.488811
1403715907384058112 400 0.34082 0.224953 0.912819 0.363531 0.0977015 -0.974169 0.203593 1.29374 0.935038 0.0197954 -0.353994 0.494649
1403715907434057984 401 0.331795 0.277235 0.901694 0.38504 0.121879 -0.960428 0.250445 1.3077 0.935445 0.0268015 -0.352455 0.50494
1403715907484058112 402 0.323823 0.327037 0.887798 0.404887 0.142948 -0.944499 0.295784 1.32308 0.935257 0.0311271 -0.352599 0.518937
1403715907534057984 402 0.314782 0.372985 0.872809 0.421163 0.162685 -0.927149 0.337534 1.34072 0.935118 0.0357437 -0.352528 0.530978
1403715907584058112 404 0.306318 0.415391 0.856516 0.435321 0.178264 -0.908882 0.377034 1.36037 0.935089 0.0371938 -0.352456 0.542674
1403715907634057984 405 0.297481 0.455398 0.839117 0.448094 0.188384 -0.889626 0.416024 1.37964 0.935958 0.0343171 -0.350437 0.553181
1403715907684058112 406 0.286387 0.492974 0.821559 0.459322 0.194776 -0.869526 0.453859 1.39783 0.938107 0.0300402 -0.34504 0.566135
1403715907734057984 407 0.275034 0.529209 0.80268 0.469959 0.195602 -0.848216 0.492209 1.41507 0.941327 0.0216315 -0.336802 0.577202
1403715907784058112 407 0.263432 0.563492 0.782995 0.47757 0.196884 -0.825985 0.52819 1.43575 0.944373 0.015017 -0.328534 0.589199
1403715907834057984 409 0.251107 0.596161 0.762586 0.483359 0.198213 -0.802803 0.562333 1.45915 0.947448 0.00994851 -0.319756 0.602259
1403715907884058112 410 0.242476 0.628073 0.739412 0.486236 0.197721 -0.778153 0.596141 1.48145 0.949796 0.00164695 -0.312867 0.612818
1403715907934057984 410 0.237269 0.659317 0.713445 0.489856 0.19414 -0.751784 0.630183 1.50534 0.951847 -0.0110147 -0.306375 0.623025
1403715907984058112 412 0.231516 0.689994 0.685791 0.489257 0.193566 -0.72352 0.662609 1.53012 0.95338 -0.020659 -0.301065 0.633631
1403715908034057984 413 0.226318 0.720877 0.65507 0.489172 0.193559 -0.692391 0.695076 1.55375 0.954628 -0.0305136 -0.296232 0.641662
1403715908084058112 414 0.218687 0.751747 0.622135 0.487776 0.197396 -0.658467 0.726261 1.57562 0.955621 -0.0360173 -0.29239 0.650494
1403715908134057984 415 0.209248 0.781883 0.58726 0.485091 0.199376 -0.622052 0.757166 1.59507 0.957322 -0.0413499 -0.286052 0.660361
1403715908184058112 415 0.199298 0.81121 0.549744 0.479046 0.206 -0.583145 0.785816 1.61355 0.958042 -0.0433646 -0.283329 0.665481
1403715908284058112 418 0.179295 0.864868 0.468889 0.461857 0.219566 -0.499769 0.837867 1.65136 0.958981 -0.0472732 -0.279501 0.678844
1403715908334057984 418 0.168928 0.889089 0.425422 0.452435 0.227404 -0.455138 0.860893 1.66586 0.959036 -0.0486868 -0.279068 0.685002
1403715908384058112 420 0.158048 0.911147 0.380567 0.441988 0.235741 -0.409084 0.881519 1.67865 0.958878 -0.049607 -0.27945 0.690308
1403715908434057984 421 0.145514 0.930835 0.33522 0.429948 0.241763 -0.36201 0.900277 1.69359 0.959362 -0.0499594 -0.277719 0.695307
1403715908484058112 422 0.133032 0.948055 0.288953 0.416357 0.248088 -0.314116 0.916397 1.70788 0.95956 -0.0502243 -0.276989 0.701055
1403715908534057984 422 0.115802 0.963344 0.241989 0.401264 0.253765 -0.264237 0.930474 1.72076 0.960309 -0.0463423 -0.275062 0.706823
1403715908584058112 424 0.100873 0.976101 0.192487 0.386797 0.258754 -0.212555 0.942267 1.7298 0.960662 -0.0452424 -0.274011 0.714096
1403715908634057984 425 0.078815 0.986203 0.145575 0.370217 0.261883 -0.161383 0.951511 1.73849 0.961876 -0.0368698 -0.270989 0.720142
1403715908684058112 426 0.0591765 0.993543 0.0967987 0.355094 0.261093 -0.108998 0.95914 1.74589 0.963498 -0.0314851 -0.265857 0.725396
1403715908734057984 426 0.0398495 0.998005 0.0489703 0.339026 0.257305 -0.0576058 0.964612 1.748 0.965508 -0.025839 -0.259087 0.728236
1403715908784058112 428 0.0256176 0.999672 5.49604e-05 0.320595 0.253511 -0.00654966 0.96731 1.75096 0.966993 -0.0247663 -0.253595 0.732355
1403715908834057984 429 0.0124959 0.998719 -0.049028 0.309233 0.249385 0.0443696 0.967387 1.75048 0.968324 -0.0243152 -0.248511 0.734652
1403715908884058112 430 -0.000136544 0.995357 -0.0962512 0.29296 0.25039 0.0932192 0.963647 1.74944 0.968145 -0.0239688 -0.24924 0.736891
1403715908934057984 430 -0.0135093 0.989674 -0.142702 0.276846 0.256822 0.141361 0.956065 1.74703 0.966364 -0.0237331 -0.25608 0.737721
1403715909034057984 433 -0.0544583 0.972159 -0.227907 0.24502 0.266784 0.234114 0.934889 1.73761 0.962216 -0.00988958 -0.272106 0.738708
1403715909084058112 434 -0.0748617 0.960728 -0.267202 0.227628 0.269889 0.277474 0.922046 1.73017 0.959977 -0.003089 -0.280062 0.736553
1403715909134057984 434 -0.0961639 0.947716 -0.30428 0.210805 0.268249 0.319062 0.908979 1.72103 0.958538 0.00578815 -0.284906 0.732694
1403715909184058112 436 -0.11113 0.933463 -0.341024 0.191115 0.269284 0.358596 0.893809 1.70939 0.956627 0.00749718 -0.291218 0.731021
1403715909234057984 437 -0.127521 0.918119 -0.375228 0.171394 0.266012 0.396115 0.878823 1.69757 0.955498 0.0122532 -0.294743 0.729649
1403715909334057984 439 -0.14979 0.884606 -0.441629 0.129009 0.25787 0.466162 0.846284 1.67105 0.954498 0.012882 -0.29794 0.724711
1403715909384058112 440 -0.163388 0.866889 -0.470964 0.10677 0.251165 0.4982 0.829887 1.65602 0.954055 0.0173034 -0.299132 0.720511
1403715909434057984 441 -0.176003 0.847924 -0.500048 0.0839513 0.24274 0.529675 0.812725 1.6414 0.953992 0.0216603 -0.299049 0.717046
1403715909484058112 441 -0.191694 0.827492 -0.527741 0.0623181 0.227726 0.56054 0.796201 1.62716 0.95467 0.0324464 -0.295893 0.710642
1403715909534057984 443 -0.209593 0.805182 -0.554754 0.0378425 0.21319 0.591337 0.777734 1.61257 0.954264 0.0447399 -0.295597 0.70731
1403715909584058112 444 -0.226559 0.780599 -0.582525 0.0121793 0.198751 0.622544 0.756926 1.59705 0.953504 0.055711 -0.296188 0.696765
1403715909634057984 445 -0.239115 0.753506 -0.612416 -0.0151496 0.183874 0.654438 0.733417 1.57851 0.953422 0.0627641 -0.295036 0.688591
1403715909684058112 445 -0.243982 0.723132 -0.646184 -0.0401979 0.170457 0.687924 0.705482 1.55847 0.954682 0.0619785 -0.291104 0.68096
1403715909734057984 447 -0.251673 0.689823 -0.678826 -0.0677612 0.159056 0.721347 0.674062 1.53613 0.954653 0.0616719 -0.291264 0.671618
1403715909784058112 448 -0.255755 0.653554 -0.71236 -0.100124 0.148812 0.7547 0.638971 1.51211 0.95522 0.0574121 -0.290275 0.663734
1403715909834057984 448 -0.260433 0.611904 -0.746826 -0.13062 0.135469 0.789025 0.599239 1.48669 0.955941 0.0548901 -0.288382 0.65768
1403715909884058112 450 -0.257116 0.567209 -0.78241 -0.164193 0.123229 0.822263 0.555606 1.45942 0.958492 0.046439 -0.281314 0.647991
1403715909934057984 451 -0.247934 0.518163 -0.818557 -0.197848 0.110401 0.854546 0.507506 1.43122 0.962466 0.0354581 -0.269077 0.637548
1403715909984058112 452 -0.240099 0.464398 -0.852459 -0.227045 0.0958605 0.885197 0.455233 1.40246 0.966004 0.0275837 -0.257052 0.630197
1403715910034057984 452 -0.233478 0.407727 -0.88275 -0.25549 0.0804294 0.912827 0.400346 1.37136 0.96903 0.0224731 -0.245918 0.620122
1403715910084058112 454 -0.233159 0.346811 -0.908493 -0.281936 0.0620952 0.937645 0.342003 1.33924 0.970454 0.0233281 -0.240156 0.610004
1403715910134057984 455 -0.237223 0.286047 -0.928387 -0.304856 0.0454732 0.957888 0.283517 1.30617 0.97039 0.02504 -0.24024 0.597745
1403715910184058112 455 -0.241912 0.22458 -0.94395 -0.324333 0.0294829 0.974098 0.224197 1.27288 0.96985 0.0264055 -0.242267 0.580093
1403715910234057984 457 -0.251821 0.166446 -0.953353 -0.340945 0.0118876 0.985557 0.168929 1.23907 0.967701 0.0312067 -0.250162 0.566029
