1548809205283314176 72 -0.0028432 -0.99999 -0.00340594 0.166148 0.00545197 0.0033904 -0.999979 0.0065154 0.999981 -0.00286171 0.00544228 -0.0055248
1548809205450003200 77 -0.00311242 -0.999995 -8.21369e-05 0.197226 0.00450181 6.81249e-05 -0.99999 0.00727235 0.999985 -0.00311276 0.00450158 -0.00262603
1548809206250108416 101 -0.00429506 -0.99999 -0.00158125 0.389284 0.00299638 0.00156839 -0.999994 0.0117017 0.999986 -0.00429977 0.00298962 -0.00304793
1548809206316784384 103 -0.00412185 -0.999976 -0.00556414 0.411017 0.00113181 0.00555952 -0.999984 0.0115428 0.999991 -0.00412809 0.00110886 -0.000248901
1548809206816849408 118 -0.00153425 -0.999938 -0.0110027 0.580168 0.000121497 0.0110025 -0.999939 0.0132151 0.999999 -0.00153549 0.000104609 0.00192396
1548809206850187264 119 -0.00189245 -0.999981 -0.00590268 0.591919 5.93113e-05 0.00590258 -0.999983 0.0131898 0.999998 -0.00189277 4.81398e-05 0.003974
1548809207316915200 133 0.0180933 -0.999808 -0.0075118 0.746485 -0.00447266 0.00743202 -0.999962 0.0150539 0.999826 0.0181262 -0.00433733 0.00605533
1548809207516942336 139 0.0318056 -0.999451 -0.00931377 0.811377 -0.00247829 0.0092396 -0.999954 0.0156674 0.999491 0.0318272 -0.00218305 0.00567246
1548809208117021184 157 0.0575612 -0.998324 -0.0060342 1.00585 0.000391094 0.00606677 -0.999982 0.0192598 0.998342 0.0575578 0.000739648 0.0037317
1548809208150358272 158 0.0569089 -0.998366 -0.00520856 1.01576 0.000709265 0.00525744 -0.999986 0.0209489 0.998379 0.0569044 0.0010073 0.00175577
1548809208750437376 176 0.0610053 -0.998137 -0.00018707 1.21092 -0.00673122 -0.000223991 -0.999977 0.024222 0.998115 0.0610052 -0.00673234 -0.000997857
1548809208983802368 183 0.0603369 -0.998152 -0.00716034 1.28906 -0.00404803 0.00692867 -0.999968 0.024304 0.99817 0.060364 -0.00362249 -0.00431459
1548809209550543360 200 0.0552087 -0.998451 -0.00694592 1.47277 -0.00486979 0.00668719 -0.999966 0.0296197 0.998463 0.0552406 -0.00449306 -0.0119294
1548809209650556416 203 0.0550927 -0.998478 -0.00260335 1.50737 -0.00622796 0.00226362 -0.999978 0.0293209 0.998462 0.0551077 -0.00609377 -0.0136456
1548809210117284352 217 0.0314287 -0.999505 0.00108497 1.65897 -0.00766713 -0.00132656 -0.99997 0.0325994 0.999477 0.0314195 -0.00770503 -0.0176055
1548809210283973376 222 0.0214913 -0.999768 -0.00157888 1.71469 -0.00748929 0.00141821 -0.999971 0.0333944 0.999741 0.0215025 -0.00745707 -0.0180689
1548809210684026368 234 0.00997873 -0.99995 0.000268229 1.8508 -0.00227468 -0.000290941 -0.999997 0.0376971 0.999948 0.00997809 -0.00227747 -0.0210092
1548809210784039424 237 0.0086235 -0.999963 -0.000475287 1.88729 -0.00318238 0.000447858 -0.999995 0.0373648 0.999958 0.00862496 -0.0031784 -0.0215358
1548809211350780416 254 0.00664889 -0.999963 -0.00547014 2.08058 -0.00651404 0.00542683 -0.999964 0.0410969 0.999957 0.00668429 -0.00647772 -0.0161243
1548809211650820352 263 0.00786374 -0.999909 -0.0109824 2.1814 -0.00493092 0.0109438 -0.999928 0.0433675 0.999957 0.00791733 -0.00484441 -0.017541
1548809212383353344 285 0.00505883 -0.999875 -0.0149503 2.42641 -0.0074106 0.0149126 -0.999861 0.0417264 0.99996 0.00516892 -0.00733423 -0.0117558
1548809212416690176 286 0.00221827 -0.99987 -0.0159412 2.43997 -0.00781269 0.0159234 -0.999843 0.0386353 0.999967 0.00234246 -0.00777636 -0.0106868
1548809212783405312 297 0.00335067 -0.999923 -0.0119566 2.55922 -0.00468731 0.0119408 -0.999918 0.0418462 0.999983 0.00340644 -0.00464694 -0.0111765
1548809212983432192 303 0.00192874 -0.999974 -0.00696257 2.62228 -0.00384646 0.00695512 -0.999968 0.0436145 0.999991 0.00195546 -0.00383294 -0.012124
1548809213650186240 323 0.00389426 -0.999991 0.0015127 2.83732 -0.00162513 -0.00151903 -0.999998 0.046271 0.999991 0.0038918 -0.00163103 -0.00839964
1548809213716862208 325 0.00356366 -0.999992 0.00196137 2.85316 -0.00270127 -0.001971 -0.999994 0.0461628 0.99999 0.00355834 -0.00270827 -0.00855683
1548809214183590400 339 0.00119703 -0.999998 -0.00125698 3.01081 -0.00362193 0.00125264 -0.999993 0.0485602 0.999993 0.00120157 -0.00362042 -0.00737359
1548809214250265344 341 0.000774587 -0.999993 -0.00378509 3.0363 -0.00440416 0.00378164 -0.999983 0.0492674 0.99999 0.000791244 -0.0044012 -0.00448742
1548809214683656192 354 -0.00202704 -0.999985 -0.0050085 3.18483 -0.0055582 0.0050197 -0.999972 0.0518388 0.999982 -0.00199915 -0.00556829 -0.00298943
1548809215117046272 367 -0.00214511 -0.999987 -0.00464913 3.33368 -0.00326439 0.00465612 -0.999984 0.0555923 0.999992 -0.0021299 -0.00327433 -0.00270018
1548809215517099264 379 -0.00139982 -0.99993 -0.0117244 3.47444 -0.00589775 0.0117324 -0.999914 0.0571979 0.999982 -0.00133056 -0.00591376 0.000884583
1548809215817138176 388 -0.0044068 -0.999869 -0.0156006 3.57914 -0.000856444 0.0156045 -0.999878 0.0583826 0.99999 -0.0043929 -0.000925097 -0.000475081
1548809216150515200 398 -0.00374526 -0.999945 -0.00976133 3.68794 -0.00440399 0.0097778 -0.999942 0.0591482 0.999983 -0.00370205 -0.00444037 0.0041437
1548809216517230336 409 -0.00377342 -0.999909 -0.0129737 3.81512 -0.00498292 0.0129924 -0.999903 0.060252 0.99998 -0.00370841 -0.00503149 0.00657526
1548809217017296384 424 -0.00144232 -0.999815 -0.0191616 3.98252 -0.00501622 0.0191686 -0.999804 0.0641976 0.999986 -0.00134591 -0.00504294 0.00967775
1548809217117309184 427 -0.0037456 -0.999816 -0.0188336 4.01275 -0.00642461 0.0188574 -0.999802 0.0648327 0.999972 -0.00362385 -0.00649406 0.00885064
1548809217484024320 438 -0.00545559 -0.999886 -0.0140843 4.12974 -0.00597972 0.0141169 -0.999882 0.0670251 0.999967 -0.00537073 -0.00605605 0.0110602
1548809217684051200 444 -0.00534642 -0.999919 -0.0115148 4.19323 -0.00671582 0.0115506 -0.999911 0.06763 0.999963 -0.00526861 -0.00677703 0.0119872
1548809218184117248 459 -0.00567761 -0.999972 -0.004846 4.35168 -0.00447568 0.00487144 -0.999978 0.0692651 0.999974 -0.0056558 -0.00450321 0.013237
1548809218350805248 464 -0.00629771 -0.999976 -0.00304931 4.39895 -0.00350108 0.0030714 -0.999989 0.0698847 0.999974 -0.00628697 -0.00352034 0.0147452
1548809218850871296 479 -0.00348283 -0.999994 -0.000444273 4.55727 -0.00780089 0.000471431 -0.999969 0.0752666 0.999964 -0.00347926 -0.00780248 0.019624
1548809218917547264 481 -0.00466363 -0.999986 0.00240598 4.57974 -0.00839963 -0.00236675 -0.999962 0.0743985 0.999954 -0.00468366 -0.00838848 0.0201102
1548809219450950400 497 -0.00646939 -0.999976 -0.00253563 4.75072 -0.00709955 0.00258155 -0.999971 0.0778687 0.999954 -0.00645121 -0.00711608 0.0208751
1548809219484288256 498 -0.00286093 -0.999992 -0.00270758 4.75847 -0.00908339 0.00273346 -0.999955 0.0765754 0.999955 -0.00283621 -0.00909114 0.0199192
1548809219785130240 507 -0.00527268 -0.999939 -0.00970331 4.85659 -0.00791885 0.0097449 -0.999921 0.0803552 0.999955 -0.00519542 -0.00796975 0.0188047
1548809219818468352 508 -0.00441421 -0.999978 -0.00498067 4.86828 -0.00855244 0.00501829 -0.999951 0.0800265 0.999954 -0.0043714 -0.0085744 0.0188933
1548809219985157376 513 -0.00647477 -0.999929 -0.00999756 4.92868 -0.00763179 0.0100469 -0.99992 0.0819152 0.99995 -0.00639795 -0.0076963 0.019046
1548809220285196288 522 -0.00482152 -0.999878 -0.0148623 5.03036 -0.00833458 0.0149022 -0.999854 0.0816845 0.999954 -0.00469695 -0.00840541 0.0206535
1548809220751924224 536 -0.00613801 -0.999851 -0.0161357 5.18389 -0.00719903 0.0161798 -0.999843 0.082938 0.999955 -0.00602089 -0.00729727 0.0247722
1548809221151977216 548 -0.00692582 -0.999923 -0.0103253 5.31663 -0.00465754 0.0103577 -0.999936 0.0850459 0.999965 -0.00687728 -0.00472892 0.0268781
1548809221585368320 561 -0.00886576 -0.999953 -0.00388532 5.44947 -0.00206385 0.00390376 -0.99999 0.0880948 0.999959 -0.00885765 -0.00209837 0.0291973
1548809221785394176 567 -0.00810681 -0.999967 -0.000821084 5.51267 -0.000878707 0.000828235 -0.999999 0.0884916 0.999967 -0.00810608 -0.000885392 0.0318907
1548809222151306240 578 -0.00859706 -0.999963 -6.70653e-05 5.62982 -0.0041253 0.000102534 -0.999991 0.0916672 0.999955 -0.00859671 -0.00412603 0.0376765
1548809222384670208 585 -0.0115714 -0.999933 0.000691545 5.7052 -0.00146579 -0.000674628 -0.999999 0.0939921 0.999932 -0.0115724 -0.00145789 0.0360547
1548809223051425280 605 -0.00545007 -0.999981 0.00300911 5.92508 -0.00260334 -0.00299496 -0.999992 0.10077 0.999982 -0.00545786 -0.00258697 0.039661
1548809223084762368 606 -0.005403 -0.999979 0.00349611 5.93657 -0.00410253 -0.00347397 -0.999986 0.0998406 0.999977 -0.00541726 -0.00408368 0.0407423
1548809223584828416 621 0.0323462 -0.999462 0.00547427 6.09175 -0.000140174 -0.00548167 -0.999985 0.103849 0.999477 0.0323449 -0.00031741 0.0428575
1548809223851530240 629 0.0388086 -0.99924 0.00371614 6.17445 -0.00138808 -0.00377285 -0.999992 0.105707 0.999246 0.0388031 -0.00153344 0.0421991
1548809224384934400 645 0.0442757 -0.999013 0.00343893 6.34792 -0.00688635 -0.00374742 -0.999969 0.109678 0.998996 0.0442507 -0.00704548 0.0401208
1548809224684973312 654 0.0476231 -0.998865 -0.000837259 6.45183 -0.00984702 0.000368691 -0.999951 0.11266 0.998817 0.047629 -0.00981829 0.0369907
1548809225118363392 667 0.0478819 -0.998846 -0.00364215 6.59121 -0.0137554 0.0029866 -0.999901 0.116775 0.998758 0.0479272 -0.0135965 0.0361433
1548809225485078272 678 0.0500499 -0.998732 -0.0053417 6.71421 -0.0128106 0.004706 -0.999907 0.119899 0.998665 0.0501137 -0.0125588 0.033387
1548809226085157376 696 0.0530218 -0.998593 -0.000748655 6.90372 -0.0094106 0.000250008 -0.999956 0.124457 0.998549 0.0530264 -0.0093841 0.0264391
1548809226218508288 700 0.0530626 -0.99859 -0.00155033 6.94472 -0.0111966 0.000957467 -0.999937 0.124611 0.998528 0.0530766 -0.01113 0.0235866
1548809226818587392 718 0.0536945 -0.998557 0.000536935 7.13256 -0.0136433 -0.00127129 -0.999906 0.128369 0.998464 0.0536822 -0.0136918 0.0173621
1548809226951938304 722 0.0533515 -0.998569 0.00363476 7.1732 -0.0142322 -0.00439996 -0.999889 0.130543 0.998474 0.0532938 -0.0144466 0.0163794
1548809227585355264 741 0.0526426 -0.998602 0.00483643 7.37436 -0.0125597 -0.00550485 -0.999906 0.136335 0.998534 0.0525769 -0.012832 0.00765426
1548809227618693376 742 0.0535322 -0.998564 0.00212491 7.38243 -0.0133807 -0.0028451 -0.999906 0.135385 0.998476 0.0534988 -0.0135138 0.00706082
1548809228018746368 754 0.0542267 -0.998511 0.00598086 7.50454 -0.0115438 -0.00661617 -0.999911 0.140348 0.998462 0.0541528 -0.0118854 0.0014332
1548809228285447168 762 0.0545963 -0.998501 0.0037974 7.58507 -0.00882092 -0.00428523 -0.999952 0.143796 0.99847 0.0545601 -0.00904165 -0.00201256
1548809228851302400 779 0.0522222 -0.998635 0.00101925 7.77537 -0.00770277 -0.00142341 -0.999969 0.149124 0.998606 0.0522127 -0.00776659 -0.00793961
1548809229118003200 787 0.0536638 -0.998559 0.000735851 7.8693 -0.00554734 -0.00103502 -0.999984 0.15065 0.998544 0.0536589 -0.00559489 -0.0118065
1548809229684745216 804 0.0522304 -0.998629 -0.00348828 8.07145 -0.00479956 0.00324198 -0.999983 0.156556 0.998624 0.0522462 -0.00462365 -0.0167009
1548809229751420416 806 0.0506552 -0.998713 -0.00247479 8.09772 -0.00647959 0.00214928 -0.999977 0.156937 0.998695 0.0506701 -0.00636238 -0.0164734
1548809230218148352 820 0.0518196 -0.998656 0.000289063 8.25337 -0.00627867 -0.000615242 -0.99998 0.16034 0.998637 0.0518168 -0.00630211 -0.0200976
1548809230318162176 823 0.0510629 -0.998695 -0.00103816 8.29125 -0.00500244 0.000783732 -0.999987 0.161628 0.998683 0.0510674 -0.0049559 -0.0228762
1548809230918241280 841 0.0490105 -0.998798 -0.00105135 8.48943 -0.00387654 0.000862386 -0.999992 0.16828 0.998791 0.0490142 -0.00382961 -0.028026
1548809231018254336 844 0.0475435 -0.998869 -0.000556094 8.52797 -0.00334569 0.000397474 -0.999994 0.168888 0.998864 0.0475451 -0.00332301 -0.0315635
1548809231418306304 856 0.040882 -0.999149 -0.00553719 8.66223 0.00087216 0.00557751 -0.999984 0.171806 0.999164 0.0408765 0.00109944 -0.0370465
1548809231518320384 859 0.0422527 -0.999102 -0.00306261 8.69897 0.00300623 0.00319247 -0.99999 0.173511 0.999102 0.0422431 0.00313842 -0.0405731
1548809231818359296 868 0.0246037 -0.999695 -0.0022692 8.79212 -0.000830615 0.00224944 -0.999997 0.175051 0.999697 0.0246056 -0.000775017 -0.0415658
1548809231985048320 873 0.0144424 -0.99988 -0.00560679 8.84724 -0.00109391 0.00559157 -0.999984 0.175235 0.999895 0.0144483 -0.00101302 -0.0416297
1548809232584148224 891 -0.00466028 -0.999964 -0.00708963 9.04071 -0.00146427 0.00709653 -0.999974 0.178628 0.999988 -0.00464977 -0.00149729 -0.040722
1548809232684161280 894 -0.00401306 -0.999981 -0.00462755 9.07021 -1.62612e-05 0.00462766 -0.999989 0.180318 0.999992 -0.00401294 -3.48319e-05 -0.0402559
1548809233084214272 906 -0.00864078 -0.999962 -0.00142096 9.19885 0.000486643 0.00141681 -0.999999 0.183401 0.999963 -0.00864146 0.000474382 -0.0372436
1548809233117551360 907 -0.0069389 -0.999967 -0.00416512 9.20762 0.000639982 0.00416077 -0.999991 0.183862 0.999976 -0.0069415 0.00061109 -0.0384013
1548809233584280320 921 -0.0084977 -0.999964 -0.000107811 9.35501 0.00115137 9.80307e-05 -0.999999 0.184418 0.999963 -0.00849782 0.0011505 -0.0386064
1548809233617617408 922 -0.00806652 -0.999964 0.00274302 9.35793 -0.000493133 -0.00273913 -0.999996 0.184643 0.999967 -0.00806784 -0.00047102 -0.0384982
1548809233984332288 933 -0.00785752 -0.999965 0.00277943 9.4691 0.0011266 -0.00278836 -0.999995 0.18664 0.999968 -0.00785435 0.00114847 -0.0371793
1548809234017670400 934 -0.00951459 -0.999948 0.00380213 9.48127 0.00240992 -0.00382522 -0.99999 0.187403 0.999952 -0.00950533 0.00244619 -0.0363839
1548809234517736192 949 -0.00622967 -0.99998 -0.000692154 9.64419 -0.00373639 0.00071544 -0.999993 0.188342 0.999974 -0.00622704 -0.00374077 -0.029546
1548809234551074304 950 -0.00656253 -0.999978 0.000504511 9.65563 -0.00521531 -0.000470289 -0.999986 0.190333 0.999965 -0.00656507 -0.00521211 -0.0293453
1548809235051140352 965 -0.00256286 -0.999985 -0.00480844 9.81701 -0.00358224 0.0048176 -0.999982 0.193856 0.99999 -0.00254559 -0.00359454 -0.0264125
1548809235217828352 970 0.0010016 -0.999987 -0.00494595 9.87211 -0.0051974 0.00494068 -0.999974 0.194964 0.999986 0.00102728 -0.00519238 -0.0260278
1548809235684556288 984 0.0512303 -0.998665 -0.00653782 10.0206 -0.00361917 0.00636072 -0.999973 0.200509 0.99868 0.0512526 -0.00328848 -0.0208021
1548809235717894400 985 0.0551594 -0.998469 -0.00412663 10.0306 -0.00432536 0.00389394 -0.999983 0.200674 0.998468 0.0551763 -0.00410395 -0.0216447
1548809235751232256 986 0.0621076 -0.998054 -0.00560283 10.0405 -0.0047976 0.00531506 -0.999974 0.197999 0.998058 0.0621329 -0.00445815 -0.0195692
1548809235784569344 987 0.069151 -0.997585 -0.00650181 10.0587 -0.00501363 0.00616981 -0.999968 0.199483 0.997594 0.0691814 -0.00457487 -0.0226082
1548809235817907200 988 0.0730304 -0.997301 -0.00756941 10.0695 -0.00309389 0.0073631 -0.999968 0.20041 0.997325 0.0730515 -0.00254781 -0.0225945
1548809235851245312 989 0.0821696 -0.996599 -0.00617403 10.0748 -0.00421914 0.00584707 -0.999974 0.2025 0.996609 0.0821935 -0.00372434 -0.023798
1548809235884583424 990 0.0836812 -0.996485 -0.00386225 10.0854 -0.0052739 0.00343291 -0.99998 0.201908 0.996479 0.0836999 -0.00496809 -0.0229101
1548809235984596224 993 0.104624 -0.994498 -0.00522553 10.1171 -0.00431033 0.00480087 -0.999979 0.203053 0.994503 0.104644 -0.00378433 -0.0246008
1548809236052366336 995 0.115938 -0.993235 -0.00646051 10.1388 -0.00490329 0.00593197 -0.99997 0.204133 0.993244 0.115966 -0.00418238 -0.0250291
1548809236185717248 999 0.135201 -0.990814 -0.00278666 10.181 -0.00294491 0.00241063 -0.999993 0.206183 0.990814 0.135209 -0.00259194 -0.0298083
1548809236219055360 1000 0.143635 -0.989624 -0.00369361 10.1924 -0.00139197 0.00353027 -0.999993 0.205283 0.98963 0.143639 -0.000870453 -0.0300775
1548809236285730304 1002 0.146613 -0.989184 -0.00440003 10.2158 -0.00193307 0.00416159 -0.999989 0.206797 0.989192 0.14662 -0.00130202 -0.0326375
1548809236486632192 1008 0.159797 -0.98714 -0.0044112 10.2797 7.82923e-05 0.0044813 -0.99999 0.206782 0.98715 0.159796 0.000793385 -0.0414258
1548809236586645248 1011 0.161343 -0.986896 -0.00225685 10.3115 -0.000236925 0.00224808 -0.999997 0.206956 0.986898 0.161343 0.000128891 -0.0461907
1548809236886684416 1020 0.162134 -0.986721 -0.00971585 10.4098 0.000228653 0.00988369 -0.999951 0.208478 0.986769 0.162123 0.0018281 -0.0618966
1548809237086711296 1026 0.16372 -0.986478 -0.00758524 10.4727 -0.00113778 0.00750017 -0.999971 0.209623 0.986506 0.163724 0.000105528 -0.0717161
1548809237420088320 1036 0.162383 -0.986657 -0.0118316 10.5774 -0.00227242 0.0116167 -0.99993 0.212004 0.986725 0.162399 -0.00035574 -0.0886879
1548809237753465344 1046 0.164293 -0.986341 -0.0118303 10.6886 0.000474615 0.0120723 -0.999927 0.214455 0.986411 0.164275 0.00245153 -0.108986
1548809238186856192 1059 0.154973 -0.987886 -0.00805823 10.8309 -0.00218684 0.00781372 -0.999967 0.217559 0.987916 0.154985 -0.000949433 -0.130602
1548809238253531392 1061 0.151345 -0.988465 -0.00560284 10.8516 -0.000896831 0.00553082 -0.999984 0.218297 0.988481 0.151348 -4.9425e-05 -0.134829
1548809238620246272 1072 0.128355 -0.991727 -0.00180467 10.9646 -0.00155334 0.00161868 -0.999997 0.22031 0.991727 0.128357 -0.00133272 -0.150325
1548809239052762368 1085 0.0990358 -0.995081 0.00223725 11.1036 0.00129679 -0.00211924 -0.999997 0.223868 0.995083 0.0990384 0.00108053 -0.170381
1548809239451847168 1097 0.0969405 -0.995274 0.00558982 11.2342 0.0039618 -0.00523036 -0.999978 0.227388 0.995282 0.0969605 0.00343605 -0.182922
1548809239885238272 1110 0.0930017 -0.995666 -0.000205521 11.3867 0.000769147 0.000278259 -1 0.233363 0.995666 0.0930015 0.000791692 -0.192491
1548809239951913216 1112 0.0911159 -0.995839 0.00187835 11.4096 5.62904e-06 -0.00188568 -0.999998 0.232748 0.99584 0.0911158 -0.00016621 -0.193688
1548809240451979264 1127 0.0810093 -0.996713 0.00121604 11.5726 0.00404382 -0.000891371 -0.999991 0.239345 0.996705 0.0810135 0.00395832 -0.207722
1548809240685343232 1134 0.0654122 -0.997858 0.000488573 11.6536 -0.000914351 -0.00054956 -0.999999 0.24057 0.997858 0.0654117 -0.00094834 -0.212371
1548809241151002368 1148 0.0492541 -0.998786 0.000279741 11.8052 0.00367163 -9.90159e-05 -0.999993 0.244093 0.99878 0.0492548 0.0036623 -0.221417
1548809241284353280 1152 0.0469027 -0.998898 0.00140792 11.8475 0.00281443 -0.00127731 -0.999995 0.246173 0.998895 0.0469064 0.00275142 -0.223073
1548809241751081216 1166 0.0469778 -0.998895 -0.00139623 11.9946 0.00592855 0.00167657 -0.999981 0.249926 0.998878 0.0469686 0.00600076 -0.231129
1548809242051121408 1175 0.045381 -0.998965 -0.0031869 12.0889 0.00462927 0.00340045 -0.999984 0.251127 0.998959 0.0453655 0.0047788 -0.231024
1548809242517849344 1189 0.0435749 -0.999041 -0.0043017 12.2278 0.00176775 0.00438288 -0.999989 0.254031 0.999049 0.0435669 0.00195703 -0.236099
1548809242551187200 1190 0.0426963 -0.999088 -0.000763365 12.2352 0.000930772 0.000803838 -0.999999 0.252916 0.999088 0.0426956 0.000964244 -0.233811
1548809242950059264 1202 0.0287137 -0.999576 -0.00475042 12.3621 0.00285835 0.00483447 -0.999984 0.255356 0.999584 0.0286997 0.00299595 -0.239544
1548809243083410176 1206 0.0207744 -0.999766 -0.00609106 12.4028 0.00299373 0.00615455 -0.999977 0.257969 0.99978 0.0207557 0.00312088 -0.241328
1548809243550138368 1220 0.0136843 -0.999887 -0.00628797 12.5458 -0.00211661 0.00625958 -0.999978 0.259395 0.999904 0.0136973 -0.00203072 -0.239315
1548809243583476224 1221 0.0106612 -0.999926 -0.00584362 12.5533 -0.00168419 0.00582599 -0.999982 0.260221 0.999942 0.0106709 -0.00162195 -0.239919
1548809243916853248 1231 0.010767 -0.99993 -0.00491526 12.658 -0.00115798 0.00490308 -0.999987 0.262929 0.999941 0.0107726 -0.00110511 -0.240163
1548809244050204416 1235 0.010011 -0.999938 -0.00496217 12.7002 0.000298484 0.0049654 -0.999988 0.264087 0.99995 0.0100094 0.000348174 -0.240903
1548809244550270208 1250 0.0100067 -0.99995 0.00028497 12.8584 0.00250446 -0.000259921 -0.999997 0.266461 0.999947 0.0100073 0.00250174 -0.240165
1548809244850310400 1259 0.0066844 -0.999972 0.0032533 12.9622 -0.00139665 -0.00326271 -0.999994 0.270307 0.999977 0.00667981 -0.00141842 -0.237312
1548809245050336256 1265 0.00743439 -0.999972 0.00130759 13.0256 -0.000626481 -0.00131229 -0.999999 0.271109 0.999972 0.00743356 -0.000636219 -0.238528
1548809245083674368 1266 0.00964796 -0.999953 0.000856435 13.0369 -0.000366298 -0.000860009 -1 0.270979 0.999953 0.00964764 -0.000374578 -0.239701
1548809245450389248 1277 0.00785494 -0.999969 -0.000819334 13.155 -0.00221598 0.00080195 -0.999997 0.273356 0.999967 0.00785673 -0.00220961 -0.239486
1548809245883779328 1290 0.00553089 -0.999979 -0.00330453 13.2963 -0.00405614 0.00328212 -0.999986 0.277102 0.999976 0.00554422 -0.0040379 -0.237176
1548809246450520320 1307 0.00657512 -0.999965 -0.00518916 13.477 0.00178242 0.00520099 -0.999985 0.281108 0.999977 0.00656577 0.00181655 -0.238519
1548809246617209344 1312 0.00518104 -0.999966 -0.00642971 13.5319 0.000568236 0.00643274 -0.999979 0.279919 0.999986 0.00517727 0.000601545 -0.237934
1548809247117275392 1327 0.00431472 -0.999989 -0.00168513 13.6879 -8.75044e-06 0.00168511 -0.999999 0.282675 0.999991 0.00431473 -1.47955e-06 -0.235277
1548809247150613248 1328 0.00519821 -0.999981 -0.00327562 13.7 0.000261541 0.00327703 -0.999995 0.282343 0.999986 0.00519732 0.00027857 -0.237038
1548809247617341184 1342 0.00392928 -0.999988 -0.00276298 13.8479 -0.00351724 0.00274917 -0.99999 0.284831 0.999986 0.00393896 -0.00350639 -0.236042
1548809247784029184 1347 0.00316589 -0.999993 -0.00199724 13.9023 -0.00463503 0.00198255 -0.999987 0.286155 0.999984 0.00317511 -0.00462872 -0.236141
1548809248317433344 1363 0.00934914 -0.999942 -0.00536351 14.0701 -0.00629452 0.00530479 -0.999966 0.290172 0.999936 0.00938259 -0.00624456 -0.233046
1548809248350771200 1364 0.0106139 -0.999941 -0.00238768 14.0835 -0.00655017 0.00231824 -0.999976 0.290242 0.999922 0.0106293 -0.00652518 -0.234029
1548809248750823424 1376 0.0451727 -0.998978 -0.00176183 14.2142 -0.00542354 0.00151836 -0.999984 0.292432 0.998964 0.0451815 -0.00534941 -0.23252
1548809248950850304 1382 0.0579945 -0.998317 -0.000592737 14.2801 -0.00597919 0.000246381 -0.999982 0.293822 0.998299 0.057997 -0.00595483 -0.235042
1548809249217552384 1390 0.0609276 -0.998141 0.0017398 14.3712 -0.00788871 -0.00222452 -0.999966 0.297223 0.998111 0.0609119 -0.00800958 -0.237449
1548809249584267264 1401 0.0614186 -0.998112 -0.000686535 14.5006 -0.00386379 0.000450071 -0.999992 0.299921 0.998105 0.0614208 -0.00382886 -0.24317
1548809249617604352 1402 0.0601132 -0.998184 0.00393864 14.509 -0.00399656 -0.00418643 -0.999983 0.299914 0.998184 0.0600964 -0.00424096 -0.244276
1548809249650942208 1403 0.0608779 -0.998145 -0.00086072 14.5257 -0.00341413 0.000654083 -0.999994 0.300179 0.998139 0.0608805 -0.00336797 -0.245161
1548809249817631232 1408 0.0609113 -0.998139 0.00295054 14.5816 -0.00170289 -0.00305994 -0.999994 0.300896 0.998142 0.0609059 -0.00188611 -0.248106
1548809249884306176 1410 0.0627324 -0.998018 0.0050624 14.6033 -0.000873956 -0.00512732 -0.999986 0.301615 0.99803 0.0627272 -0.00119387 -0.250064
1548809250217683200 1420 0.0630387 -0.998011 -0.000233971 14.7172 -0.00456281 -5.37715e-05 -0.99999 0.304995 0.998001 0.0630391 -0.00455713 -0.254619
1548809250284359168 1422 0.0624019 -0.99805 0.00155884 14.7409 -0.00537942 -0.0018982 -0.999984 0.304558 0.998037 0.0623925 -0.00548738 -0.256691
1548809250751087360 1436 0.0628869 -0.99802 0.00110819 14.8962 -0.00659396 -0.00152586 -0.999977 0.310404 0.997999 0.0628782 -0.00667686 -0.261774
1548809250851100416 1439 0.0645944 -0.997911 -0.00135243 14.9314 -0.00608077 0.000961629 -0.999981 0.310041 0.997893 0.0646014 -0.00600594 -0.267639
1548809251317828352 1453 0.0654125 -0.997849 0.00436192 15.0871 -0.00748973 -0.00486213 -0.99996 0.314221 0.99783 0.0653772 -0.00779166 -0.276484
1548809251517855232 1459 0.0656195 -0.997843 0.00188267 15.1533 -0.00756629 -0.00238425 -0.999969 0.316224 0.997816 0.0656032 -0.00770642 -0.277246
1548809252017921280 1474 0.0626047 -0.998034 0.00286876 15.3196 -0.00700006 -0.00331342 -0.99997 0.320117 0.998014 0.0625827 -0.00719374 -0.284569
1548809252184609280 1479 0.0637554 -0.997957 0.00423228 15.3757 -0.00647541 -0.0046545 -0.999968 0.320749 0.997945 0.063726 -0.00675893 -0.285458
1548809252551324416 1490 0.0656689 -0.997841 0.00136038 15.4956 -0.00763624 -0.00186583 -0.999969 0.323059 0.997812 0.0656565 -0.00774227 -0.29008
1548809252651337216 1493 0.0661117 -0.997812 0.000636298 15.5289 -0.00779758 -0.00115432 -0.999969 0.325686 0.997782 0.0661047 -0.00785683 -0.291258
1548809253051390208 1505 0.0657327 -0.997835 0.0022734 15.6591 -0.00778397 -0.00279102 -0.999966 0.328567 0.997807 0.0657128 -0.00795058 -0.299359
1548809253251416320 1511 0.0647082 -0.997904 -0.000973949 15.7239 -0.00843966 0.000428698 -0.999964 0.33032 0.997869 0.0647141 -0.00839423 -0.300144
1548809253751482368 1526 0.0640758 -0.997933 -0.00484209 15.8868 -0.00960196 0.00423532 -0.999945 0.334077 0.997899 0.0641188 -0.00931073 -0.307295
1548809253851495424 1529 0.0656098 -0.997845 0.000248837 15.9181 -0.0106548 -0.00094993 -0.999943 0.334293 0.997788 0.0656034 -0.0106942 -0.311127
1548809254284886272 1542 0.0641454 -0.997938 0.00223095 16.0611 -0.0101897 -0.00289041 -0.999944 0.339037 0.997889 0.0641191 -0.0103541 -0.318347
1548809254351561216 1544 0.0630021 -0.99801 0.00270679 16.083 -0.00926264 -0.00329679 -0.999952 0.3385 0.99797 0.062974 -0.00945191 -0.318328
1548809254751614208 1556 0.0627925 -0.998003 0.00683938 16.2166 -0.0100141 -0.00748259 -0.999922 0.344201 0.997976 0.0627191 -0.0104639 -0.322897
1548809254884965376 1560 0.0631773 -0.997963 0.00884366 16.2594 -0.009213 -0.00944418 -0.999913 0.344443 0.99796 0.0630903 -0.00979089 -0.323283
1548809255351693312 1574 0.0635788 -0.997896 0.0127118 16.4137 -0.0157142 -0.013737 -0.999782 0.350067 0.997853 0.0633651 -0.0165545 -0.329084
1548809255585057280 1581 0.0641012 -0.997865 0.0124881 16.4902 -0.0150893 -0.0134816 -0.999795 0.351619 0.997829 0.0638997 -0.0159213 -0.332546
1548809256085123328 1596 0.0633271 -0.99794 0.0102437 16.6568 -0.0171202 -0.0113491 -0.999789 0.359203 0.997846 0.0631383 -0.0178036 -0.341534
1548809256285149184 1602 0.063612 -0.997924 0.0100508 16.7254 -0.0168861 -0.0111461 -0.999795 0.361199 0.997832 0.0634293 -0.0175601 -0.34409
1548809256785215232 1617 0.0688001 -0.997627 0.00254158 16.8945 -0.0148345 -0.00357037 -0.999884 0.368711 0.99752 0.0687544 -0.0150449 -0.353995
1548809256818553344 1618 0.0654065 -0.997836 0.00679186 16.9047 -0.0183821 -0.00801014 -0.999799 0.368051 0.997689 0.0652685 -0.0188662 -0.355605
1548809257085255168 1626 0.0654491 -0.997847 0.00412262 16.9928 -0.0169537 -0.00524286 -0.999843 0.372729 0.997712 0.0653689 -0.0172603 -0.361575
1548809257418632192 1636 0.0655939 -0.997845 -0.00159476 17.103 -0.0180664 0.000410335 -0.999837 0.375019 0.997683 0.065612 -0.0180006 -0.366149
1548809257752009216 1646 0.0643483 -0.997925 -0.00210792 17.2134 -0.0213997 0.000731925 -0.999771 0.379724 0.997698 0.0643787 -0.0213082 -0.373456
1548809257918698240 1651 0.0644456 -0.997908 -0.00514432 17.2678 -0.0223416 0.00371094 -0.999744 0.381561 0.997671 0.064544 -0.0220557 -0.374796
1548809258318751232 1663 0.0654781 -0.997851 0.00244549 17.3963 -0.0154449 -0.00346393 -0.999875 0.384255 0.997734 0.0654321 -0.0156385 -0.385016
1548809258785479168 1677 0.0791309 -0.996863 0.00138256 17.5454 -0.015124 -0.00258729 -0.999882 0.387082 0.99675 0.0791006 -0.0152813 -0.391566
1548809258818816256 1678 0.0812374 -0.996689 0.00350934 17.5554 -0.0158929 -0.0048159 -0.999862 0.38678 0.996568 0.0811704 -0.0162315 -0.393728
1548809259018843392 1684 0.0848236 -0.996388 0.00405603 17.6173 -0.0191628 -0.00570127 -0.9998 0.386727 0.996212 0.0847289 -0.0195772 -0.394216
1548809259318882304 1693 0.085 -0.996376 0.0030576 17.7136 -0.0201238 -0.00478481 -0.999786 0.391395 0.996178 0.0849203 -0.0204576 -0.400441
1548809259485571328 1698 0.0857994 -0.996307 0.00327206 17.767 -0.0200738 -0.00501219 -0.999786 0.392786 0.99611 0.0857153 -0.0204297 -0.403974
1548809259852286208 1709 0.0837655 -0.996462 0.00677619 17.8834 -0.0147996 -0.00804337 -0.999858 0.398093 0.996376 0.0836533 -0.015421 -0.412305
1548809259985637376 1713 0.084081 -0.996431 0.00741197 17.9288 -0.0141524 -0.0086317 -0.999863 0.400925 0.996358 0.0839646 -0.0148276 -0.41879
1548809260285676288 1722 0.0845377 -0.996405 0.0054366 18.0255 -0.0119017 -0.00646548 -0.999908 0.404017 0.996349 0.0844652 -0.0124055 -0.424789
1548809260485703168 1728 0.0849428 -0.996366 0.00621694 18.0911 -0.0135605 -0.00739494 -0.999881 0.405627 0.996294 0.0848484 -0.0141393 -0.43049
1548809260852418304 1739 0.0870817 -0.996171 0.00778145 18.2064 -0.0137343 -0.00901091 -0.999865 0.411521 0.996106 0.086963 -0.0144664 -0.436232
1548809261185795328 1749 0.0892397 -0.99601 5.53587e-06 18.3168 -0.0127011 -0.00114354 -0.999919 0.414995 0.995929 0.0892324 -0.0127525 -0.443257
1548809261652523264 1763 0.0889955 -0.99603 0.00176415 18.4719 -0.0148761 -0.00310016 -0.999885 0.420477 0.995921 0.088959 -0.015093 -0.452702
1548809261819212288 1768 0.0877748 -0.996137 0.00273064 18.5257 -0.0132575 -0.00390915 -0.999904 0.420862 0.996052 0.0877302 -0.0135494 -0.455987
1548809262185927168 1779 0.0881881 -0.996097 0.00376744 18.6439 -0.014095 -0.00502967 -0.999888 0.425583 0.996004 0.0881252 -0.0144835 -0.466357
1548809262585979392 1791 0.0880486 -0.996114 -0.00214059 18.7653 -0.0111166 0.00116619 -0.999938 0.425508 0.996054 0.0880669 -0.0109707 -0.477873
1548809263486098176 1818 0.0878447 -0.996129 -0.00313693 18.9465 -0.0131246 0.00199143 -0.999912 0.430584 0.996048 0.0878781 -0.0128988 -0.491376
1548809263952826368 1832 0.0795538 -0.996807 -0.00692107 19.043 -0.0134464 0.00586936 -0.999892 0.436268 0.99674 0.0796383 -0.0129366 -0.501861
1548809264419554304 1846 0.0167778 -0.999847 -0.00501073 19.1317 -0.0143091 0.00477082 -0.999886 0.436163 0.999757 0.0168476 -0.0142268 -0.510881
1548809264819607296 1858 -0.00478831 -0.999988 0.00123556 19.2094 -0.0147629 -0.00116474 -0.99989 0.438233 0.99988 -0.00480603 -0.0147571 -0.513082
1548809265486361344 1878 -0.00635107 -0.999961 0.00606444 19.3425 -0.0170628 -0.00595532 -0.999837 0.44116 0.999834 -0.00645351 -0.0170243 -0.512165
1548809265686388224 1884 -0.00753466 -0.999949 0.00674862 19.3821 -0.0153874 -0.00663207 -0.99986 0.443049 0.999853 -0.00763744 -0.0153366 -0.512371
1548809266319805184 1903 -0.00965106 -0.999913 0.00896909 19.5089 -0.0143589 -0.00883 -0.999858 0.446336 0.99985 -0.00977847 -0.0142724 -0.513282
1548809266819870208 1918 -0.0117092 -0.999912 0.0061645 19.6039 -0.0113216 -0.00603195 -0.999918 0.447935 0.999867 -0.011778 -0.01125 -0.508519
1548809267553300224 1940 -0.0106045 -0.999894 0.010024 19.7334 -0.0143314 -0.00987156 -0.999849 0.452524 0.999841 -0.0107466 -0.0142251 -0.502904
1548809267886678272 1950 -0.00987099 -0.999916 0.00834248 19.7966 -0.0143915 -0.00819996 -0.999863 0.454074 0.999848 -0.0099897 -0.0143094 -0.501112
1548809268653445376 1973 -0.00822052 -0.999959 0.00387381 19.9368 -0.0132643 -0.00376456 -0.999905 0.45885 0.999878 -0.00827113 -0.0132329 -0.496841
1548809268686783232 1974 -0.00705803 -0.999969 0.00351316 19.9427 -0.0133501 -0.00341871 -0.999905 0.459192 0.999886 -0.00710426 -0.0133256 -0.498304
1548809269320200192 1993 -0.00534974 -0.999985 0.00119587 20.0603 -0.0126328 -0.00112821 -0.99992 0.46507 0.999906 -0.00536441 -0.0126266 -0.495737
1548809269353538304 1994 -0.0044699 -0.999989 0.00138568 20.0695 -0.0132118 -0.00132652 -0.999912 0.464621 0.999903 -0.00448781 -0.0132057 -0.496864
1548809270053630208 2015 -0.00514038 -0.999973 -0.00520527 20.2174 -0.0104555 0.0052588 -0.999932 0.468266 0.999932 -0.0050856 -0.0104823 -0.496119
1548809270086967296 2016 -0.00543045 -0.999972 -0.00508412 20.225 -0.00994933 0.00513798 -0.999937 0.468452 0.999936 -0.00537953 -0.00997696 -0.496544
1548809270553696256 2030 -0.00158075 -0.99994 -0.0108671 20.3226 -0.0112652 0.0108842 -0.999877 0.471285 0.999935 -0.00145814 -0.0112818 -0.490309
1548809270587033344 2031 0.0146136 -0.999881 -0.0048852 20.3221 -0.0097975 0.0047423 -0.999941 0.471653 0.999845 0.0146606 -0.00972703 -0.487464
1548809270653709312 2033 0.0161189 -0.999869 -0.0014647 20.3234 -0.0136346 0.00124495 -0.999906 0.471734 0.999777 0.0161373 -0.0136128 -0.484744
1548809270720384256 2035 0.0248575 -0.99969 -0.0014266 20.3273 -0.0135263 0.00109058 -0.999908 0.473211 0.999599 0.0248745 -0.013495 -0.482333
1548809270753722368 2036 0.0391167 -0.999234 -0.000802581 20.3293 -0.013679 0.000267635 -0.999906 0.473124 0.999141 0.039124 -0.013658 -0.483494
1548809270787060224 2037 0.0396928 -0.99921 -0.00185858 20.3331 -0.00551951 0.00164077 -0.999983 0.473139 0.999197 0.0397024 -0.00545002 -0.485923
1548809270820397312 2038 0.0504375 -0.998727 -0.000982952 20.3353 -0.0130143 0.000326879 -0.999915 0.474247 0.998642 0.050446 -0.0129812 -0.483868
1548809270853735424 2039 0.0608716 -0.998126 -0.00621663 20.3386 -0.00975381 0.00563306 -0.999937 0.472684 0.998098 0.0609284 -0.00939264 -0.488285
1548809270887073280 2040 0.0591177 -0.998251 0.000208261 20.3402 -0.00503676 -0.000506906 -0.999987 0.472897 0.998238 0.0591159 -0.00505792 -0.488389
1548809270920411392 2041 0.0716107 -0.99743 -0.00223107 20.3421 -0.0159392 0.00109218 -0.999872 0.472707 0.997305 0.0716371 -0.0158201 -0.491335
1548809270953748224 2042 0.076402 -0.997047 -0.00777191 20.3432 -0.00413811 0.00747755 -0.999963 0.472204 0.997069 0.0764313 -0.00355459 -0.492083
1548809272153906176 2078 0.0764636 -0.997053 -0.00624605 20.3332 -0.00777472 0.00566798 -0.999954 0.472345 0.997042 0.0765087 -0.00731841 -0.492758
1548809272553959424 2090 0.0761157 -0.997076 -0.00675889 20.3055 -0.00824458 0.00614897 -0.999947 0.470649 0.997065 0.0761674 -0.00775244 -0.4915
1548809273020687360 2104 0.0698298 -0.997545 -0.00531569 20.2714 -0.00955463 0.00465963 -0.999943 0.470482 0.997513 0.0698766 -0.00920579 -0.490699
1548809273454078208 2117 0.0156562 -0.999867 -0.00464786 20.2592 -0.0103796 0.00448565 -0.999936 0.469992 0.999824 0.0157034 -0.010308 -0.496603
1548809273720780288 2125 -0.0409369 -0.999152 -0.00447583 20.2606 -0.00985437 0.00488311 -0.99994 0.470463 0.999113 -0.0408904 -0.0100459 -0.503238
1548809273987481344 2133 -0.0971399 -0.995265 -0.00342527 20.2593 -0.0105262 0.00446872 -0.999935 0.469557 0.995215 -0.0970975 -0.0109104 -0.509595
1548809275554354176 2180 -0.0961673 -0.995354 -0.00463174 20.3289 -0.00948037 0.00556903 -0.99994 0.470158 0.99532 -0.0961175 -0.00997189 -0.503724
1548809276087758336 2196 -0.0963031 -0.995331 -0.00652565 20.3672 -0.00912979 0.00743916 -0.999931 0.471382 0.99531 -0.0962368 -0.00980358 -0.497876
1548809276654499328 2213 -0.117531 -0.993046 -0.00679336 20.4401 -0.0101648 0.0080434 -0.999916 0.472176 0.993017 -0.117452 -0.0110395 -0.491525
1548809276987877376 2223 -0.14983 -0.988681 -0.00779689 20.4818 -0.00928802 0.00929304 -0.999914 0.473199 0.988668 -0.149745 -0.0105753 -0.490714
1548809278254710272 2261 -0.114178 -0.993439 -0.00655014 20.6095 -0.00825939 0.00754226 -0.999937 0.476028 0.993426 -0.114117 -0.00906636 -0.46558
1548809278855969280 2279 -0.0781782 -0.996902 -0.00861833 20.6678 -0.00797033 0.00926951 -0.999925 0.477865 0.996908 -0.0781036 -0.00867031 -0.455482
1548809279457117184 2297 -0.058662 -0.998233 -0.00942629 20.7227 -0.011202 0.0101002 -0.999886 0.4812 0.998215 -0.0585497 -0.0117747 -0.445392
1548809280223885312 2320 -0.0434988 -0.999046 -0.00394882 20.7861 -0.0098532 0.00438137 -0.999942 0.482388 0.999005 -0.0434573 -0.0100344 -0.442541
1548809280923977216 2341 -0.0307501 -0.999523 -0.00278944 20.8481 -0.00837923 0.00304845 -0.99996 0.484048 0.999492 -0.0307255 -0.00846898 -0.439512
1548809281691712256 2364 -0.0183239 -0.999832 -0.000695698 20.9155 -0.00760868 0.000835238 -0.999971 0.4866 0.999803 -0.018318 -0.00762271 -0.43859
1548809281725050368 2365 -0.0175938 -0.999845 -0.000917082 20.9181 -0.00740104 0.00104743 -0.999972 0.486202 0.999818 -0.0175865 -0.00741832 -0.439341
1548809282691844352 2394 -0.00125548 -0.999999 -0.000133866 21.0014 -0.00642866 0.000141934 -0.999979 0.489442 0.999979 -0.0012546 -0.00642883 -0.43924
1548809282725181184 2395 -0.00110412 -0.999999 -0.000215636 21.0047 -0.00688972 0.000223238 -0.999976 0.489194 0.999976 -0.00110261 -0.00688996 -0.438943
1548809283391936256 2415 0.00174923 -0.999992 -0.00352648 21.0696 -0.00583734 0.00351621 -0.999977 0.489646 0.999981 0.00176978 -0.00583114 -0.437861
1548809283425273344 2416 0.00204816 -0.999994 -0.00265967 21.0727 -0.00615784 0.00264702 -0.999978 0.489839 0.999979 0.00206449 -0.00615239 -0.438366
1548809284125366272 2437 0.00274466 -0.999991 -0.00323727 21.143 -0.0077761 0.00321585 -0.999965 0.48786 0.999966 0.00276973 -0.00776721 -0.4341
1548809284158703360 2438 0.00266772 -0.999991 -0.00338897 21.1517 -0.00789318 0.00336782 -0.999963 0.488147 0.999965 0.00269437 -0.00788413 -0.433717
1548809284225379328 2440 0.00303387 -0.99999 -0.00325149 21.159 -0.00815837 0.00322665 -0.999962 0.488319 0.999962 0.00306028 -0.0081485 -0.433771
1548809284492081408 2448 0.00245579 -0.999972 -0.00710469 21.1913 -0.00713028 0.00708702 -0.999949 0.488926 0.999972 0.00250632 -0.00711267 -0.434405
1548809284558756352 2450 0.00256554 -0.999974 -0.00670522 21.2008 -0.00600894 0.0066897 -0.99996 0.489222 0.999979 0.00260573 -0.00599162 -0.434594
1548809284759761408 2456 0.00356086 -0.999954 -0.00887184 21.2289 -0.00580043 0.00885109 -0.999944 0.489905 0.999977 0.00361213 -0.00576865 -0.434607
1548809284793099264 2457 0.00323798 -0.999955 -0.008892 21.2324 -0.00551116 0.00887406 -0.999945 0.489626 0.99998 0.00328681 -0.00548217 -0.434612
1548809284826437376 2458 0.00300851 -0.999958 -0.00861053 21.2361 -0.00490674 0.00859571 -0.999951 0.489715 0.999983 0.00305061 -0.00488068 -0.434259
1548809285193152256 2469 0.0035887 -0.999923 -0.0118574 21.2835 -0.00490376 0.0118398 -0.999918 0.491499 0.999982 0.00364655 -0.00486089 -0.43294
1548809285226490368 2470 0.00342925 -0.999926 -0.0117004 21.2888 -0.00534338 0.0116819 -0.999917 0.491562 0.99998 0.00349148 -0.00530293 -0.432543
1548809285260610304 2471 0.00361684 -0.999922 -0.0119713 21.295 -0.00625824 0.0119486 -0.999909 0.491979 0.999974 0.00369143 -0.00621453 -0.432588
1548809285293948416 2472 0.00353565 -0.999929 -0.0113575 21.2999 -0.00663856 0.0113339 -0.999914 0.492079 0.999972 0.00361074 -0.00659802 -0.432318
1548809285493974272 2478 0.00317758 -0.999922 -0.012098 21.3282 -0.00730882 0.0120745 -0.9999 0.493263 0.999968 0.00326569 -0.00726988 -0.431513
1548809285560650240 2480 0.00296754 -0.999929 -0.0115613 21.3384 -0.0085072 0.0115357 -0.999897 0.493779 0.999959 0.00306558 -0.00847236 -0.431223
1548809285627325184 2482 0.00261946 -0.999927 -0.0117641 21.3477 -0.00808488 0.0117426 -0.999898 0.494148 0.999964 0.0027143 -0.00805354 -0.431609
1548809285794014208 2487 0.00409294 -0.999913 -0.0125391 21.3716 -0.00865462 0.0125033 -0.999884 0.495103 0.999954 0.00420098 -0.0086027 -0.431119
1548809285827352320 2488 0.00377386 -0.999907 -0.0130723 21.3768 -0.00848906 0.0130399 -0.999879 0.495212 0.999957 0.00388437 -0.00843907 -0.43163
1548809285894736384 2490 0.00457297 -0.999904 -0.0130736 21.3859 -0.00766091 0.0130383 -0.999886 0.495339 0.99996 0.0046726 -0.00760055 -0.432205
1548809285928074240 2491 0.00417941 -0.999901 -0.0134554 21.3905 -0.00794829 0.0134219 -0.999878 0.495597 0.99996 0.00428585 -0.00789141 -0.431715
1548809285961412352 2492 0.00389273 -0.999905 -0.0132248 21.3951 -0.00866705 0.0131907 -0.999875 0.495684 0.999955 0.00400686 -0.00861488 -0.431269
1548809285994749184 2493 0.00402075 -0.999903 -0.013324 21.3996 -0.0089009 0.0132878 -0.999872 0.496034 0.999952 0.00413883 -0.00884661 -0.431056
1548809286028087296 2494 0.00402056 -0.999906 -0.0131393 21.4041 -0.00949186 0.0131007 -0.999869 0.495996 0.999947 0.00414475 -0.00943829 -0.430553
1548809286128100352 2497 0.00359578 -0.999904 -0.0134138 21.4169 -0.00903229 0.0133809 -0.99987 0.496161 0.999953 0.00371647 -0.0089833 -0.43099
