1548809205249976320 71 -0.00260499 -0.999994 -0.00228681 0.158439 0.0045029 0.00227506 -0.999987 0.00564619 0.999986 -0.00261525 0.00449695 -0.00700479
1548809205283314176 72 -0.00270397 -0.99999 -0.00354423 0.163644 0.00531516 0.00352982 -0.99998 0.00583542 0.999982 -0.00272275 0.00530556 -0.00567441
1548809205950069248 92 -0.00379787 -0.999992 0.00123448 0.304695 0.00308312 -0.00124619 -0.999994 0.00900395 0.999988 -0.00379404 0.00308782 -0.00183114
1548809206116757248 97 -0.00390863 -0.999985 -0.00378426 0.352518 0.00168515 0.0037777 -0.999991 0.00994503 0.999991 -0.00391497 0.00167036 -2.69264e-06
1548809206750174208 116 -0.00477474 -0.999972 -0.00578641 0.561273 -0.00111742 0.00579181 -0.999983 0.0125638 0.999988 -0.00476819 -0.00114504 0.00456454
1548809206783512320 117 -0.00348448 -0.999973 -0.00651118 0.572992 0.000174047 0.00651062 -0.999979 0.0135811 0.999994 -0.00348554 0.000151357 0.00467124
1548809207216902400 130 0.00904982 -0.999929 -0.00776797 0.718067 -0.0015509 0.00775424 -0.999969 0.0163912 0.999958 0.00906159 -0.00148061 0.00852668
1548809207583617280 141 0.0356949 -0.999336 -0.00726886 0.837744 -0.00321606 0.00715859 -0.999969 0.0186545 0.999358 0.0357172 -0.0029584 0.00749135
1548809208317047296 163 0.0576011 -0.998329 -0.00464702 1.07765 -0.00210091 0.00453352 -0.999988 0.0206203 0.998337 0.0576101 -0.00183627 0.00286944
1548809208783775232 177 0.0594424 -0.998227 -0.0031808 1.23236 -0.00630923 0.00281067 -0.999976 0.02436 0.998212 0.0594611 -0.00613097 0.0010777
1548809209517205248 199 0.0605157 -0.998139 -0.00745 1.47287 -0.00673858 0.00705498 -0.999952 0.0262498 0.998144 0.060563 -0.00629911 -0.0113468
1548809209617218304 202 0.0536083 -0.998516 -0.00961042 1.50319 -0.00606617 0.00929843 -0.999938 0.0270778 0.998544 0.0536633 -0.00555869 -0.0115778
1548809210217297408 220 0.0221669 -0.999749 -0.00335819 1.70178 -0.00753007 0.00319196 -0.999967 0.0285922 0.999726 0.0221915 -0.00745742 -0.0144423
1548809210250635264 221 0.0216627 -0.999762 -0.00268805 1.71067 -0.00942046 0.00248444 -0.999953 0.0296559 0.999721 0.021687 -0.00936439 -0.016529
1548809210784039424 237 0.00772403 -0.999966 -0.00294741 1.88287 -0.0042866 0.00291436 -0.999987 0.0304907 0.999961 0.00773656 -0.00426394 -0.0194497
1548809210817376256 238 0.00904917 -0.999958 -0.00139284 1.89007 -0.00509537 0.00134677 -0.999986 0.0308897 0.999946 0.00905614 -0.00508297 -0.0191141
1548809211417455360 256 0.00735234 -0.999887 -0.013116 2.09197 -0.00419891 0.0130854 -0.999906 0.0320885 0.999964 0.00740672 -0.00410223 -0.0168405
1548809211617482240 262 0.00700638 -0.999904 -0.0119211 2.1579 -0.0055565 0.0118822 -0.999914 0.0349988 0.99996 0.00707202 -0.00547271 -0.0149995
1548809212150885376 278 0.00373678 -0.99983 -0.0180763 2.33721 -0.00854706 0.0180439 -0.999801 0.036073 0.999956 0.00389054 -0.00847817 -0.0120582
1548809212250002176 281 0.00363539 -0.999845 -0.0172314 2.36787 -0.00861037 0.0171996 -0.999815 0.0362152 0.999956 0.00378309 -0.00854651 -0.0125584
1548809212850081280 299 0.00234387 -0.999928 -0.0117336 2.55661 -0.00648052 0.0117182 -0.99991 0.0388407 0.999976 0.0024197 -0.00645259 -0.0139797
1548809212883418368 300 0.00139607 -0.99993 -0.0117675 2.56518 -0.00562603 0.0117595 -0.999915 0.0394431 0.999983 0.00146216 -0.00560922 -0.0139219
1548809213550173184 320 0.00419868 -0.999991 -0.000803753 2.77179 -0.00347076 0.000789182 -0.999994 0.0426412 0.999985 0.00420145 -0.00346741 -0.0118732
1548809213750199296 326 0.00284646 -0.999996 0.000291103 2.83228 -0.00569171 -0.0003073 -0.999984 0.0448756 0.99998 0.00284475 -0.00569256 -0.0125002
1548809214416954368 346 0.00212377 -0.999979 -0.00610626 3.04968 -0.00607443 0.00609326 -0.999963 0.0503143 0.999979 0.00216078 -0.00606136 -0.00896677
1548809214550305280 350 -0.000420584 -0.999982 -0.00595118 3.09236 -0.00749687 0.00595416 -0.999954 0.0505118 0.999972 -0.000375949 -0.00749925 -0.0101415
1548809215017033216 364 -0.00268171 -0.999979 -0.00584037 3.24257 -0.00430331 0.00585188 -0.999974 0.0531902 0.999987 -0.00265651 -0.00431891 -0.0105394
1548809215283735296 372 -0.0028933 -0.999955 -0.00905759 3.32901 -0.00298062 0.00906621 -0.999954 0.0542863 0.999991 -0.00286617 -0.00300672 -0.0086381
1548809215783800320 387 -0.00319627 -0.99993 -0.0113632 3.49186 -0.00373974 0.0113751 -0.999928 0.0550382 0.999988 -0.00315354 -0.00377584 -0.0045443
1548809216083840256 396 0.00116973 -0.999916 -0.0129116 3.59111 -0.00422166 0.0129065 -0.999908 0.0552105 0.99999 0.00122413 -0.00420621 -0.00346918
1548809216650581248 413 -0.000399157 -0.999814 -0.0192803 3.77993 -0.00438666 0.0192818 -0.999804 0.0565057 0.99999 -0.000314503 -0.00439354 -0.00170272
1548809216750594304 416 -0.00183174 -0.999791 -0.0203722 3.82432 -0.00588093 0.0203827 -0.999775 0.0571279 0.999981 -0.00171152 -0.00591704 -0.000422207
1548809217083972352 426 -0.00200099 -0.999819 -0.0189233 3.93363 -0.00949793 0.0189415 -0.999775 0.0581602 0.999953 -0.00182081 -0.00953411 0.00118226
1548809217117309184 427 -0.00229351 -0.999791 -0.020311 3.94564 -0.00859586 0.02033 -0.999756 0.0581258 0.99996 -0.00211836 -0.00864069 0.00154969
1548809217150647296 428 -0.00210641 -0.999854 -0.0169361 3.95861 -0.00796317 0.0169524 -0.999825 0.0577201 0.999966 -0.00197117 -0.00799772 0.000629072
1548809217250660352 431 -0.00441191 -0.999871 -0.0154205 3.99257 -0.00723566 0.0154522 -0.999854 0.0578847 0.999964 -0.00429969 -0.0073029 0.00118703
1548809217384011264 435 -0.00251351 -0.999861 -0.0164881 4.03394 -0.00800675 0.0165078 -0.999832 0.0598268 0.999965 -0.00238107 -0.00804713 0.00206239
1548809217650713344 443 -0.00226065 -0.999899 -0.0140426 4.12246 -0.00996419 0.0140645 -0.999851 0.0611995 0.999948 -0.00212039 -0.00999497 0.0044763
1548809217984090368 453 -0.00303148 -0.99994 -0.0105413 4.22796 -0.00797772 0.0105652 -0.999912 0.0623153 0.999964 -0.00294712 -0.00800927 0.00448036
1548809218550832384 470 -0.00300956 -0.999992 -0.00268033 4.4083 -0.00540128 0.00269656 -0.999982 0.0652065 0.999981 -0.00299503 -0.00540935 0.0039717
1548809218617507328 472 -0.00118709 -0.999999 -0.00124511 4.42855 -0.00625703 0.00125252 -0.99998 0.065564 0.99998 -0.00117928 -0.00625851 0.0052632
1548809218917547264 481 -0.00114459 -0.999999 0.00111028 4.52431 -0.0101659 -0.00109859 -0.999948 0.0690499 0.999948 -0.00115582 -0.0101646 0.00392951
1548809218984222208 483 -0.000926784 -0.999997 -0.00230258 4.55019 -0.0100392 0.00231177 -0.999947 0.0688561 0.999949 -0.000903618 -0.0100413 0.00462179
1548809219417612288 496 0.00157049 -0.999974 -0.00707053 4.69618 -0.00921832 0.00705576 -0.999933 0.0718054 0.999956 0.00163556 -0.00920699 0.00415993
1548809219650977280 503 -0.00336467 -0.999974 -0.00643549 4.77615 -0.0120768 0.00647569 -0.999906 0.0737738 0.999921 -0.00328663 -0.0120983 0.0079903
1548809219985157376 513 -0.00422468 -0.999929 -0.0111866 4.88863 -0.00968361 0.011227 -0.99989 0.0771214 0.999944 -0.00411589 -0.00973035 0.00900206
1548809220185183232 519 -0.00364466 -0.999907 -0.0131047 4.95714 -0.00939639 0.0131384 -0.99987 0.0791797 0.999949 -0.00352104 -0.0094434 0.01014
1548809220651911168 533 -0.00208383 -0.999871 -0.0159039 5.11044 -0.00932711 0.0159227 -0.99983 0.0802681 0.999954 -0.00193514 -0.00935909 0.0118238
1548809221085302272 546 -0.00394691 -0.999927 -0.0114456 5.24899 -0.00716056 0.0114737 -0.999909 0.0830148 0.999967 -0.00386459 -0.00720532 0.013195
1548809221452017408 557 -0.00518572 -0.999976 -0.00464229 5.36065 -0.00741093 0.00468066 -0.999962 0.0845895 0.999959 -0.00515111 -0.00743502 0.0148881
1548809222017955328 574 -0.0058438 -0.999983 -8.72404e-05 5.53592 -0.00470899 0.00011476 -0.999989 0.0862456 0.999972 -0.00584333 -0.00470958 0.0166118
1548809222251319296 581 -0.00786797 -0.999969 -0.000582471 5.61395 -0.0061225 0.000630651 -0.999981 0.0894568 0.99995 -0.00786425 -0.00612727 0.0175408
1548809222818060288 598 -0.00912875 -0.999956 0.00234134 5.79501 -0.00736934 -0.0022741 -0.99997 0.0937695 0.999931 -0.00914573 -0.00734826 0.0228916
1548809223318126336 613 0.00968991 -0.999947 0.00354201 5.95949 -0.00816211 -0.00362115 -0.99996 0.0978721 0.99992 0.00966061 -0.00819676 0.0259714
1548809223551490304 620 0.0292201 -0.999573 0.000875834 6.03516 -0.00395445 -0.0009918 -0.999992 0.100473 0.999565 0.0292164 -0.00398174 0.0262067
1548809224118232320 637 0.0451918 -0.998957 0.00657839 6.21583 -0.0100632 -0.00704001 -0.999925 0.105725 0.998928 0.0451222 -0.0103708 0.0253773
1548809224351596288 644 0.0469893 -0.998894 0.00191158 6.29456 -0.0102696 -0.00239668 -0.999944 0.106223 0.998843 0.046967 -0.0103709 0.0220141
1548809224884999168 660 0.0512322 -0.998676 -0.00468004 6.47118 -0.0163963 0.00384445 -0.999858 0.111221 0.998552 0.0513017 -0.0161776 0.0180187
1548809225051688192 665 0.0529114 -0.998598 -0.00172076 6.53282 -0.017445 0.00079858 -0.999848 0.112505 0.998447 0.0529333 -0.0173783 0.0129108
1548809225451741184 677 0.0558814 -0.998412 -0.00715321 6.66681 -0.0182219 0.00614338 -0.999815 0.115004 0.998271 0.0560014 -0.0178497 0.00660211
1548809225651767296 683 0.0556607 -0.998434 -0.00556469 6.72898 -0.0177501 0.00458294 -0.999832 0.116782 0.998292 0.0557501 -0.0174672 0.00346705
1548809226118495232 697 0.0576326 -0.998337 -0.00112894 6.87418 -0.0175418 0.000117981 -0.999846 0.120544 0.998184 0.0576435 -0.0175058 -0.00416785
1548809226318522368 703 0.0577746 -0.998328 -0.00173926 6.93198 -0.0166797 0.000776655 -0.999861 0.122533 0.99819 0.0577956 -0.0166069 -0.00613095
1548809226851925248 719 0.0585957 -0.99828 0.00196776 7.09955 -0.0191382 -0.00309413 -0.999812 0.124409 0.998098 0.058547 -0.0192866 -0.0106452
1548809226985276416 723 0.0590381 -0.998256 0.000250562 7.14174 -0.0200859 -0.00143885 -0.999797 0.124151 0.998054 0.0590211 -0.0201358 -0.0127328
1548809227585355264 741 0.0578645 -0.998317 0.00375387 7.32905 -0.01853 -0.00483354 -0.999817 0.128493 0.998152 0.0577843 -0.0187785 -0.0213924
1548809227618693376 742 0.0591072 -0.998251 0.00147911 7.33366 -0.0191609 -0.00261595 -0.999813 0.129908 0.998068 0.0590678 -0.019282 -0.0231297
1548809227885395200 750 0.0586572 -0.998273 0.00319768 7.41552 -0.0179866 -0.00425954 -0.999829 0.133214 0.998116 0.0585896 -0.0182054 -0.0251741
1548809228052083200 755 0.0590213 -0.99823 0.00727708 7.46991 -0.0175526 -0.00832642 -0.999811 0.135121 0.998102 0.0588824 -0.018013 -0.0284171
1548809228351236352 764 0.0606438 -0.998156 0.00280143 7.56952 -0.0177946 -0.00388726 -0.999834 0.135918 0.998001 0.0605839 -0.0179975 -0.0328818
1548809228584600320 771 0.0583274 -0.99829 0.00378239 7.65034 -0.0158204 -0.0047127 -0.999864 0.138087 0.998172 0.0582596 -0.0160683 -0.0381975
1548809228951315200 782 0.0589925 -0.998258 -0.000169232 7.78071 -0.0116767 -0.000520526 -0.999932 0.139946 0.99819 0.0589905 -0.0116871 -0.0451349
1548809229384705280 795 0.0560299 -0.998426 -0.00239023 7.92828 -0.017094 0.00143436 -0.999853 0.146374 0.998283 0.0560625 -0.0169867 -0.0512914
1548809229518056192 799 0.0579597 -0.99831 -0.00418472 7.97126 -0.0146245 0.00334226 -0.999887 0.146844 0.998212 0.0580144 -0.0144061 -0.0533559
1548809229851433216 809 0.0600359 -0.998192 -0.0027482 8.07745 -0.0137816 0.00192403 -0.999903 0.149504 0.998101 0.0600679 -0.0136412 -0.0579548
1548809230251486208 821 0.0573977 -0.998349 0.00225815 8.20802 -0.01301 -0.00300966 -0.999911 0.155456 0.998267 0.0573633 -0.0131613 -0.064755
1548809230551526400 830 0.0571604 -0.998364 0.00130749 8.30858 -0.0176095 -0.00231764 -0.999842 0.154516 0.99821 0.0571284 -0.0177131 -0.0694187
1548809231018254336 844 0.0553432 -0.998467 -0.00104942 8.45845 -0.0125581 0.000354878 -0.999921 0.15845 0.998388 0.0553521 -0.0125192 -0.0803081
1548809231084929280 846 0.055996 -0.998425 -0.00357142 8.47581 -0.0125331 0.00287384 -0.999917 0.157571 0.998352 0.0560361 -0.0123525 -0.0827226
1548809231118267392 847 0.056513 -0.998398 -0.00275668 8.48551 -0.0123143 0.00206385 -0.999922 0.159367 0.998326 0.0565426 -0.012178 -0.0815616
1548809231551657216 860 0.0465993 -0.998912 -0.00172523 8.62246 -0.00659154 0.00141957 -0.999977 0.16146 0.998892 0.0466096 -0.00651822 -0.0897143
1548809231651671296 863 0.0437141 -0.999044 -0.000614231 8.65182 -0.00925014 0.000210044 -0.999957 0.163251 0.999001 0.0437179 -0.00923211 -0.0876734
1548809231985048320 873 0.0218354 -0.999744 -0.00586511 8.76153 -0.0105091 0.00563666 -0.999929 0.165191 0.999706 0.0218955 -0.0103834 -0.0861448
1548809232085061376 876 0.0158722 -0.999867 -0.00382019 8.79053 -0.010109 0.00366001 -0.999942 0.16503 0.999823 0.0159099 -0.0100496 -0.0876284
1548809232650823168 893 0.00146961 -0.999975 -0.00689442 8.97176 -0.0107586 0.00687822 -0.999918 0.167718 0.999941 0.00154367 -0.0107482 -0.0848431
1548809232684161280 894 0.00267841 -0.999982 -0.00530557 8.97748 -0.0108107 0.00527633 -0.999928 0.166687 0.999938 0.00273557 -0.0107964 -0.0856192
1548809232984201216 903 -0.000689541 -1 -0.000193893 9.06968 -0.00989975 0.00020071 -0.999951 0.169972 0.999951 -0.000687588 -0.00989989 -0.0849255
1548809233384253184 915 -0.00274163 -0.999996 0.000437048 9.19469 -0.00896693 -0.000412449 -0.99996 0.171351 0.999956 -0.00274543 -0.00896576 -0.0835328
1548809233817644288 928 -0.00349343 -0.999984 0.00434387 9.33075 -0.00907792 -0.004312 -0.999949 0.173343 0.999953 -0.00353269 -0.00906271 -0.0803438
1548809234117683200 937 -0.00254314 -0.999995 0.00209455 9.41719 -0.00647485 -0.00207805 -0.999977 0.173616 0.999976 -0.00255664 -0.00646953 -0.0820641
1548809234651087360 953 -0.0009929 -0.999992 -0.00398844 9.58805 -0.0145628 0.00400248 -0.999886 0.174973 0.999893 -0.000934703 -0.0145667 -0.0726176
1548809235017802240 964 0.00290224 -0.99998 -0.00564326 9.70071 -0.0147194 0.00559995 -0.999876 0.178398 0.999887 0.00298494 -0.0147028 -0.0717323
1548809235151153408 968 0.00453434 -0.999969 -0.00651348 9.74423 -0.0134257 0.00645209 -0.999889 0.181149 0.9999 0.00462129 -0.0133961 -0.070605
1548809235517868288 979 0.027607 -0.999602 -0.00585748 9.86089 -0.0124673 0.00551494 -0.999907 0.183918 0.999541 0.0276774 -0.0123101 -0.0691828
1548809235717894400 985 0.0608675 -0.998127 -0.00607846 9.9236 -0.0130078 0.00529603 -0.999901 0.185802 0.998061 0.0609406 -0.012661 -0.0667485
1548809235751232256 986 0.0693446 -0.997568 -0.00703412 9.93643 -0.0123031 0.00619537 -0.999905 0.186193 0.997517 0.0694246 -0.0118436 -0.0673822
1548809235817907200 988 0.0794505 -0.996799 -0.00893331 9.95709 -0.0108177 0.00809894 -0.999909 0.18824 0.99678 0.0795399 -0.0101396 -0.0680968
1548809235851245312 989 0.0880961 -0.996078 -0.00820702 9.96599 -0.0115999 0.00721263 -0.999907 0.187875 0.996044 0.0881831 -0.010919 -0.0680952
1548809236052366336 995 0.122139 -0.992473 -0.0088907 10.0319 -0.0127113 0.00739285 -0.999892 0.187882 0.992432 0.122239 -0.0117126 -0.0704408
1548809236085704192 996 0.126995 -0.991885 -0.00611488 10.0455 -0.0118387 0.00464866 -0.999919 0.188347 0.991833 0.127057 -0.0111522 -0.0709375
1548809236319068416 1003 0.15309 -0.988195 -0.00582607 10.1203 -0.00808097 0.00464352 -0.999957 0.190775 0.988179 0.15313 -0.0072747 -0.0790165
1548809236385744384 1005 0.157807 -0.987454 -0.00569252 10.1437 -0.00774649 0.00452663 -0.99996 0.191763 0.98744 0.157845 -0.00693497 -0.0824602
1548809236586645248 1011 0.167019 -0.985945 -0.00402132 10.2147 -0.00782002 0.00275379 -0.999966 0.192148 0.985923 0.167045 -0.00725018 -0.0928384
1548809236619983360 1012 0.166445 -0.986028 -0.00665004 10.2271 -0.00647133 0.00565164 -0.999963 0.192526 0.98603 0.166482 -0.00544022 -0.0938696
1548809236753333248 1016 0.166909 -0.985958 -0.00533007 10.2705 -0.00807495 0.00403879 -0.999959 0.19267 0.985939 0.166945 -0.00728745 -0.0978985
1548809236853347328 1019 0.166289 -0.986053 -0.0068989 10.3057 -0.010237 0.00526963 -0.999934 0.193704 0.986024 0.166348 -0.00921799 -0.103139
1548809237186724352 1029 0.167154 -0.985879 -0.0101149 10.4184 -0.0105629 0.00846787 -0.999908 0.195145 0.985874 0.167245 -0.00899833 -0.116891
1548809237286737408 1032 0.166951 -0.985919 -0.00952995 10.4527 -0.0109262 0.007815 -0.99991 0.196908 0.985905 0.16704 -0.00946761 -0.122932
1548809237653452288 1043 0.167758 -0.98575 -0.0124563 10.577 -0.00847046 0.0111936 -0.999901 0.198218 0.985792 0.167847 -0.00647193 -0.143968
1548809237686790400 1044 0.167974 -0.985708 -0.0128328 10.5906 -0.00805417 0.0116451 -0.9999 0.198431 0.985758 0.168061 -0.00598299 -0.147387
1548809238120180224 1057 0.160044 -0.987044 -0.0114145 10.7326 -0.00944447 0.0100319 -0.999905 0.202952 0.987065 0.160137 -0.00771655 -0.166898
1548809238253531392 1061 0.153876 -0.988064 -0.00717808 10.7779 -0.00885623 0.00588516 -0.999943 0.20341 0.98805 0.153931 -0.00784494 -0.177709
1548809238653584384 1073 0.128223 -0.991739 -0.00367772 10.9069 -0.00931599 0.00250371 -0.999953 0.205492 0.991702 0.128251 -0.008918 -0.196402
1548809238819397376 1078 0.116233 -0.993217 -0.00319554 10.964 -0.00826371 0.00225017 -0.999963 0.20704 0.993188 0.116255 -0.00794611 -0.201722
1548809239252788224 1091 0.0984779 -0.995137 0.00188459 11.105 -0.00567487 -0.00245534 -0.999981 0.208696 0.995123 0.0984653 -0.00588907 -0.217531
1548809239352801280 1094 0.0967603 -0.995307 0.000900185 11.1399 -0.00468512 -0.00135989 -0.999988 0.208772 0.995297 0.0967549 -0.00479471 -0.221801
1548809239651874304 1103 0.0955638 -0.995407 0.00561584 11.237 -0.00591348 -0.00620926 -0.999963 0.212767 0.995406 0.0955271 -0.0064797 -0.22663
1548809240118602240 1117 0.092062 -0.99575 0.00249149 11.3939 -0.00693215 -0.00314296 -0.999971 0.215853 0.995729 0.0920421 -0.00719204 -0.238243
1548809240551992320 1130 0.0747429 -0.997202 0.00135183 11.5351 -0.00769381 -0.00193225 -0.999969 0.217937 0.997173 0.0747302 -0.0078167 -0.246728
1548809240885369344 1140 0.0527507 -0.998607 -0.00127263 11.6457 -0.00847185 0.000826838 -0.999964 0.218224 0.998572 0.0527596 -0.00841643 -0.252829
1548809241351029248 1154 0.0478962 -0.99884 -0.00500603 11.8022 -0.0038714 0.00482611 -0.999981 0.221088 0.998845 0.0479147 -0.00363575 -0.25937
1548809241517717248 1159 0.0470527 -0.998875 -0.00597479 11.8581 -0.00188931 0.00589241 -0.999981 0.22201 0.998891 0.0470631 -0.00160993 -0.262532
1548809241984445184 1173 0.0462977 -0.998907 -0.00645721 12.0146 -0.00240588 0.00635262 -0.999977 0.224066 0.998925 0.0463121 -0.00210914 -0.26709
1548809242317823232 1183 0.045304 -0.998967 -0.00351307 12.1257 -0.00784433 0.00316083 -0.999964 0.226857 0.998942 0.04533 -0.00769303 -0.267199
1548809242751213312 1196 0.0380565 -0.999272 -0.00257027 12.2708 -0.0061017 0.00233971 -0.999979 0.22891 0.999257 0.0380713 -0.00600822 -0.270591
1548809242883384320 1200 0.0323901 -0.999446 -0.00767574 12.3139 -0.00319165 0.0075763 -0.999966 0.230534 0.99947 0.0324135 -0.00294448 -0.272672
1548809243383450368 1215 0.00993708 -0.999896 -0.0104339 12.4829 -0.00807783 0.0103538 -0.999914 0.231224 0.999918 0.0100205 -0.0079741 -0.274142
1548809243716827392 1225 0.00996124 -0.999906 -0.00946452 12.5919 -0.00793576 0.00938564 -0.999924 0.233514 0.999919 0.0100356 -0.00784152 -0.272517
1548809244116880384 1237 0.00782645 -0.999937 -0.00806013 12.7257 -0.00703565 0.00800511 -0.999943 0.236185 0.999945 0.00788271 -0.00697255 -0.272901
1548809244450257408 1247 0.00804285 -0.99995 -0.00598902 12.8379 -0.00571306 0.00594317 -0.999966 0.23867 0.999951 0.0080768 -0.00566497 -0.276435
1548809244950323200 1262 0.00847325 -0.999964 -0.000279414 12.9995 -0.00852357 0.000207189 -0.999964 0.243505 0.999928 0.00847532 -0.00852151 -0.271641
1548809245083674368 1266 0.00863531 -0.999961 -0.0017367 13.0397 -0.00670577 0.00167882 -0.999976 0.243955 0.99994 0.00864675 -0.00669102 -0.27164
1548809245517064192 1279 0.00761389 -0.999953 -0.00605004 13.1793 -0.00752027 0.00599279 -0.999954 0.245377 0.999943 0.00765903 -0.00747429 -0.270164
1548809245817104384 1288 0.006608 -0.999974 -0.00286318 13.2749 -0.00786762 0.00281116 -0.999965 0.248866 0.999947 0.00663029 -0.00784884 -0.271247
1548809246350507264 1304 0.00738008 -0.99996 -0.00501941 13.4479 -0.00527196 0.00498057 -0.999974 0.252631 0.999959 0.00740634 -0.005235 -0.269576
1548809246717222400 1315 0.00510232 -0.999969 -0.00603609 13.5692 -0.00718617 0.00599935 -0.999956 0.252919 0.999961 0.00514547 -0.00715534 -0.266911
1548809247183950336 1329 0.00493392 -0.999957 -0.0078009 13.7212 -0.00355676 0.00778339 -0.999963 0.254749 0.999982 0.00496149 -0.0035182 -0.265892
1548809247383977216 1335 0.0051329 -0.999976 -0.00458263 13.7816 -0.00645631 0.00454945 -0.999969 0.257912 0.999966 0.00516232 -0.0064328 -0.263644
1548809247850705408 1349 0.00353386 -0.999981 -0.00498722 13.9341 -0.00704848 0.00496222 -0.999963 0.258145 0.999969 0.00356888 -0.00703081 -0.260783
1548809248350771200 1364 0.00890969 -0.999948 -0.00500443 14.0954 -0.0096215 0.00491867 -0.999942 0.262529 0.999914 0.00895731 -0.00957717 -0.256576
1548809248817499392 1378 0.04987 -0.998742 -0.00526721 14.2483 -0.00615137 0.00496653 -0.999969 0.266848 0.998737 0.0499009 -0.00589595 -0.255376
1548809248950850304 1382 0.056004 -0.998426 -0.00305243 14.2915 -0.00797249 0.00260994 -0.999965 0.268548 0.998399 0.0560264 -0.00781377 -0.254635
1548809249417578240 1396 0.0590622 -0.998254 0.000413462 14.4445 -0.00745331 -0.000855152 -0.999972 0.269522 0.998226 0.0590575 -0.0074908 -0.260694
1548809249450916352 1397 0.0582733 -0.998296 -0.00296072 14.4548 -0.00686906 0.00256472 -0.999973 0.26962 0.998277 0.058292 -0.00670791 -0.261856
1548809249584267264 1401 0.0610357 -0.998129 -0.00361054 14.5008 -0.00573849 0.00326631 -0.999978 0.271511 0.998119 0.0610551 -0.00552839 -0.266823
1548809249817631232 1408 0.0596372 -0.99822 -0.000279659 14.5785 -0.00373851 5.68037e-05 -0.999993 0.271773 0.998213 0.0596378 -0.00372847 -0.268389
1548809250151008256 1418 0.0619823 -0.998076 -0.00169798 14.6871 -0.00731993 0.00124663 -0.999972 0.274742 0.99805 0.061993 -0.00722857 -0.27262
1548809250484385280 1428 0.0621555 -0.998061 -0.0032871 14.7958 -0.00951461 0.00270079 -0.999951 0.276021 0.998021 0.0621837 -0.00932829 -0.279906
1548809250951113216 1442 0.0628787 -0.998015 -0.00350424 14.9449 -0.0091558 0.0029342 -0.999954 0.279617 0.997979 0.0629079 -0.00895313 -0.287285
1548809251151140352 1448 0.0620396 -0.998071 -0.00213714 15.0076 -0.00877704 0.0015956 -0.99996 0.280838 0.998035 0.0620558 -0.00866112 -0.289839
1548809251551192320 1460 0.0624723 -0.998042 -0.00304424 15.1371 -0.0092181 0.00247307 -0.999954 0.285869 0.998004 0.0624975 -0.00904556 -0.295728
1548809251851232256 1469 0.0630714 -0.998008 -0.00127873 15.2333 -0.0107659 0.000600831 -0.999942 0.285477 0.997951 0.0630815 -0.0107066 -0.298837
1548809252317960192 1483 0.0632576 -0.997997 -0.000263379 15.3832 -0.00670409 -0.000161033 -0.999978 0.288934 0.997975 0.0632579 -0.00670085 -0.30937
1548809252384636416 1485 0.0637384 -0.997966 0.000645277 15.4038 -0.00717337 -0.00110472 -0.999974 0.289343 0.997941 0.063732 -0.00722919 -0.311025
1548809252918039296 1501 0.0652843 -0.997861 -0.00335573 15.5778 -0.0116299 0.00260181 -0.999929 0.2911 0.997799 0.0653187 -0.0114352 -0.318171
1548809252951377408 1502 0.0647165 -0.997899 -0.0029298 15.5895 -0.0109279 0.00222708 -0.999938 0.291522 0.997844 0.0647445 -0.0107609 -0.318335
1548809253351430400 1514 0.0656468 -0.997827 -0.00563019 15.7216 -0.00932839 0.00502842 -0.999944 0.296962 0.997799 0.0656956 -0.00897802 -0.323062
1548809253384767232 1515 0.0652827 -0.99784 -0.00734398 15.7369 -0.00984806 0.00671506 -0.999929 0.295423 0.997818 0.0653504 -0.00938841 -0.322972
1548809253751482368 1526 0.0632766 -0.997957 -0.0088635 15.8576 -0.0107623 0.00819844 -0.999908 0.297198 0.997938 0.0633662 -0.0102215 -0.325016
1548809254018184192 1534 0.0639354 -0.997938 -0.00558573 15.945 -0.0102497 0.00494023 -0.999935 0.298547 0.997901 0.0639885 -0.00991267 -0.329917
1548809254584925184 1551 0.0629807 -0.998015 -0.000420775 16.1269 -0.00907143 -0.000150868 -0.999959 0.302035 0.997974 0.0629819 -0.00906293 -0.338814
1548809254618263296 1552 0.0615147 -0.998105 0.00140605 16.1392 -0.00851215 -0.00193329 -0.999962 0.301287 0.99807 0.0615003 -0.00861495 -0.339455
1548809255018316288 1564 0.0627874 -0.998004 0.00679732 16.2684 -0.00941052 -0.00740247 -0.999928 0.304999 0.997983 0.0627189 -0.00985652 -0.344222
1548809255285018368 1572 0.0619719 -0.99803 0.00977784 16.3508 -0.0164113 -0.0108143 -0.999807 0.305597 0.997943 0.0617995 -0.0170492 -0.346588
1548809255751746304 1586 0.0646113 -0.997887 0.00691142 16.5007 -0.0148252 -0.00788499 -0.999859 0.308703 0.9978 0.0644997 -0.0153034 -0.355097
1548809256085123328 1596 0.0639195 -0.997938 0.00575508 16.6121 -0.0170235 -0.00685638 -0.999832 0.314085 0.99781 0.0638107 -0.0174266 -0.360955
1548809256318487296 1603 0.0677461 -0.997696 0.00358637 16.6865 -0.0161352 -0.00468977 -0.999859 0.314792 0.997572 0.0676787 -0.0164157 -0.363721
1548809256551851264 1610 0.0661996 -0.997804 0.00207384 16.7647 -0.0139585 -0.00300427 -0.999898 0.317793 0.997709 0.0661639 -0.0141267 -0.368213
1548809256818553344 1618 0.0653075 -0.997863 0.00203513 16.8516 -0.01833 -0.00323878 -0.999827 0.321529 0.997697 0.0652589 -0.0185023 -0.370719
1548809256885228288 1620 0.0658835 -0.997827 -0.00107194 16.8709 -0.0174461 -7.78051e-05 -0.999848 0.321956 0.997675 0.0658922 -0.0174133 -0.369098
1548809257051917312 1625 0.0664787 -0.997781 -0.00360136 16.9231 -0.0179517 0.00241271 -0.999836 0.324177 0.997626 0.0665325 -0.0177514 -0.370588
1548809257151930368 1628 0.0657488 -0.99783 -0.00352521 16.9561 -0.0152335 0.00252869 -0.999881 0.324938 0.99772 0.0657947 -0.0150342 -0.374964
1548809257385294336 1635 0.061487 -0.9981 -0.00385363 17.0317 -0.0170234 0.00281168 -0.999851 0.32762 0.997963 0.0615434 -0.0168182 -0.374329
1548809257518645248 1639 0.0609824 -0.998127 -0.0047723 17.0756 -0.0164324 0.0037766 -0.999858 0.3296 0.998004 0.0610521 -0.0161713 -0.378626
1548809257651996416 1643 0.0618992 -0.998062 -0.00642417 17.1163 -0.0169577 0.00538393 -0.999842 0.328045 0.997938 0.0619984 -0.0165915 -0.379817
1548809257852022272 1649 0.0607868 -0.998134 -0.0058426 17.1769 -0.0209143 0.00457849 -0.999771 0.33275 0.997932 0.0608951 -0.0205969 -0.379475
1548809257952036352 1652 0.0619526 -0.99804 -0.00885963 17.2127 -0.0216349 0.00753173 -0.999738 0.331462 0.997845 0.062128 -0.0211259 -0.383358
1548809258085386240 1656 0.0598237 -0.998192 -0.00578941 17.2558 -0.0184883 0.0046908 -0.999818 0.333339 0.998038 0.0599198 -0.0181743 -0.387059
1548809258352088320 1664 0.0619404 -0.998058 -0.00656829 17.3358 -0.0144029 0.00568643 -0.99988 0.336199 0.997976 0.0620276 -0.0140227 -0.389212
1548809258418764288 1666 0.061568 -0.998102 -0.00165153 17.3579 -0.0145853 0.0007548 -0.999893 0.338507 0.997996 0.0615855 -0.0145111 -0.390574
1548809258718803200 1675 0.0731197 -0.997323 0.000127916 17.4519 -0.0175272 -0.00141327 -0.999845 0.341041 0.997169 0.0731062 -0.0175837 -0.392609
1548809259052181248 1685 0.0826011 -0.996575 0.00395999 17.5558 -0.0212744 -0.00573597 -0.999757 0.344419 0.996356 0.0824968 -0.0216754 -0.398957
1548809259418895360 1696 0.0836119 -0.996496 0.00206564 17.6741 -0.0208926 -0.00382544 -0.999774 0.346662 0.996279 0.0835499 -0.0211392 -0.405958
1548809259818948352 1708 0.0798721 -0.9968 0.00315335 17.7997 -0.0160586 -0.00444979 -0.999861 0.353386 0.996676 0.0798104 -0.0163627 -0.412987
1548809260085650176 1716 0.0805806 -0.996747 0.00126432 17.8875 -0.0114412 -0.00219331 -0.999932 0.35192 0.996682 0.0805606 -0.0115808 -0.419046
1548809260485703168 1728 0.0804395 -0.996757 0.00214428 18.0133 -0.0129101 -0.00319293 -0.999912 0.354129 0.996676 0.0804047 -0.0131251 -0.426892
1548809260685729280 1734 0.0809506 -0.996717 0.00152006 18.0764 -0.0138089 -0.00264643 -0.999901 0.353674 0.996622 0.0809216 -0.0139778 -0.427767
1548809261119119360 1747 0.0846451 -0.996408 -0.00231567 18.2177 -0.0151561 0.00103623 -0.999885 0.360508 0.996296 0.0846705 -0.015014 -0.439074
1548809261352484352 1754 0.0835173 -0.996499 -0.00378256 18.2935 -0.0148942 0.00254712 -0.999886 0.361486 0.996395 0.0835641 -0.0146294 -0.443684
1548809261819212288 1768 0.0845297 -0.996417 -0.00270885 18.4409 -0.0138058 0.00154714 -0.999903 0.363952 0.996325 0.0845589 -0.0136255 -0.452674
1548809262019238400 1774 0.0846943 -0.996403 -0.00286426 18.5067 -0.0144115 0.00164932 -0.999895 0.363952 0.996303 0.0847266 -0.01422 -0.456282
1548809262352615424 1784 0.0826887 -0.996563 -0.00495896 18.6112 -0.0112597 0.00404145 -0.999928 0.366605 0.996512 0.0827387 -0.0108868 -0.46343
1548809262852681216 1799 0.0842128 -0.99642 -0.00747625 18.7298 -0.00928237 0.00671812 -0.999934 0.367486 0.996405 0.0842767 -0.00868339 -0.473438
1548809263686124288 1824 0.083234 -0.996476 -0.0103615 18.8905 -0.0133806 0.00927907 -0.999867 0.370071 0.99644 0.0833616 -0.0125611 -0.483078
1548809264352879360 1844 0.0215507 -0.999723 -0.00948903 19.0154 -0.0137914 0.00919306 -0.999863 0.372433 0.999673 0.0216786 -0.0135895 -0.492894
1548809264819607296 1858 -0.0110807 -0.999928 -0.00463631 19.1068 -0.0131178 0.00478156 -0.999903 0.373378 0.999853 -0.0110188 -0.0131699 -0.494736
1548809265453024256 1877 -0.0136919 -0.999906 0.000112428 19.2323 -0.015336 9.75738e-05 -0.999882 0.374896 0.999789 -0.013692 -0.0153359 -0.490085
1548809265619712256 1882 -0.0141496 -0.9999 -0.00039698 19.2677 -0.0139552 0.000594461 -0.999902 0.37561 0.999803 -0.0141427 -0.0139622 -0.491044
1548809266253129216 1901 -0.0157223 -0.999874 0.00209208 19.3974 -0.0145504 -0.00186333 -0.999892 0.379307 0.999771 -0.015751 -0.0145193 -0.488273
1548809266319805184 1903 -0.0174518 -0.999841 0.00366284 19.4099 -0.0136037 -0.00342561 -0.999902 0.380156 0.999755 -0.0174999 -0.0135417 -0.488021
1548809266986559232 1923 -0.0171489 -0.99985 0.00254808 19.5306 -0.0101212 -0.00237473 -0.999946 0.38269 0.999802 -0.0171738 -0.010079 -0.487371
1548809267086572288 1926 -0.0182358 -0.99983 0.00273962 19.5465 -0.0109809 -0.00253963 -0.999936 0.381089 0.999773 -0.0182647 -0.0109327 -0.485929
1548809267719989248 1945 -0.0152469 -0.999875 0.00420294 19.6632 -0.0136941 -0.00399422 -0.999898 0.386083 0.99979 -0.0153029 -0.0136315 -0.482838
1548809267886678272 1950 -0.0157478 -0.999871 0.00302277 19.6965 -0.0142189 -0.0027989 -0.999895 0.385653 0.999775 -0.0157892 -0.014173 -0.480552
1548809268453419264 1967 -0.0140507 -0.999901 -0.000275915 19.7958 -0.0110235 0.000430829 -0.999939 0.390231 0.999841 -0.0140468 -0.0110285 -0.478594
1548809268620108288 1972 -0.0131739 -0.999913 -0.000825513 19.8297 -0.0117144 0.000979865 -0.999931 0.390454 0.999845 -0.0131633 -0.0117262 -0.477618
1548809269353538304 1994 -0.0114772 -0.999925 -0.00425724 19.9603 -0.0125037 0.00440071 -0.999912 0.394291 0.999856 -0.011423 -0.0125532 -0.470916
1548809269686915328 2004 -0.0118729 -0.999911 -0.00613891 20.0248 -0.0117851 0.00627885 -0.999911 0.394387 0.99986 -0.0117995 -0.0118586 -0.469059
1548809270353669376 2024 -0.012547 -0.999842 -0.0125807 20.1684 -0.00820198 0.0126842 -0.999886 0.397407 0.999888 -0.0124424 -0.00835983 -0.46936
1548809270553696256 2030 -0.0086094 -0.999822 -0.016773 20.2082 -0.0115835 0.0168722 -0.999791 0.397566 0.999896 -0.00841331 -0.0117267 -0.463678
1548809270587033344 2031 0.0084536 -0.999899 -0.0113986 20.2104 -0.00970526 0.0113165 -0.999889 0.396581 0.999917 0.00856329 -0.00960862 -0.462724
1548809270620371200 2032 0.00159481 -0.99998 -0.00610593 20.2093 -0.0139377 0.00608312 -0.999884 0.396886 0.999902 0.00167973 -0.0139277 -0.462008
1548809270720384256 2035 0.0195783 -0.999772 -0.0084961 20.2147 -0.0131124 0.00824024 -0.99988 0.396422 0.999722 0.0196874 -0.0129481 -0.461047
1548809270753722368 2036 0.0348374 -0.999357 -0.00843997 20.2143 -0.0131226 0.00798695 -0.999882 0.396029 0.999307 0.0349441 -0.0128359 -0.462862
1548809270820397312 2038 0.0453588 -0.998933 -0.00865276 20.2188 -0.0124365 0.00809633 -0.99989 0.397017 0.998893 0.0454614 -0.012056 -0.462166
1548809270853735424 2039 0.0535181 -0.998481 -0.0131189 20.2215 -0.00935996 0.0126356 -0.999876 0.396807 0.998523 0.0536342 -0.00866951 -0.461172
1548809270887073280 2040 0.0523576 -0.998604 -0.0069473 20.224 -0.00459672 0.00671577 -0.999967 0.396819 0.998618 0.0523878 -0.00423868 -0.462483
1548809270920411392 2041 0.063964 -0.997908 -0.00943794 20.2264 -0.0153862 0.00847004 -0.999846 0.396925 0.997834 0.0640993 -0.0148123 -0.46332
1548809270953748224 2042 0.0698907 -0.997451 -0.014401 20.2269 -0.00400608 0.0141555 -0.999892 0.397436 0.997547 0.0699409 -0.00300653 -0.466028
1548809272153906176 2078 0.0695859 -0.997491 -0.0130304 20.2183 -0.00727173 0.0125545 -0.999895 0.396994 0.997549 0.0696734 -0.00637987 -0.465814
1548809272420608256 2086 0.0687282 -0.997548 -0.0131732 20.2 -0.00792012 0.0126585 -0.999889 0.395683 0.997604 0.0688249 -0.00703071 -0.46456
1548809272687310336 2094 0.0689732 -0.997513 -0.0145246 20.1818 -0.00857969 0.0139656 -0.999866 0.394579 0.997582 0.0690886 -0.0075951 -0.463832
1548809273220714240 2110 0.0431761 -0.998982 -0.0130465 20.1466 -0.0101545 0.0126192 -0.999869 0.394458 0.999016 0.0433029 -0.00959929 -0.465559
1548809273487415296 2118 0.00329501 -0.999919 -0.0122848 20.1461 -0.0100931 0.012251 -0.999874 0.393626 0.999944 0.00341858 -0.0100519 -0.470776
1548809273654104320 2123 -0.0320514 -0.999413 -0.0121248 20.148 -0.00895574 0.0124177 -0.999883 0.393252 0.999446 -0.0319391 -0.00934849 -0.475291
1548809273887468288 2130 -0.088302 -0.996035 -0.0107926 20.1476 -0.00933107 0.0116616 -0.999888 0.393343 0.99605 -0.0881915 -0.0103238 -0.481246
1548809275421003264 2176 -0.102662 -0.994645 -0.0119456 20.204 -0.00847122 0.0128828 -0.999881 0.393838 0.99468 -0.102549 -0.00974842 -0.479099
1548809276087758336 2196 -0.104066 -0.994473 -0.0139332 20.2508 -0.00724498 0.0147669 -0.999865 0.394325 0.994544 -0.103951 -0.00874167 -0.468672
1548809276721175296 2215 -0.130326 -0.99138 -0.0134687 20.3298 -0.00762499 0.0145864 -0.999865 0.395959 0.991442 -0.130206 -0.00946024 -0.462773
1548809277187903232 2229 -0.174091 -0.984624 -0.0144143 20.3887 -0.00540791 0.0155936 -0.999864 0.397735 0.984715 -0.173989 -0.00803946 -0.46013
1548809278388061184 2265 -0.108713 -0.993926 -0.0171113 20.5027 -0.00260937 0.0174986 -0.999843 0.398013 0.99407 -0.108651 -0.00449585 -0.435819
1548809278955982336 2282 -0.0808436 -0.996572 -0.0175499 20.5591 -0.00689946 0.0181666 -0.999811 0.399259 0.996703 -0.0807072 -0.00834447 -0.422461
1548809279156009216 2288 -0.0741554 -0.997079 -0.0182966 20.5781 -0.00904988 0.0190192 -0.999778 0.398885 0.997206 -0.0739734 -0.0104338 -0.419181
1548809279490455296 2298 -0.0639306 -0.997815 -0.0166677 20.6092 -0.00929675 0.0172966 -0.999807 0.400064 0.997911 -0.0637634 -0.0103822 -0.416482
1548809280190547200 2319 -0.050778 -0.99863 -0.0126616 20.6676 -0.00748238 0.013058 -0.999887 0.400937 0.998682 -0.0506775 -0.00813519 -0.412862
1548809280257223168 2321 -0.0495523 -0.998696 -0.0122557 20.6756 -0.0073124 0.0126332 -0.999893 0.401329 0.998745 -0.0494574 -0.00792887 -0.412799
1548809280923977216 2341 -0.0370526 -0.99925 -0.0112274 20.7362 -0.00623055 0.0114659 -0.999915 0.401747 0.999294 -0.0369795 -0.00665072 -0.410137
1548809281091633408 2346 -0.033534 -0.999384 -0.010391 20.7509 -0.00588798 0.0105942 -0.999927 0.402586 0.99942 -0.0334704 -0.00623962 -0.410064
1548809281358335232 2354 -0.0293832 -0.999508 -0.010985 20.7776 -0.00478168 0.0111302 -0.999927 0.403843 0.999557 -0.0293285 -0.00510636 -0.409164
1548809281391672320 2355 -0.028758 -0.999531 -0.0105489 20.7808 -0.00461566 0.0106859 -0.999932 0.403969 0.999576 -0.0287074 -0.0049208 -0.408631
1548809281925076224 2371 -0.0204298 -0.999738 -0.0103148 20.8296 -0.00397144 0.010398 -0.999938 0.404583 0.999783 -0.0203875 -0.00418283 -0.40767
1548809282591830272 2391 -0.0107116 -0.999896 -0.00961404 20.8886 -0.00434284 0.00966102 -0.999944 0.404987 0.999933 -0.0106692 -0.00444588 -0.407328
1548809283125234176 2407 -0.00581593 -0.99989 -0.0136307 20.9399 -0.00451619 0.013657 -0.999897 0.405983 0.999973 -0.00575377 -0.00459512 -0.404353
1548809283758651392 2426 -0.00413181 -0.999964 -0.00742685 20.9948 -0.00528161 0.00744864 -0.999958 0.403189 0.999978 -0.00409241 -0.0053122 -0.402394
1548809284225379328 2440 -0.00397389 -0.999919 -0.0121283 21.0434 -0.00550854 0.0121501 -0.999911 0.403581 0.999977 -0.00390673 -0.00555637 -0.401586
1548809284292054272 2442 -0.00406109 -0.999915 -0.0124118 21.0531 -0.00539372 0.0124336 -0.999908 0.404374 0.999977 -0.00399377 -0.00544375 -0.402235
1548809284592094208 2451 -0.00416224 -0.999869 -0.0156106 21.0922 -0.00367588 0.0156259 -0.999871 0.405306 0.999985 -0.00410432 -0.00374044 -0.402289
1548809284625432320 2452 -0.00441018 -0.999864 -0.0158817 21.0986 -0.00377906 0.0158984 -0.999866 0.405376 0.999983 -0.00434957 -0.00384866 -0.402125
1548809284759761408 2456 -0.00309603 -0.999839 -0.0176463 21.1174 -0.0031706 0.0176561 -0.999839 0.405293 0.99999 -0.00303958 -0.00322475 -0.402441
1548809284793099264 2457 -0.00359969 -0.99984 -0.0174968 21.122 -0.00293133 0.0175074 -0.999842 0.405408 0.999989 -0.00354783 -0.00299388 -0.402065
1548809284826437376 2458 -0.00355607 -0.999845 -0.0172496 21.1284 -0.00237007 0.0172581 -0.999848 0.405572 0.999991 -0.00351465 -0.00243107 -0.402643
1548809284859775232 2459 -0.00312193 -0.999839 -0.0176675 21.1332 -0.00238535 0.017675 -0.999841 0.405899 0.999992 -0.00307929 -0.00244015 -0.402876
1548809284959788288 2462 -0.0038288 -0.999804 -0.0194192 21.1467 -0.0026824 0.0194295 -0.999808 0.406175 0.999989 -0.00377597 -0.00275627 -0.402123
1548809284993126400 2463 -0.00400505 -0.999804 -0.019395 21.1503 -0.00284048 0.0194065 -0.999808 0.40629 0.999988 -0.00394919 -0.00291764 -0.401351
1548809285226490368 2470 -0.0033566 -0.999793 -0.0200898 21.1809 -0.00322155 0.0201006 -0.999793 0.40707 0.999989 -0.00329118 -0.00328835 -0.400802
1548809285260610304 2471 -0.00283672 -0.999779 -0.0208268 21.1869 -0.00347381 0.0208366 -0.999777 0.406962 0.99999 -0.00276374 -0.00353215 -0.400945
1548809285327286272 2473 -0.00280173 -0.999784 -0.0205902 21.1968 -0.0030412 0.0205987 -0.999783 0.407236 0.999991 -0.00273851 -0.00309826 -0.401261
1548809285493974272 2478 -0.00290196 -0.999771 -0.0211902 21.2192 -0.00405796 0.0212019 -0.999767 0.407742 0.999988 -0.0028153 -0.00411856 -0.400303
1548809285527312384 2479 -0.00323074 -0.999763 -0.0215238 21.2238 -0.00416332 0.0215371 -0.999759 0.407603 0.999986 -0.00314035 -0.00423192 -0.400055
1548809285560650240 2480 -0.00348497 -0.999773 -0.0210105 21.2285 -0.00503398 0.0210279 -0.999766 0.407785 0.999981 -0.00337839 -0.00510612 -0.399486
1548809285593988352 2481 -0.00426097 -0.999766 -0.0212126 21.2329 -0.00485447 0.0212332 -0.999763 0.408019 0.999979 -0.00415699 -0.00494381 -0.399553
1548809285627325184 2482 -0.00359364 -0.999767 -0.0212761 21.2369 -0.00447736 0.0212921 -0.999763 0.407888 0.999984 -0.00349752 -0.00455283 -0.39998
1548809285694001408 2484 -0.00278688 -0.999745 -0.0224274 21.2464 -0.00464447 0.0224402 -0.999737 0.408035 0.999985 -0.00268198 -0.00470582 -0.399724
1548809285727339264 2485 -0.00307646 -0.999749 -0.0221803 21.252 -0.00534983 0.0221966 -0.999739 0.408173 0.999981 -0.00295699 -0.00541677 -0.399497
1548809285794014208 2487 -0.00228334 -0.99975 -0.0222295 21.2612 -0.00538397 0.0222415 -0.999738 0.408322 0.999983 -0.00216306 -0.00543341 -0.399333
1548809285861398272 2489 -0.0027341 -0.99974 -0.022637 21.2702 -0.0047022 0.0226497 -0.999732 0.408311 0.999985 -0.00262692 -0.0047629 -0.399568
1548809285961412352 2492 -0.00256122 -0.999737 -0.0227963 21.284 -0.00563859 0.0228104 -0.999724 0.408672 0.999981 -0.00243198 -0.00569553 -0.398793
1548809285994749184 2493 -0.00249644 -0.999732 -0.0230149 21.2882 -0.00587659 0.0230293 -0.999718 0.408725 0.99998 -0.00236048 -0.0059325 -0.398473
1548809286228113408 2500 -0.00171747 -0.999742 -0.0226415 21.32 -0.00703359 0.0226531 -0.999719 0.409479 0.999974 -0.00155774 -0.00707069 -0.397436
1548809286262093312 2501 -0.00186642 -0.999741 -0.0226825 21.3243 -0.00712304 0.0226952 -0.999717 0.409362 0.999973 -0.00170432 -0.00716356 -0.39727
1548809286328769280 2503 -0.00193821 -0.999725 -0.0233847 21.3338 -0.00647828 0.0233968 -0.999705 0.409254 0.999977 -0.00178614 -0.00652184 -0.397612
