1548809205283314176 72 -0.00314731 -0.99999 -0.0030449 0.163732 0.00567354 0.00302701 -0.999979 0.0069592 0.999979 -0.00316452 0.00566396 -0.00451736
1548809205316652288 73 -0.00314718 -0.99999 -0.00321607 0.168319 0.00599181 0.00319717 -0.999977 0.00694752 0.999977 -0.00316638 0.00598169 -0.00437197
1548809205950069248 92 -0.00369341 -0.999992 0.00157444 0.300765 0.00329927 -0.00158663 -0.999993 0.00941606 0.999988 -0.00368819 0.0033051 -0.00163625
1548809206150095360 98 -0.00525151 -0.999985 -0.00125141 0.357015 0.00178112 0.00124207 -0.999998 0.0103328 0.999985 -0.00525372 0.00177457 -0.000132653
1548809206716836352 115 -0.00335501 -0.999946 -0.00987977 0.54111 0.00127669 0.00987554 -0.99995 0.0146901 0.999994 -0.00336746 0.00124349 0.00418081
1548809206783512320 117 -0.00304088 -0.99998 -0.00550436 0.564696 0.00178228 0.00549896 -0.999983 0.0153916 0.999994 -0.00305064 0.00176553 0.00383969
1548809207283578368 132 0.0138325 -0.999836 -0.0117257 0.733964 0.00188218 0.0117529 -0.999929 0.0173297 0.999903 0.0138095 0.00204445 0.00922351
1548809207650293248 143 0.0402664 -0.999172 -0.0058119 0.853524 -0.00214737 0.00573007 -0.999981 0.0187719 0.999187 0.0402781 -0.00191487 0.0105744
1548809208450398208 167 0.0602663 -0.998182 0.000906079 1.11226 -0.00233082 -0.00104845 -0.999997 0.025915 0.99818 0.060264 -0.00238977 0.00254955
1548809208550411264 170 0.0586159 -0.99828 0.000736663 1.1548 -0.00507097 -0.00103567 -0.999987 0.0265229 0.998268 0.0586114 -0.00512295 0.00249853
1548809208850451200 179 0.0591381 -0.998247 -0.00248286 1.25387 -0.00489864 0.00219698 -0.999986 0.0277585 0.998238 0.0591494 -0.00476013 -0.000900642
1548809209183828224 189 0.0607789 -0.998126 -0.00710624 1.37149 -0.0036088 0.00689961 -0.99997 0.0301892 0.998145 0.0608027 -0.00318268 -0.00714711
1548809209683894272 204 0.0548824 -0.998482 -0.00467225 1.53646 -0.00559069 0.00437194 -0.999975 0.0320567 0.998477 0.0549071 -0.00534226 -0.0159084
1548809209850582272 209 0.0484396 -0.998824 -0.00196463 1.59451 -0.00750723 0.00160281 -0.999971 0.0336183 0.998798 0.0484529 -0.00742077 -0.017629
1548809210283973376 222 0.0223459 -0.999749 -0.00138729 1.73471 -0.00653873 0.00124146 -0.999978 0.0364358 0.999729 0.0223545 -0.00650935 -0.0232434
1548809210684026368 234 0.0109331 -0.99994 -0.000554315 1.86908 -0.00153299 0.000537586 -0.999999 0.0377003 0.999939 0.010934 -0.00152702 -0.0270495
1548809211250767360 251 0.00762929 -0.999966 -0.00320757 2.05915 -0.00193693 0.00319288 -0.999993 0.043518 0.999969 0.00763545 -0.00191251 -0.0190529
1548809211750833408 266 0.00490595 -0.99989 -0.0140055 2.23089 -0.00201578 0.0139957 -0.9999 0.0496288 0.999986 0.00493369 -0.00194689 -0.0146523
1548809212184223232 279 0.00447588 -0.999913 -0.012421 2.3736 -0.0047556 0.0123997 -0.999912 0.0533456 0.999979 0.00453456 -0.00469969 -0.0132032
1548809212683392256 294 0.000989973 -0.999934 -0.011477 2.53794 -0.00142538 0.0114756 -0.999933 0.0558963 0.999998 0.00100627 -0.00141393 -0.0130098
1548809213216796416 310 -0.000638084 -1 0.000378243 2.70924 -0.00048901 -0.000377931 -1 0.0568445 1 -0.000638269 -0.000488769 -0.00975186
1548809213750199296 326 0.00119661 -0.999989 0.00456186 2.8798 -0.000499025 -0.00456246 -0.999989 0.0639718 0.999999 0.00119432 -0.000504478 -0.00593477
1548809214483629312 348 -0.000378619 -0.999999 -0.00110021 3.12591 -0.00328077 0.00110145 -0.999994 0.0695991 0.999995 -0.000375007 -0.00328118 -0.00185896
1548809214683656192 354 -0.00243724 -0.999996 -0.00123623 3.19624 -0.0023368 0.00124193 -0.999996 0.07087 0.999994 -0.00243434 -0.00233982 -0.00120555
1548809215217059328 370 -0.00410671 -0.999986 -0.00343753 3.37526 -0.000118704 0.00343804 -0.999994 0.0758562 0.999992 -0.00410627 -0.000132821 -0.000216615
1548809215383748352 375 -0.00308974 -0.999982 -0.00517132 3.4341 -0.00147538 0.0051759 -0.999986 0.0773952 0.999994 -0.00308207 -0.00149134 0.00234561
1548809215883814400 390 -0.0026174 -0.99996 -0.00851908 3.60384 0.000614547 0.0085175 -0.999964 0.0785015 0.999996 -0.00262254 0.000592229 0.00456579
1548809215917151232 391 -0.00343594 -0.999924 -0.0118359 3.61661 0.00102031 0.0118325 -0.999929 0.0789825 0.999994 -0.00344778 0.00097958 0.00425059
1548809216283866368 402 -0.0035442 -0.999937 -0.0106679 3.73881 -0.00224336 0.0106759 -0.99994 0.0807992 0.999991 -0.00352006 -0.00228106 0.0093716
1548809216317204224 403 -0.00205362 -0.999975 -0.00682232 3.75238 -0.0032767 0.00682903 -0.999971 0.0804671 0.999993 -0.00203121 -0.00329064 0.00917853
1548809216717257216 415 -0.00334108 -0.999891 -0.0144025 3.89207 -0.00458583 0.0144177 -0.999886 0.0814265 0.999984 -0.00327465 -0.0046335 0.014306
1548809216750594304 416 -0.00369356 -0.999866 -0.0159368 3.90305 -0.00403492 0.0159517 -0.999865 0.0818544 0.999985 -0.00362876 -0.0040933 0.0136325
1548809217117309184 427 -0.00379441 -0.999868 -0.0157909 4.02135 -0.00662404 0.0158158 -0.999853 0.0832661 0.999971 -0.00368925 -0.00668318 0.0157229
1548809217183985408 429 -0.00343422 -0.999908 -0.0131389 4.04382 -0.00380385 0.0131519 -0.999906 0.0834737 0.999987 -0.00338392 -0.00384867 0.0149548
1548809217584038400 441 -0.00407533 -0.999946 -0.00953454 4.17085 -0.007171 0.00956359 -0.999929 0.0847582 0.999966 -0.00400667 -0.00720959 0.0179043
1548809217684051200 444 -0.00482073 -0.999954 -0.00833485 4.20133 -0.00630298 0.00836516 -0.999945 0.0859922 0.999969 -0.00476793 -0.00634301 0.0179863
1548809218117441280 457 -0.00257765 -0.999992 -0.00309906 4.33715 -0.00633563 0.00311534 -0.999975 0.0894765 0.999977 -0.00255795 -0.00634361 0.0174117
1548809218217454336 460 -0.00492996 -0.999983 -0.00320117 4.36845 -0.00251157 0.00321358 -0.999992 0.0894315 0.999985 -0.00492187 -0.00252737 0.0167173
1548809218750858240 476 -0.00197585 -0.999998 0.000934839 4.53609 -0.00580461 -0.000923356 -0.999983 0.094172 0.999981 -0.00198124 -0.00580278 0.0195497
1548809219084235264 486 -0.00191465 -0.999991 0.00370485 4.64271 -0.00872368 -0.00368801 -0.999955 0.0960999 0.99996 -0.00194688 -0.00871654 0.0222429
1548809219550963200 500 -0.00329473 -0.999995 0.00014401 4.79475 -0.00771078 -0.000118601 -0.99997 0.100298 0.999965 -0.00329574 -0.00771034 0.0255367
1548809219885144320 510 -0.00336825 -0.999969 -0.00718386 4.90566 -0.00936789 0.00721514 -0.99993 0.10234 0.99995 -0.00330072 -0.0093919 0.0254918
1548809220151845376 518 -0.00243963 -0.999949 -0.00983204 4.99468 -0.0059843 0.00984649 -0.999934 0.104151 0.999979 -0.00238063 -0.00600802 0.0257051
1548809220485223424 528 -0.00359456 -0.999887 -0.0145696 5.10398 -0.00334026 0.0145816 -0.999888 0.107656 0.999988 -0.00354549 -0.00339229 0.0265796
1548809220985289216 543 -0.00600874 -0.999935 -0.00973909 5.25989 -0.00318122 0.00975833 -0.999947 0.109943 0.999977 -0.00597744 -0.00323965 0.029922
1548809221385341184 555 -0.0070741 -0.999967 -0.00393493 5.38174 -0.00129688 0.0039442 -0.999991 0.112049 0.999974 -0.00706894 -0.00132474 0.0306567
1548809221984617216 573 -0.00629633 -0.999977 0.00235004 5.56648 0.00124199 -0.00235791 -0.999996 0.115095 0.999979 -0.00629339 0.0012568 0.0331953
1548809222251319296 581 -0.0098535 -0.999949 0.00210641 5.65096 -0.00163843 -0.00209036 -0.999996 0.116225 0.99995 -0.00985692 -0.00161775 0.0371272
1548809222718047232 595 -0.00932863 -0.999947 0.00429505 5.7967 -0.00147546 -0.00428146 -0.99999 0.122764 0.999955 -0.00933487 -0.00143544 0.0409456
1548809223051425280 605 -0.00516529 -0.999979 0.00393203 5.90437 -0.00128559 -0.00392544 -0.999991 0.122406 0.999986 -0.0051703 -0.00126529 0.0432189
1548809223584828416 621 0.0330206 -0.99943 0.00696683 6.06567 0.00161339 -0.00691732 -0.999975 0.126574 0.999453 0.033031 0.00138406 0.0441196
1548809223784854272 627 0.0400545 -0.99919 0.00383677 6.12563 0.00395854 -0.00368113 -0.999985 0.128709 0.99919 0.0400691 0.00380789 0.0437065
1548809224451609344 647 0.044765 -0.998996 0.00177531 6.33286 -0.00482192 -0.00199314 -0.999986 0.132683 0.998986 0.0447558 -0.0049063 0.04181
1548809224484947200 648 0.0456071 -0.998942 0.00598854 6.34241 -0.00506768 -0.00622606 -0.999968 0.134657 0.998947 0.0455753 -0.00534627 0.0410454
1548809224851662336 659 0.0488786 -0.998804 0.00135868 6.45972 -0.00876469 -0.00178918 -0.99996 0.139235 0.998766 0.0488648 -0.00884166 0.0412766
1548809225218377216 670 0.0497521 -0.998762 9.34033e-05 6.57117 -0.010225 -0.000602859 -0.999948 0.141942 0.998709 0.0497485 -0.0102423 0.0394034
1548809225751780352 686 0.0518246 -0.998648 -0.00412701 6.73682 -0.00954461 0.00363706 -0.999948 0.143875 0.998611 0.0518613 -0.00934321 0.03419
1548809226118495232 697 0.053591 -0.998563 -0.000144572 6.84948 -0.00848379 -0.000310534 -0.999964 0.145854 0.998527 0.0535903 -0.00848824 0.026517
1548809226351859200 704 0.0566591 -0.998391 0.00203998 6.92132 -0.00682605 -0.00243059 -0.999974 0.150509 0.99837 0.0566437 -0.00695278 0.0219076
1548809226618561280 712 0.0557696 -0.998437 0.00368125 7.00511 -0.0112595 -0.00431567 -0.999927 0.151146 0.99838 0.0557241 -0.0114826 0.0207611
1548809227151965184 728 0.055736 -0.99844 0.00320514 7.1764 -0.00969974 -0.00375144 -0.999946 0.1544 0.998398 0.0557019 -0.0098937 0.0106877
1548809227452004352 737 0.0570113 -0.998371 0.0020896 7.26995 -0.00927562 -0.00262259 -0.999954 0.15796 0.99833 0.0569892 -0.00941003 0.00746427
1548809228052083200 755 0.0554495 -0.998429 0.00809145 7.45446 -0.00642859 -0.00846075 -0.999944 0.164021 0.998441 0.0553944 -0.00688764 0.000768203
1548809228252110336 761 0.0552678 -0.998459 0.00503218 7.52268 -0.00723055 -0.00543997 -0.999959 0.164515 0.998445 0.0552291 -0.00752006 -0.00194084
1548809228884639232 780 0.0538454 -0.998547 0.00208326 7.7213 -0.00230279 -0.00221046 -0.999995 0.169824 0.998547 0.0538403 -0.00241847 -0.011091
1548809228917977344 781 0.0544267 -0.998517 0.00139407 7.73006 -0.00160631 -0.0014837 -0.999998 0.169884 0.998516 0.0544243 -0.00168468 -0.0129687
1548809229318030336 793 0.0551358 -0.998477 -0.00189893 7.85343 -0.00320399 0.00172489 -0.999993 0.176057 0.998474 0.0551415 -0.003104 -0.0239659
1548809229351368192 794 0.0546737 -0.998503 0.00187524 7.86581 -0.00442455 -0.0021203 -0.999988 0.1764 0.998494 0.0546647 -0.00453385 -0.0220256
1548809229818096384 808 0.0528827 -0.998601 0.000531867 8.00802 -0.00271609 -0.000676446 -0.999996 0.179745 0.998597 0.0528811 -0.00274806 -0.0295251
1548809229851433216 809 0.0567626 -0.998387 -0.00153864 8.01325 -0.00282784 0.00138035 -0.999995 0.180202 0.998384 0.0567667 -0.00274493 -0.0299733
1548809230251486208 821 0.0541592 -0.998528 0.00294837 8.13491 -0.003107 -0.00312121 -0.99999 0.182163 0.998527 0.0541495 -0.00327147 -0.0351547
1548809230351499264 824 0.0541468 -0.998518 0.00548144 8.16746 -0.00429939 -0.00572258 -0.999974 0.183383 0.998524 0.0541218 -0.00460287 -0.037143
1548809230918241280 841 0.0535687 -0.998564 -0.000256678 8.34844 -0.00432271 2.5149e-05 -0.999991 0.186927 0.998555 0.0535693 -0.00431516 -0.0445785
1548809231318293248 853 0.0528462 -0.998601 -0.00207594 8.47769 -0.000806204 0.00203618 -0.999998 0.189533 0.998602 0.0528477 -0.000697471 -0.0519508
1548809231685008384 864 0.038888 -0.999242 -0.00160671 8.59209 0.000834542 0.00164041 -0.999998 0.193506 0.999243 0.0388866 0.000897702 -0.0607641
1548809232018386176 874 0.0174311 -0.999847 -0.0017647 8.69489 -0.00524224 0.00167355 -0.999985 0.197157 0.999834 0.0174401 -0.00521226 -0.0606146
1548809232484135424 888 0.00260141 -0.999989 -0.00395329 8.8425 -0.000793788 0.00395124 -0.999992 0.200408 0.999996 0.00260452 -0.000783501 -0.0608652
1548809232717499392 895 -0.00179984 -0.999998 0.000125609 8.92116 -0.00239851 -0.000121292 -0.999997 0.201159 0.999996 -0.00180013 -0.00239829 -0.0608657
1548809233084214272 906 -0.00351033 -0.999994 0.000512268 9.03858 -0.00150675 -0.000506982 -0.999999 0.204812 0.999993 -0.0035111 -0.00150496 -0.0593446
1548809233384253184 915 -0.00373399 -0.999989 0.00282892 9.13094 -0.000353361 -0.00282762 -0.999996 0.20641 0.999993 -0.00373498 -0.000342799 -0.0610426
1548809233784306176 927 -0.00403022 -0.999985 0.00376367 9.25362 -0.00036093 -0.00376224 -0.999993 0.208913 0.999992 -0.00403155 -0.000345762 -0.0578481
1548809234217696256 940 -0.00197784 -0.999992 0.00359448 9.38926 0.00115992 -0.00359678 -0.999993 0.213461 0.999997 -0.00197366 0.00116702 -0.0596251
1548809234651087360 953 -0.000246574 -1 -0.000521657 9.52323 -0.00580571 0.00052308 -0.999983 0.21664 0.999983 -0.000243542 -0.00580584 -0.0561109
1548809234917789184 961 0.00279337 -0.999995 -0.00139017 9.60541 -0.00536962 0.00137515 -0.999985 0.217763 0.999982 0.0028008 -0.00536575 -0.0571191
1548809235384517376 975 0.0132563 -0.999885 -0.0073747 9.75166 -0.00604867 0.00729503 -0.999955 0.219882 0.999894 0.0133003 -0.00595127 -0.056939
1548809235417854208 976 0.0151049 -0.999879 -0.00377017 9.75917 -0.00448078 0.00370288 -0.999983 0.219986 0.999876 0.0151215 -0.0044243 -0.0532371
1548809235684556288 984 0.0574983 -0.998327 -0.006049 9.84102 -0.00547312 0.00574372 -0.999969 0.221508 0.998331 0.0575296 -0.00513371 -0.0495738
1548809235751232256 986 0.0693194 -0.997585 -0.0043704 9.85781 -0.00478222 0.00404859 -0.99998 0.222767 0.997583 0.069339 -0.00449003 -0.05064
1548809235784569344 987 0.0753538 -0.997142 -0.00550435 9.86692 -0.00566907 0.00509155 -0.999971 0.222881 0.997141 0.0753828 -0.0052692 -0.0518829
1548809235851245312 989 0.0880875 -0.996097 -0.00567736 9.88686 -0.00431713 0.0053177 -0.999977 0.22429 0.996103 0.08811 -0.00383185 -0.0517903
1548809236052366336 995 0.12188 -0.992526 -0.00616003 9.94998 -0.00587956 0.00548422 -0.999968 0.225016 0.992527 0.121912 -0.0051672 -0.0536954
1548809236085704192 996 0.126989 -0.991899 -0.00331352 9.9627 -0.00468258 0.00274104 -0.999985 0.225453 0.991893 0.127003 -0.00429656 -0.0548207
1548809236219055360 1000 0.149931 -0.988691 -0.00327519 10.0072 -0.00180353 0.00303913 -0.999994 0.226423 0.988695 0.149936 -0.00132747 -0.0596089
1548809236252393216 1001 0.149203 -0.988803 -0.00256387 10.0185 -0.00191392 0.0023041 -0.999996 0.227328 0.988805 0.149208 -0.00154871 -0.0627995
1548809236419081216 1006 0.161532 -0.986867 -0.000611085 10.0698 1.67163e-05 0.000621953 -1 0.228388 0.986868 0.161532 0.000116962 -0.0694746
1548809236486632192 1008 0.165465 -0.98621 -0.00336264 10.0956 -0.00139996 0.00317475 -0.999994 0.229188 0.986215 0.165468 -0.000855348 -0.0718164
1548809236619983360 1012 0.166539 -0.986027 -0.0039269 10.1389 -0.00012927 0.00396068 -0.999992 0.229507 0.986035 0.166538 0.000532145 -0.0781566
1548809236753333248 1016 0.167002 -0.985953 -0.00264074 10.1764 -0.000582415 0.0025797 -0.999997 0.230581 0.985956 0.167003 -0.000143419 -0.0821256
1548809236853347328 1019 0.166584 -0.986017 -0.00449808 10.209 -0.0031112 0.00403619 -0.999987 0.229855 0.986022 0.166596 -0.00239533 -0.0874407
1548809236953360384 1022 0.168319 -0.985722 -0.00463516 10.2399 0.000399689 0.00477049 -0.999989 0.229891 0.985733 0.168315 0.00119695 -0.0927076
1548809237320075264 1033 0.167536 -0.985835 -0.00786034 10.3553 -0.00221046 0.00759738 -0.999969 0.230632 0.985863 0.167548 -0.000906314 -0.107835
1548809237420088320 1036 0.165532 -0.986136 -0.0116581 10.3878 -0.00236073 0.0114249 -0.999932 0.231787 0.986202 0.165548 -0.000436822 -0.112893
1548809237820141312 1048 0.167487 -0.985789 -0.0129676 10.5154 -0.000799561 0.0130175 -0.999915 0.2346 0.985874 0.167483 0.00139207 -0.134286
1548809237853478400 1049 0.1684 -0.985642 -0.0123031 10.5312 0.000173919 0.012511 -0.999922 0.234022 0.985719 0.168384 0.00227828 -0.137967
1548809238286869248 1062 0.153083 -0.988193 -0.00629676 10.6684 0.00107752 0.00653877 -0.999978 0.236312 0.988213 0.153073 0.00206577 -0.158606
1548809238320207360 1063 0.149094 -0.988784 -0.00880755 10.6826 -0.00144539 0.00868917 -0.999961 0.236762 0.988822 0.149101 -0.000133667 -0.160253
1548809238752722176 1076 0.122978 -0.992409 -0.000451761 10.8276 -0.00137316 0.000285056 -0.999999 0.239672 0.992408 0.122979 -0.00132768 -0.181227
1548809238786060288 1077 0.118118 -0.992999 0.00129748 10.8389 0.00028124 -0.00127318 -0.999999 0.23998 0.992999 0.118119 0.000128886 -0.183278
1548809239252788224 1091 0.101561 -0.994825 0.00292228 10.9912 0.00354633 -0.00257541 -0.99999 0.241896 0.994823 0.10157 0.00326642 -0.202503
1548809239419476224 1096 0.0990439 -0.995082 0.0011176 11.0495 0.00551955 -0.000573721 -0.999985 0.243429 0.995068 0.0990486 0.00543559 -0.20853
1548809239718549248 1105 0.0968643 -0.995296 0.00179443 11.1486 0.00251093 -0.00155853 -0.999996 0.245846 0.995294 0.0968684 0.00234815 -0.213815
1548809240151939328 1118 0.0934225 -0.995626 -0.0010998 11.2915 0.00483284 0.00155809 -0.999987 0.249962 0.995615 0.093416 0.00495726 -0.226682
1548809240518654208 1129 0.0820885 -0.996623 0.00224354 11.4144 0.001992 -0.00208706 -0.999996 0.253117 0.996623 0.0820926 0.00181395 -0.236226
1548809240885369344 1140 0.0564885 -0.998403 0.000689659 11.5379 0.00112532 -0.000627092 -0.999999 0.255653 0.998403 0.0564892 0.0010881 -0.243275
1548809241384366336 1155 0.0524795 -0.998621 -0.00156162 11.707 0.00497545 0.00182522 -0.999986 0.260598 0.99861 0.052471 0.00506437 -0.253761
1548809241917770240 1171 0.0513614 -0.998675 -0.00318807 11.8842 0.00660274 0.00353179 -0.999972 0.263832 0.998658 0.0513389 0.00677539 -0.260707
1548809242351160320 1184 0.0466664 -0.998909 -0.0016362 12.0264 -0.000308321 0.00162358 -0.999999 0.269544 0.99891 0.0466668 -0.000232218 -0.260912
1548809242850046208 1199 0.0369485 -0.999309 -0.00403132 12.1941 0.00503698 0.00422025 -0.999978 0.27137 0.999304 0.0369273 0.00518943 -0.272139
1548809243150086400 1208 0.02063 -0.999755 -0.00804375 12.2942 0.00140614 0.00807447 -0.999966 0.272785 0.999786 0.020618 0.00157238 -0.274926
1548809243783502336 1227 0.013604 -0.99989 -0.00594064 12.5018 -0.00120754 0.00592476 -0.999982 0.275772 0.999907 0.0136109 -0.00112681 -0.270419
1548809243950191360 1232 0.0138437 -0.999891 -0.00511762 12.5548 -0.000856724 0.00510624 -0.999987 0.278189 0.999904 0.0138479 -0.000785941 -0.271059
1548809244516932352 1249 0.0122172 -0.999922 -0.00257338 12.7346 0.00344324 0.00261563 -0.999991 0.282103 0.999919 0.0122082 0.00347493 -0.274621
1548809244650283264 1253 0.0113349 -0.999932 0.00259183 12.7748 0.00149074 -0.0025751 -0.999996 0.281362 0.999935 0.0113387 0.00146145 -0.274688
1548809245183687168 1269 0.0114568 -0.999933 0.00184404 12.9531 0.000345216 -0.00184021 -0.999998 0.285035 0.999934 0.0114574 0.00032411 -0.273218
1548809245483726336 1278 0.0109919 -0.99994 0.000153445 13.0501 0.000217826 -0.00015106 -1 0.288572 0.99994 0.0109919 0.000216152 -0.271977
1548809245950455296 1292 0.0102029 -0.999947 0.00145727 13.2023 -0.00173128 -0.00147501 -0.999997 0.291487 0.999946 0.0102004 -0.00174624 -0.272096
1548809246217156352 1300 0.0105571 -0.999944 -0.000340823 13.286 -0.000943592 0.000330879 -1 0.292632 0.999944 0.0105574 -0.000940047 -0.272338
1548809246683885312 1314 0.00802091 -0.999966 -0.00209686 13.4444 -0.000509758 0.00209283 -0.999998 0.294687 0.999968 0.00802196 -0.000492954 -0.27209
1548809247150613248 1328 0.0082346 -0.99996 -0.00335306 13.605 0.000772678 0.00335953 -0.999994 0.294002 0.999966 0.00823196 0.000800312 -0.272728
1548809247650679296 1343 0.00562751 -0.999973 -0.00475047 13.7719 -0.00121775 0.00474369 -0.999988 0.300618 0.999983 0.00563323 -0.00119102 -0.269088
1548809248117407232 1357 0.00849993 -0.999946 -0.00602061 13.9255 -0.00332075 0.00599257 -0.999977 0.305334 0.999958 0.00851972 -0.00326963 -0.263612
1548809248550797312 1370 0.026934 -0.999637 -0.00118216 14.0662 -0.00410296 0.00107203 -0.999991 0.30693 0.999629 0.0269386 -0.0040726 -0.263944
1548809248850837248 1379 0.0571054 -0.998366 -0.00198794 14.1619 -0.00136229 0.00191327 -0.999997 0.311534 0.998367 0.057108 -0.0012508 -0.264366
1548809249384240384 1395 0.0605989 -0.998162 -0.00068452 14.3341 -0.00288735 0.000510485 -0.999996 0.31661 0.998158 0.0606006 -0.00285111 -0.266285
1548809249417578240 1396 0.0622426 -0.998053 0.00392199 14.3448 -0.00309972 -0.0041229 -0.999987 0.315048 0.998056 0.0622296 -0.0033503 -0.269803
1548809249450916352 1397 0.0616048 -0.9981 0.00072883 14.3603 -0.0023218 -0.000873521 -0.999997 0.315208 0.998098 0.0616029 -0.0023712 -0.271558
1548809249684280320 1404 0.0649321 -0.997889 0.00130992 14.4379 0.000618218 -0.00127246 -0.999999 0.317272 0.997889 0.0649329 0.00053429 -0.276673
1548809249717618176 1405 0.0625679 -0.998035 0.00328705 14.4477 0.00152743 -0.00319775 -0.999994 0.31921 0.99804 0.0625725 0.00132435 -0.276703
1548809249917644288 1411 0.0657707 -0.997831 0.00277018 14.5128 0.00105059 -0.00270694 -0.999996 0.320986 0.997834 0.0657734 0.000870273 -0.279897
1548809250217683200 1420 0.0645716 -0.997913 0.000773684 14.6122 -0.00131537 -0.000860414 -0.999999 0.324072 0.997912 0.0645705 -0.00136818 -0.281762
1548809250251021312 1421 0.0652033 -0.997871 0.00100302 14.6281 -0.00144758 -0.00109974 -0.999998 0.323538 0.997871 0.0652018 -0.00151621 -0.282075
1548809250451047424 1427 0.0652103 -0.997864 0.00375589 14.6956 -0.00150918 -0.00386252 -0.999991 0.326172 0.99787 0.0652041 -0.00175783 -0.285886
1548809250651074304 1433 0.0649446 -0.997887 0.00205675 14.7636 -0.00271523 -0.00223781 -0.999994 0.329253 0.997885 0.0649386 -0.00285483 -0.289775
1548809251117802240 1447 0.0639922 -0.997943 0.00392916 14.918 -0.00284421 -0.0041196 -0.999987 0.332321 0.997946 0.0639803 -0.00310198 -0.29434
1548809251151140352 1448 0.0639794 -0.997949 0.00217335 14.9306 -0.00285108 -0.00236059 -0.999993 0.332934 0.997947 0.0639727 -0.00299626 -0.295183
1548809251451179264 1457 0.0660338 -0.997805 0.00494623 15.0281 -0.00474439 -0.00527096 -0.999975 0.335716 0.997806 0.0660086 -0.00508204 -0.300862
1548809251651206400 1463 0.06553 -0.997847 0.00252034 15.0935 -0.00574737 -0.00290317 -0.999979 0.335784 0.997834 0.0655142 -0.00592525 -0.304519
1548809251984583168 1473 0.0661319 -0.997802 0.00420221 15.2011 -0.00494501 -0.00453911 -0.999977 0.340208 0.997799 0.0661097 -0.00523432 -0.312057
1548809252351298304 1484 0.0670447 -0.997749 0.00134729 15.3219 -0.00282707 -0.00154029 -0.999995 0.343397 0.997746 0.0670405 -0.00292397 -0.320211
1548809252751350272 1496 0.0675191 -0.997716 0.00188301 15.4552 -0.00589266 -0.00228606 -0.99998 0.346817 0.997701 0.0675067 -0.00603356 -0.325166
1548809253184741376 1509 0.0692005 -0.997601 -0.00169893 15.5997 -0.00479002 0.00137072 -0.999988 0.349924 0.997591 0.0692077 -0.00468367 -0.332968
1548809253584794368 1521 0.0673267 -0.99773 -0.00135372 15.731 -0.00632091 0.000930239 -0.99998 0.352931 0.997711 0.0673339 -0.00624393 -0.337966
1548809253851495424 1529 0.0688131 -0.997629 0.000615629 15.8178 -0.00794422 -0.00116504 -0.999968 0.35263 0.997598 0.068806 -0.00800556 -0.345139
1548809254184873216 1539 0.0674856 -0.99772 0.00084449 15.9261 -0.00795338 -0.00138436 -0.999967 0.35483 0.997689 0.0674767 -0.00802867 -0.352094
1548809254484912384 1548 0.066886 -0.997757 0.00278859 16.0248 -0.00526786 -0.00314795 -0.999981 0.360924 0.997747 0.06687 -0.0054666 -0.357769
1548809255051654400 1565 0.0697587 -0.997501 0.0112243 16.2119 -0.00540216 -0.0116293 -0.999918 0.363905 0.997549 0.0696923 -0.0061999 -0.367639
1548809255084991232 1566 0.0689099 -0.997517 0.0145317 16.2217 -0.00794976 -0.0151149 -0.999854 0.364764 0.997591 0.0687843 -0.00897159 -0.368086
1548809255285018368 1572 0.0666684 -0.997647 0.0159774 16.2823 -0.012145 -0.0168232 -0.999785 0.368592 0.997701 0.06646 -0.013238 -0.365228
1548809255318355200 1573 0.067217 -0.997668 0.0118431 16.2948 -0.0117878 -0.0126631 -0.99985 0.369256 0.997669 0.0670674 -0.0126115 -0.368008
1548809255551719424 1580 0.069102 -0.997509 0.01414 16.3714 -0.0125394 -0.0150412 -0.999808 0.371904 0.997531 0.0689114 -0.0135476 -0.372494
1548809255951772416 1592 0.0696152 -0.997515 0.010857 16.5042 -0.0103316 -0.0116037 -0.999879 0.376458 0.99752 0.0694946 -0.0111137 -0.380915
1548809256518513408 1609 0.0731612 -0.997255 0.0114211 16.6932 -0.0104391 -0.0122169 -0.999871 0.385193 0.997265 0.0730325 -0.0113043 -0.392099
1548809256551851264 1610 0.0721405 -0.997361 0.00822665 16.706 -0.00893614 -0.00889413 -0.999921 0.384403 0.997354 0.0720612 -0.00955418 -0.393868
1548809256785215232 1617 0.0742357 -0.997232 0.00412048 16.7839 -0.0101428 -0.0048867 -0.999937 0.389859 0.997189 0.0741892 -0.0104775 -0.395361
1548809256918566400 1621 0.073026 -0.99731 0.00624987 16.8252 -0.0112203 -0.00708776 -0.999912 0.38943 0.997267 0.0729494 -0.0117077 -0.397644
1548809257285281280 1632 0.0697163 -0.997564 0.00239739 16.9492 -0.00947589 -0.00306537 -0.99995 0.395406 0.997522 0.0696902 -0.00966652 -0.403364
1548809257518645248 1639 0.0676189 -0.997711 0.000795881 17.0317 -0.0118026 -0.00159756 -0.999929 0.39677 0.997641 0.0676047 -0.0118836 -0.409229
1548809257852022272 1649 0.0685862 -0.997645 -0.000321037 17.1427 -0.0156761 -0.000755948 -0.999877 0.400904 0.997522 0.0685828 -0.0156911 -0.413587
1548809258352088320 1664 0.0704631 -0.997514 -0.000578866 17.3098 -0.00973977 -0.000107723 -0.999953 0.405586 0.997467 0.0704653 -0.00972315 -0.428472
1548809258385426176 1665 0.0721326 -0.997394 0.0012238 17.3209 -0.00929306 -0.00189902 -0.999955 0.406627 0.997352 0.072118 -0.00940583 -0.428528
1548809258718803200 1675 0.0805681 -0.996731 0.00596766 17.4228 -0.0136137 -0.00708695 -0.999882 0.410391 0.996656 0.0804773 -0.0141402 -0.430282
1548809258785479168 1677 0.0828601 -0.996549 0.00494287 17.4426 -0.010527 -0.00583492 -0.999928 0.412106 0.996506 0.082802 -0.0109742 -0.430719
1548809259185531392 1689 0.0877934 -0.996109 0.00773743 17.5705 -0.0137525 -0.0089787 -0.999865 0.41782 0.996044 0.0876751 -0.0144873 -0.435427
1548809259285545216 1692 0.0884018 -0.996048 0.00857931 17.602 -0.0167967 -0.0101024 -0.999808 0.418205 0.995943 0.0882407 -0.0176234 -0.435552
1548809259618922240 1702 0.0870906 -0.99614 0.0109417 17.7064 -0.0146873 -0.0122662 -0.999817 0.424432 0.996092 0.0869139 -0.0156989 -0.440899
1548809259918961408 1711 0.0860566 -0.996246 0.00943188 17.8062 -0.00914838 -0.0102568 -0.999906 0.427953 0.996248 0.0859622 -0.0099967 -0.45102
1548809260185663232 1719 0.0862729 -0.99623 0.00905871 17.8928 -0.00646749 -0.00965245 -0.999932 0.432699 0.996251 0.0862085 -0.00727585 -0.458691
1548809260485703168 1728 0.0869345 -0.996165 0.00985501 17.9846 -0.0088938 -0.0106681 -0.999904 0.434402 0.996174 0.0868384 -0.00978712 -0.465802
1548809260685729280 1734 0.0885706 -0.996022 0.00979221 18.0493 -0.0102607 -0.0107427 -0.99989 0.436701 0.996017 0.0884604 -0.0111713 -0.471217
1548809261052444416 1745 0.0896811 -0.995924 0.00964106 18.1729 -0.0114897 -0.0107139 -0.999877 0.441489 0.995904 0.0895593 -0.0124037 -0.478591
1548809261285808384 1752 0.0898804 -0.995948 0.00295752 18.2516 -0.0139683 -0.00422982 -0.999893 0.44508 0.995855 0.0898295 -0.0142919 -0.480188
1548809261585848320 1761 0.0898991 -0.99593 0.00639995 18.3495 -0.0106323 -0.0073853 -0.999916 0.447825 0.995894 0.0898235 -0.011253 -0.489229
1548809262119251200 1777 0.0886926 -0.996052 0.00374179 18.5248 -0.0109245 -0.00472911 -0.999929 0.452855 0.995999 0.0886454 -0.0113008 -0.499994
1548809262385953280 1785 0.0890663 -0.99601 0.00559968 18.6123 -0.0118448 -0.00668079 -0.999908 0.456167 0.995955 0.0889917 -0.0123926 -0.506897
1548809263519436288 1819 0.0880755 -0.996114 0.000511253 18.8529 -0.0109272 -0.00147939 -0.999939 0.461087 0.996054 0.0880646 -0.011015 -0.525547
1548809263752800256 1826 0.0879133 -0.996125 -0.00252274 18.9016 -0.0109911 0.00156238 -0.999938 0.461555 0.996067 0.0879356 -0.0108111 -0.529966
1548809264352879360 1844 0.0274194 -0.999624 -0.000721821 19.0245 -0.0130623 0.000363735 -0.999915 0.465746 0.999539 0.0274265 -0.0130474 -0.543625
1548809264986296320 1863 -0.00600798 -0.999978 0.00297532 19.1541 -0.0116336 -0.00290528 -0.999928 0.468111 0.999914 -0.00604216 -0.0116158 -0.547029
1548809265786401280 1887 -0.00888545 -0.999904 0.0106083 19.3138 -0.0133297 -0.0104893 -0.999856 0.473695 0.999872 -0.00902558 -0.0132352 -0.542045
1548809266186454272 1899 -0.00924298 -0.999923 0.00826019 19.4006 -0.011422 -0.00815443 -0.999902 0.475568 0.999892 -0.00933642 -0.0113458 -0.543278
1548809266819870208 1918 -0.0115863 -0.999888 0.00944565 19.5196 -0.00805421 -0.00935265 -0.999924 0.479595 0.9999 -0.0116614 -0.00794495 -0.542178
1548809267286599168 1932 -0.0116173 -0.999843 0.0133919 19.6 -0.00948202 -0.0132821 -0.999867 0.483117 0.999888 -0.0117428 -0.00932623 -0.538253
1548809267853340416 1949 -0.00885775 -0.999893 0.0116289 19.7121 -0.0103463 -0.0115371 -0.99988 0.486696 0.999907 -0.008977 -0.010243 -0.536726
1548809268586770176 1971 -0.00812109 -0.999941 0.00726661 19.8522 -0.0096487 -0.00718816 -0.999928 0.489578 0.99992 -0.00819062 -0.00958975 -0.533925
1548809268753458176 1976 -0.0058744 -0.999969 0.00521544 19.884 -0.00862725 -0.00516465 -0.999949 0.4915 0.999946 -0.0059191 -0.00859664 -0.534085
1548809269486888192 1998 -0.00444852 -0.999987 0.00229463 20.0239 -0.00738656 -0.00226173 -0.99997 0.494853 0.999963 -0.00446534 -0.0073764 -0.530283
1548809270020292352 2014 -0.00515627 -0.999984 -0.002107 20.1364 -0.00753789 0.00214583 -0.999969 0.497179 0.999958 -0.00514023 -0.00754884 -0.528051
1548809270553696256 2030 0.000893873 -0.999964 -0.00845141 20.2543 -0.00756449 0.00844441 -0.999936 0.501314 0.999971 0.000957746 -0.00755667 -0.526843
1548809270587033344 2031 0.0163826 -0.999861 -0.00305686 20.2538 -0.00612391 0.00295687 -0.999977 0.500004 0.999847 0.0164009 -0.00607461 -0.522374
1548809270720384256 2035 0.0282397 -0.999601 -0.000385029 20.2597 -0.00945705 0.000117995 -0.999955 0.499425 0.999556 0.0282421 -0.00944995 -0.521979
1548809270753722368 2036 0.0416127 -0.999134 2.39257e-06 20.2589 -0.00950229 -0.000398153 -0.999955 0.499386 0.999089 0.0416108 -0.00951063 -0.520293
1548809270787060224 2037 0.040949 -0.999161 -0.000429401 20.2595 -0.00161259 0.000363672 -0.999999 0.501234 0.99916 0.0409497 -0.00159634 -0.520175
1548809270820397312 2038 0.052145 -0.99864 -2.22245e-05 20.2639 -0.00946065 -0.000471744 -0.999955 0.501771 0.998595 0.0521429 -0.00947237 -0.518612
1548809270853735424 2039 0.0617177 -0.998083 -0.00452679 20.2658 -0.00587111 0.00417232 -0.999974 0.501247 0.998076 0.0617427 -0.00560235 -0.520935
1548809270887073280 2040 0.060924 -0.998141 0.00182917 20.2682 -0.0013308 -0.00191381 -0.999997 0.501672 0.998142 0.0609214 -0.00144493 -0.523142
1548809272320595200 2083 0.0778397 -0.996949 -0.00584757 20.25 -0.00391229 0.00555987 -0.999977 0.50046 0.996958 0.0778607 -0.00346757 -0.526791
1548809272820661248 2098 0.0764834 -0.997064 -0.00364975 20.2128 -0.00544239 0.00324295 -0.99998 0.500352 0.997056 0.0765017 -0.00517838 -0.523322
1548809273420740352 2116 0.0224096 -0.999743 -0.0034574 20.1869 -0.00723151 0.00329609 -0.999968 0.499131 0.999723 0.0224339 -0.00715578 -0.528165
1548809273687442176 2124 -0.0325534 -0.999467 -0.00259091 20.1875 -0.00690263 0.00281704 -0.999972 0.499492 0.999446 -0.0325347 -0.00699065 -0.534709
1548809273920806400 2131 -0.0862684 -0.996272 -0.000568174 20.1879 -0.00822799 0.00128275 -0.999965 0.500381 0.996238 -0.0862608 -0.00830797 -0.541886
1548809275621030400 2182 -0.0947344 -0.995502 -0.00115201 20.2612 -0.00634863 0.00176134 -0.999978 0.50215 0.995482 -0.094725 -0.00648693 -0.53602
1548809276687837184 2214 -0.118798 -0.992916 -0.00204127 20.3689 -0.0063121 0.002811 -0.999976 0.508357 0.992898 -0.118782 -0.00660133 -0.520916
1548809277154565376 2228 -0.16326 -0.986576 -0.00369803 20.4281 -0.00507293 0.00458774 -0.999977 0.51013 0.98657 -0.163237 -0.00575383 -0.517319
1548809278188035328 2259 -0.120033 -0.99277 -0.000951016 20.5272 -0.00605585 0.00169012 -0.99998 0.513412 0.992751 -0.120024 -0.00621493 -0.493845
1548809278388061184 2265 -0.102104 -0.994763 -0.00469568 20.5494 -0.00257128 0.00498424 -0.999984 0.51359 0.99477 -0.10209 -0.00306672 -0.492456
1548809278989320192 2283 -0.0723593 -0.99736 -0.00616305 20.6069 -0.00828208 0.00677988 -0.999943 0.514307 0.997344 -0.0723041 -0.0087508 -0.477574
1548809279022658304 2284 -0.0708651 -0.997458 -0.0074818 20.6119 -0.00832688 0.00809196 -0.999933 0.514582 0.997451 -0.070798 -0.00887914 -0.479137
1548809279723819264 2305 -0.0520109 -0.998638 -0.00423935 20.676 -0.00793873 0.00465842 -0.999958 0.5152 0.998615 -0.051975 -0.0081702 -0.474942
1548809279890508288 2310 -0.0480556 -0.998841 -0.00260788 20.6898 -0.00771306 0.0029819 -0.999966 0.515145 0.998815 -0.0480339 -0.00784742 -0.474657
1548809280523924224 2329 -0.0358505 -0.999357 -0.000704356 20.7448 -0.00627947 0.000930062 -0.99998 0.517581 0.999337 -0.0358454 -0.00630878 -0.472677
1548809280991620352 2343 -0.0274246 -0.999623 0.00100054 20.7886 -0.00523773 -0.000857209 -0.999986 0.51919 0.99961 -0.0274294 -0.00521225 -0.471356
1548809281758387200 2366 -0.0162799 -0.999864 0.00255105 20.8555 -0.00368876 -0.00249131 -0.99999 0.521168 0.999861 -0.0162892 -0.0036477 -0.469698
1548809281825063424 2368 -0.0152208 -0.999881 0.00243313 20.8634 -0.00320397 -0.00238462 -0.999992 0.521271 0.999879 -0.0152285 -0.00316729 -0.469523
1548809282258453248 2381 -0.00890773 -0.999954 0.00353389 20.9028 -0.0040839 -0.00349762 -0.999986 0.522867 0.999952 -0.00892203 -0.00405256 -0.467778
1548809282291791360 2382 -0.00813703 -0.999961 0.00339556 20.9058 -0.00455998 -0.00335853 -0.999984 0.522535 0.999956 -0.00815238 -0.00453248 -0.46845
1548809283158572288 2408 0.00148022 -0.999998 -0.00107153 20.9893 -0.00438014 0.00106504 -0.99999 0.526175 0.999989 0.00148489 -0.00437855 -0.466005
1548809283225247232 2410 0.00130163 -0.999999 -0.00100747 20.9988 -0.00435524 0.0010018 -0.99999 0.525643 0.99999 0.00130601 -0.00435393 -0.466829
1548809283892002304 2430 0.00303348 -0.999987 0.00398783 21.0571 -0.00554453 -0.00400461 -0.999977 0.525138 0.99998 0.00301129 -0.00555661 -0.465961
1548809284092028416 2436 0.00322412 -0.999993 0.00165397 21.0774 -0.00448264 -0.00166841 -0.999989 0.52589 0.999985 0.00321667 -0.00448799 -0.466225
1548809284292054272 2442 0.00316938 -0.999995 0.000189351 21.096 -0.00465804 -0.000204113 -0.999989 0.526161 0.999984 0.00316846 -0.00465866 -0.465328
1548809284625432320 2452 0.00295649 -0.99999 -0.00343984 21.1374 -0.00313553 0.00343057 -0.999989 0.527323 0.999991 0.00296725 -0.00312536 -0.466358
1548809284658769408 2453 0.00374011 -0.999982 -0.00469623 21.1431 -0.00233074 0.00468753 -0.999986 0.527462 0.99999 0.003751 -0.00231317 -0.466867
1548809284893112320 2460 0.00429148 -0.999972 -0.00615556 21.1703 -0.000707762 0.00615258 -0.999981 0.528442 0.999991 0.00429575 -0.000681339 -0.466947
1548809284926450176 2461 0.00379836 -0.999973 -0.00625905 21.1747 -0.000828413 0.00625595 -0.99998 0.528392 0.999992 0.00380347 -0.000804628 -0.466844
1548809284959788288 2462 0.00370487 -0.99997 -0.00676484 21.1809 -0.00136144 0.00675984 -0.999976 0.528655 0.999992 0.00371399 -0.00133636 -0.466293
1548809284993126400 2463 0.00389518 -0.999969 -0.00681451 21.1854 -0.00133826 0.00680934 -0.999976 0.528638 0.999992 0.0039042 -0.00131169 -0.466222
1548809285260610304 2471 0.00518501 -0.999959 -0.00742661 21.2207 -0.00250621 0.00741369 -0.999969 0.530705 0.999983 0.00520347 -0.00246767 -0.466601
1548809285293948416 2472 0.00489596 -0.999967 -0.00655549 21.2264 -0.00270285 0.00654232 -0.999975 0.530965 0.999984 0.00491356 -0.00267072 -0.465659
1548809285427299328 2476 0.00497417 -0.999961 -0.00735867 21.2472 -0.00196268 0.00734899 -0.999971 0.531746 0.999986 0.00498847 -0.00192604 -0.465665
1548809285460637184 2477 0.00442976 -0.999964 -0.00728875 21.253 -0.00253585 0.00727757 -0.99997 0.53212 0.999987 0.00444811 -0.00250352 -0.465184
1548809285527312384 2479 0.00436248 -0.999963 -0.0073831 21.2622 -0.00315963 0.00736935 -0.999968 0.532458 0.999985 0.00438567 -0.00312736 -0.464653
1548809285560650240 2480 0.0044221 -0.999966 -0.00698772 21.2669 -0.00384083 0.00697075 -0.999968 0.532541 0.999983 0.0044488 -0.00380987 -0.464421
1548809285794014208 2487 0.00532189 -0.999953 -0.00815661 21.2995 -0.00408839 0.0081349 -0.999959 0.533747 0.999977 0.00535502 -0.0040449 -0.464113
1548809285827352320 2488 0.00499091 -0.999951 -0.00857743 21.3039 -0.0039138 0.00855794 -0.999956 0.534007 0.99998 0.00502426 -0.00387089 -0.464594
1548809286061425408 2495 0.00454611 -0.999949 -0.00901435 21.3354 -0.00523355 0.00899052 -0.999946 0.534865 0.999976 0.00459304 -0.00519242 -0.463178
1548809286094762240 2496 0.00494434 -0.999945 -0.00927392 21.3402 -0.00479138 0.00925023 -0.999946 0.53476 0.999976 0.00498851 -0.00474537 -0.4639
1548809286128100352 2497 0.00468404 -0.999944 -0.00943723 21.3446 -0.0045439 0.00941595 -0.999945 0.534696 0.999979 0.00472666 -0.00449955 -0.463998
1548809286161438208 2498 0.00541562 -0.999941 -0.0094305 21.3482 -0.00468385 0.00940517 -0.999945 0.534903 0.999974 0.0054595 -0.00463264 -0.463881
1548809286395444224 2505 0.00529246 -0.999942 -0.00940242 21.3796 -0.00521217 0.00937484 -0.999942 0.536525 0.999972 0.00534116 -0.00516225 -0.463272
1548809286428782336 2506 0.00563346 -0.999937 -0.00967918 21.3835 -0.00604785 0.00964509 -0.999935 0.536085 0.999966 0.00569163 -0.00599314 -0.463057
1548809286629458176 2512 0.00470129 -0.999932 -0.0106876 21.4108 -0.00708502 0.0106541 -0.999918 0.5367 0.999964 0.00477662 -0.00703445 -0.462693
1548809286662796288 2513 0.00454054 -0.999935 -0.010483 21.4154 -0.00704168 0.0104508 -0.999921 0.536584 0.999965 0.004614 -0.00699377 -0.46269
1548809286963881216 2522 0.0059253 -0.999939 -0.00931939 21.4549 -0.00967504 0.00926179 -0.99991 0.537999 0.999936 0.00601493 -0.00961958 -0.460563
1548809286997219328 2523 0.00582586 -0.999949 -0.00823812 21.4589 -0.00975269 0.00818105 -0.999919 0.538169 0.999935 0.00590574 -0.00970453 -0.460471
1548809287231053312 2530 0.00704866 -0.999947 -0.00749105 21.4884 -0.0108048 0.00741464 -0.999914 0.538746 0.999917 0.007129 -0.010752 -0.459826
1548809287264767232 2531 0.00753397 -0.999945 -0.00724788 21.4928 -0.00940854 0.00717688 -0.99993 0.539591 0.999927 0.00760164 -0.00935395 -0.459615
1548809287465174272 2537 0.00774615 -0.999951 -0.00613039 21.5192 -0.0117105 0.00603944 -0.999913 0.540503 0.999901 0.00781726 -0.0116632 -0.458026
1548809287498512384 2538 0.00696358 -0.999961 -0.00549596 21.524 -0.011972 0.00541233 -0.999914 0.540499 0.999904 0.00702878 -0.0119338 -0.457323
1548809287531850240 2539 0.00667866 -0.999959 -0.00615567 21.5286 -0.0119813 0.00607534 -0.99991 0.540733 0.999906 0.00675181 -0.0119402 -0.457569
1548809287565492224 2540 0.00722135 -0.999954 -0.00631842 21.533 -0.012839 0.00622535 -0.999898 0.540688 0.999891 0.00730173 -0.0127935 -0.457591
1548809287598830336 2541 0.00782354 -0.99995 -0.00625809 21.5374 -0.0133025 0.00615366 -0.999893 0.540493 0.999881 0.00790595 -0.0132537 -0.457738
1548809287632168192 2542 0.00758685 -0.999954 -0.00592043 21.541 -0.0142761 0.00581168 -0.999881 0.541072 0.999869 0.00767047 -0.0142314 -0.456102
1548809287665506304 2543 0.0081792 -0.999953 -0.0052332 21.5451 -0.0145417 0.00511388 -0.999881 0.541257 0.999861 0.00825433 -0.0144992 -0.456124
1548809287698843392 2544 0.00908688 -0.999946 -0.0050343 21.5489 -0.0141546 0.00490538 -0.999888 0.540609 0.999859 0.00915712 -0.0141093 -0.456021
1548809287732181248 2545 0.0094853 -0.99995 -0.00318451 21.5527 -0.0134805 0.00305649 -0.999904 0.540829 0.999864 0.00952732 -0.0134509 -0.456364
1548809287765827328 2546 0.00941279 -0.99995 -0.00345678 21.5565 -0.0128412 0.00333577 -0.999912 0.54073 0.999873 0.00945635 -0.0128091 -0.4565
1548809287799164416 2547 0.0102439 -0.999943 -0.00313008 21.5608 -0.012788 0.00299898 -0.999914 0.540994 0.999866 0.0102831 -0.0127565 -0.457236
1548809287832502272 2548 0.0101065 -0.999945 -0.00270992 21.5649 -0.0125055 0.00258345 -0.999918 0.54103 0.999871 0.0101395 -0.0124787 -0.457123
1548809287865840384 2549 0.00974511 -0.99995 -0.00232388 21.5692 -0.0135559 0.00219166 -0.999906 0.541134 0.999861 0.00977569 -0.0135339 -0.45676
1548809287899178240 2550 0.00981841 -0.999949 -0.00256462 21.5733 -0.0138414 0.00242859 -0.999901 0.541365 0.999856 0.00985294 -0.0138168 -0.456498
1548809287932515328 2551 0.00968943 -0.99995 -0.00226472 21.5771 -0.0145062 0.00212402 -0.999893 0.541378 0.999848 0.00972124 -0.0144849 -0.456119
