1548809205316652288 73 -0.00288803 -0.999988 -0.00397048 0.169615 0.00512539 0.00395564 -0.999979 0.0051297 0.999983 -0.00290832 0.0051139 -0.00517552
1548809205383327232 75 -0.00293284 -0.999993 -0.00220934 0.181789 0.00351339 0.00219903 -0.999991 0.0058862 0.99999 -0.00294057 0.00350691 -0.00364578
1548809206116757248 97 -0.00442859 -0.999981 -0.00432095 0.352782 0.00106281 0.00431629 -0.99999 0.00819519 0.99999 -0.00443314 0.00104368 0.00159911
1548809206283446272 102 -0.0052581 -0.999982 -0.00305435 0.401542 0.00178974 0.00304498 -0.999994 0.00867594 0.999985 -0.00526353 0.0017737 0.00104339
1548809206783512320 117 -0.00361489 -0.99997 -0.00681677 0.56981 6.20258e-05 0.00681659 -0.999977 0.0121964 0.999993 -0.00361523 3.73827e-05 0.00544583
1548809206816849408 118 -0.00257823 -0.999937 -0.0109016 0.582179 0.000685941 0.0108998 -0.99994 0.0135386 0.999996 -0.00258555 0.000657795 0.00588328
1548809207350253312 134 0.0189637 -0.999742 -0.0124933 0.761415 -0.000253412 0.0124907 -0.999922 0.0164961 0.99982 0.0189654 -1.64758e-05 0.00912629
1548809207550279168 140 0.0321393 -0.999434 -0.00996095 0.827003 -0.000651087 0.00994516 -0.99995 0.0175111 0.999483 0.0321442 -0.000331088 0.00813826
1548809208317047296 163 0.0573413 -0.998349 -0.00328675 1.07506 -0.00158142 0.00320133 -0.999994 0.0238073 0.998353 0.0573461 -0.00139524 0.00535059
1548809208417060352 166 0.0592057 -0.99824 0.00337824 1.10641 -0.00286383 -0.00355401 -0.99999 0.0265039 0.998242 0.0591954 -0.00306921 0.00490936
1548809208983802368 183 0.0609697 -0.998121 -0.00616359 1.29156 -0.00446583 0.00590223 -0.999973 0.0278578 0.99813 0.0609956 -0.00409758 -0.00486906
1548809209017139200 184 0.0601578 -0.998182 -0.00365839 1.3021 -0.00447318 0.00339541 -0.999984 0.0283621 0.998179 0.0601732 -0.00426079 -0.00732804
1548809209583881216 201 0.0586543 -0.998265 -0.00521275 1.48155 -0.0065089 0.00483921 -0.999967 0.0340154 0.998257 0.0586863 -0.00621376 -0.0167681
1548809209617218304 202 0.0554996 -0.998432 -0.00730454 1.49115 -0.00641186 0.00695927 -0.999955 0.0339843 0.998438 0.0555439 -0.00601557 -0.0176139
1548809210117284352 217 0.0328994 -0.999456 0.00229803 1.6536 -0.00802746 -0.00256345 -0.999964 0.036522 0.999426 0.0328798 -0.00810743 -0.0226931
1548809210317311232 223 0.0210037 -0.999772 0.00387398 1.71929 -0.00475286 -0.00397464 -0.999981 0.0362863 0.999768 0.0209849 -0.00483526 -0.0264723
1548809210917390336 241 0.0102263 -0.999947 0.00096173 1.91675 -0.00348956 -0.000997462 -0.999993 0.0397627 0.999942 0.0102229 -0.00349958 -0.0274815
1548809211484131328 258 0.0104625 -0.999905 -0.00897629 2.11264 -0.00473898 0.0089271 -0.999949 0.0444104 0.999934 0.0105045 -0.00464513 -0.0259118
1548809211884184320 270 0.00750059 -0.99986 -0.0149644 2.24659 -0.0071901 0.0149105 -0.999863 0.0463375 0.999946 0.00760716 -0.00707726 -0.0250983
1548809212250002176 281 0.0064748 -0.999877 -0.0142705 2.37092 -0.00713014 0.0142243 -0.999873 0.0466377 0.999954 0.00657573 -0.00703717 -0.023468
1548809212650054400 293 0.00455548 -0.999934 -0.010568 2.50216 -0.00520491 0.0105443 -0.999931 0.049548 0.999976 0.00461017 -0.00515653 -0.0217635
1548809213016769280 304 0.00288398 -0.999991 -0.00311654 2.62901 -0.00465628 0.00310309 -0.999984 0.052368 0.999985 0.00289845 -0.00464729 -0.0215434
1548809213316809216 313 0.00406376 -0.999992 -0.000332087 2.72726 -0.00100695 0.000327998 -0.999999 0.0519458 0.999991 0.0040641 -0.00100561 -0.0213103
1548809213850212352 329 0.00546322 -0.999983 0.00193223 2.89527 -0.00350165 -0.00195138 -0.999992 0.0525324 0.999979 0.00545641 -0.00351225 -0.016865
1548809214150252288 338 0.00173925 -0.99999 -0.00405674 2.99108 -0.00424451 0.00404933 -0.999983 0.054419 0.999989 0.00175644 -0.00423742 -0.0187872
1548809214716993280 355 -0.000966497 -0.99996 -0.00892054 3.17812 -0.00586273 0.00892606 -0.999943 0.0590442 0.999982 -0.000914143 -0.00587112 -0.0174876
1548809214750331392 356 -0.000890822 -0.999996 -0.00265963 3.19121 -0.00609105 0.00266501 -0.999978 0.0589435 0.999981 -0.000874602 -0.0060934 -0.0159702
1548809215250397184 371 0.000257771 -0.999967 -0.00812894 3.37006 -0.00272024 0.00812821 -0.999963 0.0647936 0.999996 0.000279874 -0.00271806 -0.0144027
1548809215283735296 372 -0.00237391 -0.999975 -0.00668957 3.38497 -0.00279395 0.0066962 -0.999974 0.0649591 0.999993 -0.00235516 -0.00280977 -0.0139042
1548809215617112320 382 -0.00161897 -0.999937 -0.0110703 3.4987 -0.00617273 0.0110801 -0.99992 0.0666217 0.99998 -0.0015505 -0.00619029 -0.0125657
1548809215750463232 386 -0.000971691 -0.999936 -0.0112766 3.5421 -0.00453773 0.0112809 -0.999926 0.0671449 0.999989 -0.000920449 -0.0045484 -0.0139494
1548809216117178368 397 -0.000598368 -0.999961 -0.0087919 3.65519 -0.00540447 0.008795 -0.999947 0.0678725 0.999985 -0.000550821 -0.00540953 -0.0111314
1548809216150515200 398 -0.001069 -0.999964 -0.00839206 3.66748 -0.00604909 0.00839837 -0.999946 0.0680232 0.999981 -0.00101818 -0.00605785 -0.0104769
1548809216617244416 412 0.000643465 -0.999923 -0.0124294 3.82378 -0.00639591 0.0124251 -0.999902 0.0697 0.999979 0.000722899 -0.00638742 -0.00739183
1548809216650581248 413 0.000237165 -0.99986 -0.0167589 3.83695 -0.00597622 0.0167572 -0.999842 0.0696447 0.999982 0.000337283 -0.00597141 -0.00777853
1548809216917283328 421 -8.53582e-05 -0.999831 -0.0183614 3.92666 -0.00917616 0.0183614 -0.999789 0.0702745 0.999958 8.31465e-05 -0.00917618 -0.00399093
1548809217183985408 429 -0.00149587 -0.999886 -0.0150222 4.00834 -0.00717558 0.0150326 -0.999861 0.0714856 0.999973 -0.00138787 -0.00719725 -0.00366149
1548809217617375232 442 -0.00217135 -0.999943 -0.0104531 4.14964 -0.0108463 0.0104761 -0.999886 0.0723643 0.999939 -0.00205772 -0.0108684 -0.00275821
1548809217784064256 447 -0.0025424 -0.999949 -0.00979011 4.20987 -0.00943053 0.00981368 -0.999907 0.0733734 0.999952 -0.00244984 -0.009455 -0.00191049
1548809218217454336 460 -0.00379655 -0.999978 -0.00541888 4.35574 -0.00567596 0.00544038 -0.999969 0.0757293 0.999977 -0.00376568 -0.00569649 -0.00168791
1548809218350805248 464 -0.00345065 -0.999992 -0.00178617 4.39959 -0.00710419 0.00181065 -0.999973 0.0763208 0.999969 -0.00343787 -0.00711038 -0.00155437
1548809218850871296 479 -0.000369898 -1 0.000311784 4.56211 -0.0119778 -0.000307332 -0.999928 0.0808738 0.999928 -0.000373606 -0.0119777 0.00182154
1548809219117573376 487 -0.00274926 -0.999995 -0.00154423 4.65165 -0.0128102 0.00157933 -0.999917 0.0801952 0.999914 -0.00272925 -0.0128145 0.0006316
1548809219617639424 502 -0.000150305 -0.999984 -0.00568238 4.82384 -0.0134403 0.00568389 -0.999894 0.0829225 0.99991 -7.39168e-05 -0.0134409 0.00256298
1548809219785130240 507 -0.00224396 -0.999948 -0.00991411 4.88156 -0.0136252 0.00994379 -0.999858 0.0835163 0.999905 -0.00210856 -0.0136468 0.0018838
1548809220251859200 521 -0.00228675 -0.999911 -0.0131113 5.04522 -0.0126506 0.0131392 -0.999834 0.0865036 0.999917 -0.00212051 -0.0126795 0.00567199
1548809220485223424 528 -0.00196094 -0.999849 -0.0172586 5.12754 -0.010524 0.0172783 -0.999795 0.0882798 0.999943 -0.00177891 -0.0105563 0.00550926
1548809221018626304 544 -0.00357621 -0.999903 -0.0134667 5.29623 -0.0091616 0.013499 -0.999867 0.0899016 0.999952 -0.00345235 -0.00920899 0.00719381
1548809221218653184 550 -0.00229646 -0.99995 -0.00968849 5.35745 -0.00999747 0.00971098 -0.999903 0.0902093 0.999947 -0.00219938 -0.0100193 0.00927506
1548809221818732288 568 -0.00304708 -0.999995 -0.000726997 5.54954 -0.00675126 0.000747555 -0.999977 0.0919552 0.999973 -0.0030421 -0.0067535 0.00958259
1548809221852069376 569 -0.00699453 -0.999976 -0.000148938 5.55851 -0.00649579 0.000194374 -0.999979 0.0926586 0.999954 -0.00699342 -0.00649699 0.011112
1548809222384670208 585 -0.00827967 -0.999966 -0.000112578 5.72938 -0.00664935 0.000167635 -0.999978 0.0959957 0.999944 -0.00827874 -0.00665051 0.0152373
1548809222584696320 591 -0.00888677 -0.999958 -0.0023089 5.79443 -0.00620967 0.00236413 -0.999978 0.0973027 0.999941 -0.00887224 -0.00623042 0.0169302
1548809223218113280 610 0.00412457 -0.999989 0.00207023 5.99614 -0.00861949 -0.00210572 -0.999961 0.100801 0.999954 0.00410657 -0.00862808 0.0197819
1548809223251451392 611 0.00645888 -0.999974 0.0032588 6.00331 -0.0122333 -0.00333764 -0.99992 0.0984941 0.999904 0.00641849 -0.0122545 0.0199264
1548809223651504384 623 0.0391215 -0.999234 0.00014309 6.12484 -0.00885021 -0.000489692 -0.999961 0.102877 0.999195 0.0391187 -0.00886259 0.0167511
1548809223784854272 627 0.0431826 -0.999067 0.000645186 6.16433 -0.00295804 -0.000773641 -0.999995 0.104694 0.999063 0.0431805 -0.00298869 0.015222
1548809224318258176 643 0.0484599 -0.998816 0.00423229 6.33334 -0.00897434 -0.0046725 -0.999949 0.10966 0.998785 0.0484194 -0.00919014 0.0128775
1548809224384934400 645 0.0479565 -0.998847 0.0019643 6.35771 -0.0114767 -0.00251745 -0.999931 0.109815 0.998783 0.0479306 -0.0115842 0.0134384
1548809224818324224 658 0.049267 -0.998771 -0.00532968 6.50427 -0.0143572 0.00462742 -0.999886 0.112517 0.998682 0.0493379 -0.0141116 0.0125436
1548809224884999168 660 0.0512466 -0.998668 -0.00606883 6.52805 -0.0153195 0.00529001 -0.999869 0.114663 0.998569 0.0513329 -0.0150279 0.0120998
1548809225385065216 675 0.0537142 -0.998532 -0.00702772 6.68681 -0.0165512 0.00614661 -0.999844 0.117764 0.998419 0.0538222 -0.0161968 0.00731334
1548809225518416384 679 0.0543496 -0.998495 -0.00732436 6.73271 -0.0166834 0.00642612 -0.99984 0.119801 0.998383 0.0544631 -0.0163091 0.00366687
1548809226018482176 694 0.056859 -0.998377 -0.00324087 6.88684 -0.0144585 0.00242235 -0.999893 0.123588 0.998278 0.0568998 -0.0142973 -0.00527561
1548809226251846400 701 0.0583444 -0.998288 -0.00401148 6.95984 -0.0141078 0.00319341 -0.999895 0.12504 0.998197 0.0583949 -0.0138974 -0.00896332
1548809226785250304 717 0.0584289 -0.998292 -0.000139367 7.12554 -0.0191295 -0.000980046 -0.999817 0.126744 0.998108 0.0584208 -0.019154 -0.0150129
1548809227051952384 725 0.0588907 -0.998263 -0.00137673 7.21198 -0.0164601 0.000407902 -0.999864 0.127941 0.998129 0.0589054 -0.0164075 -0.0196268
1548809227618693376 742 0.0582957 -0.998299 -0.000958417 7.39264 -0.0162755 9.51273e-06 -0.999868 0.13182 0.998167 0.0583036 -0.0162473 -0.0247477
1548809228085421312 756 0.0595 -0.998228 0.000923183 7.52569 -0.0125661 -0.00167376 -0.99992 0.135654 0.998149 0.0594836 -0.0126434 -0.0302664
1548809228185434368 759 0.0591722 -0.998248 0.000647495 7.55983 -0.014161 -0.00148798 -0.999899 0.135562 0.998147 0.0591571 -0.0142243 -0.032548
1548809228384574208 765 0.0592845 -0.998241 0.00105703 7.62583 -0.0142135 -0.0019029 -0.999897 0.135274 0.99814 0.0592634 -0.0143013 -0.0358892
1548809228784626176 777 0.0567059 -0.998386 -0.00319648 7.75714 -0.0117108 0.00253627 -0.999928 0.137118 0.998322 0.0567392 -0.011548 -0.0421105
1548809229184679424 789 0.0566025 -0.998393 -0.00281835 7.88402 -0.0124761 0.00211535 -0.99992 0.14137 0.998319 0.0566331 -0.0123363 -0.0478582
1548809229484718336 798 0.0586003 -0.998265 -0.00578308 7.97857 -0.0105212 0.00517512 -0.999931 0.145608 0.998226 0.0586571 -0.0101996 -0.0537993
1548809229884771328 810 0.0549759 -0.998479 -0.00404616 8.09941 -0.011361 0.00342651 -0.99993 0.144467 0.998423 0.055018 -0.0111553 -0.0594641
1548809230251486208 821 0.0541621 -0.998531 -0.00165541 8.21674 -0.0112657 0.00104667 -0.999936 0.147617 0.998469 0.0541773 -0.0111925 -0.0617444
1548809230751552256 836 0.0522875 -0.998617 -0.00551207 8.37647 -0.0133984 0.00481761 -0.999899 0.15013 0.998542 0.052356 -0.013128 -0.0693178
1548809230984916224 843 0.0538232 -0.998521 -0.00765808 8.44774 -0.01047 0.00710445 -0.99992 0.150446 0.998496 0.053899 -0.0100721 -0.0725129
1548809231318293248 853 0.0515444 -0.99864 -0.00789009 8.54599 -0.00778787 0.00749841 -0.999942 0.15105 0.99864 0.0516028 -0.00739077 -0.0782058
1548809231551657216 860 0.0420911 -0.999097 -0.00571726 8.61484 -0.0039976 0.00555387 -0.999977 0.15406 0.999106 0.0421129 -0.00376023 -0.0835524
1548809231951710208 872 0.0186398 -0.999808 -0.00609181 8.7298 -0.0080084 0.00594337 -0.99995 0.154103 0.999794 0.0186877 -0.00789608 -0.0797191
1548809232185074176 879 0.0031552 -0.999956 -0.00880994 8.80367 -0.0133655 0.00876703 -0.999872 0.155608 0.999906 0.00327255 -0.0133372 -0.0785414
1548809232417459200 886 -0.00192277 -0.999958 -0.0089376 8.89157 -0.0102852 0.00895692 -0.999907 0.155444 0.999945 -0.00183066 -0.010302 -0.0785424
1548809232717499392 895 -0.00575323 -0.999967 -0.00580778 8.99209 -0.0104936 0.00586793 -0.999928 0.158402 0.999928 -0.00569186 -0.0105271 -0.077156
1548809233117551360 907 -0.00622487 -0.999946 -0.0083061 9.12442 -0.00956646 0.00836543 -0.999919 0.161564 0.999935 -0.00614491 -0.00961802 -0.0751401
1548809233317578240 913 -0.00629589 -0.999957 -0.00687325 9.19152 -0.00841705 0.00692613 -0.999941 0.164167 0.999945 -0.00623767 -0.00846029 -0.0764694
1548809233617617408 922 -0.00742135 -0.99997 -0.00220738 9.28648 -0.00918022 0.00227548 -0.999955 0.160954 0.99993 -0.00740075 -0.00919683 -0.0728475
1548809233817644288 928 -0.00813622 -0.999967 -0.000375196 9.34925 -0.00775468 0.000438293 -0.99997 0.160925 0.999937 -0.00813307 -0.00775799 -0.0714952
1548809234117683200 937 -0.00652224 -0.999976 -0.00233834 9.44633 -0.00415251 0.00236545 -0.999989 0.163574 0.99997 -0.00651246 -0.00416784 -0.0736004
1548809234384385280 945 -0.0038174 -0.999993 -0.000139118 9.52975 -0.00865898 0.000172168 -0.999962 0.165109 0.999955 -0.00381605 -0.00865958 -0.0723152
1548809234484398336 948 -0.00462508 -0.999977 -0.00489275 9.56361 -0.0106328 0.00494171 -0.999931 0.164654 0.999933 -0.00457274 -0.0106554 -0.0713222
1548809234917789184 961 -0.000339189 -0.999955 -0.00950767 9.69906 -0.0113122 0.00951089 -0.999891 0.165391 0.999936 -0.000231599 -0.011315 -0.0700294
1548809235251166208 971 0.00382049 -0.999912 -0.0126966 9.80539 -0.0115482 0.0126517 -0.999853 0.164054 0.999926 0.00396655 -0.0114988 -0.0713956
1548809235584543232 981 0.0374192 -0.999194 -0.0145326 9.90694 -0.00911325 0.014201 -0.999858 0.169327 0.999258 0.0375463 -0.00857451 -0.0690631
1548809235684556288 984 0.0561068 -0.998328 -0.0139242 9.93587 -0.0118225 0.0132809 -0.999842 0.168477 0.998355 0.0562626 -0.0110576 -0.0699649
1548809235717894400 985 0.058926 -0.9982 -0.0111691 9.9471 -0.0123852 0.0104566 -0.999869 0.16955 0.998186 0.0590566 -0.0117467 -0.0675173
1548809235751232256 986 0.0672246 -0.997664 -0.0121317 9.95739 -0.0122259 0.0113346 -0.999861 0.168981 0.997663 0.0673636 -0.0114353 -0.0689222
1548809235817907200 988 0.0776917 -0.996882 -0.0138133 9.97846 -0.0104898 0.013037 -0.99986 0.172197 0.996922 0.0778257 -0.00944418 -0.0715143
1548809235851245312 989 0.0861968 -0.996189 -0.0132999 9.99092 -0.0117905 0.0123286 -0.999854 0.170459 0.996208 0.086341 -0.0106829 -0.0710805
1548809235984596224 993 0.108417 -0.994029 -0.0123233 10.033 -0.0125699 0.0110246 -0.99986 0.170565 0.994026 0.108557 -0.0112996 -0.0720197
1548809236185717248 999 0.138525 -0.990306 -0.0102058 10.0924 -0.0112025 0.00873767 -0.999899 0.172922 0.990296 0.138626 -0.00988351 -0.0752294
1548809236252393216 1001 0.145555 -0.989295 -0.0104197 10.1122 -0.00958784 0.00912082 -0.999912 0.172895 0.989304 0.145642 -0.00815763 -0.0754141
1548809236453294336 1007 0.158401 -0.987322 -0.010238 10.1716 -0.00713341 0.00922427 -0.999932 0.175118 0.987349 0.158463 -0.00558184 -0.0810748
1548809236486632192 1008 0.161643 -0.986784 -0.0113707 10.1825 -0.00782197 0.0102407 -0.999917 0.174341 0.986818 0.161719 -0.00606325 -0.0829381
1548809236786671360 1017 0.16318 -0.986521 -0.0121959 10.2745 -0.00679799 0.0112371 -0.999914 0.174487 0.986573 0.163249 -0.00487269 -0.0953709
1548809236886684416 1020 0.161748 -0.98669 -0.0167315 10.3042 -0.0068555 0.0158309 -0.999851 0.175019 0.986808 0.161838 -0.00420365 -0.097907
1548809237053373184 1025 0.161386 -0.986748 -0.0168428 10.3539 -0.00898383 0.0155969 -0.999838 0.17592 0.98685 0.161512 -0.00634765 -0.104716
1548809237320075264 1033 0.162095 -0.986658 -0.0151758 10.4331 -0.00813459 0.0140426 -0.999868 0.176302 0.986742 0.162197 -0.00574982 -0.114459
1548809237520101376 1039 0.160979 -0.986781 -0.018672 10.4894 -0.00597361 0.0179442 -0.999821 0.177263 0.98694 0.161062 -0.00300601 -0.12309
1548809237920154368 1051 0.160298 -0.986828 -0.0218059 10.6088 -0.00601189 0.0211151 -0.999759 0.178197 0.98705 0.160391 -0.002548 -0.139623
1548809238286869248 1062 0.144334 -0.989432 -0.0138399 10.7167 -0.00477782 0.0132894 -0.9999 0.17905 0.989517 0.144386 -0.00280921 -0.153549
1548809238720259328 1075 0.112555 -0.993607 -0.00872821 10.8493 -0.00521106 0.00819365 -0.999953 0.180772 0.993632 0.112595 -0.00425551 -0.171186
1548809238752722176 1076 0.113104 -0.993552 -0.00783381 10.859 -0.00630739 0.00716627 -0.999954 0.181258 0.993563 0.113148 -0.00545619 -0.171641
1548809239186112256 1089 0.0896903 -0.995953 -0.00569521 10.9962 -0.00107762 0.00562121 -0.999984 0.182454 0.995969 0.089695 -0.000569087 -0.186413
1548809239419476224 1096 0.0875981 -0.996133 -0.00675076 11.0726 0.00090945 0.00685678 -0.999976 0.182431 0.996155 0.0875899 0.00150657 -0.192941
1548809239685211392 1104 0.086515 -0.996224 -0.00729794 11.1614 -0.00112325 0.00722786 -0.999973 0.182823 0.99625 0.0865208 -0.000493692 -0.197708
1548809239918575360 1111 0.0845779 -0.996396 -0.0064178 11.2452 -0.00176467 0.00629108 -0.999979 0.184167 0.996415 0.0845874 -0.00122623 -0.203019
1548809240151939328 1118 0.0810792 -0.996664 -0.00931258 11.3212 0.000905997 0.00941703 -0.999955 0.185663 0.996707 0.0810671 0.0016665 -0.2075
1548809240218615296 1120 0.080682 -0.996712 -0.00752171 11.3443 0.00256697 0.00775407 -0.999967 0.185231 0.996737 0.08066 0.00318414 -0.212481
1548809240652005376 1133 0.0613778 -0.998087 -0.00744621 11.4847 -0.000932582 0.00740292 -0.999972 0.186648 0.998114 0.061383 -0.000476423 -0.220173
1548809241151002368 1148 0.0425006 -0.999053 -0.0093429 11.6447 0.00153994 0.00941685 -0.999954 0.188139 0.999095 0.0424843 0.0019387 -0.229554
1548809241717744384 1165 0.0397309 -0.999128 -0.0128649 11.8289 0.00412309 0.0130389 -0.999906 0.191381 0.999202 0.0396741 0.00463754 -0.237586
1548809242217809408 1180 0.0359418 -0.999255 -0.0140877 11.9903 -0.000944753 0.0140628 -0.999901 0.189968 0.999353 0.0359516 -0.000438605 -0.238235
1548809242751213312 1196 0.0322763 -0.999428 -0.0100457 12.1603 -0.000410009 0.0100377 -0.99995 0.18984 0.999479 0.0322788 -8.57956e-05 -0.245057
1548809242817888256 1198 0.0282145 -0.999514 -0.0132593 12.1785 0.000767394 0.0132863 -0.999911 0.190809 0.999602 0.0282018 0.00114189 -0.247204
1548809243350112256 1214 0.00833118 -0.999814 -0.0173798 12.3454 -0.00238173 0.0173605 -0.999846 0.194395 0.999962 0.0083713 -0.00223666 -0.248488
1548809243416787200 1216 0.00793526 -0.999858 -0.0148484 12.3694 -0.00269346 0.0148274 -0.999886 0.195077 0.999965 0.00797435 -0.00257542 -0.249551
1548809243850178304 1229 0.00469278 -0.999899 -0.013383 12.5099 -0.00330639 0.0133676 -0.999905 0.196028 0.999984 0.00473659 -0.00324332 -0.247376
1548809243983529216 1233 0.0045285 -0.999901 -0.013323 12.554 -0.00461034 0.0133021 -0.999901 0.197357 0.999979 0.00458948 -0.00454964 -0.24651
1548809244516932352 1249 0.0025247 -0.999927 -0.0117949 12.724 0.000418261 0.011796 -0.99993 0.200314 0.999997 0.00251959 0.000448012 -0.246647
1548809244816972288 1258 0.00106282 -0.999993 -0.00361168 12.8172 -0.00329681 0.00360816 -0.999988 0.201985 0.999994 0.00107472 -0.00329295 -0.243092
1548809245183687168 1269 0.000479252 -0.999978 -0.00658178 12.9378 -0.0036021 0.00658001 -0.999972 0.204025 0.999993 0.000502947 -0.00359887 -0.238893
1548809245517064192 1279 0.000232253 -0.999936 -0.0112673 13.0507 -0.00476752 0.0112661 -0.999925 0.206342 0.999989 0.000285953 -0.0047646 -0.236273
1548809245783766272 1287 0.000756678 -0.999971 -0.00764339 13.1379 -0.00597078 0.00763874 -0.999953 0.206217 0.999982 0.000802279 -0.00596482 -0.236339
1548809246183819264 1299 -0.000466694 -0.999962 -0.00873054 13.2692 -0.0057379 0.00873307 -0.999945 0.209759 0.999983 -0.000416574 -0.00574175 -0.235242
1548809246550534400 1310 -0.00191931 -0.999925 -0.0120891 13.3904 -0.00421667 0.0120971 -0.999918 0.208982 0.999989 -0.00186818 -0.00423957 -0.234855
1548809247117275392 1327 -0.00270061 -0.999951 -0.00952603 13.5757 -0.0040315 0.00953688 -0.999946 0.210601 0.999988 -0.00266206 -0.00405706 -0.233999
1548809247417314304 1336 -0.00284522 -0.999962 -0.00819326 13.6714 -0.00678125 0.0082124 -0.999943 0.212666 0.999973 -0.0027895 -0.00680436 -0.231471
1548809247884043264 1350 -0.00227441 -0.999917 -0.0126936 13.8229 -0.00514986 0.0127052 -0.999906 0.212251 0.999984 -0.00220883 -0.00517833 -0.229735
1548809248217420288 1360 0.000634553 -0.999922 -0.0124883 13.932 -0.00866877 0.0124823 -0.999885 0.214045 0.999962 0.000742738 -0.00866017 -0.226414
1548809248817499392 1378 0.0446459 -0.998931 -0.0119534 14.1255 -0.00523079 0.0117314 -0.999918 0.21357 0.998989 0.0447048 -0.00470144 -0.227602
1548809248984188416 1383 0.0533376 -0.998483 -0.0136473 14.1785 -0.00765766 0.0132573 -0.999883 0.212194 0.998547 0.0534359 -0.00693893 -0.227907
1548809249284227328 1392 0.0539891 -0.99848 -0.0110425 14.2696 -0.00885997 0.0105791 -0.999905 0.213885 0.998502 0.0540817 -0.00827535 -0.229228
1548809249384240384 1395 0.052916 -0.998535 -0.0113434 14.302 -0.00830072 0.0109191 -0.999906 0.214767 0.998564 0.0530052 -0.00771076 -0.230895
1548809249650942208 1403 0.0549515 -0.998431 -0.0108102 14.3852 -0.00652512 0.0104672 -0.999924 0.213846 0.998468 0.0550179 -0.00593969 -0.240003
1548809249684280320 1404 0.056849 -0.99834 -0.00925324 14.3925 -0.00523547 0.00897 -0.999946 0.214082 0.998369 0.0568943 -0.00471684 -0.240825
1548809249717618176 1405 0.0543329 -0.998497 -0.00722776 14.4029 -0.00376135 0.00703374 -0.999968 0.21577 0.998516 0.0543584 -0.00337353 -0.240496
1548809249984319232 1413 0.0550479 -0.998477 -0.00361059 14.483 -0.00643683 0.00326113 -0.999974 0.216585 0.998463 0.0550697 -0.00624751 -0.242624
1548809250117670400 1417 0.0549817 -0.998458 -0.00767805 14.5245 -0.00778528 0.00726077 -0.999943 0.217758 0.998457 0.0550383 -0.00737407 -0.244131
1548809250417710336 1426 0.0567911 -0.998325 -0.011087 14.6197 -0.00667056 0.0107253 -0.99992 0.220445 0.998364 0.0568606 -0.00605028 -0.247097
1548809250451047424 1427 0.0572928 -0.998336 -0.00651261 14.6328 -0.00688311 0.00612818 -0.999958 0.22008 0.998334 0.0573352 -0.00652056 -0.248833
1548809250851100416 1439 0.0572979 -0.998308 -0.0098966 14.7611 -0.00863144 0.00941716 -0.999918 0.223639 0.99832 0.0573787 -0.00807725 -0.254273
1548809250984451328 1443 0.0578018 -0.998281 -0.00965271 14.8037 -0.00899205 0.00914788 -0.999918 0.224507 0.998288 0.0578838 -0.00844783 -0.257402
1548809251317828352 1453 0.0583635 -0.998286 -0.00444494 14.9078 -0.00902484 0.00392473 -0.999952 0.225995 0.998255 0.0584008 -0.0087803 -0.261511
1548809251484517376 1458 0.0567431 -0.998371 -0.00596353 14.9626 -0.00877746 0.00547407 -0.999946 0.226933 0.99835 0.0567924 -0.00845255 -0.265092
1548809251817894400 1468 0.057727 -0.998312 -0.00637262 15.0726 -0.0102887 0.00578801 -0.99993 0.227784 0.998279 0.0577885 -0.00993723 -0.268039
1548809252217947392 1480 0.0570219 -0.998355 -0.00602069 15.2007 -0.00769735 0.0055907 -0.999955 0.229235 0.998343 0.0570657 -0.00736589 -0.275655
1548809252551324416 1490 0.0605699 -0.998132 -0.00796368 15.3065 -0.00915855 0.00742226 -0.999931 0.229277 0.998122 0.0606386 -0.00869188 -0.280107
1548809252984715264 1503 0.0616017 -0.998057 -0.00930182 15.447 -0.00969948 0.00872047 -0.999915 0.23274 0.998054 0.0616866 -0.00914344 -0.287974
1548809253284754176 1512 0.0610927 -0.998068 -0.0113019 15.5429 -0.0119343 0.0105919 -0.999873 0.233734 0.998061 0.0612198 -0.0112641 -0.291153
1548809253751482368 1526 0.0590376 -0.998154 -0.0142602 15.7007 -0.0116928 0.0135927 -0.999839 0.23666 0.998187 0.0591949 -0.0108688 -0.297379
1548809253818158336 1528 0.0595098 -0.998152 -0.0123272 15.7197 -0.0125801 0.0115982 -0.999854 0.236305 0.998148 0.0596562 -0.0118667 -0.298032
1548809254051522304 1535 0.058048 -0.998291 -0.00667673 15.7921 -0.0121538 0.00598083 -0.999908 0.238045 0.99824 0.0581238 -0.0117859 -0.301792
1548809254084859392 1536 0.0595431 -0.998188 -0.00866037 15.8028 -0.0113702 0.007997 -0.999903 0.237914 0.998161 0.0596359 -0.0108734 -0.302727
1548809254451574272 1547 0.0594775 -0.998221 -0.00415819 15.9179 -0.0124679 0.00342237 -0.999916 0.242043 0.998152 0.0595244 -0.0122422 -0.309005
1548809254751614208 1556 0.0583726 -0.998291 -0.00285891 16.015 -0.0123801 0.00213968 -0.999921 0.243155 0.998218 0.0584034 -0.012234 -0.312778
1548809255318355200 1573 0.0585629 -0.998282 0.00182691 16.1957 -0.0175802 -0.00286108 -0.999841 0.248706 0.998129 0.0585215 -0.0177175 -0.319348
1548809255385031168 1575 0.0601909 -0.998162 0.00699827 16.2168 -0.016186 -0.00798606 -0.999837 0.248594 0.998056 0.0600678 -0.016637 -0.320521
1548809256018448384 1594 0.0610373 -0.998135 -0.000224252 16.4218 -0.0161649 -0.000763862 -0.999869 0.252565 0.998005 0.0610329 -0.0161814 -0.332014
1548809256085123328 1596 0.0605304 -0.998166 0.00100865 16.4414 -0.0178221 -0.0020911 -0.999839 0.254151 0.998007 0.0605027 -0.017916 -0.332642
1548809256651864320 1613 0.0646803 -0.997904 -0.00189365 16.6275 -0.017781 0.000744833 -0.999842 0.25969 0.997748 0.0647037 -0.0176955 -0.341146
1548809256685202176 1614 0.0647843 -0.997876 -0.00684229 16.6434 -0.0164796 0.00578591 -0.999847 0.258923 0.997763 0.0648872 -0.0160698 -0.342069
1548809257018579200 1624 0.0644532 -0.997897 -0.00689061 16.756 -0.0194586 0.0056469 -0.999795 0.259473 0.997731 0.064574 -0.0190538 -0.348685
1548809257085255168 1626 0.0633397 -0.997969 -0.00673001 16.7778 -0.0165811 0.00569029 -0.999846 0.260207 0.997854 0.0634415 -0.016187 -0.350746
1548809257385294336 1635 0.061749 -0.998039 -0.0102669 16.8757 -0.0170098 0.00923276 -0.999813 0.261778 0.997947 0.0619121 -0.0164064 -0.354595
1548809257718672384 1645 0.0613217 -0.998024 -0.0137019 16.9868 -0.0186976 0.0125767 -0.999746 0.263172 0.997943 0.0615624 -0.0178894 -0.360733
1548809258185400320 1659 0.0641062 -0.997864 -0.0125435 17.1411 -0.0144368 0.0116407 -0.999828 0.264642 0.997839 0.0642762 -0.0136598 -0.370035
1548809258218737408 1660 0.0617525 -0.99802 -0.0119548 17.1568 -0.0156173 0.01101 -0.999817 0.26491 0.997969 0.0619279 -0.0149065 -0.372493
1548809258618790400 1672 0.0692968 -0.997549 -0.00968875 17.2871 -0.0159637 0.00860201 -0.999836 0.268155 0.997468 0.0694401 -0.0153285 -0.380251
1548809258685466368 1674 0.0720166 -0.99738 -0.00676821 17.3076 -0.0195285 0.00537452 -0.999795 0.268282 0.997212 0.072134 -0.0190903 -0.376907
1548809259052181248 1685 0.0824711 -0.996586 -0.00382647 17.422 -0.0228382 0.00194863 -0.999737 0.272272 0.996332 0.0825368 -0.0225996 -0.382927
1548809259418895360 1696 0.0837389 -0.996472 -0.00561183 17.5438 -0.0226258 0.00372885 -0.999737 0.273387 0.996231 0.0838439 -0.0222337 -0.391034
1548809259818948352 1708 0.0802989 -0.996758 -0.00514132 17.6698 -0.0183289 0.00368056 -0.999825 0.276955 0.996602 0.0803791 -0.0179739 -0.398071
1548809259885624320 1710 0.0815382 -0.996655 -0.00546739 17.6937 -0.0162507 0.00415547 -0.999859 0.277681 0.996538 0.0816156 -0.0158575 -0.40232
1548809260219001344 1720 0.0824275 -0.996584 -0.00512945 17.8005 -0.0138914 0.00399754 -0.999896 0.280484 0.9965 0.0824902 -0.0135145 -0.412573
1548809260385690368 1725 0.0833539 -0.996507 -0.0051336 17.849 -0.0163546 0.00378288 -0.999859 0.282015 0.996386 0.0834261 -0.0159822 -0.41513
1548809260752404224 1736 0.0855317 -0.996325 -0.00449374 17.9686 -0.0175866 0.00299984 -0.999841 0.284593 0.99618 0.0855971 -0.0172654 -0.422677
1548809260785742336 1737 0.0854025 -0.996336 -0.00455659 17.9763 -0.0166625 0.00314444 -0.999856 0.284622 0.996207 0.0854661 -0.016333 -0.422702
1548809261152457216 1748 0.0854644 -0.996307 -0.0082367 18.0967 -0.0172228 0.00678842 -0.999829 0.285079 0.996192 0.0855916 -0.0165791 -0.429494
1548809261185795328 1749 0.0869407 -0.996149 -0.0113403 18.1075 -0.0157043 0.0100115 -0.999827 0.286116 0.99609 0.0871038 -0.0147734 -0.430883
1548809261652523264 1763 0.0876523 -0.996099 -0.0102387 18.2587 -0.0175103 0.00873604 -0.999809 0.288729 0.995997 0.0878148 -0.0166763 -0.442827
1548809261719199232 1765 0.086038 -0.996244 -0.00980018 18.2806 -0.015083 0.00853305 -0.99985 0.289039 0.996178 0.0861729 -0.0142921 -0.443818
1548809262319278336 1783 0.0854735 -0.99626 -0.0126424 18.476 -0.0123751 0.0116263 -0.999856 0.292885 0.996264 0.0856176 -0.0113351 -0.45602
1548809262352615424 1784 0.0842853 -0.996381 -0.0109627 18.4884 -0.0141345 0.00980526 -0.999852 0.29266 0.996341 0.0844278 -0.0132569 -0.457169
1548809263319409408 1813 0.0854705 -0.996192 -0.017197 18.7012 -0.0149194 0.0159786 -0.999761 0.292444 0.996229 0.0857066 -0.0134969 -0.472506
1548809263419422208 1816 0.0828722 -0.996409 -0.0173783 18.7276 -0.0151079 0.0161801 -0.999755 0.291267 0.996446 0.0831144 -0.0137127 -0.47517
1548809263952826368 1832 0.0746473 -0.996988 -0.0210241 18.8384 -0.0152845 0.0199366 -0.999684 0.291579 0.997093 0.0749451 -0.0137503 -0.481051
1548809263986164224 1833 0.0713081 -0.997224 -0.0214276 18.8446 -0.0158059 0.0203499 -0.999668 0.290984 0.997329 0.0716231 -0.0143109 -0.484911
1548809264386217216 1845 0.0193989 -0.999649 -0.0180357 18.9215 -0.0161061 0.0177243 -0.999713 0.292417 0.999682 0.0196838 -0.0157566 -0.492246
1548809264552905216 1850 -0.000395909 -0.999906 -0.013677 18.9532 -0.0165213 0.0136817 -0.99977 0.293356 0.999863 -0.000169856 -0.0165252 -0.496095
1548809264752931328 1856 -0.00921266 -0.99986 -0.013972 18.9948 -0.015146 0.0141105 -0.999786 0.293875 0.999843 -0.00899906 -0.0152739 -0.493691
1548809265319673344 1873 -0.0109586 -0.999906 -0.00827494 19.1098 -0.0157035 0.00844651 -0.999841 0.29494 0.999817 -0.0108269 -0.0157945 -0.492497
1548809265753063424 1886 -0.0123408 -0.999915 -0.00426366 19.1941 -0.0153887 0.00445341 -0.999872 0.29837 0.999805 -0.0122736 -0.0154424 -0.491113
1548809266286467328 1902 -0.0145343 -0.999891 -0.00257921 19.3001 -0.015564 0.0028054 -0.999875 0.301725 0.999773 -0.0144924 -0.015603 -0.487377
1548809266319805184 1903 -0.0151556 -0.999883 -0.00181999 19.3067 -0.0147177 0.00204308 -0.99989 0.301752 0.999777 -0.0151272 -0.0147469 -0.4895
1548809266886546176 1920 -0.0173358 -0.999842 -0.00392443 19.4131 -0.0120737 0.00413407 -0.999919 0.303791 0.999777 -0.0172871 -0.0121435 -0.48604
1548809267119910400 1927 -0.016174 -0.999868 -0.00145566 19.4506 -0.0114183 0.00164046 -0.999933 0.304855 0.999804 -0.0161563 -0.0114433 -0.485836
1548809267886678272 1950 -0.014859 -0.999887 -0.00230981 19.5927 -0.0135307 0.00251092 -0.999905 0.308177 0.999798 -0.0148264 -0.0135665 -0.477671
1548809268120042240 1957 -0.0118987 -0.999917 -0.00493373 19.6361 -0.0115149 0.00507077 -0.999921 0.306711 0.999863 -0.0118409 -0.0115743 -0.480473
1548809268853472256 1979 -0.0103244 -0.99989 -0.0106817 19.7759 -0.0114147 0.0107994 -0.999877 0.309395 0.999882 -0.0102012 -0.011525 -0.477183
1548809268886809344 1980 -0.00988354 -0.999906 -0.0095426 19.7845 -0.0117026 0.00965807 -0.999885 0.309202 0.999883 -0.00977073 -0.011797 -0.476946
1548809269720253184 2005 -0.00922494 -0.999886 -0.0119317 19.9464 -0.0126294 0.0120478 -0.999848 0.312374 0.999878 -0.00907284 -0.0127391 -0.471293
1548809269753590272 2006 -0.00822134 -0.999887 -0.0126205 19.9553 -0.011207 0.0127123 -0.999856 0.311916 0.999903 -0.00807872 -0.0113102 -0.472479
1548809270286994176 2022 -0.00845013 -0.999829 -0.0164776 20.0763 -0.0110761 0.0165708 -0.999801 0.313723 0.999903 -0.00826594 -0.0112143 -0.471801
1548809270487020288 2028 -0.00989536 -0.999776 -0.0187256 20.1217 -0.00999708 0.0188245 -0.999773 0.314003 0.999901 -0.00970591 -0.0101811 -0.47154
1548809270553696256 2030 -0.00450865 -0.999709 -0.0237187 20.1336 -0.0114339 0.0237689 -0.999652 0.313598 0.999924 -0.00423589 -0.0115378 -0.468729
1548809270587033344 2031 0.0126306 -0.999769 -0.0173737 20.1353 -0.010133 0.0172462 -0.9998 0.314208 0.999869 0.0128041 -0.00991285 -0.467559
1548809270653709312 2033 0.0143379 -0.999797 -0.0141612 20.1368 -0.0139779 0.0139609 -0.999805 0.314115 0.999799 0.0145331 -0.0137749 -0.466027
1548809270720384256 2035 0.0241441 -0.999613 -0.0138153 20.1407 -0.0134383 0.0134935 -0.999819 0.315781 0.999618 0.0243253 -0.0131073 -0.465888
1548809270753722368 2036 0.0381767 -0.999187 -0.0129864 20.141 -0.0139577 0.0124614 -0.999825 0.316298 0.999174 0.0383513 -0.0134706 -0.466064
1548809270787060224 2037 0.0383997 -0.99916 -0.0142903 20.1412 -0.00614383 0.0140645 -0.999882 0.315863 0.999244 0.038483 -0.0055986 -0.467409
1548809270820397312 2038 0.0493525 -0.998686 -0.0137729 20.1439 -0.0137206 0.0131105 -0.99982 0.316197 0.998687 0.0495325 -0.0130555 -0.466253
1548809270853735424 2039 0.0596847 -0.998042 -0.0187098 20.1469 -0.0102009 0.0181324 -0.999784 0.315018 0.998165 0.0598627 -0.00909873 -0.469823
1548809270887073280 2040 0.0589045 -0.998184 -0.0126345 20.1479 -0.00581131 0.0123133 -0.999907 0.314661 0.998247 0.0589725 -0.00507544 -0.472163
1548809270920411392 2041 0.0695621 -0.997468 -0.014773 20.1489 -0.0166474 0.0136461 -0.999768 0.315273 0.997439 0.0697919 -0.015656 -0.47098
1548809270953748224 2042 0.0743489 -0.99703 -0.020101 20.1492 -0.0055864 0.0197401 -0.99979 0.315107 0.997217 0.0744456 -0.00410215 -0.471549
1548809271020424192 2044 0.0760042 -0.997038 -0.0117533 20.1476 -0.0175705 0.0104463 -0.999791 0.315875 0.996953 0.0761949 -0.0167245 -0.471394
1548809271053762304 2045 0.0820714 -0.996446 -0.0189563 20.1504 -0.00530682 0.0185833 -0.999813 0.313294 0.996612 0.0821567 -0.00376281 -0.47403
1548809272220582400 2080 0.0753477 -0.996978 -0.0188939 20.137 -0.00878698 0.0182831 -0.999794 0.315544 0.997119 0.0754982 -0.00738283 -0.473832
1548809272653972224 2093 0.0747661 -0.99701 -0.0195406 20.1079 -0.00998116 0.0188463 -0.999773 0.314144 0.997151 0.0749441 -0.00854225 -0.471163
1548809273254051328 2111 0.0442736 -0.998863 -0.0177033 20.0696 -0.0105665 0.0172515 -0.999795 0.313432 0.998964 0.0444516 -0.00979073 -0.47516
1548809273487415296 2118 0.00945309 -0.999817 -0.0166204 20.0694 -0.0110723 0.0165155 -0.999802 0.314019 0.999894 0.00963524 -0.0109141 -0.479681
1548809273720780288 2125 -0.0421608 -0.998971 -0.0167363 20.0707 -0.0102533 0.017183 -0.9998 0.314101 0.999058 -0.0419808 -0.0109672 -0.484898
1548809273987481344 2133 -0.0972218 -0.995142 -0.0155038 20.0711 -0.00982323 0.0165363 -0.999815 0.313405 0.995214 -0.0970515 -0.0113832 -0.494072
1548809275387666176 2175 -0.0964338 -0.995175 -0.0180873 20.1257 -0.00874985 0.0190189 -0.999781 0.313021 0.995301 -0.0962544 -0.0105417 -0.488815
1548809276087758336 2196 -0.0963682 -0.995177 -0.0183238 20.1776 -0.00872617 0.0192535 -0.999777 0.314848 0.995307 -0.0961868 -0.0105395 -0.482433
1548809276687837184 2214 -0.119321 -0.992692 -0.0180487 20.2537 -0.00834707 0.0191809 -0.999781 0.316496 0.992821 -0.119144 -0.0105748 -0.475641
1548809277187903232 2229 -0.167153 -0.985757 -0.0185275 20.3185 -0.00563816 0.0197473 -0.999789 0.318882 0.985915 -0.167014 -0.00885868 -0.472484
1548809278288048384 2262 -0.111147 -0.99363 -0.0185752 20.4223 -0.00604971 0.0193672 -0.999794 0.318177 0.993786 -0.111011 -0.00816377 -0.446937
1548809278554750208 2270 -0.094732 -0.995271 -0.0214864 20.4476 -0.00463649 0.0220243 -0.999747 0.317717 0.995492 -0.0946084 -0.00670097 -0.441523
1548809279257091328 2291 -0.065358 -0.997647 -0.0206995 20.5127 -0.0105295 0.0214322 -0.999715 0.319325 0.997806 -0.0651214 -0.0119055 -0.426168
1548809279290429184 2292 -0.06323 -0.997766 -0.0215736 20.5153 -0.0101204 0.0222568 -0.999701 0.319105 0.997948 -0.0629927 -0.0115051 -0.427927
1548809279490455296 2298 -0.0586111 -0.998069 -0.020555 20.5348 -0.0108839 0.0212281 -0.999715 0.320587 0.998222 -0.0583707 -0.012107 -0.425703
1548809280557262336 2330 -0.0383454 -0.999131 -0.0163098 20.6269 -0.00875782 0.0166572 -0.999823 0.321622 0.999226 -0.0381958 -0.00938894 -0.420267
1548809280590600192 2331 -0.0377636 -0.999152 -0.0163778 20.6305 -0.00886459 0.0167238 -0.999821 0.321826 0.999247 -0.0376116 -0.00948863 -0.420584
1548809281058295296 2345 -0.0296827 -0.999457 -0.0142762 20.6726 -0.00780381 0.0145138 -0.999864 0.321975 0.999529 -0.0295673 -0.00823039 -0.417241
1548809281124970240 2347 -0.0280416 -0.999504 -0.0143107 20.6805 -0.00745547 0.0145251 -0.999867 0.322373 0.999579 -0.0279312 -0.00785908 -0.41804
1548809281725050368 2365 -0.0193681 -0.999726 -0.0131149 20.7353 -0.00774908 0.0132671 -0.999882 0.322832 0.999782 -0.0192642 -0.00800392 -0.417369
1548809281758387200 2366 -0.0187928 -0.99974 -0.0129449 20.7388 -0.00710053 0.0130803 -0.999889 0.323413 0.999798 -0.0186988 -0.0073445 -0.417594
1548809282425142272 2386 -0.00880334 -0.999888 -0.0121404 20.8009 -0.00786519 0.0122097 -0.999895 0.324557 0.99993 -0.00870692 -0.00797179 -0.414898
1548809282591830272 2391 -0.006565 -0.9999 -0.0125295 20.8173 -0.00737838 0.0125778 -0.999894 0.324637 0.999951 -0.00647185 -0.00746021 -0.415152
1548809283358598400 2414 -0.00129052 -0.999881 -0.0153847 20.8949 -0.00767377 0.0153941 -0.999852 0.325264 0.99997 -0.00117227 -0.00769273 -0.412726
1548809283391936256 2415 -0.00119904 -0.999885 -0.0151051 20.8995 -0.00728096 0.0151134 -0.999859 0.325246 0.999973 -0.0010889 -0.00729825 -0.413224
1548809283958677248 2432 0.000326219 -0.999924 -0.0123615 20.9535 -0.0085739 0.0123582 -0.999887 0.322979 0.999963 0.000432168 -0.00856921 -0.411108
1548809283992015360 2433 0.000445037 -0.999917 -0.0128621 20.9595 -0.00809334 0.0128581 -0.999885 0.323265 0.999967 0.000549083 -0.00808695 -0.411387
1548809284458743296 2447 0.000925878 -0.99983 -0.0183925 21.0125 -0.00669541 0.0183859 -0.999809 0.323656 0.999977 0.00104885 -0.00667725 -0.411205
1548809284492081408 2448 0.000372316 -0.999812 -0.0193995 21.0201 -0.00667935 0.0193966 -0.99979 0.322539 0.999978 0.000501814 -0.00667087 -0.410504
1548809284525418240 2449 0.000122984 -0.999822 -0.018869 21.0234 -0.00660226 0.0188678 -0.9998 0.322529 0.999978 0.000247538 -0.00659876 -0.409965
1548809284592094208 2451 0.000515706 -0.999807 -0.0196426 21.0325 -0.00624581 0.019639 -0.999788 0.32287 0.99998 0.00063828 -0.00623447 -0.410446
1548809284658769408 2453 0.000766013 -0.999777 -0.0210861 21.0435 -0.00591862 0.0210812 -0.99976 0.32308 0.999982 0.00089063 -0.00590116 -0.410786
1548809284692107264 2454 0.000485433 -0.999759 -0.0219627 21.0496 -0.00580875 0.0219595 -0.999742 0.323021 0.999983 0.000612884 -0.00579669 -0.410245
1548809284725445376 2455 0.00129943 -0.999762 -0.0217939 21.0543 -0.00587075 0.0217859 -0.999745 0.322919 0.999982 0.00142705 -0.00584104 -0.410389
1548809284759761408 2456 0.0013158 -0.999771 -0.021354 21.0547 -0.00613528 0.0213456 -0.999753 0.323058 0.99998 0.00144649 -0.00610579 -0.410576
1548809284793099264 2457 0.000853209 -0.999775 -0.0211922 21.0588 -0.00602879 0.0211867 -0.999757 0.323069 0.999981 0.000980765 -0.00600936 -0.410528
1548809284993126400 2463 0.000678135 -0.999728 -0.0233004 21.0866 -0.00539918 0.0232964 -0.999714 0.323528 0.999985 0.000803744 -0.00538192 -0.410187
1548809285026463232 2464 0.000721751 -0.999747 -0.022465 21.0908 -0.0051972 0.022461 -0.999734 0.323585 0.999986 0.000838314 -0.00517968 -0.410355
1548809285059801344 2465 0.00107405 -0.999747 -0.0224541 21.095 -0.00532632 0.0224481 -0.999734 0.323697 0.999985 0.00119336 -0.00530087 -0.410562
1548809285260610304 2471 0.00171502 -0.999694 -0.0246662 21.1228 -0.00626468 0.0246551 -0.999676 0.324402 0.999979 0.00186899 -0.00622048 -0.409912
1548809285293948416 2472 0.0017601 -0.99971 -0.0240278 21.1274 -0.00624683 0.0240164 -0.999692 0.324357 0.999979 0.00190965 -0.00620275 -0.40959
1548809285527312384 2479 0.00131744 -0.99968 -0.025263 21.1592 -0.00686542 0.0252534 -0.999658 0.324845 0.999976 0.00149043 -0.00682995 -0.409091
1548809285560650240 2480 0.00135236 -0.999694 -0.0246925 21.164 -0.00754634 0.0246816 -0.999667 0.325069 0.999971 0.00153825 -0.00751066 -0.408752
1548809285627325184 2482 0.00132563 -0.999689 -0.0249115 21.1749 -0.0070144 0.0249017 -0.999665 0.325429 0.999975 0.00149993 -0.0069792 -0.409572
