1548809205116625408 67 -0.00338646 -0.999987 -0.00378282 0.13425 0.00564634 0.00376366 -0.999977 0.00196782 0.999978 -0.00340774 0.00563352 -0.000858047
1548809205149963264 68 -0.00358742 -0.999988 -0.00338052 0.139508 0.00539859 0.00336113 -0.99998 0.00331392 0.999979 -0.00360559 0.00538647 -0.00235728
1548809205950069248 92 -0.00474932 -0.999988 0.000933824 0.301135 0.00303216 -0.000948231 -0.999995 0.00750752 0.999984 -0.00474647 0.00303663 0.00169021
1548809206350121216 104 -0.00680348 -0.999969 -0.00400361 0.420758 0.0011804 0.00399567 -0.999991 0.00872762 0.999976 -0.00680814 0.00115318 0.00516357
1548809206916863232 121 -0.00361601 -0.999963 -0.00781872 0.611729 0.000836055 0.00781575 -0.999969 0.0134709 0.999993 -0.00362244 0.000807762 0.0113535
1548809207150227200 128 0.00497802 -0.999948 -0.00885702 0.691034 -0.0012158 0.00885107 -0.99996 0.0153798 0.999987 0.00498859 -0.00117167 0.0129344
1548809207783643392 147 0.0477858 -0.99884 -0.00590025 0.896494 0.00141031 0.00597447 -0.999981 0.0192696 0.998857 0.0477766 0.00169417 0.0144493
1548809207816981248 148 0.0490063 -0.998786 -0.00500195 0.907426 -0.00184591 0.00491739 -0.999986 0.0180291 0.998797 0.0490148 -0.00160268 0.0138715
1548809208317047296 163 0.0569064 -0.99837 -0.00436651 1.07334 -0.000644308 0.00433687 -0.99999 0.0208916 0.998379 0.0569087 -0.000396462 0.00571626
1548809208417060352 166 0.0582931 -0.998298 0.00158758 1.11138 -0.00258954 -0.00174149 -0.999995 0.0215214 0.998296 0.0582888 -0.00268665 0.00699069
1548809209117152256 187 0.0595453 -0.99822 -0.00341872 1.34298 -0.00331335 0.00322713 -0.999989 0.0274771 0.99822 0.059556 -0.00311529 -0.00330636
1548809209283841280 192 0.0568048 -0.998355 -0.00779376 1.39904 -0.00466004 0.00754114 -0.999961 0.0273085 0.998374 0.0568389 -0.004224 -0.00597806
1548809209950596352 212 0.0405165 -0.999173 -0.00349514 1.61505 -0.0049838 0.00329587 -0.999982 0.0329513 0.999166 0.0405332 -0.00484614 -0.0178257
1548809209983933184 213 0.0393822 -0.999194 -0.00774389 1.6307 -0.00378105 0.00760083 -0.999964 0.0341536 0.999217 0.0394101 -0.00347866 -0.0166873
1548809210450661376 227 0.0121908 -0.999922 0.00263862 1.78115 -0.00505604 -0.00270043 -0.999984 0.038311 0.999913 0.0121772 -0.00508857 -0.0218956
1548809210517337344 229 0.0100082 -0.999935 0.00555248 1.80482 -0.00287262 -0.00558149 -0.99998 0.0394162 0.999946 0.00999202 -0.00292829 -0.0224815
1548809211217429248 250 0.00877978 -0.999948 -0.00509128 2.041 -0.00373854 0.00505862 -0.99998 0.0439394 0.999954 0.00879864 -0.00369394 -0.0227803
1548809211317442304 253 0.00911639 -0.999928 -0.00783736 2.0791 -0.00488462 0.00779306 -0.999958 0.0440784 0.999947 0.00915428 -0.00481322 -0.0234877
1548809211884184320 270 0.00705287 -0.999861 -0.0150939 2.27086 -0.00545554 0.0150556 -0.999872 0.046046 0.99996 0.00713431 -0.0053486 -0.0249688
1548809211984197376 273 0.00837368 -0.999866 -0.0140883 2.30302 -0.00556868 0.0140419 -0.999886 0.0455988 0.999949 0.00845117 -0.00545035 -0.025484
1548809212550041344 290 0.00576906 -0.999912 -0.0119193 2.48505 -0.00471968 0.0118921 -0.999918 0.0490296 0.999972 0.00582484 -0.00465066 -0.0255344
1548809212583379200 291 0.00597616 -0.999902 -0.0126502 2.49691 -0.00398643 0.0126265 -0.999912 0.0508905 0.999974 0.00602607 -0.00391058 -0.0256758
1548809213050107392 305 0.00381294 -0.999976 -0.00584005 2.64658 -0.0014264 0.00583465 -0.999982 0.0530269 0.999992 0.0038212 -0.00140412 -0.0241867
1548809213316809216 313 0.00461081 -0.999989 0.000595425 2.72894 0.00111771 -0.000590277 -0.999999 0.0549297 0.999989 0.00461147 0.00111498 -0.0251445
1548809213850212352 329 0.00672837 -0.999973 0.00310938 2.89742 -0.000631558 -0.0031137 -0.999995 0.0567085 0.999977 0.00672637 -0.000652491 -0.0230194
1548809214183590400 339 0.00348297 -0.999992 0.00185976 3.00561 -0.00102611 -0.00186335 -0.999998 0.0595473 0.999993 0.00348105 -0.00103259 -0.0203903
1548809214783669248 357 0.000887796 -0.999982 -0.00586118 3.20481 -0.00102145 0.00586028 -0.999982 0.0636208 0.999999 0.000893767 -0.00101622 -0.0196802
1548809214817006336 358 0.00111985 -0.999989 -0.00458822 3.21974 -6.42352e-05 0.00458815 -0.999989 0.0631124 0.999999 0.00112013 -5.90964e-05 -0.0201539
1548809215150384384 368 0.00023294 -0.999967 -0.00805946 3.33438 -0.000243352 0.00805941 -0.999967 0.0656366 1 0.000234894 -0.000241467 -0.0205523
1548809215317072384 373 0.00195543 -0.999977 -0.006553 3.38969 -0.00103814 0.00655098 -0.999978 0.0667571 0.999998 0.00196219 -0.0010253 -0.01816
1548809215683787264 384 -0.00142835 -0.99997 -0.00763588 3.50893 -0.00258409 0.00763955 -0.999967 0.0677136 0.999996 -0.00140858 -0.00259492 -0.0155695
1548809215783800320 387 -0.00162576 -0.999964 -0.00830063 3.54187 -0.000533325 0.0083015 -0.999965 0.0692574 0.999999 -0.00162127 -0.000546802 -0.0151858
1548809216250529280 401 0.000647384 -0.999987 -0.0051243 3.69248 -0.00266249 0.00512255 -0.999983 0.0727277 0.999996 0.000661017 -0.00265914 -0.0111246
1548809216283866368 402 -0.000448138 -0.999935 -0.0114157 3.70778 -0.00114668 0.0114162 -0.999934 0.073776 0.999999 -0.000435019 -0.00115172 -0.0109691
1548809216517230336 409 -0.0012534 -0.99995 -0.00994523 3.78774 -0.00183273 0.00994752 -0.999949 0.074715 0.999998 -0.00123511 -0.0018451 -0.00827807
1548809216650581248 413 0.000711598 -0.99988 -0.0154563 3.82911 -0.000396656 0.015456 -0.99988 0.0747345 1 0.000717644 -0.00038561 -0.00883523
1548809217050634240 425 -0.000683778 -0.999878 -0.0156035 3.95832 -0.0037414 0.015606 -0.999871 0.0758333 0.999993 -0.000625311 -0.00375161 -0.00509153
1548809217250660352 431 -0.00371925 -0.999933 -0.0109894 4.01936 -0.00228664 0.0109979 -0.999937 0.0781148 0.99999 -0.00369388 -0.00232739 -0.00421134
1548809217650713344 443 -0.00164051 -0.999951 -0.00976444 4.14254 -0.00414558 0.00977117 -0.999944 0.0813438 0.99999 -0.00159994 -0.0041614 -0.00166233
1548809217984090368 453 -0.00280759 -0.999978 -0.00605456 4.24778 -0.00272016 0.00606219 -0.999978 0.0832011 0.999992 -0.00279106 -0.00273712 -4.11632e-05
1548809218484156416 468 -0.00213391 -0.999996 -0.00157914 4.4025 -0.00157063 0.0015825 -0.999998 0.0859662 0.999996 -0.00213142 -0.001574 0.00178842
1548809218650845184 473 -0.00171351 -0.999997 0.00192048 4.45342 -0.00245131 -0.00191628 -0.999995 0.0885112 0.999996 -0.00171821 -0.00244802 0.00291632
1548809219050898176 485 -0.000402467 -1 0.000746892 4.58018 -0.00328485 -0.000745566 -0.999994 0.094369 0.999995 -0.000404918 -0.00328455 0.00774447
1548809219117573376 487 -0.00369916 -0.999992 0.00134421 4.59786 -0.00264132 -0.00133445 -0.999996 0.0946728 0.99999 -0.0037027 -0.00263636 0.00613356
1548809219550963200 500 -0.00217909 -0.999998 0.000371137 4.7418 -0.00426802 -0.000361834 -0.999991 0.0967898 0.999989 -0.00218065 -0.00426722 0.00733635
1548809219584301312 501 -0.00177154 -0.999988 -0.0045097 4.75113 -0.0041372 0.00451699 -0.999981 0.0973227 0.99999 -0.00175285 -0.00414516 0.00685244
1548809219985157376 513 -0.00438235 -0.99996 -0.00775549 4.88374 -0.00535228 0.00777891 -0.999955 0.0971919 0.999976 -0.00434064 -0.00538616 0.00895746
1548809220018495232 514 -0.00211028 -0.99999 -0.00399812 4.89416 -0.00554599 0.00400977 -0.999977 0.0971911 0.999982 -0.00208805 -0.0055544 0.00748378
1548809220351872256 524 -0.00320427 -0.9999 -0.0137602 5.00712 -0.00322 0.0137705 -0.9999 0.0985931 0.99999 -0.00315964 -0.00326381 0.00826873
1548809220518560256 529 -0.0019911 -0.999904 -0.0136851 5.06533 -0.0029721 0.013691 -0.999902 0.0983487 0.999994 -0.00195023 -0.00299908 0.0102279
1548809220918613248 541 -0.00483122 -0.999921 -0.0116183 5.19252 -0.00422733 0.0116388 -0.999923 0.0995988 0.999979 -0.00478174 -0.00428322 0.0117192
1548809221285328384 552 -0.00338502 -0.999985 -0.00423562 5.31 -0.00365126 0.00424797 -0.999984 0.102125 0.999988 -0.0033695 -0.00366559 0.0140936
1548809221852069376 569 -0.00736826 -0.999971 0.00195974 5.48991 0.000124118 -0.0019607 -0.999998 0.103718 0.999973 -0.007368 0.000138561 0.0135457
1548809222051293184 575 -0.00709843 -0.999971 0.002782 5.55026 -0.000360843 -0.00277951 -0.999996 0.10641 0.999975 -0.00709941 -0.000341103 0.0152452
1548809222584696320 591 -0.008971 -0.99996 -8.28835e-05 5.72197 -0.00160132 9.72527e-05 -0.999999 0.106782 0.999958 -0.00897086 -0.00160212 0.0160701
1548809222651372288 593 -0.00852789 -0.999959 0.00319023 5.74124 -0.00157724 -0.00317689 -0.999994 0.108874 0.999962 -0.00853287 -0.00155008 0.0153735
1548809223118100224 607 0.00106297 -0.999997 0.00221092 5.89262 -0.00261039 -0.00221369 -0.999994 0.11226 0.999996 0.00105719 -0.00261273 0.0211619
1548809223184775168 609 0.00193944 -0.999996 0.0021923 5.91 -0.00226852 -0.0021967 -0.999995 0.112048 0.999996 0.00193445 -0.00227277 0.0212242
1548809223551490304 620 0.0289842 -0.999576 0.00269817 6.02576 0.000232743 -0.00269256 -0.999996 0.116643 0.99958 0.0289847 0.000154603 0.0215628
1548809223684841216 624 0.0361751 -0.999343 0.00227879 6.0704 0.0010977 -0.00224055 -0.999997 0.117068 0.999345 0.0361775 0.00101592 0.0217943
1548809224284920320 642 0.0454773 -0.998942 0.00678872 6.27111 -0.00319317 -0.00694108 -0.999971 0.124917 0.99896 0.0454543 -0.00350546 0.0222364
1548809224351596288 644 0.0463375 -0.998919 0.00362954 6.29745 -0.00386869 -0.00381287 -0.999985 0.124665 0.998918 0.0463228 -0.00404119 0.0207934
1548809224818324224 658 0.0476525 -0.998863 -0.00142446 6.45582 -0.00906818 0.000993413 -0.999958 0.130336 0.998823 0.0476635 -0.00901053 0.0215431
1548809224918337280 661 0.0499308 -0.99875 -0.00220235 6.49188 -0.011884 0.00161083 -0.999928 0.131727 0.998682 0.0499534 -0.0117887 0.0205475
1548809225451741184 677 0.0536246 -0.998549 -0.00497731 6.6639 -0.00972735 0.00446187 -0.999943 0.137157 0.998514 0.05367 -0.00947397 0.013451
1548809225585092352 681 0.0540406 -0.998533 -0.00327378 6.70664 -0.0102005 0.00272636 -0.999944 0.138027 0.998487 0.054071 -0.0100382 0.0125045
1548809226118495232 697 0.0556809 -0.998448 0.00115094 6.88124 -0.00946323 -0.00168042 -0.999954 0.142146 0.998404 0.0556674 -0.00954211 0.0027121
1548809226218508288 700 0.0568023 -0.998385 0.000141934 6.91784 -0.00846835 -0.000623957 -0.999964 0.143693 0.99835 0.056799 -0.00849012 -0.000138371
1548809226618561280 712 0.058245 -0.998293 0.00421976 7.04706 -0.01214 -0.00493492 -0.999914 0.145166 0.998229 0.0581887 -0.0124067 -0.00528459
1548809226651899392 713 0.0559151 -0.998427 0.00409352 7.0569 -0.0114219 -0.00473932 -0.999924 0.145378 0.99837 0.0558641 -0.0116689 -0.00416685
1548809227218640384 730 0.0548533 -0.998483 0.00471167 7.24419 -0.00911936 -0.00521956 -0.999945 0.149187 0.998453 0.0548073 -0.00939184 -0.013331
1548809227251978240 731 0.0560892 -0.998422 0.00271492 7.25518 -0.0106259 -0.00331598 -0.999938 0.148735 0.998369 0.0560569 -0.0107951 -0.0125919
1548809227652031232 743 0.0585996 -0.998277 0.00315647 7.39245 -0.00979068 -0.00373646 -0.999945 0.155368 0.998234 0.0585655 -0.00999276 -0.0168923
1548809227918732288 751 0.0571788 -0.998344 0.00627494 7.48368 -0.00728265 -0.00670214 -0.999951 0.156615 0.998337 0.0571303 -0.00765381 -0.0221321
1548809228617938176 772 0.05669 -0.998384 0.00393925 7.72219 -0.00652232 -0.00431586 -0.999969 0.161104 0.998371 0.0566626 -0.00675645 -0.0316932
1548809228884639232 780 0.055455 -0.998457 0.00285779 7.81659 -0.00517827 -0.00314975 -0.999982 0.162799 0.998448 0.0554392 -0.00534495 -0.035953
1548809229418043392 796 0.0555415 -0.99845 -0.00349746 8.00174 -0.00713922 0.00310565 -0.99997 0.169288 0.998431 0.0555648 -0.00695566 -0.0464093
1548809229651407360 803 0.0570301 -0.998372 -6.38594e-05 8.07897 -0.00452273 -0.00019439 -0.99999 0.170651 0.998362 0.0570298 -0.00452646 -0.0485469
1548809230118135296 817 0.05525 -0.998473 -0.000217598 8.23314 -0.00467171 -4.05783e-05 -0.999989 0.174587 0.998462 0.0552504 -0.00466681 -0.0542212
1548809230518188288 829 0.055423 -0.998461 0.0022161 8.36839 -0.00596506 -0.00255058 -0.999979 0.17936 0.998445 0.0554086 -0.00609723 -0.0580006
1548809231051592192 845 0.0523385 -0.998628 -0.00164673 8.54957 -0.00463572 0.00140601 -0.999988 0.180855 0.998619 0.0523455 -0.00455577 -0.0664769
1548809231318293248 853 0.0536147 -0.998559 -0.00222706 8.63373 -0.000257566 0.00221644 -0.999998 0.18475 0.998562 0.0536151 -0.000138361 -0.0767196
1548809231718346240 865 0.0379147 -0.999279 0.0018235 8.76485 0.00202395 -0.00174802 -0.999996 0.189794 0.999279 0.0379183 0.00195622 -0.0776632
1548809231851697408 869 0.0275008 -0.999622 0.000597512 8.8042 -0.00110802 -0.000628221 -0.999999 0.190809 0.999621 0.0275001 -0.00112488 -0.0766513
1548809232350784256 884 0.00299464 -0.999991 -0.00303134 8.97011 -0.00145005 0.00302701 -0.999994 0.191753 0.999994 0.00299902 -0.00144097 -0.0762231
1548809232817512192 898 -0.00194505 -0.999998 0.000695443 9.11615 -0.000499931 -0.000694472 -1 0.195186 0.999998 -0.0019454 -0.00049858 -0.074259
1548809232850850304 899 -0.00142775 -0.999984 -0.00547276 9.12746 0.00051553 0.00547203 -0.999985 0.196014 0.999999 -0.00143055 0.000507709 -0.0748754
1548809232950863360 902 -0.00265611 -0.999987 -0.00445697 9.15904 -0.000697243 0.00445883 -0.99999 0.195863 0.999996 -0.00265297 -0.000709077 -0.0740431
1548809233184227328 909 -0.00345046 -0.999991 0.00250809 9.23314 -0.00145577 -0.00250308 -0.999996 0.197529 0.999993 -0.0034541 -0.00144712 -0.0728735
1548809233517604352 919 -0.00447786 -0.999988 0.00186232 9.34325 -0.00121142 -0.00185692 -0.999998 0.200078 0.999989 -0.00448011 -0.00120309 -0.0733749
1548809234017670400 934 -0.00530015 -0.999977 0.00415693 9.50459 0.00248167 -0.00417013 -0.999988 0.201739 0.999983 -0.00528977 0.00250372 -0.0715532
1548809234251034368 941 -0.00142665 -0.999996 0.00237546 9.58221 0.000911999 -0.00237676 -0.999997 0.205146 0.999999 -0.00142448 0.000915386 -0.0705814
1548809234817775360 958 -0.000289849 -0.999995 -0.00325356 9.77035 -0.00509009 0.003255 -0.999982 0.20793 0.999987 -0.000273283 -0.00509101 -0.0669885
1548809234851113216 959 -0.000756036 -0.999993 -0.00379592 9.77734 -0.00418459 0.00379906 -0.999984 0.208917 0.999991 -0.00074014 -0.00418743 -0.0660837
1548809235184490240 969 0.00504752 -0.999959 -0.00752073 9.88651 -0.00593997 0.00749071 -0.999954 0.209076 0.99997 0.00509196 -0.00590191 -0.0632679
1548809235484530176 978 0.0217671 -0.999727 -0.00848129 9.98522 -0.00484117 0.0083778 -0.999953 0.210108 0.999751 0.0218071 -0.00465749 -0.0617975
1548809235751232256 986 0.0676121 -0.997692 -0.00627727 10.0683 -0.00586139 0.00589436 -0.999965 0.209753 0.997694 0.0676466 -0.00544933 -0.060039
1548809235784569344 987 0.0735239 -0.997268 -0.00711458 10.0784 -0.00601232 0.00669052 -0.99996 0.211136 0.997275 0.0735637 -0.00550398 -0.0603464
1548809235817907200 988 0.077755 -0.996939 -0.00811673 10.0924 -0.00363223 0.00785805 -0.999963 0.212689 0.996966 0.0777816 -0.00301011 -0.0603783
1548809235851245312 989 0.0866077 -0.996214 -0.00747249 10.1005 -0.00486659 0.00707753 -0.999963 0.211696 0.996231 0.0866409 -0.0042352 -0.0614811
1548809236052366336 995 0.120172 -0.992721 -0.00792111 10.1607 -0.00593788 0.00726004 -0.999956 0.212177 0.992735 0.120214 -0.0050222 -0.0630832
1548809236252393216 1001 0.146769 -0.98916 -0.00460217 10.2217 -0.00198614 0.00435785 -0.999989 0.213949 0.989169 0.146776 -0.00132502 -0.0698889
1548809236486632192 1008 0.163328 -0.986558 -0.00526691 10.3038 -0.00122273 0.00513617 -0.999986 0.215159 0.986571 0.163333 -0.000367409 -0.0793455
1548809236586645248 1011 0.164478 -0.986376 -0.00315882 10.3417 -0.00177281 0.00290682 -0.999994 0.214479 0.986379 0.164483 -0.00127055 -0.0831928
1548809236886684416 1020 0.164255 -0.986356 -0.011049 10.4475 -0.0008302 0.0110629 -0.999938 0.214949 0.986417 0.164254 0.000998272 -0.0968893
1548809237220062208 1030 0.162095 -0.98674 -0.00836539 10.5647 -0.00480283 0.00768849 -0.999959 0.217298 0.986763 0.162129 -0.00349288 -0.112182
1548809237520101376 1039 0.16445 -0.986301 -0.01292 10.6639 0.0006911 0.0132135 -0.999912 0.220526 0.986385 0.164426 0.00285459 -0.128322
1548809237886816256 1050 0.164487 -0.986311 -0.0115695 10.7858 -0.000283044 0.0116821 -0.999932 0.222925 0.986379 0.164479 0.00164238 -0.147043
1548809238220193280 1060 0.152612 -0.988248 -0.0087003 10.8951 -0.00190949 0.00850855 -0.999962 0.225415 0.988284 0.152623 -0.000588537 -0.163582
1548809238653584384 1073 0.12483 -0.992172 -0.00354949 11.0375 -0.0013792 0.00340395 -0.999993 0.228101 0.992177 0.124834 -0.000943489 -0.183817
1548809238819397376 1078 0.113489 -0.993534 -0.00322703 11.0941 0.000120706 0.0032618 -0.999995 0.229113 0.993539 0.113488 0.000490103 -0.191393
1548809239286126336 1092 0.0943332 -0.995531 0.00435789 11.2459 0.0037938 -0.0040179 -0.999985 0.230828 0.995533 0.0943483 0.00339782 -0.207996
1548809239551860224 1100 0.0905999 -0.995883 0.00295702 11.3327 0.0021662 -0.00277215 -0.999994 0.232286 0.995885 0.0906058 0.00190612 -0.212996
1548809239785224192 1107 0.0912634 -0.995827 -0.000725716 11.4114 0.00192557 0.000905227 -0.999998 0.233445 0.995825 0.0912618 0.00200015 -0.218087
1548809240285290240 1122 0.0851443 -0.996368 -0.000721148 11.5765 0.00519283 0.00116752 -0.999986 0.238015 0.996355 0.0851393 0.00527338 -0.229802
1548809240585330176 1131 0.0718 -0.997419 -0.000189539 11.6743 0.00386022 0.000467909 -0.999992 0.241306 0.997412 0.0717987 0.00388385 -0.236584
1548809241151002368 1148 0.0473653 -0.998875 -0.00212962 11.8639 0.00719329 0.00247305 -0.999971 0.242673 0.998852 0.0473486 0.00730234 -0.248729
1548809241617730304 1162 0.0440539 -0.999007 -0.00665412 12.0239 0.00911773 0.00706236 -0.999933 0.246573 0.998988 0.0439903 0.0094198 -0.256383
1548809242317823232 1183 0.0441568 -0.999018 -0.00355847 12.2526 0.00370192 0.00372554 -0.999986 0.25095 0.999018 0.0441431 0.00386279 -0.261631
1548809242651200256 1193 0.0402331 -0.999186 -0.0030812 12.3598 0.00755018 0.00338762 -0.999966 0.250788 0.999162 0.0402084 0.00768032 -0.266789
1548809243183423232 1209 0.00974331 -0.999905 -0.00973462 12.5421 0.0055965 0.00978945 -0.999936 0.25197 0.999937 0.00968822 0.00569135 -0.269821
1548809243216761344 1210 0.0128509 -0.999867 -0.0100122 12.5505 0.00607241 0.0100909 -0.999931 0.253382 0.999899 0.0127892 0.00620128 -0.269738
1548809243650152192 1223 0.00987084 -0.999919 -0.00807719 12.6924 0.00406259 0.00811762 -0.999959 0.254708 0.999943 0.00983762 0.00414239 -0.267937
1548809244250231296 1241 0.00728703 -0.999933 -0.00896572 12.889 0.00705665 0.00901716 -0.999934 0.260086 0.999949 0.00722329 0.00712189 -0.267117
1548809244716959232 1255 0.00695197 -0.999975 0.00141427 13.0356 0.00744483 -0.0013625 -0.999971 0.26159 0.999948 0.0069623 0.00743517 -0.26472
1548809245150349312 1268 0.0081514 -0.999964 -0.00253232 13.1793 0.00669221 0.0025869 -0.999974 0.266132 0.999944 0.00813424 0.00671306 -0.263622
1548809245350376192 1274 0.0066851 -0.999971 -0.00350926 13.2427 0.0061416 0.00355033 -0.999975 0.267549 0.999959 0.00666338 0.00616516 -0.262918
1548809245917117184 1291 0.00495388 -0.999984 -0.00254973 13.4302 0.0023389 0.00256135 -0.999994 0.271711 0.999985 0.00494788 0.00235155 -0.261257
1548809246217156352 1300 0.00594403 -0.999978 -0.00309375 13.5298 0.00285464 0.00311076 -0.999991 0.272473 0.999978 0.00593514 0.00287306 -0.262416
1548809246783898368 1317 0.00396121 -0.999977 -0.00558505 13.7187 0.00396246 0.00560075 -0.999976 0.272443 0.999984 0.00393898 0.00398456 -0.26098
1548809246917249280 1321 0.00325488 -0.999981 -0.00519968 13.7646 0.00465653 0.00521481 -0.999976 0.273804 0.999984 0.00323059 0.00467341 -0.260943
1548809247483990272 1338 0.0038843 -0.999976 -0.0056745 13.9533 0.00426963 0.00569107 -0.999975 0.277682 0.999983 0.00385997 0.00429163 -0.259792
1548809247950718208 1352 0.0033692 -0.999983 -0.00474876 14.1057 0.00305722 0.00475906 -0.999984 0.280771 0.99999 0.00335463 0.0030732 -0.25782
1548809248684148224 1374 0.0352713 -0.999345 -0.00815294 14.3463 0.00340111 0.00827801 -0.99996 0.285349 0.999372 0.0352421 0.00369086 -0.256218
1548809248717486336 1375 0.0399475 -0.999191 -0.00462251 14.357 0.00380144 0.00477815 -0.999981 0.284632 0.999195 0.0399291 0.00398924 -0.254732
1548809249184214272 1389 0.0592636 -0.998223 -0.00629572 14.5088 0.00299139 0.00648436 -0.999975 0.288285 0.998238 0.0592432 0.00337036 -0.257415
1548809249384240384 1395 0.0591967 -0.998232 -0.00526266 14.5741 0.00321174 0.00546233 -0.99998 0.289373 0.998241 0.0591786 0.00352942 -0.261425
1548809249650942208 1403 0.0601382 -0.998181 -0.00414622 14.6619 0.00549572 0.00448477 -0.999975 0.29147 0.998175 0.0601139 0.00575543 -0.266501
1548809249684280320 1404 0.0618863 -0.99808 -0.00265678 14.6724 0.00715826 0.00310566 -0.99997 0.291527 0.998058 0.0618654 0.00733671 -0.267219
1548809249784293376 1407 0.0615341 -0.998105 8.76408e-05 14.7051 0.00770636 0.0003873 -0.99997 0.292424 0.998075 0.061533 0.00771559 -0.269609
1548809250117670400 1417 0.0599842 -0.998198 -0.00132288 14.8155 0.00372729 0.00154924 -0.999992 0.295697 0.998192 0.0599788 0.00381351 -0.270527
1548809250184346368 1419 0.0604361 -0.998172 0.000168828 14.8375 0.00428889 9.0543e-05 -0.999991 0.296211 0.998163 0.0604363 0.00428652 -0.271993
1548809250651074304 1433 0.0622478 -0.998058 -0.0021949 14.9878 0.0030005 0.00238629 -0.999993 0.300069 0.998056 0.0622408 0.00314322 -0.279961
1548809250751087360 1436 0.0617893 -0.998088 -0.00168244 15.0171 0.00209683 0.00181547 -0.999996 0.301578 0.998087 0.0617856 0.002205 -0.280664
1548809251151140352 1448 0.0615405 -0.998104 -0.000860803 15.143 0.0025623 0.00102042 -0.999996 0.305715 0.998101 0.061538 0.00262024 -0.286955
1548809251251153408 1451 0.0634752 -0.997983 0.00109266 15.1744 0.000929029 -0.00103578 -0.999999 0.306076 0.997983 0.0634762 0.000861409 -0.288372
1548809251717881344 1465 0.0633033 -0.997991 -0.00244487 15.3256 0.00126644 0.00253012 -0.999996 0.309212 0.997994 0.0632999 0.00142406 -0.295053
1548809251784556288 1467 0.0628872 -0.998019 -0.00187375 15.3461 0.00110295 0.00194697 -0.999997 0.31103 0.99802 0.062885 0.0012232 -0.295771
1548809252284622336 1482 0.0625279 -0.998042 -0.00123832 15.5052 0.00457711 0.00152749 -0.999988 0.31297 0.998033 0.0625215 0.00466366 -0.305613
1548809252384636416 1485 0.0635851 -0.997976 0.000829765 15.5349 0.0033521 -0.000617867 -0.999994 0.310641 0.997971 0.0635875 0.00330603 -0.308432
1548809252951377408 1502 0.0641562 -0.997938 -0.00208997 15.7142 0.000285774 0.00211265 -0.999998 0.315538 0.99794 0.0641555 0.000420725 -0.314556
1548809252984715264 1503 0.0659852 -0.997814 -0.00357256 15.7262 0.00189191 0.00370547 -0.999991 0.315555 0.997819 0.0659779 0.00213228 -0.315138
1548809253518118400 1519 0.0647788 -0.997896 -0.00276727 15.8894 -0.0020319 0.00264118 -0.999994 0.319712 0.997898 0.0647841 -0.00185653 -0.323335
1548809253618131200 1522 0.0641713 -0.997928 -0.00470875 15.9157 5.62565e-05 0.00472209 -0.999989 0.320195 0.997939 0.0641703 0.000359163 -0.324826
1548809254151535360 1538 0.0640811 -0.997943 -0.00183857 16.0744 -0.000555528 0.00180668 -0.999998 0.321974 0.997945 0.064082 -0.000438611 -0.335999
1548809254184873216 1539 0.0636333 -0.99797 -0.00275625 16.0801 -0.000665069 0.00271944 -0.999996 0.322926 0.997973 0.0636349 -0.000490672 -0.334223
1548809254318224384 1543 0.0631998 -0.998 -0.00120325 16.1238 -0.000385678 0.00118124 -0.999999 0.32405 0.998001 0.0632002 -0.000310252 -0.334161
1548809254418237184 1546 0.0617765 -0.99809 0.000915761 16.1592 -0.00103233 -0.000981409 -0.999999 0.325553 0.998089 0.0617755 -0.00109099 -0.337277
1548809254584925184 1551 0.0630573 -0.998009 0.00119158 16.2165 -0.000577484 -0.00123044 -0.999999 0.32671 0.99801 0.0630566 -0.000653923 -0.339915
1548809254884965376 1560 0.0637319 -0.99795 0.00590756 16.3121 -0.000978056 -0.00598205 -0.999982 0.328984 0.997967 0.063725 -0.0013573 -0.344186
1548809255218342400 1570 0.0647828 -0.997861 0.00872366 16.4171 -0.00494445 -0.00906289 -0.999947 0.333902 0.997887 0.0647362 -0.00552099 -0.34868
1548809255651733248 1583 0.0633941 -0.997932 0.0106153 16.5584 -0.00705848 -0.0110848 -0.999914 0.338761 0.997964 0.0633137 -0.00774659 -0.354517
1548809256118461184 1597 0.0661776 -0.997773 0.00836172 16.7152 -0.00750354 -0.00887749 -0.999932 0.345637 0.99778 0.0661104 -0.00807432 -0.359586
1548809256618527232 1612 0.0658669 -0.99781 0.00612156 16.8822 -0.00591256 -0.00652505 -0.999961 0.350053 0.997811 0.0658282 -0.00632939 -0.372146
1548809257051917312 1625 0.0689455 -0.997618 -0.00208308 17.0283 -0.00808926 0.00152893 -0.999966 0.35373 0.997588 0.06896 -0.00796458 -0.379897
1548809257285281280 1632 0.0663109 -0.997795 -0.00289976 17.1006 -0.00513038 0.00256517 -0.999984 0.355433 0.997786 0.0663247 -0.00494897 -0.384775
1548809257685334272 1644 0.0634088 -0.99798 -0.00393037 17.2305 -0.00862804 0.00338996 -0.999957 0.359907 0.99795 0.06344 -0.00839566 -0.389698
1548809257852022272 1649 0.0640853 -0.99793 -0.00542001 17.2917 -0.0114463 0.00469578 -0.999923 0.360875 0.997879 0.0641424 -0.0111216 -0.390378
1548809258218737408 1660 0.0641007 -0.997934 -0.00438762 17.4116 -0.00561281 0.00403607 -0.999976 0.362942 0.997928 0.0641238 -0.0053425 -0.398888
1548809258252075264 1661 0.0661965 -0.997804 -0.00208417 17.4248 -0.00631318 0.00166988 -0.999979 0.363011 0.997787 0.0662083 -0.00618878 -0.400375
1548809258585452288 1671 0.0710194 -0.997472 -0.00261219 17.5394 -0.00402468 0.00233223 -0.999989 0.367679 0.997467 0.0710291 -0.00384887 -0.407125
1548809258785479168 1677 0.0798551 -0.996805 -0.00142175 17.6002 -0.00447205 0.00106803 -0.999989 0.368431 0.996796 0.0798606 -0.00437248 -0.408809
1548809259218869248 1690 0.0870449 -0.996204 0.00123916 17.7358 -0.0108561 -0.00219237 -0.999939 0.371149 0.996145 0.0870261 -0.0110057 -0.414633
1548809259552246272 1700 0.0855519 -0.996333 0.00140531 17.8414 -0.00623554 -0.00194588 -0.999979 0.373404 0.996314 0.0855413 -0.00637915 -0.423684
1548809259985637376 1713 0.083602 -0.996495 0.00276458 17.9807 -0.00468666 -0.00316745 -0.999984 0.376217 0.996488 0.0835877 -0.00493504 -0.431543
1548809260018975232 1714 0.0843518 -0.996436 0.000359161 17.9896 -0.00337145 -0.000645849 -0.999994 0.376934 0.99643 0.0843501 -0.00341392 -0.43383
1548809260319014400 1723 0.0838368 -0.996478 0.00174822 18.0876 -0.00286606 -0.00199552 -0.999994 0.378036 0.996475 0.0838312 -0.00302326 -0.44129
1548809260519040256 1729 0.0865434 -0.996246 0.00183732 18.1515 -0.00413129 -0.00220311 -0.999989 0.379788 0.99624 0.0865349 -0.00430644 -0.44573
1548809260719067392 1735 0.0891164 -0.996021 0.00112309 18.2159 -0.00549559 -0.00161926 -0.999984 0.383582 0.996006 0.0891088 -0.00561802 -0.449007
1548809261019106304 1744 0.0884677 -0.996077 -0.00203753 18.31 -0.00400156 0.00169013 -0.999991 0.38251 0.996071 0.088475 -0.00383634 -0.455589
1548809261485834240 1758 0.0908636 -0.995858 -0.0033069 18.4642 -0.00627675 0.00274788 -0.999977 0.390564 0.995844 0.0908822 -0.00600107 -0.468729
1548809261719199232 1765 0.0900349 -0.995935 -0.00266346 18.5401 -0.00344707 0.00236268 -0.999991 0.390839 0.995933 0.0900433 -0.00322034 -0.473966
1548809262219264256 1780 0.0898978 -0.995941 -0.00451276 18.701 -0.0045288 0.00412228 -0.999981 0.397271 0.995941 0.0899165 -0.00413984 -0.485603
1548809262485966336 1788 0.0875183 -0.996142 -0.00652544 18.7869 -0.00220678 0.00635668 -0.999977 0.398007 0.99616 0.0875308 -0.00164194 -0.491867
1548809263452760320 1817 0.088857 -0.996008 -0.00846596 18.9834 -0.00277381 0.00825211 -0.999962 0.400178 0.996041 0.0888771 -0.00202948 -0.506975
1548809263486098176 1818 0.0892146 -0.99599 -0.00662479 18.99 -0.00350639 0.0063372 -0.999974 0.400717 0.996006 0.0892355 -0.00292696 -0.508326
1548809264286203392 1842 0.0375766 -0.999267 -0.00726788 19.1451 -0.00243222 0.00718153 -0.999971 0.40372 0.999291 0.0375932 -0.00216058 -0.525508
1548809264686256384 1854 -0.00402162 -0.999963 -0.00755138 19.2295 -0.00383274 0.00756679 -0.999964 0.407222 0.999985 -0.00399253 -0.00386303 -0.52662
1548809265353011200 1874 -0.00789471 -0.999969 0.000707903 19.3636 -0.00605003 -0.000660147 -0.999981 0.409436 0.999951 -0.00789884 -0.00604463 -0.523153
1548809265719726336 1885 -0.0085504 -0.99995 0.00510616 19.4352 -0.00542945 -0.00505984 -0.999972 0.411376 0.999949 -0.00857789 -0.00538591 -0.52157
1548809266419818240 1906 -0.0111277 -0.999929 0.0043238 19.5725 -0.00425372 -0.00427669 -0.999982 0.417517 0.999929 -0.0111459 -0.00420582 -0.517367
1548809266453155328 1907 -0.0109593 -0.999937 0.00254636 19.581 -0.00296532 -0.002514 -0.999992 0.415893 0.999936 -0.0109668 -0.00293758 -0.517279
1548809267186585344 1929 -0.012506 -0.999907 0.00539833 19.7093 -0.000743838 -0.00538944 -0.999985 0.420432 0.999922 -0.0125098 -0.000676369 -0.515943
1548809267319936256 1933 -0.0122425 -0.9999 0.00704509 19.7309 -0.00198619 -0.00702129 -0.999973 0.419751 0.999923 -0.0122561 -0.00190004 -0.514795
1548809267920015360 1951 -0.0103576 -0.999934 0.00494707 19.8418 -0.00381801 -0.00490775 -0.999981 0.422455 0.999939 -0.0103763 -0.00376693 -0.511895
1548809268186717184 1959 -0.00869397 -0.999957 0.00311112 19.8896 -0.00159697 -0.00309735 -0.999994 0.42377 0.999961 -0.00869888 -0.00156997 -0.511912
1548809268986823168 1983 -0.00529995 -0.999982 -0.00268209 20.0317 -0.00224204 0.002694 -0.999994 0.427714 0.999983 -0.0052939 -0.00225627 -0.509211
1548809269320200192 1993 -0.00474265 -0.999984 -0.00323865 20.0876 -0.00155825 0.00324608 -0.999994 0.429074 0.999988 -0.00473758 -0.00157362 -0.509656
1548809270120305408 2017 -0.00584451 -0.999934 -0.00990194 20.2424 0.000357658 0.00990002 -0.999951 0.429041 0.999983 -0.00584777 0.000299774 -0.505866
1548809270153643264 2018 -0.0061364 -0.999933 -0.00982031 20.2517 0.000392079 0.00981809 -0.999952 0.429862 0.999981 -0.00613996 0.000331805 -0.505372
1548809270553696256 2030 -0.000249787 -0.99989 -0.0148252 20.3368 0.000910873 0.014825 -0.99989 0.437146 1 -0.000263263 0.00090707 -0.505188
1548809270587033344 2031 0.0150214 -0.999837 -0.00998789 20.3365 0.00310347 0.0100356 -0.999945 0.434633 0.999882 0.0149896 0.00325371 -0.499216
1548809270720384256 2035 0.0276 -0.999594 -0.00703502 20.3417 -0.000747958 0.00701705 -0.999975 0.434876 0.999619 0.0276045 -0.000553984 -0.500192
1548809270753722368 2036 0.0401055 -0.999173 -0.00669177 20.3426 -0.000963054 0.0066585 -0.999977 0.43429 0.999195 0.0401111 -0.000695214 -0.497454
1548809270787060224 2037 0.0406012 -0.999145 -0.00778422 20.3441 0.00757448 0.0080982 -0.999939 0.434299 0.999147 0.0405398 0.0078968 -0.498874
1548809270820397312 2038 0.0529229 -0.99857 -0.00757942 20.3507 -0.000660652 0.00755504 -0.999971 0.433872 0.998598 0.0529263 -0.000259873 -0.501255
1548809270853735424 2039 0.0612216 -0.998058 -0.0115037 20.3531 0.00284297 0.0116996 -0.999928 0.434715 0.99812 0.0611845 0.00355372 -0.500033
1548809270920411392 2041 0.0711656 -0.997432 -0.00799661 20.3574 -0.00346656 0.00776957 -0.999964 0.433842 0.997458 0.0711907 -0.00290473 -0.501362
1548809272020556288 2074 0.0765018 -0.997006 -0.01129 20.3567 0.00484037 0.0116944 -0.99992 0.433675 0.997058 0.076441 0.00572052 -0.503538
1548809272320595200 2083 0.0757891 -0.997039 -0.0130115 20.3377 0.00468044 0.0134046 -0.999899 0.433385 0.997113 0.0757206 0.0056825 -0.502755
1548809272853999360 2099 0.073711 -0.997215 -0.0113551 20.2971 0.00213205 0.0115436 -0.999931 0.433456 0.997277 0.0736817 0.002977 -0.499837
1548809273287389184 2112 0.0399381 -0.999148 -0.0103625 20.2733 0.00218608 0.0104582 -0.999943 0.43247 0.9992 0.0399132 0.00260189 -0.501997
1548809273587429376 2121 -0.0111448 -0.999895 -0.00928861 20.2754 0.0014516 0.009273 -0.999956 0.433225 0.999937 -0.0111578 0.0013481 -0.509014
1548809273820793344 2128 -0.0655379 -0.997815 -0.00836632 20.2759 0.00156337 0.00828166 -0.999964 0.433193 0.997849 -0.0655487 0.00101719 -0.516085
1548809275554354176 2180 -0.096036 -0.995336 -0.0091131 20.3451 0.00299773 0.00886616 -0.999956 0.43341 0.995373 -0.0960591 0.00213228 -0.513862
1548809276087758336 2196 -0.0967487 -0.995249 -0.0108973 20.383 0.00336084 0.0106219 -0.999938 0.434833 0.995303 -0.0967794 0.00231722 -0.506831
1548809276821188352 2218 -0.133137 -0.991029 -0.0116195 20.4765 0.00328666 0.0112824 -0.999931 0.436348 0.991092 -0.133166 0.00175507 -0.501752
1548809277021214208 2224 -0.151455 -0.988404 -0.0109346 20.5014 0.00466959 0.0103467 -0.999936 0.437541 0.988453 -0.151496 0.00304839 -0.501026
1548809278288048384 2262 -0.109935 -0.993865 -0.0120731 20.6274 0.00595325 0.0114881 -0.999916 0.439087 0.993921 -0.109998 0.00465378 -0.475623
1548809278855969280 2279 -0.0778026 -0.996872 -0.0138761 20.6775 0.00465568 0.0135549 -0.999897 0.43885 0.996958 -0.0778592 0.00358651 -0.467143
1548809279323766272 2293 -0.0603867 -0.998052 -0.0156566 20.7219 0.00136873 0.0156024 -0.999877 0.438698 0.998174 -0.0604008 0.000423885 -0.459267
1548809280390574336 2325 -0.0393191 -0.99917 -0.0106735 20.8129 0.00296943 0.0105649 -0.99994 0.441177 0.999222 -0.0393484 0.00255157 -0.454311
1548809280958282240 2342 -0.0296616 -0.999519 -0.00900593 20.861 0.00412656 0.00888736 -0.999952 0.441978 0.999551 -0.0296973 0.00386097 -0.452577
1548809281958414336 2372 -0.0140812 -0.999866 -0.00834812 20.9463 0.0056311 0.00826952 -0.99995 0.44303 0.999885 -0.0141275 0.0055139 -0.450507
1548809282058427392 2375 -0.0117697 -0.999907 -0.00694105 20.9565 0.00525393 0.00687959 -0.999963 0.443438 0.999917 -0.0118057 0.00517247 -0.450435
1548809282658506240 2393 -0.00290762 -0.999968 -0.00747439 21.0189 0.004727 0.00746059 -0.999961 0.443533 0.999985 -0.00294283 0.00470516 -0.447827
1548809282725181184 2395 -0.00166708 -0.999972 -0.00729913 21.028 0.00437597 0.00729178 -0.999964 0.443552 0.999989 -0.00169896 0.00436369 -0.447696
1548809283458611200 2417 0.000920203 -0.999962 -0.00868099 21.1052 0.00529866 0.00868575 -0.999948 0.443734 0.999986 0.000874158 0.00530645 -0.445155
1548809283491949312 2418 0.000845781 -0.999968 -0.00801112 21.1087 0.00557914 0.00801571 -0.999952 0.443171 0.999984 0.000801045 0.00558574 -0.445134
1548809284258717184 2441 0.00247243 -0.999945 -0.0101798 21.1852 0.00440023 0.0101906 -0.999938 0.441589 0.999987 0.00242748 0.00442518 -0.442623
1548809284292054272 2442 0.00247927 -0.999932 -0.0114268 21.1911 0.00521427 0.0114396 -0.999921 0.441838 0.999983 0.00241949 0.00524228 -0.442685
1548809284759761408 2456 0.00311192 -0.999857 -0.0166345 21.2527 0.00713919 0.0166563 -0.999836 0.442438 0.99997 0.00299266 0.00719001 -0.44309
1548809284793099264 2457 0.00252798 -0.999862 -0.0164491 21.2592 0.00684051 0.0164661 -0.999841 0.442776 0.999973 0.00241506 0.00688118 -0.443051
1548809284826437376 2458 0.00244274 -0.999863 -0.0163491 21.2631 0.00763723 0.0163673 -0.999837 0.442699 0.999968 0.00231748 0.00767617 -0.443282
1548809284859775232 2459 0.00304656 -0.999856 -0.016696 21.2671 0.00762119 0.0167188 -0.999831 0.442971 0.999966 0.0029188 0.00767103 -0.44345
1548809284959788288 2462 0.00255828 -0.999829 -0.018321 21.2811 0.00734455 0.0183394 -0.999805 0.443379 0.99997 0.00242322 0.00739021 -0.44329
1548809284993126400 2463 0.00268101 -0.999828 -0.0183735 21.2852 0.00731248 0.0183926 -0.999804 0.443517 0.99997 0.00254613 0.00736053 -0.443045
1548809285026463232 2464 0.00276362 -0.999843 -0.0175169 21.2893 0.00726523 0.0175365 -0.99982 0.443591 0.99997 0.00263585 0.00731255 -0.443222
1548809285059801344 2465 0.00311674 -0.999845 -0.0173169 21.2937 0.00739756 0.0173396 -0.999822 0.443524 0.999968 0.00298808 0.00745045 -0.443287
1548809285093139200 2466 0.00320812 -0.999833 -0.0179742 21.2982 0.00745524 0.0179977 -0.99981 0.443908 0.999967 0.00307351 0.00751174 -0.443473
1548809285226490368 2470 0.00386948 -0.999819 -0.0186091 21.3171 0.00708608 0.0186362 -0.999801 0.444715 0.999967 0.00373684 0.00715691 -0.443566
1548809285293948416 2472 0.00381029 -0.99982 -0.0186074 21.3267 0.0064342 0.0186317 -0.999806 0.444763 0.999972 0.00368983 0.00650403 -0.442806
1548809285327286272 2473 0.00351519 -0.999812 -0.0190769 21.3317 0.0068864 0.0191007 -0.999794 0.444954 0.99997 0.00338309 0.00695225 -0.44302
1548809285427299328 2476 0.00379161 -0.999799 -0.0196732 21.3458 0.00667096 0.0196982 -0.999784 0.445328 0.999971 0.00365955 0.00674431 -0.442865
1548809285460637184 2477 0.00318291 -0.999802 -0.0196526 21.3501 0.00593174 0.0196712 -0.999789 0.445432 0.999977 0.00306566 0.00599318 -0.442556
1548809285493974272 2478 0.00327189 -0.999803 -0.0195786 21.355 0.00545252 0.0195963 -0.999793 0.445656 0.99998 0.00316446 0.00551556 -0.442156
1548809285560650240 2480 0.00302885 -0.999811 -0.0191792 21.3638 0.00434078 0.0191922 -0.999806 0.445891 0.999986 0.00294501 0.00439809 -0.441742
1548809285593988352 2481 0.00209522 -0.999812 -0.0192916 21.3682 0.00457408 0.0193011 -0.999803 0.446199 0.999987 0.00200656 0.00461366 -0.441544
1548809285627325184 2482 0.00262872 -0.999811 -0.0192615 21.3724 0.00508879 0.0192747 -0.999801 0.446176 0.999984 0.00253018 0.0051385 -0.441724
1548809285694001408 2484 0.0034028 -0.999781 -0.0206698 21.3829 0.00474011 0.0206858 -0.999775 0.446257 0.999983 0.00330405 0.00480946 -0.441882
1548809285727339264 2485 0.0035308 -0.999788 -0.0203042 21.3878 0.00427534 0.0203192 -0.999784 0.446468 0.999985 0.00344323 0.00434617 -0.442048
1548809285760676352 2486 0.00356425 -0.999779 -0.0207167 21.3927 0.00386597 0.0207305 -0.999778 0.446397 0.999986 0.00348337 0.00393901 -0.441377
1548809285794014208 2487 0.00418918 -0.999782 -0.0204352 21.3971 0.00426239 0.020453 -0.999782 0.446541 0.999982 0.00410117 0.00434714 -0.441731
1548809285827352320 2488 0.00363062 -0.999778 -0.0207772 21.4017 0.00430148 0.0207928 -0.999775 0.446778 0.999984 0.00354043 0.00437601 -0.441873
1548809285861398272 2489 0.003699 -0.999776 -0.0208409 21.4061 0.00473853 0.0208583 -0.999771 0.446632 0.999982 0.0035994 0.00481463 -0.44214
1548809285894736384 2490 0.00437352 -0.99978 -0.0205167 21.4101 0.00474761 0.0205374 -0.999778 0.44704 0.999979 0.00427514 0.00483638 -0.442238
1548809285928074240 2491 0.0043194 -0.999768 -0.0211093 21.4146 0.00427343 0.0211277 -0.999768 0.447102 0.999982 0.00422818 0.0043637 -0.442166
1548809286094762240 2496 0.00395448 -0.999773 -0.0209268 21.4381 0.00282964 0.0209381 -0.999777 0.447593 0.999988 0.00389438 0.0029118 -0.441465
1548809286128100352 2497 0.00383552 -0.999773 -0.0209464 21.4422 0.00328531 0.0209591 -0.999775 0.447618 0.999987 0.00376584 0.00336495 -0.441734
1548809286161438208 2498 0.00454759 -0.999773 -0.0208091 21.4464 0.00306468 0.0208232 -0.999778 0.447812 0.999985 0.00448281 0.00315868 -0.441558
1548809286194776320 2499 0.00415283 -0.999779 -0.0206207 21.4509 0.00226419 0.0206303 -0.999785 0.447924 0.999989 0.00410524 0.00234937 -0.441056
1548809286262093312 2501 0.00462559 -0.999779 -0.0204921 21.4596 0.00175532 0.0205004 -0.999788 0.447981 0.999988 0.00458865 0.00184976 -0.440703
1548809286295431168 2502 0.00488505 -0.999766 -0.021062 21.4637 0.00219884 0.021073 -0.999776 0.448077 0.999986 0.00483764 0.00230127 -0.440862
1548809286562783232 2510 0.00315554 -0.999773 -0.0210691 21.5006 0.000736629 0.0210715 -0.999778 0.448755 0.999995 0.00313932 0.000802954 -0.439844
1548809286596120320 2511 0.0025814 -0.999765 -0.0215274 21.5058 0.000925342 0.0215299 -0.999768 0.448931 0.999996 0.00256088 0.000980701 -0.439675
1548809286863403264 2519 0.00404352 -0.999753 -0.0218645 21.5423 -0.000126592 0.0218641 -0.999761 0.449161 0.999992 0.00404533 -3.81526e-05 -0.438847
1548809286896741376 2520 0.00426875 -0.999752 -0.0218373 21.5473 -0.000830731 0.0218339 -0.999761 0.448991 0.999991 0.00428587 -0.000737321 -0.438082
1548809287164378368 2528 0.00479822 -0.999769 -0.0209445 21.5824 -0.00253497 0.0209325 -0.999778 0.449427 0.999985 0.00485025 -0.00243395 -0.436994
1548809287197715200 2529 0.00520985 -0.999771 -0.0207385 21.5865 -0.00260652 0.0207251 -0.999782 0.449099 0.999983 0.00526277 -0.00249795 -0.43679
1548809287465174272 2537 0.00641063 -0.999798 -0.0190425 21.6219 -0.00451772 0.0190137 -0.999809 0.449445 0.999969 0.00649543 -0.00439491 -0.434993
1548809287498512384 2538 0.00618251 -0.999809 -0.0185526 21.6258 -0.00467548 0.0185239 -0.999817 0.449137 0.99997 0.00626813 -0.00456006 -0.435159
