1548881155652361728 81 0.0185464 -0.999809 0.00613401 0.192578 0.00272041 -0.00608459 -0.999978 0.00958723 0.999824 0.0185627 0.00260705 -0.00699769
1548881155685699584 82 0.0207 -0.999781 0.00318941 0.201851 0.0021467 -0.00314564 -0.999993 0.00923219 0.999783 0.0207067 0.00208112 -0.00604381
1548881156185765632 97 0.0497909 -0.99873 0.00775251 0.339092 0.00667166 -0.00742937 -0.99995 0.0148961 0.998737 0.0498401 0.00629326 -0.0113313
1548881156219103744 98 0.0538986 -0.998515 0.007919 0.347601 0.00684149 -0.00756107 -0.999948 0.0147331 0.998523 0.05395 0.0064238 -0.0121569
1548881156752506624 114 0.0285021 -0.999494 0.0140873 0.488364 0.000568065 -0.0140768 -0.999901 0.0192888 0.999594 0.0285073 0.000166559 -0.0210075
1548881156785844736 115 0.0202964 -0.999729 0.0114113 0.498898 0.00228656 -0.0113672 -0.999933 0.0199083 0.999791 0.0203212 0.00205522 -0.0241894
1548881157019208704 122 -0.027137 -0.999361 0.0232628 0.555037 0.00392721 -0.0233777 -0.999719 0.0236406 0.999624 -0.027038 0.00455911 -0.0375339
1548881157052546816 123 -0.0343059 -0.999133 0.0235834 0.562911 0.00145047 -0.023647 -0.999719 0.0236582 0.99941 -0.034262 0.00226044 -0.0391892
1548881157152559616 126 -0.035443 -0.999212 0.0178463 0.595768 0.0058354 -0.0180642 -0.99982 0.0231465 0.999355 -0.0353325 0.00647105 -0.0399314
1548881157252572672 129 -0.0497238 -0.998599 0.0181102 0.625169 0.00299389 -0.0182816 -0.999828 0.0230528 0.998759 -0.0496611 0.00389873 -0.0378419
1548881157552612608 138 -0.0794458 -0.996837 0.00204661 0.734394 -0.00340406 -0.00178179 -0.999993 0.0241492 0.996833 -0.0794522 -0.00325174 -0.0247195
1548881157585949696 139 -0.0734601 -0.997245 -0.010287 0.749035 -0.0111485 0.0111354 -0.999876 0.0235883 0.997236 -0.0733363 -0.0119358 -0.0214431
1548881157685963776 142 -0.0938207 -0.994859 -0.0381127 0.801765 -0.0381976 0.0418504 -0.998393 0.0248454 0.994856 -0.0922141 -0.0419276 -0.000391827
1548881157986711808 151 -0.125026 -0.990817 -0.0514856 0.909965 -0.024341 0.0549403 -0.998193 0.021275 0.991855 -0.123547 -0.0309864 0.006375
1548881158053387776 153 -0.132387 -0.989177 -0.06326 0.942197 -0.0272901 0.067435 -0.99735 0.0183166 0.990822 -0.130309 -0.0359223 0.0114091
1548881158220075776 158 -0.139082 -0.983824 -0.112902 1.02909 -0.0412881 0.119672 -0.991955 0.0141692 0.98942 -0.133302 -0.0572644 0.0332387
1548881158420744704 164 -0.138077 -0.983074 -0.120416 1.09326 -0.0439078 0.127536 -0.990862 0.0131643 0.989448 -0.131528 -0.0607744 0.0408332
1548881158720783616 173 -0.110906 -0.982816 -0.147553 1.18597 -0.0488868 0.153684 -0.98691 0.0104653 0.992628 -0.102241 -0.0650913 0.0540035
1548881158787459584 175 -0.10678 -0.98095 -0.162279 1.20747 -0.0595771 0.169231 -0.983774 0.0102993 0.992496 -0.0953789 -0.0765126 0.0631503
1548881159120836608 185 -0.060035 -0.990112 -0.126782 1.28094 -0.0609993 0.130413 -0.989582 -0.00447696 0.996331 -0.0516759 -0.0682255 0.0724141
1548881159586213632 199 -0.000181813 -0.996555 -0.0829358 1.36449 -0.0682313 0.0827548 -0.994231 -0.0098034 0.99767 0.00547805 -0.0680113 0.081992
1548881159986266624 211 0.0132273 -0.998807 -0.0470154 1.44545 -0.0683788 0.0460059 -0.996598 -0.0141985 0.997572 0.0163972 -0.0676887 0.0857502
1548881160553007616 228 0.0158448 -0.999867 -0.00373875 1.57023 -0.0803611 0.00245367 -0.996763 -0.015776 0.99664 0.016094 -0.0803115 0.0885469
1548881161153086720 246 0.0250469 -0.99902 0.0364849 1.70449 -0.0802446 -0.0383878 -0.996036 -0.0148746 0.99646 0.0220199 -0.0811275 0.0904228
1548881161886516736 268 0.0333753 -0.998265 0.0485101 1.89741 -0.0821931 -0.0511142 -0.995305 -0.000911837 0.996057 0.0292314 -0.0837564 0.0892042
1548881162186556672 277 0.0367512 -0.997693 0.0570826 1.97357 -0.0840774 -0.0600057 -0.994651 0.00203886 0.995781 0.0317553 -0.0860887 0.0842172
1548881162653284608 291 0.0400283 -0.998156 0.0456369 2.10953 -0.0806557 -0.0487522 -0.995549 0.0106312 0.995938 0.0361692 -0.0824584 0.079933
1548881163086674688 304 0.0403681 -0.998318 0.0416034 2.23137 -0.0831662 -0.0448499 -0.995526 0.0210662 0.995718 0.0367275 -0.0848369 0.0789184
1548881163653415680 321 0.0249658 -0.998909 0.0394596 2.39406 -0.0846681 -0.0414429 -0.995547 0.0336555 0.996096 0.0215136 -0.0856104 0.074721
1548881163686753792 322 0.0249072 -0.998946 0.0385467 2.40235 -0.0833858 -0.0405003 -0.995694 0.0340895 0.996206 0.0215857 -0.0843067 0.0734518
1548881163986793728 331 0.0218287 -0.999099 0.0364041 2.482 -0.0774649 -0.0379936 -0.996271 0.0387155 0.996756 0.0189272 -0.0782245 0.066283
1548881164053468672 333 0.0220785 -0.999151 0.034787 2.50184 -0.0779206 -0.0364094 -0.996294 0.0400988 0.996715 0.0192861 -0.0786583 0.0662528
1548881164486859776 346 0.0144389 -0.999232 0.0364342 2.61676 -0.0702661 -0.0373619 -0.996828 0.0443755 0.997424 0.011833 -0.0707515 0.0622399
1548881164586872832 349 0.0124641 -0.999381 0.0328931 2.64354 -0.0693133 -0.03368 -0.997026 0.0454421 0.997517 0.0101471 -0.0696902 0.059832
1548881164886911744 358 0.00221228 -0.999386 0.0349768 2.72358 -0.0704241 -0.0350457 -0.996901 0.0532873 0.997515 -0.000257786 -0.0704584 0.0591435
1548881164987633664 361 -0.00160884 -0.999146 0.0412964 2.74534 -0.0692992 -0.0410858 -0.99675 0.0539948 0.997595 -0.00446542 -0.0691739 0.0567886
1548881165321011712 371 -0.0288551 -0.998352 0.0496017 2.82868 -0.079423 -0.0471756 -0.995724 0.0596345 0.996423 -0.0326712 -0.0779309 0.0608405
1548881165387686656 373 -0.0305899 -0.998321 0.0491861 2.84195 -0.0800784 -0.0466031 -0.995699 0.0601766 0.996319 -0.034397 -0.0785184 0.0612841
1548881165555017728 378 -0.0397587 -0.997784 0.0533592 2.88549 -0.0787146 -0.0501079 -0.995637 0.0634133 0.996104 -0.0437854 -0.0765479 0.0611928
1548881165721705728 383 -0.0379532 -0.997462 0.0602499 2.92648 -0.078709 -0.0571221 -0.99526 0.0668317 0.996175 -0.0425155 -0.0763413 0.0627199
1548881166021745664 392 -0.041161 -0.996699 0.0699777 3.00248 -0.070842 -0.0669495 -0.995238 0.0717202 0.996638 -0.0459223 -0.0678525 0.0603476
1548881166055083776 393 -0.0413907 -0.996712 0.0696558 3.01422 -0.0705335 -0.0666268 -0.995282 0.0735848 0.99665 -0.0461085 -0.0675439 0.0608975
1548881166155096576 396 -0.0443623 -0.99608 0.0765265 3.03696 -0.0696563 -0.0733314 -0.994872 0.0744847 0.996584 -0.0494654 -0.0661301 0.0601167
1548881166188434688 397 -0.0412807 -0.996053 0.078574 3.04543 -0.0683386 -0.0756422 -0.99479 0.0752823 0.996808 -0.0464353 -0.0649463 0.0603364
1548881166388460800 403 -0.0435805 -0.995588 0.0831005 3.09943 -0.066112 -0.0801232 -0.99459 0.0811555 0.99686 -0.0488386 -0.0623285 0.0616476
1548881166455135744 405 -0.0426091 -0.995663 0.0827016 3.12316 -0.0710146 -0.0795492 -0.994298 0.0833096 0.996565 -0.0482392 -0.0673171 0.0667023
1548881166755175680 414 -0.0404123 -0.996535 0.0726962 3.21411 -0.0667353 -0.0699012 -0.995319 0.0928738 0.996952 -0.0450746 -0.0636792 0.0680137
1548881166788513792 415 -0.0396789 -0.996515 0.0733786 3.22415 -0.0678399 -0.0705803 -0.995197 0.0944378 0.996907 -0.0444663 -0.0648029 0.0681656
1548881167088552704 424 -0.0403281 -0.997274 0.0617902 3.3171 -0.0642886 -0.0591226 -0.996178 0.101681 0.997116 -0.0441464 -0.0617291 0.0693811
1548881167188565760 427 -0.0419061 -0.997224 0.0615423 3.34582 -0.0616487 -0.0588982 -0.996359 0.104497 0.997218 -0.0455475 -0.0590093 0.0684638
1548881167455848704 435 -0.0349212 -0.998394 0.0446068 3.42921 -0.0556537 -0.042622 -0.99754 0.111617 0.997839 -0.0373178 -0.054076 0.0680066
1548881167622537728 440 -0.0261401 -0.998476 0.0486076 3.47634 -0.0595462 -0.0469826 -0.997119 0.114946 0.997883 -0.0289592 -0.0582273 0.0733199
1548881168189278720 457 -0.00591609 -0.999202 0.039502 3.63703 -0.0596584 -0.0390797 -0.997454 0.123456 0.998201 -0.00825765 -0.0593796 0.0780363
1548881168222616576 458 -0.0110073 -0.999417 0.0323045 3.64622 -0.0570314 -0.0316264 -0.997871 0.12339 0.998312 -0.0128263 -0.0566501 0.0762249
1548881168622668800 470 -0.0240913 -0.999371 0.0260221 3.7607 -0.0547845 -0.0246708 -0.998193 0.127929 0.998208 -0.0254734 -0.0541557 0.073103
1548881168722682624 473 -0.0275179 -0.999507 0.0151168 3.7922 -0.0511057 -0.013696 -0.998599 0.128647 0.998314 -0.0282519 -0.0507037 0.0713555
1548881169222747648 488 -0.0446051 -0.999 -0.00309679 3.9412 -0.0464371 0.00516991 -0.998908 0.134886 0.997925 -0.0444126 -0.0466212 0.0715837
1548881169589462784 499 -0.0512626 -0.998658 -0.00740826 4.04265 -0.0499968 0.00997498 -0.9987 0.140839 0.997433 -0.0508255 -0.050441 0.0802554
1548881170122866688 515 -0.0506402 -0.998606 -0.0148802 4.19461 -0.0501582 0.0174235 -0.998589 0.142399 0.997457 -0.0498224 -0.0509706 0.0879703
1548881170156204800 516 -0.0508555 -0.998556 -0.0173321 4.20305 -0.0496452 0.0198607 -0.998569 0.142014 0.997471 -0.0499223 -0.0505835 0.0884286
1548881170756283648 534 -0.0656596 -0.997577 0.023015 4.33716 -0.0416002 -0.020308 -0.998928 0.144749 0.996975 -0.0665467 -0.040166 0.0916572
1548881170922971648 539 -0.0616607 -0.997535 0.0334854 4.37431 -0.0579011 -0.0299177 -0.997874 0.149441 0.996416 -0.0634685 -0.0559136 0.105621
1548881171323024640 551 -0.0647086 -0.996896 0.0448531 4.47766 -0.0553477 -0.0412927 -0.997613 0.15309 0.996368 -0.0670366 -0.0525039 0.110189
1548881171489713664 556 -0.0738911 -0.996839 0.0291995 4.53263 -0.0682522 -0.024156 -0.997376 0.156017 0.994928 -0.0756901 -0.0662515 0.125209
1548881171956441600 570 -0.0707958 -0.995802 0.0580235 4.6396 -0.0555696 -0.0541418 -0.996986 0.158106 0.995942 -0.0738067 -0.0515033 0.1263
1548881172389831680 583 -0.0877792 -0.995356 0.0395005 4.76451 -0.0468125 -0.0354879 -0.998273 0.16582 0.995039 -0.0894768 -0.04348 0.134177
1548881172756546816 594 -0.0812268 -0.996463 0.0215442 4.87136 -0.0515676 -0.0173851 -0.998518 0.170123 0.995361 -0.0822174 -0.049973 0.15179
1548881173289369600 610 -0.0790179 -0.996873 -0.000425321 5.03739 -0.0583228 0.00504892 -0.998285 0.178058 0.995166 -0.0788576 -0.0585394 0.17051
1548881173689422592 622 -0.0792599 -0.99679 -0.0113184 5.16187 -0.0516725 0.0154471 -0.998545 0.181463 0.995514 -0.0785597 -0.052731 0.184297
1548881174322838784 641 -0.0904944 -0.995833 -0.0113044 5.34453 -0.0499462 0.0158749 -0.998626 0.180718 0.994644 -0.0898054 -0.0511747 0.199501
1548881174356176640 642 -0.0982686 -0.995086 -0.0121182 5.35196 -0.0511188 0.0172085 -0.998544 0.182257 0.993846 -0.097506 -0.0525586 0.20144
1548881174556202752 648 -0.0981863 -0.995039 -0.0160048 5.4095 -0.0409892 0.0201125 -0.998957 0.181724 0.994324 -0.0974279 -0.0427606 0.19964
1548881174656216576 651 -0.0995182 -0.994936 -0.0140958 5.43796 -0.038267 0.0179825 -0.999106 0.181622 0.9943 -0.0988898 -0.0398628 0.201604
1548881175255653632 669 -0.120094 -0.992761 -0.00166073 5.60562 -0.0393834 0.00643571 -0.999203 0.185194 0.991981 -0.119933 -0.0398712 0.22209
1548881175355666688 672 -0.127811 -0.991798 -0.000581444 5.638 -0.0400287 0.00574421 -0.999182 0.183581 0.99099 -0.127684 -0.0404346 0.222035
1548881175989083648 691 -0.134377 -0.990776 0.0174707 5.81369 -0.0361216 -0.0127214 -0.999266 0.189395 0.990272 -0.134909 -0.0340789 0.239585
1548881176022420736 692 -0.137945 -0.990245 0.0196631 5.82243 -0.0342827 -0.0150672 -0.999299 0.19013 0.989846 -0.138523 -0.0318698 0.24223
1548881176255784704 699 -0.139736 -0.989979 0.0203934 5.89259 -0.0321929 -0.0160424 -0.999353 0.190849 0.989665 -0.140302 -0.0296286 0.24852
1548881176289122816 700 -0.143616 -0.989442 0.0194533 5.90356 -0.0345482 -0.0146324 -0.999296 0.190813 0.98903 -0.144187 -0.0320819 0.248891
1548881176855863808 717 -0.14454 -0.989248 0.0222904 6.0736 -0.0263676 -0.0186683 -0.999478 0.196329 0.989148 -0.145053 -0.0233858 0.266989
1548881176889201664 718 -0.144283 -0.989251 0.0237579 6.08474 -0.0251577 -0.0203342 -0.999477 0.196935 0.989217 -0.144805 -0.0219535 0.267812
1548881177255916800 729 -0.14367 -0.989606 0.00629643 6.20951 -0.0214291 -0.00325 -0.999765 0.197264 0.989394 -0.143771 -0.0207394 0.279089
1548881177289254656 730 -0.143842 -0.989601 5.0952e-05 6.22468 -0.0209239 0.00298989 -0.999777 0.19685 0.989379 -0.143811 -0.0211364 0.280264
1548881177722644736 743 -0.13605 -0.99046 -0.0219106 6.36847 -0.0169039 0.0244338 -0.999559 0.201486 0.990558 -0.135619 -0.0200668 0.297392
1548881177755982592 744 -0.1372 -0.990309 -0.0215558 6.37897 -0.0154637 0.0239003 -0.999595 0.202615 0.990423 -0.136811 -0.018593 0.299367
1548881178222710784 758 -0.14171 -0.989453 -0.0300283 6.5334 -0.0146344 0.0324251 -0.999367 0.204382 0.9898 -0.141181 -0.019075 0.31949
1548881178289386752 760 -0.139557 -0.989715 -0.0314434 6.5508 -0.014971 0.0338594 -0.999314 0.204325 0.990101 -0.138991 -0.0195424 0.321993
1548881178888756736 778 -0.136809 -0.990246 -0.0263955 6.72838 -0.0172572 0.0290245 -0.99943 0.199964 0.990447 -0.136275 -0.0210597 0.344553
1548881178922093824 779 -0.133529 -0.990525 -0.0320854 6.74249 -0.0152721 0.0344281 -0.99929 0.201665 0.990927 -0.132944 -0.0197245 0.347097
1548881179088782592 784 -0.134457 -0.990543 -0.0273014 6.79568 -0.0141926 0.0294738 -0.999465 0.20116 0.990818 -0.133998 -0.0180213 0.349916
1548881179355484672 792 -0.128627 -0.99157 -0.015614 6.86871 -0.01353 0.017498 -0.999755 0.201455 0.991601 -0.128384 -0.0156666 0.353032
1548881179655523584 801 -0.129996 -0.991393 -0.0154989 6.96548 -0.0151817 0.0176199 -0.999729 0.201573 0.991398 -0.129726 -0.0173416 0.369623
1548881179955563776 810 -0.121153 -0.992598 -0.00848762 7.04913 0.00342355 0.00813272 -0.999961 0.200724 0.992628 -0.121177 0.0024129 0.365229
1548881180121469696 815 -0.12493 -0.992115 0.00998432 7.09379 -0.0102412 -0.00877316 -0.999909 0.199356 0.992113 -0.125021 -0.00906441 0.379199
1548881180354833664 822 -0.123431 -0.992338 0.00552459 7.16275 0.000213428 -0.00559371 -0.999984 0.202082 0.992353 -0.123428 0.000902229 0.379065
1548881180454846720 825 -0.12107 -0.992557 0.0131614 7.18939 -0.00918261 -0.0121385 -0.999884 0.201798 0.992601 -0.121177 -0.00764465 0.384418
1548881180888236800 838 -0.13365 -0.990875 0.0174332 7.32278 -0.00585916 -0.0168007 -0.999842 0.208096 0.991011 -0.133731 -0.00356028 0.397091
1548881181121600768 845 -0.13337 -0.99082 0.0220799 7.39157 -0.00621596 -0.0214422 -0.999751 0.208414 0.991047 -0.133474 -0.00329915 0.40561
1548881181854165760 867 -0.124745 -0.992139 0.00997355 7.62207 -0.00526225 -0.00939036 -0.999942 0.215027 0.992175 -0.12479 -0.00404948 0.432167
1548881181887503616 868 -0.127013 -0.991819 0.0127818 7.63361 -0.00754429 -0.0119199 -0.9999 0.215137 0.991872 -0.127097 -0.00596859 0.435256
1548881182054192640 873 -0.136539 -0.990631 -0.00266091 7.68649 -0.0227978 0.00582757 -0.999723 0.21666 0.990372 -0.136441 -0.0233799 0.449499
1548881185621328640 980 -0.108072 -0.994133 -0.00447495 7.82686 -0.017595 0.00641332 -0.999825 0.223772 0.993987 -0.107974 -0.0181849 0.461017
1548881186054719744 993 -0.0885965 -0.995822 0.0221402 7.90646 -0.0178356 -0.020638 -0.999628 0.222317 0.995908 -0.0889585 -0.0159327 0.466417
1548881186920544768 1019 -0.0938887 -0.995562 0.0063809 8.10526 -0.027371 -0.00382561 -0.999618 0.226635 0.995206 -0.0940275 -0.0268904 0.487767
1548881187087233792 1024 -0.100193 -0.994967 -0.00106974 8.14899 -0.037314 0.00483188 -0.999292 0.22784 0.994268 -0.100082 -0.0376103 0.495074
1548881187954014720 1050 -0.100554 -0.994931 -0.0014449 8.34395 -0.0400426 0.00549805 -0.999183 0.230274 0.994125 -0.100414 -0.0403925 0.514885
1548881188453025792 1065 -0.117042 -0.993094 -0.00804786 8.46353 -0.047957 0.0137457 -0.998755 0.233707 0.991968 -0.11651 -0.0492347 0.53222
1548881189353143808 1092 -0.127232 -0.991868 0.00301111 8.65461 -0.0532587 0.00380028 -0.998574 0.237762 0.990442 -0.127211 -0.0533091 0.55336
1548881189918719744 1109 -0.141028 -0.989954 0.010107 8.78127 -0.0621815 -0.00133151 -0.998064 0.243029 0.988051 -0.141383 -0.0613691 0.576634
1548881190652149760 1131 -0.160026 -0.987101 0.00487496 8.96479 -0.0511204 0.00335531 -0.998687 0.253621 0.985788 -0.160065 -0.0509979 0.597691
1548881191384292608 1153 -0.160255 -0.986941 0.0163113 9.13953 -0.0747912 -0.00433652 -0.99719 0.257597 0.984238 -0.161024 -0.0731195 0.640997
1548881191417629696 1154 -0.163539 -0.986324 0.0204917 9.14507 -0.068415 -0.00938259 -0.997613 0.257289 0.984162 -0.164551 -0.0659449 0.637223
1548881191784344576 1165 -0.154024 -0.987751 0.0249796 9.23131 -0.0700393 -0.0143032 -0.997442 0.260899 0.985582 -0.15538 -0.0669783 0.651151
1548881192484437760 1186 -0.154032 -0.987704 0.0267194 9.403 -0.0561791 -0.0182437 -0.998254 0.265316 0.986467 -0.155265 -0.0526782 0.667756
1548881192617787648 1190 -0.153844 -0.98779 0.0245589 9.43561 -0.0597184 -0.0155142 -0.998095 0.267299 0.986289 -0.155018 -0.0566025 0.677199
1548881193017840640 1202 -0.153207 -0.987423 0.0390381 9.52459 -0.0679831 -0.0288792 -0.997268 0.269408 0.985853 -0.155443 -0.0627036 0.696993
1548881193851283712 1227 -0.161461 -0.986094 0.0393546 9.726 -0.0624137 -0.0295948 -0.997611 0.279773 0.984903 -0.163532 -0.0567674 0.728301
1548881194184661760 1237 -0.161808 -0.986047 0.0391118 9.81106 -0.0695912 -0.0281336 -0.997179 0.283999 0.984365 -0.164074 -0.0640679 0.744223
1548881194351349760 1242 -0.160555 -0.986413 0.0348061 9.85243 -0.0722881 -0.0234175 -0.997109 0.286367 0.984376 -0.162607 -0.0675461 0.751367
1548881194551375616 1248 -0.159982 -0.986694 0.0289819 9.90397 -0.0748873 -0.0171438 -0.997045 0.290278 0.984275 -0.16168 -0.0711482 0.765052
1548881195184792576 1267 -0.160929 -0.986915 0.0100276 10.0717 -0.0870443 0.00407174 -0.996196 0.294764 0.98312 -0.16119 -0.0865606 0.798657
1548881195218130688 1268 -0.159973 -0.987034 0.0131407 10.0801 -0.0903317 0.0013816 -0.995911 0.295885 0.98298 -0.160506 -0.0893814 0.801463
1548881195584845824 1279 -0.159054 -0.987245 0.00696063 10.1742 -0.0958115 0.0084182 -0.995364 0.295561 0.98261 -0.158983 -0.0959284 0.820481
1548881195884884736 1288 -0.160585 -0.98702 0.00196622 10.2518 -0.0959756 0.0136323 -0.99529 0.29515 0.982345 -0.160018 -0.096919 0.835083
1548881196418288640 1304 -0.164154 -0.986335 -0.0140016 10.3983 -0.0952909 0.0299838 -0.994998 0.294773 0.981821 -0.161999 -0.0989108 0.856814
1548881196484964608 1306 -0.158479 -0.987162 -0.0199075 10.4156 -0.0968279 0.0356035 -0.994664 0.29459 0.982603 -0.155705 -0.101227 0.8582
1548881196718328832 1313 -0.161798 -0.986485 -0.0258781 10.4771 -0.0944381 0.0415819 -0.994662 0.293626 0.982295 -0.15849 -0.0998896 0.868099
1548881196951692800 1320 -0.161448 -0.986218 -0.036184 10.5409 -0.0933346 0.0517594 -0.994288 0.292439 0.982458 -0.157149 -0.100405 0.878173
1548881197485095680 1336 -0.172606 -0.984478 -0.0317791 10.6751 -0.104251 0.0503411 -0.993276 0.291396 0.979459 -0.168132 -0.111322 0.911127
1548881197585108736 1339 -0.174445 -0.984302 -0.0268117 10.7036 -0.105038 0.0456756 -0.993419 0.29043 0.979048 -0.170481 -0.111357 0.915978
1548881197918486784 1349 -0.18257 -0.982937 -0.0224424 10.7835 -0.104838 0.0421584 -0.993595 0.289873 0.977587 -0.179048 -0.110746 0.931216
1548881197951823616 1350 -0.181103 -0.983302 -0.0178651 10.7941 -0.104844 0.0373656 -0.993786 0.289715 0.97786 -0.178104 -0.10986 0.93105
1548881198018499584 1352 -0.184712 -0.982615 -0.0186764 10.8108 -0.107837 0.0391526 -0.993397 0.289556 0.976859 -0.181478 -0.113195 0.936467
1548881198185188608 1357 -0.184491 -0.982754 -0.0125232 10.853 -0.114641 0.0341729 -0.992819 0.290763 0.976125 -0.181731 -0.118969 0.949849
1548881198453176832 1365 -0.188039 -0.982161 -0.00114292 10.9162 -0.119995 0.0241286 -0.992481 0.291265 0.974804 -0.186488 -0.122392 0.963794
1548881198686540800 1372 -0.193484 -0.981054 0.00980616 10.9738 -0.112765 0.0123086 -0.993545 0.292671 0.974601 -0.193341 -0.113011 0.969957
1548881199219944704 1388 -0.198193 -0.979992 0.0183211 11.1091 -0.114482 0.00458062 -0.993415 0.288557 0.973454 -0.198985 -0.113099 0.99861
1548881199521150720 1397 -0.201299 -0.97937 0.0177171 11.1898 -0.109342 0.00449249 -0.993994 0.290204 0.973408 -0.202027 -0.107991 1.01219
1548881199887864832 1408 -0.204969 -0.978618 0.0171731 11.2822 -0.106755 0.00491171 -0.994273 0.294489 0.972929 -0.205628 -0.105479 1.03064
1548881200021215744 1412 -0.206995 -0.977946 0.0278457 11.3111 -0.110256 -0.0049625 -0.993891 0.29634 0.972109 -0.2088 -0.106798 1.03953
1548881200387930624 1423 -0.212766 -0.976426 0.0363775 11.3982 -0.117061 -0.0114891 -0.993058 0.299619 0.970066 -0.215548 -0.111857 1.06499
1548881200722363648 1433 -0.214871 -0.975923 0.037493 11.4873 -0.112438 -0.0134152 -0.993568 0.302465 0.970149 -0.217705 -0.106848 1.08455
1548881200989064704 1441 -0.21412 -0.975899 0.0421027 11.5521 -0.11154 -0.0183932 -0.99359 0.302404 0.970418 -0.217444 -0.104913 1.09761
1548881201455793664 1455 -0.219379 -0.974835 0.0396111 11.6777 -0.103212 -0.0171835 -0.994511 0.30653 0.970165 -0.222264 -0.0968449 1.1194
1548881201689157632 1462 -0.219057 -0.975006 0.0371168 11.7407 -0.103683 -0.0145645 -0.994504 0.308901 0.970188 -0.221701 -0.0979007 1.13431
1548881202189223680 1477 -0.220001 -0.975029 0.0302936 11.8755 -0.11903 -0.00399094 -0.992883 0.316506 0.96821 -0.222041 -0.115179 1.17454
1548881202255898624 1479 -0.220961 -0.974863 0.0286126 11.8964 -0.118359 -0.00231682 -0.992968 0.31598 0.968074 -0.222793 -0.114872 1.17932
1548881202455924736 1485 -0.220929 -0.97487 0.0286284 11.9471 -0.118061 -0.00240555 -0.993003 0.316317 0.968118 -0.222763 -0.114562 1.18966
1548881202522600704 1487 -0.223527 -0.974377 0.025011 11.9687 -0.114271 0.00071384 -0.993449 0.316385 0.967976 -0.22492 -0.111503 1.19248
1548881202789302784 1495 -0.216897 -0.976033 0.0177709 12.0455 -0.108423 0.00599448 -0.994087 0.315383 0.970155 -0.217541 -0.107125 1.20616
1548881202855977728 1497 -0.20895 -0.977769 0.0175199 12.0669 -0.111842 0.00609522 -0.993707 0.315421 0.97151 -0.209594 -0.11063 1.21378
1548881202989328640 1501 -0.181415 -0.983355 0.0100712 12.102 -0.107847 0.00971474 -0.99412 0.315173 0.977475 -0.181435 -0.107814 1.22324
1548881203022666752 1502 -0.172902 -0.984904 0.00826864 12.1123 -0.107908 0.0105976 -0.994104 0.315181 0.97901 -0.172775 -0.108112 1.22575
1548881203322705664 1511 -0.114852 -0.993294 -0.0132574 12.2015 -0.107694 0.0257172 -0.993851 0.315806 0.987528 -0.112718 -0.109925 1.2475
1548881203822771712 1526 -0.0984956 -0.994273 -0.0414781 12.3597 -0.116143 0.0528815 -0.991824 0.314015 0.988337 -0.0928729 -0.120687 1.27203
1548881204089473792 1534 -0.094917 -0.99402 -0.0539926 12.4486 -0.107941 0.0641945 -0.992083 0.313717 0.989616 -0.0883375 -0.113389 1.27681
1548881204622876672 1550 -0.0901491 -0.993935 -0.06298 12.6095 -0.107348 0.0725665 -0.99157 0.307605 0.990126 -0.0826283 -0.113239 1.29177
1548881204856241664 1557 -0.0892082 -0.99431 -0.0582143 12.679 -0.108984 0.0678408 -0.991726 0.30643 0.990033 -0.0821257 -0.114415 1.29637
1548881205456320768 1575 -0.0993327 -0.993998 -0.0458281 12.8491 -0.0988375 0.0556842 -0.993544 0.300024 0.990133 -0.094162 -0.103776 1.31328
1548881205489657600 1576 -0.100932 -0.993675 -0.0492274 12.8617 -0.0942696 0.0588094 -0.993808 0.300126 0.990417 -0.0956667 -0.0996091 1.31327
1548881205723021824 1583 -0.106618 -0.993494 -0.0400398 12.9253 -0.0896295 0.0497085 -0.994734 0.297159 0.990252 -0.102468 -0.0943462 1.31672
1548881205823035648 1586 -0.106473 -0.993633 -0.0368316 12.9533 -0.0897006 0.0464898 -0.994883 0.296783 0.990261 -0.102624 -0.0940794 1.31735
1548881206356438784 1602 -0.118776 -0.992048 -0.0416322 13.1141 -0.0812925 0.0515041 -0.995359 0.293194 0.989588 -0.11484 -0.0867635 1.33334
1548881206523127808 1607 -0.123387 -0.991554 -0.03996 13.1622 -0.0803051 0.0501125 -0.99551 0.290057 0.989104 -0.119624 -0.0858101 1.33626
1548881206756491776 1614 -0.127378 -0.991213 -0.0356508 13.2337 -0.0788 0.0459432 -0.995831 0.289578 0.988719 -0.124038 -0.0839598 1.34345
1548881206856504832 1617 -0.128294 -0.991206 -0.0324298 13.2624 -0.0774774 0.0426174 -0.996083 0.289947 0.988705 -0.125279 -0.0822637 1.34569
1548881206989855744 1621 -0.135117 -0.98991 -0.0426744 13.3078 -0.0678425 0.0522112 -0.996329 0.291169 0.988504 -0.131726 -0.0742126 1.34415
1548881207423245824 1634 -0.143624 -0.989179 -0.0299514 13.4312 -0.0675707 0.0399965 -0.996912 0.290518 0.987323 -0.141157 -0.072584 1.35983
1548881207623272704 1640 -0.150859 -0.988178 -0.0273216 13.4915 -0.066853 0.0377728 -0.997048 0.288237 0.986292 -0.148587 -0.071761 1.37125
1548881208123338752 1655 -0.147187 -0.988859 -0.0222103 13.6403 -0.0666292 0.0323163 -0.997254 0.280333 0.986862 -0.145303 -0.0706435 1.39226
1548881208156675584 1656 -0.14671 -0.988945 -0.021544 13.6486 -0.0687213 0.031917 -0.997125 0.279154 0.98679 -0.144808 -0.0726441 1.39244
1548881208356702720 1662 -0.113693 -0.993312 -0.0201484 13.7098 -0.0626864 0.0274115 -0.997657 0.279768 0.991536 -0.112164 -0.0653837 1.4026
1548881208523390720 1667 -0.0793407 -0.996601 -0.0221728 13.7583 -0.057423 0.0267752 -0.997991 0.280951 0.995192 -0.077908 -0.0593522 1.411
1548881208556728832 1668 -0.073769 -0.997098 -0.0187977 13.7637 -0.0601855 0.0232659 -0.997916 0.279198 0.995458 -0.0724839 -0.0617272 1.41462
1548881208691034624 1672 -0.0675136 -0.997485 -0.0215628 13.8041 -0.070724 0.0263424 -0.997148 0.279544 0.995209 -0.0657961 -0.0723247 1.42471
1548881209057749760 1683 -0.0634155 -0.997567 -0.0289553 13.9156 -0.0824304 0.0341503 -0.996012 0.281508 0.994577 -0.0607758 -0.0843955 1.44273
1548881209091087616 1684 -0.058364 -0.99798 -0.0250814 13.9263 -0.0817623 0.0298184 -0.996206 0.282628 0.994941 -0.0560919 -0.0833375 1.44268
1548881209357788672 1692 -0.0519724 -0.998418 -0.021465 13.999 -0.0786482 0.0255194 -0.996576 0.284138 0.995547 -0.0501062 -0.0798501 1.44521
1548881209791179776 1705 -0.0477572 -0.99868 -0.0189158 14.1274 -0.0792507 0.0226661 -0.996597 0.28544 0.99571 -0.0460956 -0.0802286 1.45318
1548881210157894656 1716 -0.0378146 -0.99928 -0.00296212 14.2288 -0.0799086 0.00597861 -0.996784 0.285007 0.996085 -0.0374563 -0.0800772 1.45979
1548881210657960704 1731 -0.0497163 -0.998719 0.00939768 14.3873 -0.079268 -0.00543402 -0.996839 0.291032 0.995613 -0.0503041 -0.0788963 1.46749
1548881210691297792 1732 -0.0507825 -0.998585 0.0158007 14.3962 -0.080374 -0.0116834 -0.996696 0.289844 0.99547 -0.0518847 -0.079667 1.46862
1548881210991337728 1741 -0.0660986 -0.997536 0.0235344 14.4881 -0.0825331 -0.0180394 -0.996425 0.291145 0.994394 -0.0678046 -0.0811374 1.47693
1548881211024675584 1742 -0.0673461 -0.997457 0.0233429 14.4987 -0.0827027 -0.0177346 -0.996416 0.291951 0.994296 -0.0690353 -0.0812979 1.47739
1548881211258039808 1749 -0.0818236 -0.996318 0.0255906 14.5716 -0.0839886 -0.0186923 -0.996291 0.296292 0.993102 -0.0836695 -0.0821499 1.48093
1548881211524741632 1757 -0.0958865 -0.994918 0.0307262 14.6537 -0.0770544 -0.0233567 -0.996753 0.300394 0.992405 -0.0979428 -0.0744232 1.48287
1548881211924793600 1769 -0.0980962 -0.994884 0.0241428 14.7842 -0.0672417 -0.0175782 -0.997582 0.306165 0.992903 -0.0994824 -0.0651733 1.49038
1548881212091482624 1774 -0.10179 -0.994624 0.0190198 14.8361 -0.0624658 -0.012691 -0.997966 0.309656 0.992843 -0.102771 -0.0608381 1.49454
1548881212558210816 1788 -0.102418 -0.994714 0.00735991 14.99 -0.0549212 -0.00173306 -0.998489 0.317847 0.993224 -0.102667 -0.0544534 1.50705
1548881212691561728 1792 -0.103085 -0.99459 -0.0128212 15.0417 -0.0381803 0.016837 -0.999129 0.322052 0.993939 -0.102506 -0.0397094 1.50132
1548881213158289664 1806 -0.101838 -0.994556 -0.0220637 15.1987 -0.0299249 0.0252316 -0.999234 0.3264 0.994351 -0.1011 -0.0323315 1.51284
1548881213224964608 1808 -0.102594 -0.994513 -0.0204344 15.2195 -0.0284877 0.0234719 -0.999319 0.326293 0.994315 -0.101942 -0.0307395 1.51303
1548881213724075776 1823 -0.104003 -0.994574 -0.0023323 15.3687 -0.0429342 0.00683248 -0.999055 0.322195 0.99365 -0.103805 -0.0434119 1.54064
1548881213757413632 1824 -0.108126 -0.994137 -0.000527962 15.3817 -0.0465171 0.00558988 -0.998902 0.320332 0.993048 -0.107983 -0.0468488 1.54466
1548881213957439744 1830 -0.112825 -0.993603 -0.00486402 15.4491 -0.0412703 0.00957725 -0.999102 0.321264 0.992757 -0.112523 -0.0420869 1.54651
1548881214090790656 1834 -0.115453 -0.99323 -0.0128103 15.4975 -0.0382362 0.0173308 -0.999118 0.320938 0.992577 -0.114861 -0.0399783 1.55142
1548881214657532672 1851 -0.115464 -0.992982 -0.0255766 15.6913 -0.0317008 0.0294194 -0.999064 0.325131 0.992806 -0.114545 -0.0348753 1.56857
1548881214690869760 1852 -0.115153 -0.993027 -0.0252597 15.7005 -0.0336007 0.0293082 -0.999006 0.323325 0.992779 -0.11419 -0.0367413 1.57035
1548881214990909696 1861 -0.111379 -0.993486 -0.0241074 15.7992 -0.0312882 0.0277519 -0.999125 0.325065 0.993285 -0.110527 -0.0341753 1.57848
1548881215657663744 1881 -0.123222 -0.992301 -0.0124684 16.01 -0.0448191 0.018116 -0.998831 0.321818 0.991367 -0.122519 -0.0467063 1.61452
1548881215691001600 1882 -0.121393 -0.992549 -0.0104559 16.0216 -0.0422273 0.0156883 -0.998985 0.322765 0.991706 -0.120828 -0.0438171 1.61212
1548881216023323648 1892 -0.135165 -0.990819 -0.00282757 16.1225 -0.050796 0.00977939 -0.998661 0.323051 0.98952 -0.13484 -0.0516515 1.62886
1548881216256687616 1899 -0.140457 -0.990005 -0.0126903 16.2061 -0.0502568 0.0199298 -0.998537 0.321716 0.98881 -0.139614 -0.0525538 1.63874
1548881216623402752 1910 -0.148722 -0.988783 -0.0138 16.3272 -0.0525557 0.0218388 -0.998379 0.322585 0.987482 -0.147755 -0.0552141 1.65743
1548881217090131712 1924 -0.155686 -0.987286 -0.0320754 16.492 -0.0726495 0.0438275 -0.996394 0.321514 0.985131 -0.152795 -0.0785492 1.69599
1548881217490183680 1936 -0.171438 -0.984625 -0.0335169 16.6216 -0.0695173 0.0460258 -0.996518 0.31696 0.982739 -0.168512 -0.076339 1.71667
1548881217923574784 1949 -0.192046 -0.98043 -0.0433044 16.7711 -0.0715299 0.0579923 -0.995751 0.314595 0.978776 -0.188132 -0.0812673 1.74303
1548881218456977664 1965 -0.200417 -0.979265 -0.0295583 16.9394 -0.0762046 0.0456608 -0.996046 0.312913 0.976743 -0.197372 -0.0837757 1.78116
1548881218890368768 1978 -0.20045 -0.97951 -0.0194726 17.0792 -0.0732986 0.0348144 -0.996702 0.312914 0.976958 -0.198362 -0.0787754 1.80796
1548881219390434816 1993 -0.183854 -0.98276 -0.0195138 17.2388 -0.0647008 0.0319085 -0.997394 0.309863 0.980822 -0.182112 -0.0694519 1.83752
1548881219590460672 1999 -0.159452 -0.986906 -0.0243056 17.3121 -0.057302 0.0338316 -0.997783 0.308832 0.985541 -0.157706 -0.0619463 1.85127
1548881219623798784 2000 -0.154738 -0.987707 -0.0221438 17.3197 -0.0573317 0.0313533 -0.997863 0.309389 0.986291 -0.153138 -0.0614785 1.85231
1548881219657135616 2001 -0.149264 -0.988587 -0.0204072 17.3314 -0.0574805 0.0292787 -0.997917 0.309044 0.987125 -0.14778 -0.0611947 1.85443
1548881220123864576 2015 -0.121805 -0.992509 -0.0094179 17.4816 -0.0526103 0.0159312 -0.998488 0.309233 0.991159 -0.121126 -0.0541567 1.87553
1548881220157201664 2016 -0.122612 -0.992412 -0.0092101 17.4948 -0.0531904 0.0158379 -0.998459 0.309183 0.991028 -0.121933 -0.0547287 1.87848
1548881220624984576 2030 -0.123492 -0.992344 -0.00202801 17.6464 -0.0536968 0.00872292 -0.998519 0.309715 0.990892 -0.1232 -0.0543629 1.89936
1548881220691660800 2032 -0.125577 -0.992084 -0.000134831 17.6684 -0.0525874 0.00679215 -0.998593 0.309875 0.990689 -0.125393 -0.053024 1.90104
1548881221191726592 2047 -0.122715 -0.992371 -0.0118787 17.8461 -0.0693217 0.0205109 -0.997383 0.312229 0.990018 -0.121571 -0.0713099 1.93566
1548881221225063680 2048 -0.124034 -0.992161 -0.0152643 17.8599 -0.0642423 0.0233801 -0.99766 0.31144 0.990196 -0.122763 -0.0666386 1.93422
1548881221558441728 2058 -0.116095 -0.993148 -0.0133802 17.9706 -0.077244 0.0224584 -0.996759 0.313678 0.99023 -0.114685 -0.0793221 1.95873
1548881222091844608 2074 -0.113633 -0.993518 0.00318802 18.143 -0.0726269 0.00510635 -0.997346 0.320314 0.990865 -0.113563 -0.0727363 1.97342
1548881222658586624 2091 -0.106588 -0.993919 0.0276536 18.3184 -0.0673607 -0.0205299 -0.997517 0.321156 0.992019 -0.108186 -0.0647628 1.98886
1548881222958625792 2100 -0.099263 -0.994718 0.0261178 18.4179 -0.0735149 -0.0188448 -0.997116 0.327881 0.992342 -0.100897 -0.071256 2.00581
1548881223358678784 2112 -0.0973981 -0.995222 0.00678384 18.5665 -0.0504807 -0.00186738 -0.998723 0.336021 0.993964 -0.0976162 -0.0500576 2.00876
1548881223758731776 2124 -0.0976311 -0.995193 0.00766357 18.7043 -0.0466378 -0.00311687 -0.998907 0.340792 0.994129 -0.0978819 -0.0461094 2.01293
1548881223792068608 2125 -0.0996971 -0.994942 0.0122515 18.7137 -0.047997 -0.00748971 -0.998819 0.339902 0.99386 -0.100167 -0.0470075 2.01553
1548881224058770688 2133 -0.100614 -0.994908 0.00596804 18.8075 -0.0480578 -0.0011316 -0.998844 0.34442 0.993764 -0.100785 -0.0476993 2.0263
1548881224092108800 2134 -0.0984579 -0.995141 0.000998548 18.8177 -0.0455499 0.00350427 -0.998956 0.344311 0.994098 -0.0984006 -0.0456735 2.02499
1548881224225459712 2138 -0.098902 -0.995064 0.00808168 18.8606 -0.0518823 -0.00295408 -0.998649 0.345139 0.993744 -0.0991877 -0.051334 2.03201
1548881224558836736 2148 -0.104295 -0.99454 0.00350216 18.9734 -0.0516046 0.00189497 -0.998666 0.350119 0.993207 -0.104337 -0.0515205 2.04337
1548881225025564672 2162 -0.113224 -0.99356 -0.00428384 19.1377 -0.0564663 0.0107393 -0.998347 0.355285 0.991964 -0.112795 -0.0573186 2.06551
1548881225125577728 2165 -0.11452 -0.993393 -0.00750988 19.1711 -0.0500782 0.0133228 -0.998656 0.355583 0.992158 -0.11399 -0.051273 2.07094
1548881225425617664 2174 -0.112434 -0.993491 -0.0182711 19.2753 -0.0702263 0.0262866 -0.997185 0.359736 0.991174 -0.110835 -0.0727247 2.09874
1548881225725656576 2183 -0.113696 -0.992914 -0.0345638 19.3873 -0.0755854 0.0433332 -0.996197 0.363853 0.990636 -0.110651 -0.0799766 2.11216
1548881226025696768 2192 -0.115625 -0.99262 -0.0365685 19.4862 -0.0746475 0.0453948 -0.996176 0.360906 0.990484 -0.112453 -0.0793454 2.12137
1548881226325735680 2201 -0.106206 -0.993858 -0.0310986 19.5879 -0.0756887 0.0392651 -0.996358 0.359172 0.991459 -0.103465 -0.079394 2.13138
1548881226625775616 2210 -0.109492 -0.99297 -0.0449635 19.6979 -0.0814703 0.0540484 -0.995209 0.357597 0.990643 -0.105305 -0.0868154 2.14654
1548881226892477696 2218 -0.101964 -0.994154 -0.0355013 19.7815 -0.0848483 0.0442486 -0.995411 0.355501 0.991163 -0.0984839 -0.0888641 2.15782
1548881227359205632 2232 -0.105862 -0.993471 -0.0425228 19.9433 -0.101334 0.0533187 -0.993423 0.356638 0.989204 -0.100857 -0.106317 2.18387
1548881227392543744 2233 -0.0990528 -0.994278 -0.0399968 19.9537 -0.102389 0.0501649 -0.993479 0.357346 0.989801 -0.0943116 -0.106772 2.18873
1548881227459218688 2235 -0.106382 -0.993689 -0.0355528 19.9762 -0.0964565 0.0459003 -0.994278 0.35667 0.989636 -0.102344 -0.100731 2.18536
1548881227692582656 2242 -0.101263 -0.99413 -0.0380869 20.0553 -0.101894 0.0484462 -0.993615 0.357026 0.989628 -0.0967354 -0.106202 2.19557
1548881227725920768 2243 -0.105086 -0.993622 -0.0408988 20.066 -0.103827 0.051864 -0.993242 0.356281 0.989028 -0.10013 -0.108615 2.19663
1548881227959284736 2250 -0.0978231 -0.994793 -0.0285799 20.1366 -0.107629 0.0391242 -0.993421 0.353412 0.989367 -0.0941035 -0.110896 2.21056
1548881228059297792 2253 -0.103351 -0.994155 -0.0312107 20.1732 -0.108645 0.0424744 -0.993173 0.355675 0.988694 -0.0992547 -0.112399 2.2108
1548881228526025728 2267 -0.101835 -0.99453 -0.023219 20.3247 -0.102126 0.0336685 -0.994202 0.348042 0.989545 -0.0988731 -0.104996 2.22186
1548881228626038784 2270 -0.0988299 -0.994868 -0.0216822 20.3585 -0.100198 0.0316271 -0.994465 0.34747 0.990047 -0.0961104 -0.10281 2.22322
1548881228958361600 2280 -0.0954015 -0.995027 -0.0286236 20.4772 -0.105247 0.0386761 -0.993694 0.343708 0.989859 -0.0917873 -0.108413 2.23583
1548881229091712768 2284 -0.0945685 -0.995076 -0.0296629 20.5225 -0.10792 0.0398681 -0.99336 0.34421 0.989652 -0.0907394 -0.111159 2.2416
1548881229558440704 2298 -0.0999891 -0.994461 -0.0324017 20.676 -0.113257 0.0437287 -0.992603 0.34128 0.988522 -0.0955798 -0.117002 2.25957
1548881230058506752 2313 -0.111205 -0.993268 -0.0324445 20.8447 -0.0993963 0.0435997 -0.994092 0.340233 0.988814 -0.107323 -0.103576 2.26373
1548881230625247744 2330 -0.111642 -0.993743 -0.00340736 21.0128 -0.0941056 0.0139856 -0.995464 0.338813 0.989283 -0.110815 -0.0950781 2.2774
1548881231125313792 2345 -0.116939 -0.993055 -0.012902 21.1813 -0.0809693 0.022481 -0.996463 0.34067 0.989833 -0.115481 -0.083036 2.28967
1548881231525366784 2357 -0.125715 -0.991613 -0.0299907 21.3294 -0.0599307 0.0377663 -0.997488 0.341734 0.990255 -0.123602 -0.0641758 2.29025
1548881231558703616 2358 -0.131181 -0.990767 -0.0342257 21.341 -0.0562022 0.041901 -0.99754 0.341766 0.989764 -0.128935 -0.0611799 2.289
1548881231625379584 2360 -0.128662 -0.991076 -0.0348521 21.364 -0.0576626 0.0425612 -0.997428 0.340088 0.990011 -0.126321 -0.062624 2.29224
1548881232158782720 2376 -0.137562 -0.989822 -0.0364639 21.5448 -0.050281 0.0437448 -0.997777 0.340444 0.989216 -0.135423 -0.0557869 2.31224
1548881232192120832 2377 -0.13847 -0.989514 -0.0410844 21.5581 -0.0502249 0.0484469 -0.997562 0.339831 0.989092 -0.136069 -0.0564067 2.31416
1548881232492160768 2386 -0.143089 -0.988487 -0.0491887 21.6631 -0.036473 0.054933 -0.997824 0.341414 0.989037 -0.140984 -0.0439134 2.31999
1548881232558835712 2388 -0.14533 -0.988172 -0.0489406 21.6865 -0.0373904 0.054916 -0.997791 0.34005 0.988676 -0.143179 -0.0449291 2.32442
1548881232826592768 2396 -0.149391 -0.98863 -0.0171222 21.7548 -0.0521756 0.0251742 -0.998321 0.336684 0.987401 -0.148247 -0.0553432 2.34305
1548881232859930624 2397 -0.150269 -0.988473 -0.0184458 21.767 -0.0486941 0.026035 -0.998474 0.335851 0.987445 -0.149141 -0.052045 2.3433
1548881233293320704 2410 -0.160895 -0.986749 -0.0209521 21.9096 -0.0429284 0.0282051 -0.99868 0.334621 0.986038 -0.159783 -0.0468976 2.36236
1548881233326658816 2411 -0.158814 -0.987083 -0.0211028 21.92 -0.0471196 0.0289275 -0.99847 0.334251 0.986184 -0.157576 -0.051105 2.36481
1548881233726710784 2423 -0.168567 -0.985266 -0.0289213 22.059 -0.046294 0.0372223 -0.998234 0.335121 0.984602 -0.166931 -0.0518863 2.38615
1548881233893399808 2428 -0.169407 -0.985108 -0.0293838 22.1179 -0.0438899 0.0373261 -0.998339 0.334637 0.984568 -0.167836 -0.0495596 2.39456
1548881234493478656 2446 -0.181703 -0.98322 -0.0161766 22.3109 -0.0474033 0.0251893 -0.998558 0.333887 0.98221 -0.180674 -0.0511848 2.42873
1548881234593491712 2449 -0.182191 -0.983193 -0.0117708 22.3398 -0.0419893 0.01974 -0.998923 0.332875 0.982366 -0.181501 -0.0448801 2.43016
1548881235126895616 2465 -0.172656 -0.984978 -0.00302008 22.5072 -0.0420215 0.0104292 -0.999062 0.332586 0.984085 -0.172367 -0.0431909 2.46238
1548881235260246784 2469 -0.141856 -0.989883 -0.00285253 22.5472 -0.0423407 0.00894664 -0.999063 0.329566 0.988981 -0.141602 -0.0431815 2.46805
1548881235592568832 2479 -0.0879382 -0.996104 -0.00658796 22.6631 -0.0463698 0.0106999 -0.998867 0.331584 0.995046 -0.0875331 -0.0471301 2.48979
1548881235792594688 2485 -0.0874114 -0.996111 -0.0110701 22.7363 -0.0466678 0.0151952 -0.998795 0.331226 0.995079 -0.0867894 -0.0478145 2.49715
1548881236259322624 2499 -0.0810075 -0.996611 -0.0143057 22.893 -0.0399006 0.0175839 -0.999049 0.329995 0.995915 -0.0803596 -0.0411898 2.50249
1548881236292660736 2500 -0.0837336 -0.996371 -0.0152813 22.8999 -0.0394089 0.0186342 -0.999049 0.33073 0.995709 -0.0830518 -0.0408262 2.50289
1548881236592700672 2509 -0.0842496 -0.99637 -0.0121758 22.996 -0.0395995 0.0155575 -0.999095 0.331036 0.995658 -0.0836912 -0.0407665 2.51059
1548881236792726784 2515 -0.0851776 -0.996297 -0.011728 23.0627 -0.0407595 0.0152451 -0.999053 0.332759 0.995532 -0.0846189 -0.0419071 2.51718
1548881237426143744 2534 -0.0862744 -0.996138 -0.0163324 23.2763 -0.0467412 0.0204226 -0.998698 0.330308 0.995174 -0.0853987 -0.0483226 2.5331
1548881237459481600 2535 -0.0863013 -0.99612 -0.01723 23.2911 -0.0451687 0.0211889 -0.998755 0.330521 0.995245 -0.0854155 -0.0468221 2.53394
1548881237826196736 2546 -0.0892051 -0.995899 -0.0150657 23.4117 -0.0423708 0.0189067 -0.998923 0.334172 0.995112 -0.0884707 -0.0438836 2.53925
1548881237892871680 2548 -0.0917101 -0.995649 -0.016482 23.4335 -0.0458734 0.0207584 -0.998732 0.334078 0.994729 -0.0908377 -0.0475776 2.54311
1548881238426275584 2564 -0.092244 -0.995724 -0.00502614 23.6012 -0.0491871 0.00959808 -0.998743 0.334862 0.994521 -0.0918809 -0.0498621 2.56132
