1548881155585686784 79 0.0134929 -0.999903 0.00340661 0.173525 0.00244987 -0.00337385 -0.999991 0.00657706 0.999906 0.0135011 0.00240411 -0.00355087
1548881156119090688 95 0.0420701 -0.999089 0.00720429 0.317323 0.00380795 -0.00705028 -0.999968 0.012046 0.999107 0.0420961 0.00350787 -0.00391243
1548881156952533760 120 -0.0190999 -0.999782 0.00841818 0.539402 0.000833546 -0.00843563 -0.999964 0.0227579 0.999817 -0.0190922 0.000994484 -0.0215936
1548881157185897728 127 -0.0464028 -0.9988 0.0156322 0.601378 0.00718361 -0.0159823 -0.999846 0.0234237 0.998897 -0.0462833 0.00791662 -0.0316927
1548881157552612608 138 -0.0815136 -0.996672 0.00119369 0.73582 -0.00512347 -0.000778629 -0.999987 0.024792 0.996659 -0.0815186 -0.00504295 -0.0170002
1548881157585949696 139 -0.0766929 -0.997005 -0.00992452 0.750338 -0.0121898 0.0108907 -0.999866 0.0260281 0.99698 -0.0765617 -0.0129885 -0.010547
1548881157685963776 142 -0.0974346 -0.994549 -0.0371214 0.803432 -0.0399143 0.0411738 -0.998354 0.0284928 0.994441 -0.0957926 -0.0437085 0.0115034
1548881157986711808 151 -0.128648 -0.990347 -0.0515909 0.913174 -0.025946 0.0553667 -0.998129 0.0235545 0.991351 -0.127068 -0.0328183 0.018124
1548881158153400832 156 -0.137275 -0.985893 -0.0957673 0.999629 -0.0380936 0.101866 -0.994069 0.0179801 0.9898 -0.132813 -0.0515398 0.03717
1548881158487419648 166 -0.141683 -0.980693 -0.134787 1.11898 -0.0503836 0.143128 -0.988421 0.0146983 0.988629 -0.133252 -0.0696896 0.0613233
1548881158820796672 176 -0.104719 -0.981435 -0.160682 1.21912 -0.0600304 0.167514 -0.98404 0.0132382 0.992688 -0.0934019 -0.0764578 0.0791905
1548881159154174720 186 -0.0547918 -0.991085 -0.121445 1.28437 -0.0667867 0.124993 -0.989907 -0.000836535 0.996262 -0.0461278 -0.0730398 0.088444
1548881159719564800 203 0.00189155 -0.997107 -0.0759825 1.39498 -0.0699422 0.0756646 -0.994677 -0.00775111 0.997549 0.00719586 -0.0695968 0.101017
1548881160219630592 218 0.00650268 -0.999614 -0.0270245 1.49868 -0.0715668 0.0264905 -0.997084 -0.0107573 0.997415 0.00841777 -0.0713669 0.0992321
1548881160786371584 235 0.0282479 -0.999362 0.0218525 1.62215 -0.0892093 -0.0242944 -0.995717 -0.0139394 0.995612 0.0261775 -0.0898386 0.113072
1548881161853178624 267 0.0294514 -0.998346 0.0493686 1.88983 -0.0891705 -0.0518172 -0.994668 0.00284068 0.995581 0.0248922 -0.0905491 0.105526
1548881161886516736 268 0.0297391 -0.998315 0.0498249 1.8973 -0.0859612 -0.0522166 -0.994929 0.00452207 0.995855 0.0253053 -0.0873692 0.103976
1548881162553270784 288 0.0368541 -0.998234 0.0465932 2.07955 -0.0822139 -0.0494955 -0.995385 0.015096 0.995933 0.0328534 -0.0838928 0.0971806
1548881162653284608 291 0.0358338 -0.998231 0.0474397 2.10541 -0.0833816 -0.0502911 -0.995248 0.0178513 0.995873 0.0317079 -0.0850362 0.0973474
1548881163420051712 314 0.0281577 -0.999115 0.031245 2.32534 -0.0752494 -0.0332874 -0.996609 0.0373338 0.996767 0.0257111 -0.0761201 0.0857922
1548881163520065792 317 0.0253712 -0.998571 0.0470402 2.3425 -0.0948387 -0.0492474 -0.994274 0.0384909 0.995169 0.0207647 -0.0959526 0.0944797
1548881164120144640 335 0.0160991 -0.999235 0.0356397 2.51082 -0.0817471 -0.0368404 -0.995972 0.0438681 0.996523 0.0131208 -0.0822777 0.086654
1548881164286832640 340 0.0126723 -0.999181 0.0384328 2.55315 -0.0790557 -0.0393167 -0.996095 0.0460873 0.99679 0.00958449 -0.0794892 0.0828891
1548881165020971776 362 -0.012452 -0.999029 0.0422551 2.7501 -0.0752568 -0.0412022 -0.996313 0.0583314 0.997086 -0.0155861 -0.0746707 0.0809488
1548881165054309632 363 -0.0109256 -0.998844 0.0468191 2.7564 -0.0773351 -0.0458376 -0.995951 0.0577194 0.996945 -0.0145022 -0.0767448 0.0809244
1548881165521679616 377 -0.0415723 -0.99779 0.051839 2.87808 -0.0786622 -0.0484542 -0.995723 0.0664942 0.996034 -0.0454722 -0.076474 0.0808228
1548881165788381696 385 -0.0430616 -0.997149 0.0619568 2.94577 -0.0809036 -0.0583303 -0.995014 0.0705015 0.995791 -0.0478594 -0.0781611 0.0849196
1548881166288447744 400 -0.0493958 -0.995578 0.0799062 3.07143 -0.0719254 -0.0762504 -0.994491 0.0791105 0.996186 -0.054871 -0.0678408 0.0850778
1548881166488473600 406 -0.0467921 -0.995951 0.0767551 3.1241 -0.0752951 -0.073104 -0.994478 0.0825154 0.996063 -0.052313 -0.0715696 0.09123
1548881166888526592 418 -0.0442738 -0.996433 0.0718353 3.23785 -0.0715207 -0.0685599 -0.99508 0.0909918 0.996456 -0.0491937 -0.0682302 0.0963508
1548881167221903616 428 -0.0484415 -0.997153 0.0577825 3.33617 -0.0619024 -0.054742 -0.99658 0.102301 0.996906 -0.0518527 -0.0590744 0.0934142
1548881167389173760 433 -0.0432506 -0.99815 0.042721 3.39755 -0.0569468 -0.0402284 -0.997566 0.106331 0.99744 -0.0455782 -0.0551016 0.0922674
1548881167589199616 439 -0.033226 -0.998245 0.0490118 3.44858 -0.0646736 -0.0467887 -0.996809 0.109304 0.997353 -0.0362897 -0.0630056 0.0990938
1548881167989252608 451 -0.00874218 -0.999101 0.0414806 3.55455 -0.0639073 -0.0408391 -0.99712 0.11671 0.997918 -0.0113679 -0.0634928 0.100983
1548881168055927808 453 -0.00909249 -0.999139 0.0404684 3.57136 -0.0631519 -0.0398156 -0.997209 0.117525 0.997963 -0.0116228 -0.0627355 0.101958
1548881168222616576 458 -0.0156822 -0.999339 0.032783 3.62075 -0.0607241 -0.0317747 -0.997649 0.119115 0.998031 -0.017636 -0.0601857 0.101475
1548881168555993600 468 -0.0189732 -0.999545 0.0234512 3.71851 -0.0557801 -0.0223606 -0.998193 0.122178 0.998263 -0.020247 -0.0553304 0.0981212
1548881169156072704 486 -0.0515499 -0.99866 0.00449716 3.89409 -0.047362 -0.00205335 -0.998876 0.126405 0.997547 -0.051705 -0.0471927 0.0976276
1548881169356098816 492 -0.0487928 -0.998733 -0.0123092 3.9552 -0.0490086 0.014703 -0.99869 0.128821 0.997606 -0.0481256 -0.0496639 0.101856
1548881169989515776 511 -0.0521876 -0.998453 -0.0191733 4.12506 -0.0452755 0.0215453 -0.998742 0.132888 0.99761 -0.0512538 -0.0463298 0.109897
1548881170256217600 519 -0.0591525 -0.998143 -0.0145339 4.19481 -0.0559442 0.0178512 -0.998274 0.134045 0.99668 -0.0582374 -0.0568963 0.121101
1548881170922971648 539 -0.0663313 -0.997245 0.0332096 4.33628 -0.0611679 -0.0291562 -0.997702 0.141725 0.995921 -0.0682102 -0.0590654 0.135809
1548881171489713664 556 -0.0778912 -0.996528 0.0294001 4.49033 -0.072496 -0.0237501 -0.997086 0.149395 0.994323 -0.0797956 -0.0703944 0.154874
1548881171789752832 565 -0.0744869 -0.994526 0.0732759 4.54326 -0.0456948 -0.0699989 -0.9965 0.148454 0.996175 -0.0775745 -0.0402307 0.140958
1548881172289818624 580 -0.0918997 -0.994922 0.0410466 4.68825 -0.0592298 -0.0356864 -0.997606 0.159512 0.994005 -0.0941109 -0.0556494 0.162532
1548881172823222784 596 -0.0869058 -0.996125 0.0134847 4.84032 -0.0518633 -0.00899361 -0.998614 0.16757 0.994866 -0.0874847 -0.0508808 0.175991
1548881173256612608 609 -0.080117 -0.99677 0.00560836 4.97186 -0.0616797 -0.000658213 -0.998096 0.169779 0.994875 -0.0803103 -0.0614278 0.191345
1548881173456058624 615 -0.0802365 -0.996631 -0.0169853 5.045 -0.0525078 0.0212426 -0.998395 0.1731 0.995392 -0.0792158 -0.0540354 0.19265
1548881174022799616 632 -0.0844269 -0.99635 -0.0125808 5.20135 -0.0537647 0.0171625 -0.998406 0.173716 0.994978 -0.0836159 -0.0550175 0.2079
1548881174522865664 647 -0.0895315 -0.995877 -0.0146324 5.34428 -0.0425154 0.0184994 -0.998925 0.180653 0.995076 -0.0888131 -0.0439963 0.21185
1548881175155640832 666 -0.118074 -0.99292 0.0129772 5.51144 -0.0469334 -0.0074738 -0.99887 0.180057 0.991895 -0.11855 -0.0457187 0.233951
1548881175589030656 679 -0.123688 -0.992318 0.00231409 5.63927 -0.0368898 0.00226772 -0.999317 0.182227 0.991635 -0.123689 -0.0368869 0.234354
1548881176022420736 692 -0.132195 -0.991004 0.0208888 5.74972 -0.0392997 -0.0158171 -0.999102 0.185683 0.990444 -0.132898 -0.0368552 0.2462
1548881176055758592 693 -0.136145 -0.990484 0.0201622 5.75433 -0.0402092 -0.0148104 -0.999082 0.188119 0.989873 -0.13683 -0.0378102 0.247389
1548881176089096704 694 -0.139401 -0.989899 0.0258336 5.76415 -0.0387196 -0.0206195 -0.999037 0.1871 0.989479 -0.140267 -0.0354541 0.250185
1548881176389135616 703 -0.134268 -0.990778 0.0181811 5.84787 -0.0402398 -0.0128808 -0.999107 0.191067 0.990128 -0.134879 -0.0381393 0.26052
1548881176722513664 713 -0.142011 -0.989549 0.0250331 5.94141 -0.0297252 -0.0210149 -0.999337 0.194795 0.989419 -0.142661 -0.0264302 0.268175
1548881177255916800 729 -0.140843 -0.99 0.00792551 6.10531 -0.0259091 -0.00431682 -0.999655 0.196221 0.989693 -0.141 -0.025042 0.282892
1548881177489280768 736 -0.132822 -0.991126 -0.00527368 6.17309 -0.028092 0.00908324 -0.999564 0.196756 0.990742 -0.132616 -0.0290492 0.293634
1548881178022684672 752 -0.134831 -0.990692 -0.0186934 6.32688 -0.0253868 0.0223133 -0.999429 0.201721 0.990543 -0.134279 -0.028159 0.310542
1548881178522750720 767 -0.144892 -0.989018 -0.02916 6.48297 -0.0200965 0.0324066 -0.999273 0.200933 0.989243 -0.144201 -0.0245713 0.32798
1548881179122120704 785 -0.130738 -0.991145 -0.0232352 6.66068 -0.0171133 0.025689 -0.999523 0.200643 0.991269 -0.130278 -0.0203203 0.347876
1548881179588848640 799 -0.1294 -0.99143 -0.0179446 6.7981 -0.0218095 0.020938 -0.999543 0.203313 0.991353 -0.128949 -0.024332 0.362124
1548881179922225664 809 -0.12155 -0.99257 -0.00549484 6.8827 -0.00919432 0.00666155 -0.999936 0.202148 0.992543 -0.121491 -0.00993572 0.362367
1548881180021455616 812 -0.121507 -0.992413 -0.0187919 6.91458 0.00181502 0.01871 -0.999823 0.202884 0.992589 -0.12152 -0.000472156 0.359215
1548881180054793728 813 -0.121148 -0.992604 -0.00782494 6.92415 -0.00951196 0.00904351 -0.999914 0.199818 0.992589 -0.121063 -0.0105372 0.364904
1548881180088131584 814 -0.117801 -0.993034 -0.00243078 6.93256 -0.0191555 0.00471973 -0.999805 0.19985 0.992852 -0.117732 -0.019578 0.368988
1548881180121469696 815 -0.122128 -0.992455 0.0108282 6.94143 -0.0174148 -0.00876548 -0.99981 0.198177 0.992362 -0.122293 -0.0162129 0.373058
1548881180154806784 816 -0.121375 -0.99258 0.00723809 6.94851 -0.0158407 -0.00535414 -0.99986 0.197978 0.99248 -0.121473 -0.0150733 0.373248
1548881180388170752 823 -0.1208 -0.992625 0.0101782 7.02064 -0.0101365 -0.00901929 -0.999908 0.201804 0.992625 -0.120892 -0.0089722 0.376986
1548881180821561600 836 -0.125492 -0.991946 0.0171773 7.15319 -0.0181935 -0.0150103 -0.999722 0.205718 0.991928 -0.125769 -0.0161633 0.392022
1548881181420775680 854 -0.124481 -0.991957 0.0229256 7.33286 -0.0150581 -0.021214 -0.999662 0.210056 0.992108 -0.124784 -0.0122962 0.412566
1548881181954178816 870 -0.127076 -0.991846 0.00969998 7.51256 -0.0200558 -0.00720793 -0.999773 0.221262 0.99169 -0.127242 -0.0189763 0.440367
1548881185487977728 976 -0.117441 -0.993056 0.00683245 7.64866 -0.0222842 -0.00424306 -0.999743 0.224857 0.99283 -0.117563 -0.0216312 0.458951
1548881186188070656 997 -0.0845857 -0.996353 0.011262 7.80298 -0.0439297 -0.00756259 -0.999006 0.222889 0.995447 -0.0849963 -0.0431297 0.49354
1548881187020558592 1022 -0.0982939 -0.995152 -0.0032124 7.99927 -0.0427968 0.00745215 -0.999056 0.224433 0.994237 -0.0980636 -0.0433218 0.497917
1548881187620637696 1040 -0.100183 -0.994956 -0.00506611 8.14167 -0.0490491 0.0100242 -0.998746 0.226009 0.993759 -0.0998088 -0.049806 0.514278
1548881188486363648 1066 -0.122155 -0.992445 -0.0114106 8.34433 -0.05299 0.0180017 -0.998433 0.230955 0.991095 -0.121359 -0.0547887 0.53553
1548881189386481664 1093 -0.12793 -0.991775 0.00410208 8.53606 -0.0631279 0.00401511 -0.997997 0.236217 0.989772 -0.127933 -0.0631223 0.561455
1548881189852043776 1107 -0.137213 -0.990452 0.0132803 8.64007 -0.0666303 -0.00414773 -0.997769 0.235766 0.988298 -0.137792 -0.065425 0.58323
1548881190585473792 1129 -0.163016 -0.98661 0.00520384 8.81764 -0.0642557 0.00535341 -0.997919 0.241719 0.984529 -0.163012 -0.064268 0.605821
1548881191684331776 1162 -0.152005 -0.988164 0.0206314 9.08739 -0.0769229 -0.00898303 -0.996997 0.25119 0.985382 -0.153136 -0.074647 0.646456
1548881192184397824 1177 -0.144921 -0.989291 0.0173443 9.21449 -0.0703497 -0.00718259 -0.997497 0.250576 0.986939 -0.145779 -0.0685555 0.665188
1548881192851151616 1197 -0.137225 -0.990181 0.0266488 9.38471 -0.0682542 -0.0173871 -0.997516 0.261043 0.988186 -0.138703 -0.0651981 0.667188
1548881192884489728 1198 -0.141187 -0.989559 0.0289554 9.39075 -0.0706962 -0.0190956 -0.997315 0.260866 0.987455 -0.142855 -0.067262 0.671254
1548881193617919744 1220 -0.148028 -0.988494 0.0311159 9.56892 -0.0709857 -0.0207617 -0.997261 0.270945 0.986432 -0.149831 -0.0670956 0.700938
1548881194384687616 1243 -0.148957 -0.988245 0.0343918 9.7508 -0.0789935 -0.0227764 -0.996615 0.279424 0.985683 -0.15117 -0.0746722 0.729253
1548881194418025728 1244 -0.15104 -0.987998 0.0323464 9.75809 -0.0786793 -0.0206028 -0.996687 0.279779 0.985392 -0.153085 -0.0746231 0.728739
1548881194584713728 1249 -0.148222 -0.988593 0.0267357 9.80126 -0.084001 -0.0143514 -0.996362 0.282027 0.98538 -0.149928 -0.0809156 0.739296
1548881195018104832 1262 -0.146024 -0.989141 0.0166309 9.91473 -0.0946215 -0.00276927 -0.995509 0.287723 0.984746 -0.146942 -0.0931897 0.762285
1548881196051573760 1293 -0.148553 -0.98888 -0.0070015 10.1855 -0.110449 0.023627 -0.993601 0.287178 0.982717 -0.146829 -0.112731 0.816867
1548881196084911616 1294 -0.147162 -0.98908 -0.00794719 10.1956 -0.110303 0.0243952 -0.993599 0.288592 0.982943 -0.145344 -0.112689 0.81447
1548881196451626752 1305 -0.148696 -0.988786 -0.0138714 10.2927 -0.10548 0.0298065 -0.993975 0.2903 0.983241 -0.146337 -0.108729 0.8255
1548881196551639808 1308 -0.150077 -0.988447 -0.0212041 10.3205 -0.104763 0.0372253 -0.9938 0.290029 0.983108 -0.146926 -0.10914 0.82782
1548881196985029632 1321 -0.148347 -0.988487 -0.029773 10.4395 -0.107445 0.046038 -0.993145 0.288681 0.983081 -0.144131 -0.113037 0.846706
1548881197585108736 1339 -0.161433 -0.986501 -0.0274932 10.5876 -0.114874 0.0464529 -0.992293 0.285491 0.980175 -0.15703 -0.120823 0.878291
1548881197951823616 1350 -0.166793 -0.985838 -0.01744 10.6771 -0.114908 0.0370023 -0.992687 0.287073 0.979273 -0.163569 -0.119452 0.89028
1548881198453176832 1365 -0.17458 -0.984642 -0.00148589 10.7969 -0.129882 0.0245242 -0.991226 0.287697 0.976039 -0.172855 -0.132168 0.921873
1548881199219944704 1388 -0.184171 -0.982735 0.01769 10.9875 -0.124111 0.00539779 -0.992254 0.283363 0.975027 -0.184939 -0.122962 0.951301
1548881199587825664 1399 -0.186997 -0.982192 0.0181708 11.0885 -0.117144 0.00393017 -0.993107 0.28505 0.975351 -0.187837 -0.115793 0.966598
1548881200387930624 1423 -0.198863 -0.979376 0.0357138 11.2839 -0.126068 -0.0105747 -0.991965 0.293283 0.971885 -0.201767 -0.121365 1.01442
1548881200855714816 1437 -0.199949 -0.978793 0.0445436 11.4059 -0.122568 -0.0201179 -0.992256 0.295889 0.97211 -0.20386 -0.115946 1.03761
1548881201355779584 1452 -0.206933 -0.977526 0.040259 11.5387 -0.111791 -0.0172551 -0.993582 0.296603 0.971947 -0.210106 -0.105708 1.05936
1548881201589143808 1459 -0.207154 -0.977724 0.0338113 11.6029 -0.108144 -0.0114637 -0.994069 0.298021 0.972313 -0.209582 -0.10336 1.07355
1548881201622481664 1460 -0.206527 -0.97783 0.0345675 11.6124 -0.111605 -0.0115561 -0.993685 0.299622 0.972055 -0.209081 -0.106744 1.07758
1548881202055872768 1473 -0.206628 -0.97783 0.033953 11.7358 -0.119914 -0.00913144 -0.992742 0.307599 0.971043 -0.2092 -0.115368 1.1082
1548881202422587648 1484 -0.209217 -0.977401 0.0302771 11.8397 -0.126825 -0.00357946 -0.991919 0.308082 0.96961 -0.211366 -0.12321 1.13963
1548881202489262592 1486 -0.210969 -0.977129 0.0266661 11.8616 -0.127657 0.000495086 -0.991818 0.308805 0.969121 -0.212647 -0.124842 1.14521
1548881202922652672 1499 -0.186411 -0.982401 0.0118027 11.993 -0.121687 0.0111659 -0.992506 0.307854 0.974907 -0.18645 -0.121626 1.17154
1548881203222692608 1508 -0.117382 -0.993068 -0.00604369 12.0794 -0.119784 0.0201995 -0.992594 0.308634 0.985836 -0.115789 -0.121325 1.19352
1548881203822771712 1526 -0.0879251 -0.995293 -0.0407613 12.2756 -0.127242 0.0518064 -0.990518 0.30691 0.987967 -0.0819048 -0.131198 1.22921
1548881203922784768 1529 -0.0853302 -0.99545 -0.0423984 12.307 -0.123579 0.0527991 -0.990929 0.309937 0.988659 -0.0793166 -0.127522 1.22963
1548881204389512704 1543 -0.0816731 -0.994416 -0.0668231 12.4648 -0.120905 0.0764375 -0.989717 0.299832 0.989298 -0.072754 -0.126473 1.24423
1548881204422850816 1544 -0.0797328 -0.994706 -0.0648313 12.4748 -0.120012 0.0741445 -0.99 0.301353 0.989565 -0.0711549 -0.125288 1.2442
1548881204989591808 1561 -0.0834384 -0.994852 -0.0575091 12.6419 -0.115581 0.0669824 -0.991037 0.295018 0.989787 -0.0760435 -0.120575 1.26086
1548881205289631744 1570 -0.0894012 -0.994554 -0.0535707 12.7315 -0.110422 0.0633517 -0.991864 0.290244 0.989856 -0.0827584 -0.115484 1.268
1548881205923048704 1589 -0.103241 -0.993907 -0.0385973 12.9189 -0.0955126 0.0485316 -0.994244 0.284936 0.99006 -0.0989606 -0.0999411 1.27684
1548881206456451584 1605 -0.114743 -0.992932 -0.0303357 13.0745 -0.100658 0.0420015 -0.994034 0.280441 0.988282 -0.111005 -0.104766 1.29675
1548881206689815808 1612 -0.119128 -0.992136 -0.0383993 13.1507 -0.0886724 0.0491514 -0.994847 0.27762 0.988911 -0.115109 -0.0938304 1.29883
1548881206956517632 1620 -0.131312 -0.990306 -0.0452807 13.2376 -0.0810935 0.0562534 -0.995118 0.279607 0.988019 -0.126999 -0.0876942 1.305
1548881206989855744 1621 -0.129345 -0.990713 -0.0419213 13.2488 -0.0788986 0.0524248 -0.995503 0.280788 0.988456 -0.125456 -0.0849468 1.30214
1548881207056530688 1623 -0.128257 -0.991153 -0.0341511 13.2612 -0.0822243 0.0449443 -0.9956 0.278457 0.988326 -0.124885 -0.0872613 1.30812
1548881207089868800 1624 -0.129964 -0.991003 -0.0319646 13.2708 -0.0857466 0.0433507 -0.995373 0.277848 0.987804 -0.126622 -0.0906092 1.31208
1548881207289894656 1630 -0.135363 -0.990388 -0.0284362 13.328 -0.084005 0.0400691 -0.995659 0.276147 0.987228 -0.132386 -0.0886214 1.31515
1548881207456583680 1635 -0.140924 -0.989613 -0.0283893 13.3754 -0.0799701 0.0399604 -0.995996 0.276454 0.986785 -0.13809 -0.0847709 1.32145
1548881208023324672 1652 -0.14447 -0.989308 -0.0199422 13.5389 -0.0759075 0.0311746 -0.996627 0.267071 0.986593 -0.142469 -0.0795998 1.33043
1548881208056662784 1653 -0.145872 -0.989027 -0.0233757 13.5507 -0.0732679 0.0343638 -0.99672 0.26823 0.986587 -0.143681 -0.0774767 1.33137
1548881208356702720 1662 -0.105961 -0.994119 -0.0223485 13.6404 -0.0712308 0.0300058 -0.997008 0.265313 0.991816 -0.104052 -0.0739913 1.34929
1548881208924398592 1679 -0.0563021 -0.998253 -0.0179121 13.803 -0.0815768 0.0224801 -0.996414 0.263855 0.995076 -0.054639 -0.0827 1.38106
1548881209024411648 1682 -0.0588382 -0.998086 -0.0190466 13.8363 -0.088531 0.0242216 -0.995779 0.265639 0.994334 -0.0569036 -0.0897867 1.38733
1548881209591152640 1699 -0.0463685 -0.998585 -0.0260544 14.0002 -0.0906169 0.0301798 -0.995428 0.266511 0.994806 -0.0437955 -0.091888 1.40087
1548881209924530688 1709 -0.0438799 -0.99885 -0.0192957 14.0906 -0.0924032 0.0232893 -0.995449 0.268338 0.994754 -0.0418972 -0.0933189 1.40786
1548881210391258624 1723 -0.038061 -0.99925 0.00710755 14.2212 -0.0919411 -0.00358072 -0.995758 0.268509 0.995037 -0.038553 -0.0917358 1.41466
1548881210857986816 1737 -0.0563496 -0.998326 0.0130247 14.3664 -0.0988559 -0.0074024 -0.995074 0.271408 0.993505 -0.0573596 -0.0982734 1.42193
1548881211324714752 1751 -0.0777187 -0.996636 0.025991 14.5133 -0.0911536 -0.0188573 -0.995658 0.277191 0.992799 -0.0797504 -0.0893814 1.42433
1548881211824780800 1766 -0.0939794 -0.995186 0.027786 14.6721 -0.091271 -0.0191796 -0.995641 0.283928 0.991382 -0.0961059 -0.0890292 1.43848
1548881212291508736 1780 -0.0948463 -0.995492 0.000235243 14.8401 -0.0641306 0.00587428 -0.997924 0.292749 0.993424 -0.0946645 -0.0643987 1.43598
1548881212791574784 1795 -0.0982863 -0.994987 -0.0184724 15.0132 -0.0494614 0.0234235 -0.998501 0.301516 0.993928 -0.0972254 -0.0515156 1.44493
1548881213424036608 1814 -0.0960382 -0.99534 -0.0086332 15.2176 -0.0492529 0.0134146 -0.998696 0.307152 0.994158 -0.0954878 -0.0503117 1.46567
1548881213957439744 1830 -0.106026 -0.994363 0.0002319 15.3863 -0.0547545 0.00560546 -0.998484 0.316834 0.992855 -0.105878 -0.0550402 1.48398
1548881214490843648 1846 -0.111068 -0.993546 -0.0230418 15.5736 -0.0532976 0.0291068 -0.998154 0.315729 0.992383 -0.109635 -0.0561864 1.50641
1548881215157598720 1866 -0.110322 -0.993678 -0.0208157 15.7918 -0.0472179 0.0261599 -0.998542 0.314849 0.992774 -0.109178 -0.0498054 1.52941
1548881215757677824 1884 -0.119367 -0.992844 -0.00352041 15.9789 -0.058821 0.0106113 -0.998212 0.317613 0.991106 -0.118947 -0.0596667 1.56265
1548881216423376640 1904 -0.143158 -0.989692 -0.00383912 16.1995 -0.0533697 0.0115932 -0.998508 0.318504 0.98826 -0.142739 -0.0544792 1.5866
1548881216890104832 1918 -0.147743 -0.988779 -0.0221084 16.3734 -0.0765686 0.0337218 -0.996494 0.319549 0.986057 -0.145532 -0.0806916 1.62959
1548881217390170624 1933 -0.16707 -0.985532 -0.0285484 16.5449 -0.0720324 0.0410789 -0.996556 0.315453 0.98331 -0.164438 -0.0778532 1.65215
1548881217890236672 1948 -0.186302 -0.981838 -0.0358438 16.7231 -0.0789332 0.0513221 -0.995558 0.31548 0.979317 -0.182645 -0.087061 1.68722
1548881218523653632 1967 -0.198748 -0.979652 -0.0279347 16.9298 -0.0826382 0.0451535 -0.995556 0.309509 0.97656 -0.195556 -0.0899309 1.7332
1548881219057056768 1983 -0.198178 -0.980052 -0.014973 17.0979 -0.0757325 0.0305408 -0.99666 0.306847 0.977236 -0.196383 -0.0802743 1.7663
1548881219590460672 1999 -0.156699 -0.987405 -0.0218231 17.2766 -0.062318 0.0319369 -0.997545 0.306699 0.985678 -0.154955 -0.0665376 1.79559
1548881220190539776 2017 -0.121509 -0.992558 -0.00799306 17.4662 -0.0605308 0.0154474 -0.998047 0.302731 0.990743 -0.120788 -0.0619573 1.82868
1548881220691660800 2032 -0.124609 -0.992206 0.000684298 17.6269 -0.0565022 0.00640746 -0.998382 0.304684 0.990596 -0.124446 -0.0568603 1.84909
1548881221158388736 2046 -0.119108 -0.992823 -0.0107681 17.7908 -0.0738483 0.0196737 -0.997075 0.305728 0.990131 -0.117964 -0.0756615 1.88292
1548881221658454784 2061 -0.112627 -0.993574 -0.0112118 17.9601 -0.0895684 0.0213895 -0.995751 0.310351 0.989592 -0.111144 -0.0914018 1.91115
1548881221991831808 2071 -0.112444 -0.993655 -0.00261563 18.0647 -0.077389 0.0113817 -0.996936 0.314011 0.99064 -0.111897 -0.0781777 1.90882
1548881222491897600 2086 -0.101804 -0.994532 0.0232708 18.2188 -0.0714518 -0.0160219 -0.997315 0.316134 0.992235 -0.103194 -0.06943 1.91734
1548881223025301760 2102 -0.0921978 -0.99547 0.0232169 18.3929 -0.07725 -0.0160951 -0.996882 0.321705 0.99274 -0.0937039 -0.0754162 1.93898
1548881223125314816 2105 -0.0950131 -0.995309 0.0182583 18.4327 -0.069828 -0.0116325 -0.997491 0.324644 0.993024 -0.0960496 -0.0683951 1.93701
1548881223358678784 2112 -0.0911831 -0.995807 0.00728951 18.52 -0.0557499 -0.00220395 -0.998442 0.329685 0.994272 -0.0914474 -0.0553152 1.9399
1548881223558704640 2118 -0.0963271 -0.995338 -0.00483405 18.5986 -0.0453855 0.00924382 -0.998927 0.33327 0.994314 -0.0960043 -0.0460643 1.94208
1548881223725393664 2123 -0.0972273 -0.99522 0.00913251 18.6564 -0.0542907 -0.00385889 -0.998518 0.334648 0.99378 -0.097579 -0.053656 1.95434
1548881223892081664 2128 -0.0980529 -0.995143 0.00875758 18.7111 -0.0582639 -0.0030445 -0.998297 0.335964 0.993474 -0.0983962 -0.0576823 1.9615
1548881224025432576 2132 -0.0869822 -0.996116 0.013679 18.8076 -0.0669536 -0.0078546 -0.997725 0.357513 0.993957 -0.0877002 -0.0660103 1.92886
1548881224058770688 2133 -0.122649 -0.992374 -0.0123172 18.8601 -0.0448513 0.0179406 -0.998833 0.285873 0.991436 -0.121953 -0.0467097 2.021
1548881224092108800 2134 -0.0921062 -0.995749 0.00034932 18.8439 -0.0546036 0.00470052 -0.998497 0.345668 0.994251 -0.0919869 -0.0548044 1.94171
1548881224125446656 2135 -0.0866322 -0.996195 0.00953658 18.8641 -0.0593691 -0.00439311 -0.998226 0.356364 0.99447 -0.0870447 -0.0587626 1.92338
1548881224258796800 2139 -0.0841156 -0.996455 0.00135505 18.9725 -0.0745595 0.00493786 -0.997204 0.354398 0.993663 -0.0839814 -0.0747106 1.93343
1548881224292134656 2140 -0.0830664 -0.996543 0.00131346 19.007 -0.0728501 0.00475789 -0.997332 0.353481 0.993878 -0.0829404 -0.0729935 1.93527
1548881224392147712 2143 -0.066719 -0.99771 0.0110995 19.1285 -0.073724 -0.00616445 -0.99726 0.372948 0.995044 -0.0673544 -0.0731439 1.87027
1548881224425485824 2144 -0.0606135 -0.998122 0.00888133 19.1687 -0.074366 -0.00435725 -0.997221 0.376929 0.995387 -0.0611055 -0.0739622 1.8551
1548881224558836736 2148 -0.0634666 -0.997941 0.00922499 19.2621 -0.0782786 -0.00423725 -0.996923 0.380592 0.994909 -0.0639934 -0.0778486 1.87442
1548881224792200704 2155 -0.0708421 -0.997473 0.00541882 19.4205 -0.0733299 -0.000209915 -0.997308 0.38141 0.994788 -0.0710488 -0.0731297 1.87189
1548881225158915584 2166 -0.0513705 -0.998675 0.0031687 19.6671 -0.073326 0.000607436 -0.997308 0.398981 0.995984 -0.0514646 -0.07326 1.82725
1548881225192253696 2167 -0.0668837 -0.997753 0.00394558 19.6401 -0.0796616 0.00139816 -0.996821 0.403227 0.994576 -0.0669854 -0.0795761 1.9077
1548881225225590784 2168 -0.0799347 -0.996772 0.00743785 19.6423 -0.0860326 -0.000535008 -0.996292 0.425087 0.99308 -0.0802782 -0.0857121 1.94864
1548881225258928640 2169 -0.0788021 -0.996889 0.00170665 19.6289 -0.0853085 0.00503775 -0.996342 0.412668 0.993233 -0.0786594 -0.08544 1.9485
1548881225292266752 2170 -0.0776378 -0.996974 -0.0038127 19.6299 -0.084892 0.0104211 -0.996336 0.409634 0.993361 -0.0770297 -0.0854442 1.93626
1548881225325604608 2171 -0.077534 -0.996941 -0.00987394 19.5177 -0.0861849 0.0165688 -0.996141 0.388576 0.993258 -0.0763838 -0.0872059 1.92098
1548881225358941696 2172 -0.0734663 -0.997294 -0.00259343 19.7199 -0.0925983 0.00941048 -0.995659 0.414412 0.99299 -0.0729072 -0.0930391 1.92403
1548881225392279808 2173 -0.0675251 -0.99768 -0.0086106 19.741 -0.0974739 0.0151858 -0.995122 0.416318 0.992945 -0.0663564 -0.0982732 1.88446
1548881225425617664 2174 -0.0666796 -0.997753 -0.00653059 19.7568 -0.0882526 0.0124171 -0.996021 0.462379 0.993864 -0.0658379 -0.0888823 1.85691
1548881225492292608 2176 -0.0703552 -0.997465 -0.010684 19.8341 -0.0915732 0.0171236 -0.995651 0.387288 0.99331 -0.0690709 -0.0925458 1.89624
1548881225525630720 2177 -0.0721528 -0.997318 -0.0122966 19.864 -0.0926157 0.0189749 -0.995521 0.364698 0.993084 -0.0706908 -0.0937363 1.91467
1548881225625643776 2180 -0.0739931 -0.997099 -0.0178335 19.9025 -0.0996489 0.0251854 -0.994704 0.368924 0.992268 -0.0718241 -0.101223 1.92047
1548881226025696768 2192 -0.0733165 -0.996918 -0.0279166 20.0419 -0.0996248 0.0351729 -0.994403 0.36666 0.99232 -0.0701249 -0.101897 1.92731
1548881226525762816 2207 -0.0698123 -0.997161 -0.0282092 20.2028 -0.104915 0.0354607 -0.993849 0.365343 0.992028 -0.0664233 -0.107093 1.94488
1548881226792464640 2215 -0.0677049 -0.997305 -0.0282481 20.2941 -0.106897 0.0354013 -0.99364 0.366575 0.991962 -0.0642546 -0.109006 1.94786
1548881226825801728 2216 -0.0623935 -0.997681 -0.0271865 20.3019 -0.107022 0.0337706 -0.993683 0.368726 0.992297 -0.0590898 -0.108881 1.94848
1548881226892477696 2218 -0.0600482 -0.997887 -0.0247956 20.3245 -0.10924 0.0312607 -0.993524 0.37257 0.9922 -0.0569506 -0.110887 1.95286
1548881226959152640 2220 -0.0629526 -0.997635 -0.0276045 20.3204 -0.111009 0.0344872 -0.993221 0.371337 0.991824 -0.0594615 -0.112918 1.94188
1548881227059165696 2223 -0.0605315 -0.997785 -0.0275737 20.356 -0.111486 0.0342097 -0.993177 0.361059 0.991921 -0.0570445 -0.11331 1.93697
1548881227092503808 2224 -0.0542357 -0.998337 -0.0195627 20.5261 -0.112954 0.0255998 -0.99327 0.378105 0.992119 -0.051661 -0.114155 1.95647
1548881227125841664 2225 -0.060829 -0.997748 -0.0282621 20.7113 -0.112579 0.0349919 -0.993026 0.367819 0.991779 -0.0572231 -0.114454 1.99182
1548881227159179776 2226 -0.0637002 -0.997537 -0.0293553 20.7375 -0.118439 0.0367638 -0.99228 0.363784 0.990916 -0.0597316 -0.12049 1.99563
1548881227192516608 2227 -0.0738687 -0.996585 -0.0368937 20.5219 -0.12012 0.0456167 -0.991711 0.359978 0.990007 -0.0688247 -0.12308 1.98047
1548881227225854720 2228 -0.0676459 -0.997152 -0.0333431 20.6915 -0.112355 0.0408206 -0.992829 0.361141 0.991363 -0.0634145 -0.114796 2.00318
1548881227259192832 2229 -0.076938 -0.996452 -0.034103 20.7251 -0.110434 0.0425108 -0.992974 0.302626 0.990901 -0.0726313 -0.113313 2.05111
1548881227292529664 2230 -0.0834959 -0.99601 -0.0314939 20.7845 -0.104662 0.0401946 -0.993695 0.370551 0.990997 -0.0796732 -0.1076 2.05762
1548881227325867776 2231 -0.0786849 -0.996208 -0.0371133 20.8224 -0.108769 0.0455856 -0.993021 0.348971 0.990948 -0.074099 -0.111944 2.0551
1548881227359205632 2232 -0.0812513 -0.995869 -0.0405303 20.849 -0.116509 0.049876 -0.991937 0.353132 0.989861 -0.075874 -0.12008 2.05445
1548881227425880576 2234 -0.0824068 -0.99595 -0.0359569 20.8564 -0.115993 0.0454194 -0.992211 0.346121 0.989826 -0.0775942 -0.119266 2.05138
1548881155585686784 79 0.0146356 -0.99988 0.00516609 0.173883 0.0023626 -0.00513205 -0.999984 0.00873937 0.99989 0.0146476 0.0022872 -0.00512544
1548881155785712640 85 0.0270106 -0.99963 0.00320335 0.228348 0.00305714 -0.0031219 -0.99999 0.0107664 0.99963 0.0270201 0.00297169 -0.0046338
1548881156352454656 102 0.054386 -0.99847 0.0100352 0.37933 0.00577832 -0.00973516 -0.999936 0.0162996 0.998503 0.0544405 0.00524002 -0.0139111
1548881156652493824 111 0.0410387 -0.999013 0.0170068 0.4546 0.00191711 -0.0169424 -0.999855 0.0200759 0.999156 0.0410653 0.00121992 -0.0145024
1548881156919195648 119 -0.00880314 -0.999888 0.0120984 0.532067 0.00146304 -0.0121117 -0.999926 0.0223553 0.99996 -0.00878479 0.0015695 -0.0274851
1548881157519274752 137 -0.0728446 -0.997323 0.00633863 0.721739 -0.00178973 -0.00622479 -0.999979 0.0253615 0.997342 -0.0728545 -0.0013315 -0.0274219
1548881157552612608 138 -0.0801094 -0.996778 0.00404986 0.73666 -0.00309708 -0.003814 -0.999988 0.0268587 0.996781 -0.080121 -0.00278156 -0.0215438
1548881157652625664 141 -0.0889681 -0.995784 -0.0223159 0.786877 -0.0299459 0.0250688 -0.999237 0.0275329 0.995584 -0.0882319 -0.03205 0.000774762
1548881157685963776 142 -0.0957768 -0.994773 -0.0354165 0.805182 -0.0378151 0.0391906 -0.998516 0.0287116 0.994684 -0.0942954 -0.041371 0.00697855
1548881157785976832 145 -0.103436 -0.993483 -0.0478856 0.846821 -0.0404916 0.05231 -0.99781 0.0280547 0.993812 -0.10127 -0.0456384 0.016019
1548881157819314688 146 -0.1111 -0.992687 -0.047224 0.857725 -0.0363339 0.0515437 -0.99801 0.0260495 0.993145 -0.109163 -0.0417947 0.0126706
1548881157919327744 149 -0.111061 -0.992801 -0.0448588 0.887641 -0.029897 0.0484553 -0.998378 0.0267992 0.993364 -0.10954 -0.0350632 0.0129115
1548881158020049664 152 -0.132292 -0.989681 -0.0550426 0.928201 -0.0227094 0.0585423 -0.998027 0.0230877 0.990951 -0.130781 -0.0302198 0.0158095
1548881158053387776 153 -0.133632 -0.989106 -0.0617416 0.944276 -0.0271262 0.0659276 -0.997456 0.0208463 0.99066 -0.131617 -0.0356408 0.0167658
1548881158086724608 154 -0.130947 -0.988393 -0.0770207 0.962738 -0.0289296 0.0814661 -0.996256 0.0199422 0.990967 -0.128228 -0.0392616 0.0215981
1548881158153400832 156 -0.135896 -0.986234 -0.0942049 1.00016 -0.0362305 0.0999705 -0.994331 0.0183165 0.99006 -0.131712 -0.0493174 0.0322375
1548881158354068736 162 -0.140367 -0.983204 -0.116646 1.08008 -0.0448139 0.124001 -0.99127 0.0179175 0.989085 -0.133914 -0.0614669 0.0496511
1548881158720783616 173 -0.113197 -0.982826 -0.14574 1.19599 -0.0488333 0.152009 -0.987172 0.015159 0.992372 -0.104628 -0.0652015 0.0646701
1548881159087498752 184 -0.0722112 -0.99017 -0.119784 1.28707 -0.0606523 0.124235 -0.990397 0.002166 0.995543 -0.0642526 -0.0690273 0.0831127
1548881159553584640 198 -0.0115029 -0.995904 -0.0896856 1.37311 -0.063953 0.0902406 -0.993864 -0.00198658 0.997887 -0.00569666 -0.0647291 0.0926639
1548881160019603712 212 0.0105385 -0.999163 -0.0395199 1.4678 -0.0721251 0.0386596 -0.996646 -0.0063943 0.99734 0.0133536 -0.0716574 0.0999264
1548881160686358784 232 0.0174614 -0.999831 0.00580256 1.61882 -0.0824985 -0.00722439 -0.996565 -0.00935708 0.996438 0.0169227 -0.0826106 0.105598
1548881161219761664 248 0.025469 -0.998926 0.0387171 1.73923 -0.0813591 -0.0406724 -0.995855 -0.00499439 0.996359 0.0222135 -0.0823076 0.105406
1548881161919854592 269 0.0306258 -0.997912 0.0568718 1.92086 -0.0835999 -0.0592565 -0.994736 0.00771709 0.996029 0.0257101 -0.0852401 0.105114
1548881162253231616 279 0.0339564 -0.997847 0.0561101 2.00807 -0.0850541 -0.0588241 -0.994638 0.0118478 0.995798 0.0290019 -0.0868684 0.102572
1548881162686621696 292 0.0388676 -0.998098 0.0478609 2.13076 -0.0799301 -0.0508491 -0.995503 0.0208443 0.996042 0.0348673 -0.0817544 0.0954665
1548881163019999744 302 0.0377759 -0.998399 0.0421063 2.22567 -0.0801147 -0.0450266 -0.995768 0.0286521 0.99607 0.0342427 -0.0816873 0.092374
1548881163653415680 321 0.0206747 -0.998858 0.0430708 2.40455 -0.087825 -0.044728 -0.995131 0.0433613 0.995921 0.0167913 -0.0886494 0.0906514
1548881163686753792 322 0.0204445 -0.998916 0.0418266 2.4171 -0.0861266 -0.0434395 -0.995337 0.0432726 0.996074 0.0167468 -0.0869213 0.0901776
1548881163986793728 331 0.015773 -0.999136 0.0384622 2.49984 -0.0808689 -0.0396157 -0.995937 0.0456586 0.9966 0.0125985 -0.0814238 0.0860639
1548881164053468672 333 0.0159929 -0.999194 0.0368086 2.51819 -0.0810804 -0.0379881 -0.995983 0.0466373 0.996579 0.0129442 -0.0816226 0.086389
1548881164520196608 347 0.00956477 -0.999248 0.0375713 2.64443 -0.0721557 -0.0381648 -0.996663 0.0525352 0.997348 0.00682186 -0.0724665 0.0771944
1548881164553534720 348 0.00967637 -0.999256 0.0373233 2.65252 -0.0727618 -0.0379298 -0.996628 0.0535869 0.997302 0.00692803 -0.0730747 0.0777658
1548881164953587712 360 -0.00762803 -0.99909 0.0419702 2.75933 -0.0737767 -0.0412948 -0.996419 0.0614508 0.997246 -0.0106971 -0.0733946 0.0766831
1548881164987633664 361 -0.00721137 -0.999024 0.0435872 2.76709 -0.072379 -0.0429525 -0.996452 0.0611886 0.997351 -0.0103406 -0.0719986 0.0770121
1548881165421024768 374 -0.0375111 -0.997878 0.0532295 2.8774 -0.0811914 -0.0500475 -0.995441 0.0702061 0.995992 -0.0416619 -0.0791417 0.0805995
1548881165454362624 375 -0.0405413 -0.997778 0.0528677 2.88656 -0.0788173 -0.0495529 -0.995657 0.0698124 0.996064 -0.0445321 -0.0766333 0.0799287
1548881165621692672 380 -0.0431696 -0.997357 0.0584378 2.92728 -0.078065 -0.0549461 -0.995433 0.072154 0.996013 -0.0475344 -0.0754867 0.0798949
1548881165888394752 388 -0.0452578 -0.996199 0.074432 2.99112 -0.076568 -0.07083 -0.994545 0.0776811 0.996037 -0.05071 -0.0730713 0.0825685
1548881165988407808 391 -0.0461845 -0.996069 0.0755831 3.01854 -0.0754473 -0.0719694 -0.994549 0.0799887 0.99608 -0.0516353 -0.0718269 0.0815993
1548881166055083776 393 -0.0460368 -0.996301 0.0725594 3.04005 -0.0728709 -0.0690934 -0.994945 0.0819393 0.996278 -0.0510916 -0.0694205 0.0808198
1548881166321784832 401 -0.0498213 -0.995445 0.0812829 3.10509 -0.0683706 -0.0777938 -0.994622 0.0871528 0.996415 -0.0551107 -0.0641834 0.0822888
1548881166355122688 402 -0.0484609 -0.995135 0.0857747 3.11267 -0.0676198 -0.0824099 -0.994302 0.0868819 0.996534 -0.0539848 -0.0632972 0.0821286
1548881166621824768 410 -0.0461008 -0.99581 0.0789707 3.19243 -0.0706 -0.075609 -0.994635 0.0947934 0.996439 -0.0514288 -0.0668185 0.0887739
1548881166655162624 411 -0.0454819 -0.995962 0.0774052 3.20194 -0.0721009 -0.0740104 -0.994648 0.0953145 0.99636 -0.0508195 -0.0684436 0.0909381
1548881166955201792 420 -0.0434799 -0.996821 0.0667578 3.29085 -0.0682246 -0.0637024 -0.995634 0.103619 0.996722 -0.0478446 -0.065238 0.091029
1548881166988539648 421 -0.046105 -0.99706 0.0612056 3.30566 -0.064144 -0.0581894 -0.996243 0.105929 0.996875 -0.0498577 -0.0612725 0.0908943
1548881167255241728 429 -0.0472946 -0.99739 0.054558 3.3852 -0.0579681 -0.0517865 -0.996974 0.111375 0.997198 -0.0503141 -0.0553676 0.0886877
1548881167289159680 430 -0.0503924 -0.997461 0.0503136 3.39944 -0.0561923 -0.0474661 -0.997291 0.112665 0.997147 -0.0530831 -0.0536577 0.0875558
1548881167522524672 437 -0.0327897 -0.998348 0.0471854 3.46562 -0.0599824 -0.04516 -0.997177 0.117291 0.997661 -0.0355274 -0.0584025 0.0925098
1548881167589199616 439 -0.0332905 -0.998165 0.0505786 3.48464 -0.0645749 -0.0483528 -0.996741 0.117877 0.997357 -0.0364481 -0.0628467 0.0953511
1548881167955914752 450 -0.0132947 -0.998825 0.0465971 3.58347 -0.0631164 -0.04567 -0.996961 0.123782 0.997918 -0.0161953 -0.0624351 0.0991598
1548881167989252608 451 -0.0101435 -0.99902 0.0430729 3.59003 -0.0630981 -0.0423498 -0.997108 0.1247 0.997956 -0.012832 -0.0626067 0.100414
1548881168322629632 461 -0.0110125 -0.999383 0.0333385 3.68708 -0.0593131 -0.032629 -0.997706 0.128873 0.998179 -0.0129647 -0.0589172 0.0994288
1548881168422642688 464 -0.0157942 -0.999294 0.0340766 3.71424 -0.0598125 -0.0330755 -0.997662 0.130338 0.998085 -0.0177955 -0.0592479 0.0999041
1548881168789357824 475 -0.0331249 -0.999369 0.0128105 3.83387 -0.0452434 -0.011305 -0.998912 0.134513 0.998427 -0.0336685 -0.0448403 0.0906024
1548881169022721792 482 -0.0494811 -0.998729 0.00957092 3.89924 -0.0471703 -0.00723517 -0.998861 0.136783 0.997661 -0.0498761 -0.0467524 0.0931083
1548881169522787584 497 -0.0514587 -0.998673 -0.00227168 4.04244 -0.0518249 0.00494201 -0.998644 0.147493 0.99733 -0.0512712 -0.0520104 0.105702
1548881169689476608 502 -0.0537965 -0.998532 -0.00628507 4.09083 -0.0490447 0.00892879 -0.998757 0.148844 0.997347 -0.0534213 -0.0494531 0.106129
1548881170256217600 519 -0.0599421 -0.99814 -0.0111041 4.25049 -0.0543347 0.0143702 -0.998419 0.149558 0.996722 -0.0592441 -0.0550951 0.118341
1548881170356230656 522 -0.0641688 -0.997939 0.00021218 4.27041 -0.0496769 0.00298193 -0.998761 0.149162 0.996702 -0.0640998 -0.0497659 0.116462
1548881170856296704 537 -0.0690931 -0.997165 0.029794 4.37684 -0.0543461 -0.0260587 -0.998182 0.154518 0.996129 -0.0705867 -0.0523915 0.130033
1548881170922971648 539 -0.0674919 -0.997078 0.035774 4.3928 -0.0601396 -0.031725 -0.997686 0.156818 0.995906 -0.0694871 -0.0578227 0.13515
1548881171423037696 554 -0.0762733 -0.996392 0.0372104 4.52909 -0.067029 -0.0321108 -0.997234 0.165417 0.994831 -0.0785565 -0.064338 0.147047
1548881171456375808 555 -0.079185 -0.996255 0.0347277 4.53906 -0.0684978 -0.029317 -0.99722 0.164493 0.994504 -0.0813436 -0.0659198 0.149499
1548881171856428800 567 -0.0792809 -0.994376 0.0702195 4.62456 -0.0555466 -0.065925 -0.996277 0.164472 0.995304 -0.0828863 -0.0500076 0.144991
1548881172023116800 572 -0.0725231 -0.995347 0.0634338 4.68004 -0.0617129 -0.059001 -0.996349 0.169247 0.995456 -0.0761729 -0.0571468 0.156474
1548881172423169792 584 -0.0867805 -0.995264 0.0438108 4.79798 -0.049723 -0.0395947 -0.997978 0.173884 0.994986 -0.0887834 -0.0460515 0.163005
1548881172589858816 589 -0.0799146 -0.996265 0.0327102 4.85198 -0.0579646 -0.028115 -0.997923 0.176778 0.995115 -0.0816447 -0.0555013 0.176533
1548881172956573696 600 -0.0869351 -0.996143 0.0118925 4.95596 -0.0575753 -0.00689372 -0.998317 0.182012 0.994549 -0.0874735 -0.056754 0.180137
1548881173023248640 602 -0.0818558 -0.99652 0.015731 4.97476 -0.0587495 -0.0109319 -0.998213 0.181321 0.994911 -0.0826337 -0.0576502 0.183324
1548881173289369600 610 -0.0808972 -0.996722 -0.000327395 5.05674 -0.0662459 0.00570447 -0.997787 0.183061 0.994519 -0.0806964 -0.0664903 0.191824
1548881173322707712 611 -0.0815021 -0.996666 -0.0037569 5.06744 -0.0626507 0.00888516 -0.997996 0.184007 0.994702 -0.0811034 -0.063166 0.190671
1548881173489395712 616 -0.0806727 -0.996577 -0.0180593 5.12445 -0.0556604 0.0225943 -0.998194 0.186046 0.995185 -0.0795218 -0.0572926 0.192445
1548881173989461760 631 -0.0859363 -0.996271 -0.0077047 5.26254 -0.0597249 0.0128708 -0.998132 0.186367 0.994509 -0.0853156 -0.0606083 0.20985
1548881174422852608 644 -0.100251 -0.994931 -0.0078722 5.38578 -0.0550168 0.0134432 -0.998395 0.187377 0.99344 -0.0996566 -0.0560856 0.217766
1548881174956255744 660 -0.105443 -0.994425 -0.00124751 5.53467 -0.0560741 0.00719829 -0.998401 0.190981 0.992843 -0.105205 -0.0565205 0.233717
1548881175288990720 670 -0.123421 -0.992352 -0.00224134 5.62899 -0.0481087 0.00823932 -0.998808 0.19532 0.991188 -0.123166 -0.0487577 0.236846
1548881175855732736 687 -0.133013 -0.991015 0.0140354 5.79061 -0.0532887 -0.00698978 -0.998555 0.195131 0.989681 -0.133569 -0.0518802 0.25443
