1548881155552348672 78 0.0142748 -0.999894 0.00300494 0.163744 0.0013544 -0.0029859 -0.999995 0.00479693 0.999897 0.0142788 0.00131163 -0.00483843
1548881155619024640 80 0.0175424 -0.999845 0.00132446 0.1798 0.00166385 -0.00129547 -0.999998 0.00442171 0.999845 0.0175446 0.00164087 -0.00619966
1548881156219103744 98 0.0538488 -0.998541 0.00406472 0.34113 0.00547261 -0.00377545 -0.999978 0.00839665 0.998534 0.0538698 0.00526132 -0.0136068
1548881156352454656 102 0.0540693 -0.998521 0.00562114 0.376493 0.00361277 -0.00543371 -0.999979 0.00958652 0.998531 0.0540885 0.00331363 -0.0157576
1548881156919195648 119 -0.00883816 -0.999937 0.00695312 0.527457 0.00117225 -0.00696375 -0.999975 0.0126781 0.99996 -0.00882979 0.00123373 -0.0290673
1548881156985870592 121 -0.0251593 -0.999668 0.00554118 0.541272 -0.00358994 -0.00545255 -0.999979 0.0159195 0.999677 -0.0251787 -0.00345157 -0.0296347
1548881157452599808 135 -0.0687414 -0.997587 0.00974431 0.687918 0.00316255 -0.00998527 -0.999945 0.017317 0.997629 -0.0687068 0.00384132 -0.0298024
1548881157519274752 137 -0.074505 -0.997219 0.0020017 0.714924 -0.00214487 -0.00184703 -0.999996 0.0165933 0.997218 -0.074509 -0.00200129 -0.0258682
1548881157719300608 143 -0.0921696 -0.994559 -0.0485418 0.813845 -0.0456348 0.0529172 -0.997556 0.0191724 0.994697 -0.0897291 -0.0502639 0.0137633
1548881157752638720 144 -0.0991187 -0.993764 -0.0510838 0.827715 -0.0457652 0.0558349 -0.997391 0.0196335 0.994023 -0.0965222 -0.051014 0.0181009
1548881157919327744 149 -0.11143 -0.992543 -0.0494061 0.87828 -0.0306909 0.0531291 -0.998116 0.0176009 0.993298 -0.109704 -0.0363822 0.0141272
1548881158020049664 152 -0.132174 -0.989436 -0.0595565 0.917878 -0.0231615 0.0631501 -0.997735 0.0138404 0.990956 -0.130496 -0.0312636 0.0167828
1548881158153400832 156 -0.136054 -0.985897 -0.097454 0.987718 -0.037169 0.103379 -0.993947 0.0120638 0.990004 -0.131608 -0.05071 0.0341443
1548881158287393792 160 -0.138324 -0.983527 -0.11637 1.04379 -0.0447888 0.123591 -0.991322 0.0112595 0.989374 -0.131911 -0.0611465 0.0450925
1548881158520757760 167 -0.135734 -0.980978 -0.138775 1.11937 -0.0486827 0.146506 -0.988011 0.00940787 0.989548 -0.127351 -0.0676425 0.0589232
1548881158754121728 174 -0.112796 -0.981397 -0.155361 1.18907 -0.053063 0.162085 -0.985349 0.00715463 0.9922 -0.1029 -0.0703585 0.0701307
1548881158820796672 176 -0.102794 -0.981392 -0.162184 1.21095 -0.0578114 0.168667 -0.983976 0.00807624 0.993021 -0.091771 -0.0740736 0.0764186
1548881159154174720 186 -0.0521395 -0.991038 -0.122988 1.2785 -0.0647128 0.126249 -0.989886 -0.00630407 0.996541 -0.0436533 -0.0707154 0.0840902
1548881159686226688 202 4.10743e-05 -0.996894 -0.0787501 1.37971 -0.0670183 0.0785703 -0.994653 -0.0126399 0.997752 0.00531855 -0.0668069 0.0955137
1548881159986266624 211 0.0119252 -0.99878 -0.0479239 1.44038 -0.0682143 0.047003 -0.996563 -0.015333 0.997599 0.0151533 -0.0675706 0.0968171
1548881160586345728 229 0.0126272 -0.999907 -0.00508173 1.5701 -0.0790029 0.0040686 -0.996866 -0.0179747 0.996794 0.0129891 -0.0789442 0.0982718
1548881160786371584 235 0.0307427 -0.999339 0.0193886 1.61363 -0.0867154 -0.0219912 -0.99599 -0.0205544 0.995759 0.0289381 -0.0873342 0.107601
1548881161419788800 254 0.0286614 -0.998786 0.0400733 1.76268 -0.0866418 -0.0424212 -0.995336 -0.0127559 0.995827 0.0250557 -0.0877525 0.103605
1548881161819841792 266 0.0304151 -0.998388 0.0479099 1.86475 -0.0886544 -0.0504378 -0.994785 -0.00640673 0.995598 0.0260091 -0.0900457 0.1031
1548881162486595584 286 0.0381913 -0.998134 0.0476385 2.04541 -0.0826402 -0.0506648 -0.995291 0.00394424 0.995847 0.0340746 -0.084421 0.0955543
1548881162619946752 290 0.0394256 -0.998239 0.0443329 2.08371 -0.0828544 -0.0474805 -0.99543 0.00573347 0.995781 0.0355722 -0.0845804 0.0945528
1548881163019999744 302 0.0386731 -0.998581 0.0366004 2.1954 -0.0812309 -0.0396482 -0.995906 0.0146019 0.995945 0.0355417 -0.082649 0.091112
1548881163220025600 308 0.0369379 -0.998637 0.0368767 2.25076 -0.0814477 -0.0397876 -0.995883 0.0195307 0.995993 0.0337823 -0.0828064 0.0901201
1548881163720091648 323 0.0202529 -0.999257 0.0327978 2.39032 -0.0850975 -0.0344083 -0.995778 0.029944 0.996167 0.0173763 -0.0857311 0.0896963
1548881163886779648 328 0.0191416 -0.999323 0.0314337 2.44079 -0.0808292 -0.0328832 -0.996185 0.0311508 0.996544 0.0165278 -0.0814039 0.0860931
1548881164353508608 342 0.0120305 -0.999483 0.0298154 2.56368 -0.0755814 -0.0306412 -0.996669 0.0374114 0.997067 0.00973696 -0.075911 0.08251
1548881164420183808 344 0.0119921 -0.999394 0.0326624 2.5798 -0.0746642 -0.0334685 -0.996647 0.0374827 0.997137 0.00951313 -0.0750204 0.0824978
1548881164853573632 357 0.00234905 -0.999464 0.0326616 2.69789 -0.0752435 -0.0327457 -0.996627 0.0458241 0.997162 -0.000116437 -0.07528 0.083626
1548881164987633664 361 -0.00728178 -0.999177 0.0399081 2.72906 -0.0710168 -0.0392917 -0.996701 0.0484202 0.997449 -0.0100919 -0.0706723 0.0808244
1548881165387686656 373 -0.0352835 -0.998241 0.0476393 2.82928 -0.0804649 -0.0446766 -0.995756 0.0535733 0.996133 -0.038967 -0.0787471 0.0838356
1548881165421024768 374 -0.0369972 -0.998129 0.0486856 2.83936 -0.0795434 -0.045623 -0.995787 0.0549965 0.996145 -0.0407139 -0.0777067 0.0821415
1548881165621692672 380 -0.0434701 -0.997561 0.054605 2.88847 -0.0761987 -0.0511869 -0.995778 0.0581709 0.996145 -0.0474474 -0.0737878 0.0831325
1548881165888394752 388 -0.0452698 -0.996505 0.0702072 2.94906 -0.0747255 -0.0667044 -0.994971 0.0628471 0.996176 -0.0502884 -0.0714446 0.0850572
1548881166155096576 396 -0.0500185 -0.995896 0.075434 3.01618 -0.070522 -0.0718182 -0.994922 0.0681676 0.996255 -0.0550842 -0.0666403 0.0859243
1548881166188434688 397 -0.0464794 -0.99592 0.0773516 3.02343 -0.0692388 -0.0740371 -0.994849 0.0687091 0.996517 -0.0515957 -0.0655151 0.084864
1548881166388460800 403 -0.0483629 -0.995533 0.0810906 3.07446 -0.0668248 -0.0777787 -0.994729 0.0728803 0.996592 -0.0535268 -0.0627647 0.0856383
1548881166688499712 412 -0.0455518 -0.996368 0.0719495 3.16377 -0.0705392 -0.0686363 -0.995145 0.0813692 0.996468 -0.0504059 -0.0671564 0.0939362
1548881166788513792 415 -0.0449047 -0.99646 0.071067 3.19075 -0.0688254 -0.0678839 -0.995316 0.0844717 0.996618 -0.0495856 -0.0655335 0.0935229
1548881166921863680 419 -0.044854 -0.996881 0.0649315 3.2308 -0.0705201 -0.0616752 -0.995602 0.0868538 0.996501 -0.0492357 -0.0675338 0.0969585
1548881167121890816 425 -0.0456203 -0.997222 0.058878 3.29016 -0.0663509 -0.0557843 -0.996236 0.0914145 0.996753 -0.0493551 -0.0636217 0.0970961
1548881167255241728 429 -0.0476664 -0.997579 0.0506368 3.33048 -0.0558538 -0.0479531 -0.997287 0.0959649 0.9973 -0.0503653 -0.0534329 0.0927709
1548881167422510592 434 -0.0447801 -0.998001 0.0445846 3.38029 -0.0552259 -0.0420881 -0.997586 0.100335 0.997469 -0.0471342 -0.0532308 0.0961213
1548881167455848704 435 -0.0410527 -0.998241 0.0427706 3.38884 -0.0568182 -0.0404051 -0.997567 0.101241 0.99754 -0.043383 -0.0550595 0.0969908
1548881167855901696 447 -0.014799 -0.998867 0.0452316 3.49302 -0.0590301 -0.0442849 -0.997273 0.10835 0.998146 -0.0174287 -0.0583079 0.10342
1548881167922576640 449 -0.012204 -0.998795 0.0475316 3.51067 -0.0620936 -0.0466864 -0.996978 0.109779 0.997996 -0.0151186 -0.0614491 0.106334
1548881168422642688 464 -0.0162886 -0.99939 0.0308914 3.65107 -0.0579193 -0.0299005 -0.997873 0.115716 0.998188 -0.0180432 -0.0573969 0.106017
1548881168622668800 470 -0.030044 -0.999235 0.0250329 3.71111 -0.0562302 -0.023315 -0.998146 0.118176 0.997966 -0.0313958 -0.0554867 0.103851
1548881169056059648 483 -0.050441 -0.998705 0.00669511 3.8433 -0.0462682 -0.00435971 -0.99892 0.120382 0.997655 -0.0506962 -0.0459883 0.100892
1548881169222747648 488 -0.0512224 -0.998679 -0.0041397 3.89395 -0.0471476 0.00655868 -0.998866 0.124993 0.997574 -0.0509691 -0.0474213 0.104825
1548881169756151808 504 -0.0541396 -0.998406 -0.0159705 4.04732 -0.042693 0.0182938 -0.998921 0.130726 0.99762 -0.0533994 -0.0436153 0.109976
1548881169789489664 505 -0.0526876 -0.998361 -0.0223427 4.05971 -0.0385454 0.0243903 -0.998959 0.130082 0.997867 -0.0517716 -0.0397672 0.109749
1548881170189542656 517 -0.0604998 -0.997996 -0.0185503 4.1674 -0.0503257 0.0216104 -0.998499 0.133395 0.996899 -0.0594755 -0.0515322 0.121727
1548881170222879744 518 -0.0591225 -0.998118 -0.0163033 4.17702 -0.0515257 0.0193613 -0.998484 0.133485 0.99692 -0.0581928 -0.0525734 0.124097
1548881170822958592 536 -0.0712925 -0.997047 0.0285258 4.30856 -0.0476805 -0.0251593 -0.998546 0.139053 0.996315 -0.072549 -0.045746 0.129346
1548881170856296704 537 -0.0689091 -0.997247 0.0273808 4.31828 -0.053312 -0.0237257 -0.998296 0.139826 0.996197 -0.0702514 -0.0515304 0.135069
1548881171189673728 547 -0.0699535 -0.99682 0.0381585 4.40852 -0.0538101 -0.0344258 -0.997958 0.145834 0.996098 -0.0718639 -0.0512308 0.141243
1548881171489713664 556 -0.0790411 -0.996434 0.029533 4.49401 -0.0704823 -0.0239655 -0.997225 0.149236 0.994377 -0.0809033 -0.0683367 0.158495
1548881172056454656 573 -0.0754345 -0.995323 0.0603475 4.6314 -0.0598988 -0.0558877 -0.996639 0.152337 0.99535 -0.0787956 -0.0554028 0.163545
1548881172523182592 587 -0.078436 -0.996476 0.0297236 4.77141 -0.0576197 -0.0252342 -0.99802 0.158169 0.995253 -0.0799933 -0.0554374 0.180108
1548881173123261696 605 -0.0821607 -0.996489 0.0161259 4.94468 -0.0645849 -0.010823 -0.997854 0.165922 0.994524 -0.0830258 -0.0634689 0.197204
1548881173156599808 606 -0.0824693 -0.996489 0.014439 4.95605 -0.0638563 -0.0091749 -0.997917 0.166613 0.994546 -0.0832196 -0.0628755 0.197751
1548881173356044800 612 -0.0845119 -0.996364 -0.0107821 5.02986 -0.0584668 0.0157607 -0.998165 0.167731 0.994706 -0.0837264 -0.0595861 0.20197
1548881173389382656 613 -0.0852662 -0.996256 -0.014294 5.04146 -0.057078 0.0192068 -0.998185 0.168391 0.994722 -0.0842956 -0.0585019 0.200514
1548881173856110592 627 -0.0909137 -0.995814 -0.00942419 5.17617 -0.059125 0.0148441 -0.99814 0.170004 0.994102 -0.0901875 -0.060227 0.219711
1548881174022799616 632 -0.0886691 -0.995975 -0.0130789 5.22572 -0.0559683 0.0180918 -0.998269 0.171057 0.994487 -0.0877836 -0.0573472 0.219937
1548881174589540608 649 -0.098288 -0.995019 -0.0166257 5.38933 -0.0471631 0.0213453 -0.998659 0.173406 0.99404 -0.097372 -0.0490262 0.229713
1548881174822904832 656 -0.110914 -0.993797 -0.00805746 5.45193 -0.0468714 0.0133292 -0.998812 0.176899 0.992724 -0.110404 -0.0480591 0.235508
1548881175389004800 673 -0.130716 -0.991398 0.00654778 5.61635 -0.0488338 -0.00015799 -0.998807 0.176711 0.990216 -0.130879 -0.0483931 0.252023
1548881175455679744 675 -0.133121 -0.99109 -0.00432937 5.63708 -0.0457805 0.0105126 -0.998896 0.178329 0.990042 -0.132776 -0.0467721 0.252124
1548881176055758592 693 -0.142395 -0.989641 0.0182767 5.80275 -0.043595 -0.0121763 -0.998975 0.182401 0.988849 -0.143046 -0.0414095 0.269309
1548881176089096704 694 -0.14503 -0.989136 0.0239917 5.81306 -0.0407575 -0.018255 -0.999002 0.182491 0.988587 -0.145864 -0.0376672 0.271102
1548881176489149696 706 -0.14655 -0.989153 0.00994152 5.93896 -0.0353414 -0.00480805 -0.999364 0.18691 0.988572 -0.146808 -0.0342535 0.284762
1548881176755850752 714 -0.145455 -0.989118 0.0220845 6.01462 -0.0315498 -0.0176733 -0.999346 0.18841 0.988862 -0.146056 -0.0286358 0.293491
1548881177355929600 732 -0.147943 -0.988993 -0.00216585 6.22124 -0.0271056 0.00624384 -0.999613 0.190648 0.988624 -0.147828 -0.027731 0.312934
1548881177389267712 733 -0.14765 -0.989024 -0.00561874 6.23047 -0.0272034 0.00973986 -0.999582 0.189435 0.988666 -0.147435 -0.0283429 0.315212
1548881177722644736 743 -0.138655 -0.990095 -0.022065 6.33796 -0.0239889 0.0256314 -0.999384 0.194296 0.99005 -0.13804 -0.0273052 0.327928
1548881177755982592 744 -0.139692 -0.989962 -0.0214821 6.34798 -0.0225222 0.0248657 -0.999437 0.195948 0.989939 -0.13913 -0.0257697 0.329351
1548881178222710784 758 -0.143784 -0.989153 -0.0300483 6.50213 -0.0213564 0.0334583 -0.999212 0.197221 0.989379 -0.143029 -0.0259355 0.3489
1548881178289386752 760 -0.141937 -0.989379 -0.0313445 6.51722 -0.0219841 0.0348079 -0.999152 0.197283 0.989631 -0.141128 -0.0266912 0.351746
1548881178855418624 777 -0.14056 -0.989846 -0.0211416 6.68359 -0.0230066 0.0246133 -0.999432 0.194745 0.989805 -0.139994 -0.0262327 0.370792
1548881178888756736 778 -0.139179 -0.989929 -0.0258618 6.69639 -0.0231168 0.0293568 -0.999302 0.195049 0.989997 -0.138484 -0.0269698 0.373721
1548881179188795648 787 -0.13002 -0.991495 -0.00563907 6.77826 -0.0228756 0.00868555 -0.999701 0.195202 0.991247 -0.129852 -0.0238103 0.381633
1548881179288808704 790 -0.138972 -0.990281 -0.00550109 6.80719 -0.023108 0.00879627 -0.999694 0.194757 0.990027 -0.138802 -0.0241058 0.3814
1548881179822212608 806 -0.124733 -0.992022 -0.0182973 6.98188 -0.0100322 0.0197014 -0.999756 0.195646 0.99214 -0.124519 -0.0124096 0.394972
1548881179855550720 807 -0.125376 -0.99207 -0.00879078 6.98849 -0.0109713 0.0102466 -0.999887 0.195991 0.992049 -0.125266 -0.012169 0.395427
1548881180088131584 814 -0.122036 -0.99252 -0.00347433 7.05498 -0.0165261 0.00553195 -0.999848 0.195633 0.992388 -0.12196 -0.0170776 0.402769
1548881180121469696 815 -0.124922 -0.992116 0.010019 7.06013 -0.0148028 -0.0082333 -0.999857 0.195326 0.992056 -0.125053 -0.0136575 0.40366
1548881180288157696 820 -0.122598 -0.992389 0.0115404 7.10252 -0.0120156 -0.0101431 -0.999876 0.196358 0.992384 -0.122721 -0.0106807 0.404899
1548881180654872576 831 -0.125509 -0.991873 0.0208481 7.2057 -0.0174821 -0.0187999 -0.99967 0.201449 0.991938 -0.125833 -0.0149804 0.418828
1548881181154938624 846 -0.13239 -0.99097 0.0212223 7.36355 -0.00774945 -0.0203753 -0.999762 0.206179 0.991167 -0.132523 -0.00498199 0.429829
1548881181487450624 856 -0.123727 -0.99197 0.0261995 7.46017 -0.0102194 -0.0251272 -0.999632 0.208488 0.992264 -0.123949 -0.00702841 0.445854
1548881181954178816 870 -0.127147 -0.991865 0.00607002 7.61349 -0.0180553 -0.00380425 -0.99983 0.214027 0.991719 -0.127235 -0.0174247 0.465826
1548881182020854784 872 -0.131837 -0.991271 3.88613e-05 7.63494 -0.0248901 0.00327112 -0.999685 0.216007 0.990959 -0.131796 -0.0251041 0.472283
1548881185254613760 969 -0.123873 -0.992298 0.000665714 7.69988 -0.0266813 0.00266011 -0.99964 0.217326 0.991939 -0.123846 -0.0268053 0.478242
1548881186021381632 992 -0.091523 -0.995493 0.0248289 7.86016 -0.0212404 -0.0229763 -0.99951 0.221137 0.995576 -0.0920056 -0.0190418 0.488437
1548881186387141632 1003 -0.0784627 -0.996855 0.011113 7.95044 -0.0350377 -0.00838298 -0.999351 0.222557 0.996301 -0.0788012 -0.0342698 0.505777
1548881186720518656 1013 -0.0864551 -0.996242 0.00528003 8.03025 -0.0316626 -0.00254955 -0.999495 0.223115 0.995752 -0.0865787 -0.0313232 0.50789
1548881187587299584 1039 -0.100678 -0.994919 -0.000806167 8.2347 -0.0473266 0.00559847 -0.998864 0.229343 0.993793 -0.100526 -0.0476498 0.53155
1548881188154040832 1056 -0.106944 -0.994256 -0.0042761 8.36294 -0.0510732 0.00978852 -0.998647 0.228873 0.992952 -0.106581 -0.0518266 0.545884
1548881188653051648 1071 -0.125243 -0.992123 0.0024369 8.46805 -0.0338935 0.0018238 -0.999424 0.235025 0.991547 -0.125254 -0.033855 0.541015
1548881188819740672 1076 -0.123579 -0.992266 0.0116585 8.49991 -0.0366712 -0.00717401 -0.999302 0.23512 0.991657 -0.12392 -0.0355011 0.545539
1548881189219792640 1088 -0.127319 -0.991862 0.000734037 8.59834 -0.0578958 0.00669293 -0.9983 0.235562 0.990171 -0.127145 -0.0582767 0.570882
1548881189719858688 1103 -0.1343 -0.990867 0.0121196 8.70087 -0.0632687 -0.00363146 -0.99799 0.23703 0.988919 -0.134797 -0.0622031 0.588738
1548881190218758656 1118 -0.14644 -0.989039 0.0188834 8.82044 -0.0602276 -0.0101395 -0.998133 0.23705 0.987384 -0.147304 -0.0580826 0.600342
1548881190252096768 1119 -0.147064 -0.988922 0.0201561 8.82486 -0.0584395 -0.0116551 -0.998223 0.236417 0.987399 -0.14798 -0.0560781 0.603535
1548881190485460736 1126 -0.14765 -0.988881 0.0177043 8.88474 -0.0669389 -0.00786797 -0.997726 0.239214 0.986772 -0.148499 -0.065033 0.619721
1548881190752162816 1134 -0.16141 -0.986883 -0.00285606 8.96435 -0.0498519 0.0110438 -0.998696 0.24696 0.985627 -0.161058 -0.0509806 0.619105
1548881191384292608 1153 -0.158171 -0.987319 0.0135073 9.10418 -0.0789938 -0.000982957 -0.996875 0.248103 0.984247 -0.158744 -0.0778366 0.658201
1548881191484305664 1156 -0.158098 -0.987127 0.024178 9.11982 -0.0669576 -0.0137122 -0.997662 0.247773 0.985151 -0.159347 -0.0639278 0.653198
1548881191817682688 1166 -0.150272 -0.988338 0.0246035 9.1987 -0.0760003 -0.0132641 -0.99702 0.252404 0.985719 -0.151694 -0.0731208 0.671139
1548881192484437760 1186 -0.151218 -0.9882 0.0243624 9.36955 -0.0623512 -0.0150613 -0.997941 0.255902 0.986532 -0.152426 -0.0593379 0.683289
1548881192617787648 1190 -0.151152 -0.988247 0.0228337 9.40353 -0.0658206 -0.012986 -0.997747 0.258872 0.986317 -0.152314 -0.0630842 0.693708
1548881192884489728 1198 -0.150139 -0.988216 0.0297863 9.46578 -0.069795 -0.0194584 -0.997372 0.260468 0.986198 -0.151824 -0.0660511 0.70572
1548881193517906688 1217 -0.152059 -0.987961 0.0284721 9.62221 -0.0705232 -0.0178884 -0.99735 0.267181 0.985852 -0.153664 -0.0669542 0.73019
1548881193551244800 1218 -0.152637 -0.987836 0.0297081 9.63111 -0.0697353 -0.0192199 -0.99738 0.266631 0.985819 -0.154309 -0.0659534 0.731168
1548881194184661760 1237 -0.16112 -0.986251 0.0367448 9.78395 -0.0734594 -0.0251438 -0.996981 0.275909 0.984197 -0.163333 -0.0683982 0.764962
1548881194217998592 1238 -0.161232 -0.986488 0.0290963 9.79453 -0.0755327 -0.0170612 -0.996997 0.273815 0.984022 -0.162946 -0.0717613 0.7658
1548881194251336704 1239 -0.162434 -0.986289 0.0291484 9.80586 -0.080731 -0.0161575 -0.996605 0.274352 0.983411 -0.164235 -0.0769995 0.769827
1548881194751402752 1254 -0.156349 -0.987573 0.0159802 9.93939 -0.0918981 -0.00156383 -0.995767 0.279052 0.983417 -0.157156 -0.0905116 0.799969
1548881194884753664 1258 -0.157866 -0.987309 0.0172811 9.96971 -0.0894725 -0.00312671 -0.995984 0.280018 0.983399 -0.158779 -0.0878435 0.80403
1548881195484832768 1276 -0.159447 -0.98719 0.0056332 10.1217 -0.100706 0.0105887 -0.99486 0.283484 0.982057 -0.159195 -0.101104 0.834721
1548881195784871680 1285 -0.158256 -0.987381 0.00581647 10.1937 -0.100646 0.0102709 -0.994869 0.284549 0.982255 -0.15803 -0.101001 0.847183
1548881196451626752 1305 -0.159657 -0.987054 -0.0152989 10.3709 -0.100825 0.0317213 -0.994398 0.285916 0.98201 -0.15722 -0.104584 0.875253
1548881196484964608 1306 -0.157136 -0.987339 -0.0216598 10.3824 -0.100991 0.0378824 -0.994166 0.285696 0.9824 -0.154032 -0.105666 0.877278
1548881196584977664 1309 -0.162282 -0.986426 -0.0250503 10.4084 -0.0989358 0.0415248 -0.994227 0.285048 0.981772 -0.158867 -0.104332 0.880722
1548881196751665664 1314 -0.160256 -0.986618 -0.030059 10.4545 -0.0990259 0.0463688 -0.994004 0.285064 0.982096 -0.156318 -0.105132 0.887853
1548881197151718656 1326 -0.163291 -0.986124 -0.0299259 10.5533 -0.107609 0.0479544 -0.993036 0.283308 0.980692 -0.158933 -0.113946 0.909269
1548881197351744768 1332 -0.170024 -0.9851 -0.0258848 10.6022 -0.111084 0.0452591 -0.99278 0.283487 0.979159 -0.165921 -0.117124 0.92122
1548881197851810816 1347 -0.17922 -0.983638 -0.0183329 10.7291 -0.113395 0.039164 -0.992778 0.280952 0.977252 -0.175847 -0.118559 0.945018
1548881197918486784 1349 -0.179435 -0.98349 -0.0234564 10.7508 -0.110096 0.0437689 -0.992957 0.281663 0.97759 -0.175589 -0.116132 0.946011
1548881198218525696 1358 -0.18482 -0.982672 -0.0140249 10.828 -0.121 0.0369151 -0.991966 0.281512 0.975295 -0.181638 -0.125726 0.969384
1548881198251863808 1359 -0.18574 -0.982526 -0.0119987 10.8368 -0.119771 0.0347588 -0.992193 0.281589 0.975272 -0.182853 -0.124134 0.969913
1548881198686540800 1372 -0.191302 -0.981505 0.00717337 10.9386 -0.11786 0.0157151 -0.992906 0.281141 0.974429 -0.19079 -0.118687 0.986693
1548881198953242624 1380 -0.193966 -0.980924 0.0128272 11.0012 -0.124325 0.0116095 -0.992174 0.278971 0.973098 -0.194042 -0.124206 1.00523
1548881199219944704 1388 -0.195019 -0.980655 0.016847 11.0738 -0.119581 0.00672498 -0.992802 0.279261 0.973482 -0.19563 -0.118579 1.01327
1548881199521150720 1397 -0.197442 -0.980197 0.0151641 11.155 -0.114155 0.00762556 -0.993434 0.277996 0.973645 -0.197877 -0.1134 1.02501
1548881199987878656 1411 -0.202358 -0.979099 0.0204198 11.2741 -0.11211 0.00244643 -0.993693 0.283706 0.972873 -0.203371 -0.110262 1.0477
1548881200287917824 1420 -0.205408 -0.978228 0.0296378 11.3484 -0.116594 -0.00560794 -0.993164 0.286911 0.971706 -0.207459 -0.112904 1.06665
1548881200589012736 1429 -0.208501 -0.977321 0.0370241 11.4215 -0.122175 -0.0115322 -0.992442 0.289853 0.970361 -0.211448 -0.116999 1.08678
1548881200922389760 1439 -0.208895 -0.977118 0.0400477 11.51 -0.115901 -0.015926 -0.993133 0.288097 0.971046 -0.212102 -0.109922 1.10156
1548881201389117696 1453 -0.213602 -0.976297 0.0349006 11.6358 -0.10568 -0.0124236 -0.994323 0.290995 0.971188 -0.216077 -0.100521 1.12209
1548881201422455808 1454 -0.212635 -0.976429 0.0370492 11.6471 -0.107235 -0.0143684 -0.99413 0.291942 0.97123 -0.21536 -0.101652 1.12496
1548881201855845632 1467 -0.214879 -0.976055 0.0338152 11.7692 -0.110728 -0.0100531 -0.9938 0.298689 0.970343 -0.217291 -0.105916 1.15662
1548881201989196800 1471 -0.213679 -0.976307 0.0341424 11.8023 -0.114447 -0.00969127 -0.993382 0.300338 0.970177 -0.216172 -0.109664 1.16798
1548881202489262592 1486 -0.219018 -0.975395 0.0252321 11.9396 -0.122223 0.00176959 -0.992501 0.303607 0.968036 -0.220459 -0.119603 1.20536
1548881202755964672 1494 -0.21495 -0.976398 0.021054 12.0164 -0.117001 0.00434258 -0.993122 0.302392 0.969591 -0.215935 -0.115173 1.21987
1548881202989328640 1501 -0.178271 -0.983936 0.0094808 12.0888 -0.112258 0.0107648 -0.993621 0.304095 0.977557 -0.178198 -0.112373 1.24053
1548881203056003584 1503 -0.163406 -0.986539 0.0063046 12.1066 -0.113708 0.0124854 -0.993436 0.304615 0.979984 -0.16305 -0.114218 1.24436
1548881203189354752 1507 -0.132286 -0.9912 -0.0047998 12.146 -0.111561 0.0197002 -0.993562 0.303974 0.984914 -0.130899 -0.113185 1.25235
1548881203656082688 1521 -0.0980798 -0.994528 -0.0359784 12.2885 -0.115104 0.0472467 -0.992229 0.302672 0.9885 -0.0931764 -0.119108 1.27508
1548881204056135680 1533 -0.0921127 -0.994376 -0.0522681 12.4196 -0.112962 0.0625877 -0.991626 0.305015 0.98932 -0.085437 -0.118092 1.28901
1548881204222824704 1538 -0.0878578 -0.99438 -0.0590741 12.4741 -0.116466 0.0691507 -0.990784 0.305257 0.989301 -0.0801681 -0.121887 1.29368
1548881204656214784 1551 -0.0856191 -0.994456 -0.0610459 12.6002 -0.108577 0.070219 -0.991605 0.302469 0.990394 -0.0782721 -0.113987 1.30141
1548881204922916608 1559 -0.0895536 -0.994487 -0.0545506 12.6785 -0.109066 0.0642332 -0.991957 0.297716 0.989992 -0.0828837 -0.114217 1.31015
1548881205589670656 1579 -0.0948878 -0.994609 -0.0418181 12.8673 -0.100658 0.0513784 -0.993594 0.290491 0.990386 -0.0900706 -0.104991 1.3207
1548881205623008768 1580 -0.0963168 -0.994471 -0.0418374 12.8763 -0.100665 0.0515498 -0.993584 0.289458 0.990247 -0.0914873 -0.105074 1.32177
1548881206089736704 1594 -0.108039 -0.993299 -0.0410525 13.0172 -0.0867183 0.0505529 -0.994949 0.28686 0.990357 -0.103933 -0.0915989 1.32954
1548881206323100672 1601 -0.113191 -0.992705 -0.0415297 13.0889 -0.0850829 0.0513293 -0.995051 0.284554 0.989924 -0.109098 -0.0902723 1.33785
1548881206856504832 1617 -0.126417 -0.99148 -0.0313992 13.2438 -0.0825347 0.0420563 -0.9957 0.282471 0.988538 -0.123282 -0.0871482 1.35707
1548881206923179776 1619 -0.128721 -0.99085 -0.0405929 13.2697 -0.0783688 0.0509692 -0.995621 0.281547 0.988579 -0.124976 -0.0842125 1.35785
1548881207189881600 1627 -0.139391 -0.98971 -0.032322 13.3435 -0.0761473 0.0432572 -0.996158 0.280447 0.987305 -0.136394 -0.0813934 1.36595
1548881207656609792 1641 -0.148496 -0.988665 -0.0221438 13.4813 -0.0726969 0.033245 -0.9968 0.277843 0.986237 -0.146411 -0.0768097 1.38471
1548881208023324672 1652 -0.152521 -0.98814 -0.0178148 13.587 -0.0685486 0.0285594 -0.997239 0.273352 0.98592 -0.150878 -0.0720915 1.39721
1548881208256688640 1659 -0.12962 -0.991277 -0.0238593 13.6603 -0.0628865 0.0322321 -0.9975 0.272008 0.989568 -0.127795 -0.0665159 1.40501
1548881208290026752 1660 -0.124841 -0.992018 -0.0177465 13.6688 -0.0654561 0.0260822 -0.997515 0.269833 0.990015 -0.12337 -0.0681897 1.40902
1548881208390039808 1663 -0.102742 -0.994508 -0.019958 13.6985 -0.065607 0.0267956 -0.997486 0.270358 0.992542 -0.101175 -0.0679997 1.41483
1548881208523390720 1667 -0.0778553 -0.996691 -0.0233694 13.7364 -0.0597358 0.0280621 -0.99782 0.27031 0.995173 -0.0762896 -0.0617229 1.41988
1548881208624358656 1670 -0.0655537 -0.997705 -0.0169378 13.7579 -0.0680857 0.021407 -0.99745 0.269868 0.995524 -0.0642333 -0.0693328 1.42835
1548881208924398592 1679 -0.0590265 -0.998114 -0.0168842 13.844 -0.0724656 0.0211533 -0.997147 0.270606 0.995623 -0.0576346 -0.0735775 1.43721
1548881209424464640 1694 -0.051256 -0.998406 -0.0236342 13.9915 -0.0773562 0.0275633 -0.996622 0.270841 0.995685 -0.0492546 -0.0786457 1.44641
1548881209824517632 1706 -0.0477458 -0.998681 -0.0188749 14.1017 -0.0806296 0.0226882 -0.996486 0.27217 0.9956 -0.0460561 -0.0816065 1.45533
1548881209857854720 1707 -0.0470221 -0.998762 -0.0162294 14.111 -0.0801575 0.0199678 -0.996582 0.272222 0.995672 -0.0455605 -0.0809971 1.45675
1548881210357920768 1722 -0.0372478 -0.999279 0.00733126 14.2454 -0.084876 -0.00414628 -0.996383 0.273913 0.995695 -0.0377353 -0.0846604 1.46336
1548881210457933824 1725 -0.040136 -0.99919 0.00301046 14.2834 -0.0837459 0.00036164 -0.996487 0.275126 0.995679 -0.0402471 -0.0836926 1.46568
1548881210957999616 1740 -0.057784 -0.998098 0.0214901 14.4334 -0.0880314 -0.0163481 -0.995984 0.27973 0.99444 -0.0594437 -0.0869193 1.47389
1548881211224701696 1748 -0.0723662 -0.997026 0.0265035 14.5203 -0.0875847 -0.0201179 -0.995954 0.281194 0.993525 -0.0743947 -0.0858683 1.47845
1548881211691429632 1762 -0.0911782 -0.995591 0.0220436 14.6757 -0.0799541 -0.0147456 -0.996689 0.289108 0.99262 -0.0926388 -0.0782571 1.48475
1548881211724767744 1763 -0.0914399 -0.995491 0.0252461 14.6865 -0.0767613 -0.0182306 -0.996883 0.288975 0.992848 -0.0930927 -0.0747482 1.48512
1548881211991469824 1771 -0.0948684 -0.995329 0.0178955 14.7806 -0.0709442 -0.0111711 -0.997418 0.294203 0.992959 -0.095893 -0.069553 1.48937
1548881212124820736 1775 -0.0922339 -0.99568 0.0106853 14.8254 -0.0643707 -0.0047464 -0.997915 0.297126 0.993655 -0.0927294 -0.0636548 1.4912
1548881212391521792 1783 -0.0998875 -0.994988 0.00470488 14.9149 -0.063436 0.00164933 -0.997985 0.30101 0.992974 -0.0999847 -0.0632828 1.50079
1548881212524872704 1787 -0.094175 -0.995523 0.00808487 14.952 -0.0603406 -0.00239827 -0.998175 0.302739 0.993725 -0.094491 -0.0598446 1.50421
1548881212758236672 1794 -0.103222 -0.994539 -0.0153901 15.0422 -0.0439781 0.020021 -0.998832 0.307505 0.993686 -0.102424 -0.0458046 1.5018
1548881213158289664 1806 -0.0978197 -0.99495 -0.0224979 15.1756 -0.0359166 0.0261209 -0.999013 0.312875 0.994556 -0.0969151 -0.0382904 1.50978
1548881213724075776 1823 -0.0998852 -0.994998 -0.00142738 15.3397 -0.0483396 0.00628554 -0.998811 0.312046 0.993824 -0.0996975 -0.0487256 1.53581
1548881213757413632 1824 -0.102387 -0.994744 0.00092539 15.3509 -0.0516647 0.00438872 -0.998655 0.311173 0.993402 -0.102297 -0.0518425 1.53717
1548881213890764800 1828 -0.107059 -0.994234 -0.00613729 15.3958 -0.0462933 0.0111507 -0.998866 0.311953 0.993174 -0.106653 -0.0472201 1.53963
1548881214024115712 1832 -0.110069 -0.993886 -0.00865823 15.4425 -0.0448597 0.0136699 -0.9989 0.312616 0.992911 -0.109559 -0.0460901 1.54198
1548881214524181760 1847 -0.113442 -0.993159 -0.027688 15.6183 -0.0438105 0.0328411 -0.9985 0.315674 0.992578 -0.112059 -0.0472364 1.55835
1548881214757545728 1854 -0.107762 -0.99391 -0.0230239 15.6941 -0.0354153 0.0269818 -0.999008 0.314545 0.993546 -0.10684 -0.0381072 1.56031
1548881215390962688 1873 -0.110142 -0.993771 -0.0169881 15.8986 -0.0406271 0.0215793 -0.998941 0.315932 0.993085 -0.109335 -0.0427508 1.58682
1548881215691001600 1882 -0.115723 -0.993246 -0.00843504 15.9943 -0.0447123 0.0136925 -0.998906 0.316503 0.992275 -0.115219 -0.0459948 1.60076
1548881216256687616 1899 -0.133724 -0.99097 -0.00976831 16.184 -0.0518534 0.0168399 -0.998513 0.318828 0.989661 -0.133019 -0.0536371 1.62625
1548881216490052608 1906 -0.138373 -0.990378 -0.00223778 16.2557 -0.0468346 0.00880056 -0.998864 0.318148 0.989272 -0.138111 -0.0476017 1.63362
1548881216923442688 1919 -0.144883 -0.989161 -0.023847 16.4115 -0.070813 0.0344055 -0.996896 0.319616 0.986912 -0.142745 -0.0750303 1.67014
1548881217456846592 1935 -0.160759 -0.986617 -0.0272727 16.5884 -0.0684701 0.0387135 -0.996902 0.317267 0.984616 -0.158393 -0.0737773 1.69386
1548881217956911616 1950 -0.186043 -0.981678 -0.0411759 16.76 -0.0696873 0.0549856 -0.996052 0.313654 0.980067 -0.182439 -0.0786402 1.72318
1548881218290289664 1960 -0.193239 -0.980564 -0.0339583 16.867 -0.0791706 0.0500812 -0.995602 0.312314 0.977952 -0.189701 -0.0873095 1.74902
1548881218790355712 1975 -0.191096 -0.981308 -0.0227515 17.0259 -0.0707043 0.0368797 -0.996815 0.311267 0.979021 -0.188879 -0.0764302 1.76755
1548881218923705600 1979 -0.189419 -0.981773 -0.0155747 17.0669 -0.0750621 0.0302939 -0.996719 0.308615 0.979023 -0.187628 -0.0794322 1.7786
1548881219457109760 1995 -0.171131 -0.984943 -0.024536 17.2488 -0.060969 0.0354422 -0.99751 0.307338 0.98336 -0.169209 -0.0661162 1.80407
1548881219523784704 1997 -0.156888 -0.987305 -0.0247908 17.2733 -0.0557937 0.0339219 -0.997866 0.308424 0.986039 -0.15517 -0.0604074 1.80807
1548881219923837696 2009 -0.112136 -0.993592 -0.0141658 17.395 -0.0504741 0.0199326 -0.998526 0.306984 0.99241 -0.111256 -0.0523858 1.82936
1548881220157201664 2016 -0.109722 -0.993929 -0.00815217 17.4714 -0.0526093 0.0139974 -0.998517 0.306466 0.992569 -0.10913 -0.0538257 1.83678
1548881220591647744 2029 -0.112238 -0.993681 0.000113984 17.6105 -0.0565245 0.00626999 -0.998382 0.309476 0.992072 -0.112062 -0.0568711 1.85605
1548881220991699712 2041 -0.109625 -0.993969 -0.00271051 17.7454 -0.061752 0.00953228 -0.998046 0.313659 0.992053 -0.109244 -0.0624246 1.8739
1548881221258401792 2049 -0.111035 -0.993749 -0.0116274 17.8395 -0.0653593 0.0189762 -0.997681 0.316523 0.991665 -0.110017 -0.0670578 1.88475
1548881221525103616 2057 -0.102621 -0.994679 -0.00912516 17.9247 -0.0795024 0.0173458 -0.996684 0.319059 0.991538 -0.101555 -0.0808594 1.90252
1548881221825143808 2066 -0.100368 -0.99495 3.70989e-05 18.0191 -0.0820605 0.00824092 -0.996593 0.322473 0.991561 -0.100029 -0.0824733 1.91434
1548881222391884800 2083 -0.0931879 -0.995424 0.0211295 18.1935 -0.063142 -0.0152706 -0.997888 0.324859 0.993644 -0.0943252 -0.06143 1.91853
1548881222791937792 2095 -0.0918939 -0.995326 0.0296846 18.3198 -0.0720782 -0.0230838 -0.997132 0.327831 0.993157 -0.0937699 -0.0696201 1.93817
1548881223258665728 2109 -0.0890156 -0.995848 0.0190468 18.4826 -0.065645 -0.0132155 -0.997756 0.336075 0.993865 -0.0900661 -0.064196 1.94885
1548881223325340672 2111 -0.0888311 -0.995909 0.0165888 18.5069 -0.0575649 -0.0114937 -0.998276 0.338187 0.994382 -0.0896328 -0.0563084 1.94649
1548881223592042752 2119 -0.0871918 -0.996179 0.00490378 18.6042 -0.0439494 -0.00107111 -0.999033 0.342375 0.995222 -0.087323 -0.043688 1.94624
1548881223625380608 2120 -0.0892112 -0.996011 0.00207696 18.6162 -0.046075 0.00204381 -0.998936 0.341647 0.994946 -0.089212 -0.0460736 1.9495
1548881224058770688 2133 -0.0885975 -0.996045 0.0066547 18.7592 -0.0501896 -0.00220835 -0.998737 0.346106 0.994802 -0.0888196 -0.0497955 1.96479
1548881224258796800 2139 -0.0901339 -0.995926 0.00264208 18.8281 -0.0512457 0.00198847 -0.998684 0.34986 0.99461 -0.0901507 -0.0512162 1.97156
1548881224758862592 2154 -0.101872 -0.994791 0.00351566 18.9993 -0.0502104 0.00161221 -0.998737 0.353917 0.99353 -0.10192 -0.0501131 1.98755
1548881225192253696 2167 -0.0988492 -0.995094 -0.00397305 19.1507 -0.0604824 0.00999323 -0.998119 0.35864 0.993263 -0.098423 -0.0611736 2.01279
1548881225525630720 2177 -0.101127 -0.994716 -0.017716 19.2732 -0.071506 0.0250285 -0.997126 0.364614 0.992301 -0.0995692 -0.0736592 2.02989
1548881225658981632 2181 -0.101193 -0.994429 -0.0295158 19.3246 -0.0741467 0.0371241 -0.996556 0.364994 0.9921 -0.0986557 -0.0774903 2.03332
1548881225925683712 2189 -0.094001 -0.99501 -0.0334619 19.4197 -0.0787548 0.0409372 -0.996053 0.365229 0.992452 -0.0909947 -0.0822099 2.04581
1548881226259060736 2199 -0.098337 -0.99472 -0.0293659 19.5295 -0.073982 0.0367347 -0.996583 0.362569 0.992399 -0.0958284 -0.0772038 2.05061
1548881226692450816 2212 -0.0922662 -0.995063 -0.0365689 19.6796 -0.0842615 0.0443963 -0.995454 0.359124 0.992163 -0.0887654 -0.0879418 2.07158
1548881226725788672 2213 -0.0914399 -0.995256 -0.0332344 19.6906 -0.0819504 0.0407819 -0.995802 0.359958 0.992433 -0.0883324 -0.0852907 2.071
1548881227025828608 2222 -0.090595 -0.99522 -0.0364518 19.7902 -0.0894614 0.0445871 -0.994992 0.360201 0.991861 -0.0868802 -0.0930732 2.0844
1548881227392543744 2233 -0.0824443 -0.995757 -0.0408831 19.9156 -0.104291 0.0494178 -0.993318 0.357797 0.991124 -0.0776296 -0.107923 2.10305
1548881227925946624 2249 -0.0885854 -0.995502 -0.0335837 20.09 -0.108903 0.0431939 -0.993113 0.353132 0.990097 -0.084318 -0.11224 2.1188
1548881228025959680 2252 -0.0828086 -0.996055 -0.0318944 20.1235 -0.104995 0.0405462 -0.993646 0.354766 0.991019 -0.0789336 -0.107939 2.12197
1548881228125973760 2255 -0.0826319 -0.995812 -0.0391265 20.1613 -0.112309 0.0483156 -0.992498 0.353129 0.990232 -0.0776178 -0.115831 2.12888
1548881228159310592 2256 -0.0829243 -0.99591 -0.0358842 20.1721 -0.112475 0.0451312 -0.992629 0.352055 0.990188 -0.078277 -0.115757 2.12949
1548881228492688640 2266 -0.0845864 -0.996054 -0.0268441 20.2769 -0.100595 0.0353395 -0.9943 0.349122 0.991325 -0.0814039 -0.103187 2.13155
1548881228958361600 2280 -0.0806439 -0.996284 -0.0302367 20.4385 -0.104453 0.0386156 -0.99378 0.343102 0.991255 -0.0769839 -0.107179 2.14943
1548881229225062656 2288 -0.0780621 -0.996139 -0.0401616 20.5351 -0.102231 0.0480705 -0.993599 0.345365 0.991693 -0.0734567 -0.105588 2.15426
1548881229658453760 2301 -0.0824203 -0.995962 -0.0355853 20.676 -0.10772 0.0444005 -0.993189 0.34175 0.990759 -0.0780257 -0.110944 2.16776
1548881230058506752 2313 -0.0963194 -0.994739 -0.0348709 20.8058 -0.098498 0.0443876 -0.994147 0.338336 0.990465 -0.0923209 -0.102255 2.17154
1548881230658585600 2331 -0.101976 -0.994785 -0.00178108 20.9814 -0.0944823 0.0114677 -0.99546 0.337416 0.99029 -0.101344 -0.095159 2.18527
1548881231158651648 2346 -0.105432 -0.994301 -0.0157874 21.1509 -0.0787247 0.0241716 -0.996603 0.338939 0.991306 -0.103831 -0.0808245 2.19383
1548881231625379584 2360 -0.114812 -0.992726 -0.0362348 21.3219 -0.0577019 0.0430789 -0.997404 0.338803 0.99171 -0.112423 -0.0622281 2.19561
1548881232225458688 2378 -0.118224 -0.991986 -0.0445651 21.5212 -0.0455593 0.0502514 -0.997697 0.340045 0.991941 -0.115921 -0.0511351 2.20237
1548881232258795776 2379 -0.122143 -0.991452 -0.0458599 21.5357 -0.043948 0.0515632 -0.997702 0.341316 0.991539 -0.119847 -0.0498704 2.20337
1548881232492160768 2386 -0.124254 -0.990992 -0.0499491 21.6159 -0.0365722 0.0548789 -0.997823 0.341471 0.991576 -0.122157 -0.0430617 2.20642
1548881232558835712 2388 -0.125646 -0.990817 -0.0499557 21.6337 -0.0367179 0.0549647 -0.997813 0.339839 0.991395 -0.123537 -0.0432868 2.20845
1548881232759916800 2394 -0.130016 -0.991251 -0.0227615 21.6845 -0.0480497 0.0292284 -0.998417 0.337631 0.990347 -0.128717 -0.0514295 2.22535
1548881232793254656 2395 -0.129202 -0.991413 -0.0201571 21.6946 -0.0509519 0.026938 -0.998338 0.33744 0.990308 -0.127961 -0.0539948 2.22761
1548881233093294592 2404 -0.137084 -0.990396 -0.0179883 21.795 -0.0466455 0.0245938 -0.998609 0.334472 0.989461 -0.136054 -0.0495689 2.23506
1548881233359995648 2412 -0.146353 -0.988969 -0.0228418 21.8859 -0.0479907 0.0301613 -0.998392 0.334718 0.988068 -0.145021 -0.0518755 2.24799
1548881233793386752 2425 -0.146057 -0.988887 -0.0277451 22.031 -0.0439894 0.0345102 -0.998436 0.333852 0.988298 -0.144608 -0.0485411 2.26496
1548881233826724608 2426 -0.149308 -0.988396 -0.027947 22.0425 -0.0416174 0.0345206 -0.998537 0.334193 0.987914 -0.147927 -0.0462887 2.26729
1548881234260114688 2439 -0.153634 -0.987872 -0.0224636 22.1788 -0.0494784 0.0303959 -0.998313 0.333223 0.986888 -0.152264 -0.0535482 2.28808
1548881234293452800 2440 -0.156985 -0.987346 -0.0224617 22.1886 -0.050411 0.0307251 -0.998256 0.334233 0.986314 -0.155578 -0.0545964 2.29193
1548881234593491712 2449 -0.163857 -0.986421 -0.0111431 22.2804 -0.0441521 0.0186177 -0.998851 0.33387 0.985496 -0.163177 -0.0466032 2.30193
1548881234926868736 2459 -0.165167 -0.986258 -0.00397728 22.3843 -0.0482449 0.0121072 -0.998762 0.33303 0.985085 -0.16477 -0.0495817 2.32046
1548881235360259584 2472 -0.0990809 -0.995079 -0.000189844 22.519 -0.0449866 0.00466994 -0.998977 0.334141 0.994062 -0.098971 -0.0452279 2.34515
1548881235892607744 2488 -0.0696433 -0.997537 -0.00835743 22.6981 -0.0429306 0.011367 -0.999013 0.336472 0.996648 -0.0692158 -0.0436165 2.36156
1548881236259322624 2499 -0.0643178 -0.997869 -0.0110021 22.8164 -0.0411552 0.0136679 -0.999059 0.33849 0.99708 -0.0638045 -0.0419466 2.36773
1548881236892739584 2518 -0.0672111 -0.99767 -0.0117273 23.0231 -0.0411498 0.0145157 -0.999048 0.339929 0.99689 -0.0666645 -0.0420295 2.37881
1548881236926077696 2519 -0.0652768 -0.997776 -0.0134543 23.0351 -0.0420418 0.016221 -0.998984 0.339331 0.996981 -0.0646448 -0.0430071 2.37976
1548881237226116608 2528 -0.0678474 -0.997663 -0.00805222 23.1352 -0.0466041 0.0112312 -0.99885 0.338521 0.996607 -0.0673942 -0.0472572 2.386
1548881237792858624 2545 -0.0735224 -0.997255 -0.00876741 23.3234 -0.0433078 0.0119755 -0.99899 0.341175 0.996353 -0.0730684 -0.0440694 2.39386
1548881238392937728 2563 -0.0742383 -0.997236 -0.00314335 23.5197 -0.0503354 0.00689517 -0.998709 0.345607 0.995969 -0.0739842 -0.0507082 2.41056
1548881238492950784 2566 -0.0765965 -0.997059 0.00236226 23.5519 -0.0501543 0.00148673 -0.99874 0.34404 0.9958 -0.0766185 -0.0501207 2.41397
1548881238726314752 2573 -0.0741609 -0.997216 0.00773243 23.6264 -0.0524879 -0.00383986 -0.998614 0.345244 0.995864 -0.0744639 -0.052057 2.41908
1548881239126367744 2585 -0.0718529 -0.997344 0.0119207 23.758 -0.050906 -0.0082691 -0.998669 0.350801 0.996115 -0.0723641 -0.0501766 2.42631
1548881239793121792 2605 -0.0614031 -0.997921 0.0195571 23.9767 -0.0518615 -0.0163778 -0.99852 0.357231 0.996765 -0.0623265 -0.0507481 2.44153
1548881239826459648 2606 -0.0587247 -0.998134 0.0167208 23.9883 -0.0528305 -0.0136188 -0.998511 0.3562 0.996875 -0.0595206 -0.0519321 2.44204
1548881239959810816 2610 -0.0289091 -0.999433 0.0172534 24.0327 -0.0507542 -0.0157707 -0.998587 0.358068 0.998293 -0.0297439 -0.0502695 2.44248
1548881240226512640 2618 0.0328131 -0.999261 0.0200148 24.1226 -0.0470838 -0.0215488 -0.998658 0.362065 0.998352 0.0318267 -0.047756 2.44979
1548881240259849728 2619 0.0383348 -0.999115 0.017299 24.1327 -0.0487628 -0.0191615 -0.998627 0.362105 0.998074 0.0374386 -0.0494542 2.4494
1548881240559889664 2628 0.0943043 -0.995229 0.0250078 24.2262 -0.0473934 -0.0295792 -0.998438 0.365964 0.994415 0.0929718 -0.0499568 2.44925
1548881240959942656 2640 0.136318 -0.990223 0.0296013 24.3564 -0.0401548 -0.0353786 -0.998567 0.373266 0.989851 0.134934 -0.0445849 2.43277
1548881241359994624 2652 0.168956 -0.985427 0.0196743 24.494 -0.0464344 -0.0278973 -0.998532 0.378723 0.984529 0.167794 -0.0504712 2.41783
1548881241926736640 2669 0.173859 -0.98477 0.000976296 24.6942 -0.0536513 -0.0104619 -0.998505 0.392943 0.983308 0.173547 -0.0546531 2.37954
1548881242060087808 2673 0.16936 -0.985554 -0.000538933 24.7399 -0.0458128 -0.00732635 -0.998923 0.393669 0.984489 0.169203 -0.0463917 2.37194
1548881242325622784 2681 0.181754 -0.983293 -0.0100418 24.8329 -0.050122 0.000934866 -0.998743 0.395421 0.982066 0.182029 -0.0491147 2.3578
1548881242558986752 2688 0.177403 -0.984125 -0.00520306 24.9064 -0.0503045 -0.00378785 -0.998727 0.39718 0.982852 0.177439 -0.0501779 2.34197
