1548881155652361728 81 0.0168465 -0.999854 0.00283734 0.191177 0.00238798 -0.0027975 -0.999993 0.00562129 0.999855 0.0168531 0.0023405 -0.00346747
1548881155719037696 83 0.0202251 -0.999795 0.000227313 0.209647 0.00248436 -0.000177102 -0.999997 0.0065689 0.999792 0.0202256 0.00248027 -0.0027055
1548881156319116800 101 0.053144 -0.998569 0.0059948 0.370086 0.00318337 -0.00583384 -0.999978 0.010438 0.998582 0.0531619 0.00286879 -0.00873689
1548881156352454656 102 0.052474 -0.998604 0.00600127 0.379028 0.00524157 -0.00573404 -0.99997 0.0105744 0.998609 0.0525039 0.00493337 -0.0103207
1548881156952533760 120 -0.019021 -0.999803 0.0057052 0.538889 0.000560336 -0.00571689 -0.999984 0.0179344 0.999819 -0.0190175 0.000668967 -0.0228738
1548881156985870592 121 -0.0268635 -0.99962 0.00610434 0.544135 -0.00353438 -0.00601152 -0.999976 0.0190344 0.999633 -0.0268845 -0.00337155 -0.0240767
1548881157352585728 132 -0.0623993 -0.997964 0.0131867 0.652799 0.0008949 -0.0132684 -0.999912 0.0213415 0.998051 -0.062382 0.00172102 -0.0231378
1548881157385923584 133 -0.063054 -0.997909 0.0141792 0.664137 0.00111561 -0.0142779 -0.999897 0.0220251 0.998009 -0.0630318 0.00201356 -0.0233763
1548881157619287808 140 -0.0912988 -0.995668 -0.0176261 0.764574 -0.0211118 0.0196313 -0.999584 0.0210984 0.9956 -0.0908888 -0.0228126 -0.00428425
1548881157652625664 141 -0.0904458 -0.995541 -0.0268066 0.777888 -0.0306494 0.0296867 -0.999089 0.0211395 0.99543 -0.0895418 -0.0331978 0.00506961
1548881157785976832 145 -0.104919 -0.993101 -0.0523702 0.840543 -0.0412327 0.0569596 -0.997525 0.0212405 0.993626 -0.102499 -0.0469243 0.0203912
1548881157819314688 146 -0.111843 -0.99242 -0.0509316 0.851151 -0.0374476 0.0554259 -0.99776 0.0206414 0.99302 -0.109685 -0.0433627 0.0159281
1548881157986711808 151 -0.127591 -0.990388 -0.0533998 0.903179 -0.0253049 0.0570728 -0.998049 0.0189768 0.991504 -0.125991 -0.0323436 0.016645
1548881158153400832 156 -0.137306 -0.985724 -0.0974465 0.988504 -0.0375611 0.103489 -0.993921 0.0140161 0.989816 -0.132811 -0.0512346 0.03764
1548881158454081792 165 -0.142926 -0.981255 -0.12927 1.09934 -0.0458775 0.137039 -0.989503 0.0105046 0.98867 -0.135495 -0.064604 0.0570297
1548881158520757760 167 -0.137981 -0.980692 -0.13858 1.12164 -0.0492148 0.146535 -0.987981 0.01168 0.989211 -0.129502 -0.0684836 0.0640639
1548881158854134784 177 -0.0935631 -0.981693 -0.165909 1.22681 -0.0591976 0.17183 -0.983346 0.0103631 0.993852 -0.0821836 -0.0741908 0.0834322
1548881158954147584 180 -0.0847914 -0.983677 -0.158711 1.25223 -0.0597194 0.164015 -0.984648 0.00595653 0.994607 -0.0740116 -0.0726517 0.0851236
1548881159386896640 193 -0.0238588 -0.991816 -0.125425 1.3461 -0.0726073 0.126848 -0.989261 -0.00543155 0.997075 -0.0144958 -0.0750396 0.0965622
1548881159752902656 204 0.00325092 -0.997546 -0.0699431 1.40108 -0.0717991 0.0695301 -0.994993 -0.0124602 0.997414 0.0082565 -0.0713969 0.103218
1548881160352981760 222 0.00781961 -0.999821 -0.017215 1.52915 -0.0740201 0.0165896 -0.997119 -0.015187 0.997226 0.00907134 -0.0738771 0.101818
1548881160819709696 236 0.0274433 -0.999477 0.0171157 1.62838 -0.0878342 -0.0194669 -0.995945 -0.0180059 0.995757 0.0258287 -0.0883225 0.113658
1548881161353112576 252 0.0251297 -0.998821 0.0415227 1.75776 -0.0849125 -0.0435183 -0.995438 -0.0116842 0.996071 0.0214892 -0.085906 0.107272
1548881161953191680 270 0.0321344 -0.998047 0.0535607 1.91273 -0.0865518 -0.0561658 -0.994663 -0.00138009 0.995729 0.0273271 -0.0881876 0.103011
1548881162253231616 279 0.0335155 -0.998066 0.0523516 1.99679 -0.086746 -0.0550883 -0.994706 0.00356552 0.995667 0.0287967 -0.0884246 0.103309
1548881162619946752 290 0.0374593 -0.998246 0.0458408 2.10216 -0.084228 -0.0488637 -0.995248 0.0108179 0.995742 0.0334202 -0.0859107 0.0990302
1548881163019999744 302 0.0362523 -0.998632 0.0376841 2.21729 -0.0823687 -0.0405664 -0.995776 0.018458 0.995942 0.0329952 -0.0837267 0.0965806
1548881163586740736 319 0.0187277 -0.998895 0.0431128 2.36942 -0.0918208 -0.0446565 -0.994774 0.0281532 0.995599 0.0146711 -0.0925556 0.10071
1548881163620078592 320 0.0190912 -0.998977 0.0409928 2.37942 -0.0891602 -0.0425379 -0.995109 0.0299463 0.995834 0.0153429 -0.0898811 0.097215
1548881163920117760 329 0.0161343 -0.999305 0.0336162 2.47105 -0.0817041 -0.0348258 -0.996048 0.0348412 0.996526 0.0133239 -0.0822092 0.0873363
1548881163986793728 331 0.016574 -0.999274 0.0343118 2.48534 -0.0807901 -0.0355427 -0.996097 0.034796 0.996593 0.0137373 -0.0813205 0.0859908
1548881164353508608 342 0.0119968 -0.999472 0.0301933 2.58988 -0.0761787 -0.0310212 -0.996612 0.0395152 0.997022 0.00965603 -0.0765106 0.0819982
1548881164453521664 345 0.0108829 -0.999304 0.0356848 2.61352 -0.0735995 -0.0363907 -0.996624 0.0401919 0.997228 0.00821973 -0.0739443 0.0811013
1548881164920249600 359 -0.00185554 -0.999406 0.0344039 2.74449 -0.0734257 -0.0341749 -0.996715 0.0491503 0.997299 -0.00437557 -0.0733187 0.0796124
1548881164953587712 360 -0.00785968 -0.999242 0.0381221 2.75165 -0.0737939 -0.0374398 -0.99657 0.0497619 0.997243 -0.0106459 -0.0734437 0.0793058
1548881165220997632 368 -0.0221533 -0.998936 0.0404551 2.82208 -0.0817723 -0.038519 -0.995906 0.0561432 0.996405 -0.0253708 -0.0808319 0.0826835
1548881165287673600 370 -0.02923 -0.998592 0.0442704 2.83518 -0.0802353 -0.0418024 -0.995899 0.0551785 0.996347 -0.0326621 -0.0789004 0.0814075
1548881165387686656 373 -0.0363496 -0.998151 0.0487207 2.85903 -0.0818079 -0.0456172 -0.995604 0.0564936 0.995985 -0.0401755 -0.0799984 0.0847819
1548881165588354816 379 -0.0437859 -0.997527 0.0549844 2.90843 -0.0783408 -0.0514394 -0.995599 0.0616543 0.995965 -0.0479007 -0.0758947 0.0826278
1548881165988407808 391 -0.0466629 -0.996302 0.0721391 3.00581 -0.074238 -0.0685592 -0.994881 0.0668953 0.996148 -0.0517795 -0.0707644 0.0840315
1548881166321784832 401 -0.0493239 -0.995746 0.0778313 3.09584 -0.0676056 -0.074419 -0.994933 0.0741286 0.996492 -0.0543358 -0.0636474 0.0826837
1548881166421798656 404 -0.0471365 -0.995577 0.0812678 3.12418 -0.0708686 -0.0778201 -0.994445 0.0762788 0.996371 -0.052634 -0.066887 0.0870759
1548881166755175680 414 -0.0447473 -0.996459 0.0711877 3.2238 -0.0688302 -0.0680145 -0.995307 0.0857624 0.996624 -0.0494372 -0.065543 0.0901509
1548881166988539648 421 -0.0451213 -0.997319 0.0576115 3.29682 -0.0632493 -0.0547025 -0.996497 0.0925044 0.996977 -0.0486072 -0.0606114 0.0898854
1548881167121890816 425 -0.0446127 -0.997198 0.060057 3.33466 -0.0669915 -0.0569953 -0.996124 0.0948661 0.996756 -0.0484631 -0.0642611 0.0929007
1548881167221903616 428 -0.0478816 -0.997247 0.0566245 3.36484 -0.0603758 -0.0536963 -0.99673 0.0984189 0.997027 -0.0511438 -0.0576385 0.0900981
1548881167322497792 431 -0.0480398 -0.997883 0.0438342 3.40198 -0.0543706 -0.0412073 -0.99767 0.101724 0.997365 -0.0503111 -0.0522759 0.0882301
1548881167522524672 437 -0.0326159 -0.998469 0.0446762 3.45439 -0.0590014 -0.0426985 -0.997344 0.105289 0.997725 -0.0351652 -0.0575184 0.0932731
1548881168055927808 453 -0.00888402 -0.99915 0.0402562 3.6043 -0.0619394 -0.0396306 -0.997293 0.116294 0.99804 -0.0113534 -0.0615347 0.0995346
1548881168089265664 454 -0.0111783 -0.999177 0.0389848 3.61427 -0.0606323 -0.0382382 -0.997427 0.11606 0.998098 -0.0135133 -0.060155 0.0993739
1548881168522655744 467 -0.0190072 -0.999494 0.025503 3.74388 -0.0559484 -0.0244044 -0.998135 0.119676 0.998253 -0.0203986 -0.0554562 0.096964
1548881168555993600 468 -0.019005 -0.999571 0.0222949 3.75385 -0.0547095 -0.0212259 -0.998277 0.119908 0.998321 -0.020192 -0.0542827 0.0960464
1548881168989383680 481 -0.0491828 -0.998754 0.00847903 3.88607 -0.0462725 -0.0062017 -0.99891 0.123838 0.997717 -0.0495215 -0.0459098 0.0929673
1548881169022721792 482 -0.0490889 -0.998774 0.00642611 3.89363 -0.0468806 -0.00412273 -0.998892 0.123677 0.997694 -0.0493358 -0.0466207 0.0943857
1548881169389436672 493 -0.0475642 -0.99883 -0.00870173 4.00694 -0.0497514 0.0110698 -0.9987 0.132139 0.997628 -0.0470694 -0.0502197 0.101422
1548881169522787584 497 -0.0503227 -0.998717 -0.00563886 4.04056 -0.0522273 0.0082698 -0.998601 0.133833 0.997366 -0.0499578 -0.0525765 0.104601
1548881170056191744 513 -0.0535834 -0.998419 -0.0169903 4.1965 -0.0528593 0.0198269 -0.998405 0.137426 0.997163 -0.0525999 -0.0538382 0.110073
1548881170289555712 520 -0.0592191 -0.998184 -0.0110506 4.26002 -0.0566547 0.0144129 -0.99829 0.137172 0.996636 -0.0584918 -0.0574053 0.115983
1548881171022985728 542 -0.0681652 -0.997109 0.0335757 4.42537 -0.0574913 -0.0296722 -0.997905 0.148131 0.996016 -0.0699527 -0.0553025 0.125775
1548881171056322816 543 -0.0667016 -0.997186 0.0342342 4.4333 -0.0573293 -0.0304237 -0.997892 0.147797 0.996125 -0.0685236 -0.0551387 0.125869
1548881171489713664 556 -0.0766558 -0.996604 0.030067 4.55421 -0.0728274 -0.0244786 -0.997044 0.154719 0.994394 -0.0786189 -0.0707036 0.148482
1548881171523050752 557 -0.0739148 -0.996688 0.0339131 4.56377 -0.0718232 -0.0285975 -0.997007 0.155298 0.994675 -0.0761293 -0.0694716 0.148599
1548881171856428800 567 -0.07734 -0.994608 0.0690945 4.62616 -0.0557033 -0.0648832 -0.996337 0.154668 0.995447 -0.0809055 -0.0503848 0.142117
1548881172089792768 574 -0.0784042 -0.9954 0.0550619 4.69103 -0.0609559 -0.0503419 -0.99687 0.1592 0.995056 -0.0815151 -0.0567285 0.151859
1548881172556520704 588 -0.0824278 -0.996159 0.0295361 4.83023 -0.0577675 -0.0248113 -0.998022 0.166748 0.994921 -0.0839709 -0.0555005 0.170568
1548881172889897728 598 -0.0856117 -0.996285 0.00928276 4.92823 -0.0560336 -0.00448762 -0.998419 0.17293 0.994752 -0.0859964 -0.0554413 0.177519
1548881173356044800 612 -0.0834718 -0.996473 -0.00864613 5.07911 -0.0574861 0.0134771 -0.998255 0.176258 0.994851 -0.0828292 -0.0584083 0.195344
1548881173822773760 626 -0.0848753 -0.996376 -0.00553388 5.21364 -0.0578856 0.0104753 -0.998268 0.175865 0.994709 -0.084408 -0.0585649 0.211045
1548881174189487616 637 -0.0894651 -0.995739 -0.0223347 5.32795 -0.0476876 0.0266814 -0.998506 0.179524 0.994848 -0.0882664 -0.0498714 0.214578
1548881174756229632 654 -0.105844 -0.994326 -0.0105861 5.48182 -0.0411301 0.0150145 -0.999041 0.183508 0.993532 -0.105307 -0.042486 0.222151
1548881174889580800 658 -0.10646 -0.994315 -0.0018002 5.51462 -0.0521639 0.00739311 -0.998611 0.185905 0.992948 -0.106219 -0.0526544 0.233806
1548881175355666688 672 -0.12685 -0.99192 0.00212259 5.65166 -0.0455704 0.00369004 -0.998954 0.187736 0.990875 -0.126814 -0.0456703 0.238405
1548881175455679744 675 -0.129361 -0.991594 -0.00250677 5.68274 -0.0445909 0.00834263 -0.99897 0.188025 0.990594 -0.129116 -0.0452953 0.238857
1548881176022420736 692 -0.134976 -0.990611 0.0217216 5.83839 -0.0391934 -0.0165673 -0.999094 0.193494 0.990073 -0.135705 -0.0365892 0.254197
1548881176055758592 693 -0.138349 -0.990158 0.021125 5.84619 -0.0421309 -0.0154268 -0.998993 0.195425 0.989487 -0.139099 -0.039582 0.255343
1548881176255784704 699 -0.137521 -0.990241 0.0225913 5.90633 -0.0379266 -0.017527 -0.999127 0.195583 0.989772 -0.138258 -0.0351462 0.261395
1548881176622499584 710 -0.142353 -0.989654 0.0178926 6.02155 -0.0373191 -0.0126976 -0.999223 0.201094 0.989112 -0.14291 -0.0351255 0.275748
1548881177155903744 726 -0.14412 -0.989311 0.0221908 6.18693 -0.0336021 -0.0175194 -0.999282 0.203709 0.98899 -0.144762 -0.0307181 0.294766
1548881177255916800 729 -0.143572 -0.989606 0.00817633 6.22681 -0.0264357 -0.00442394 -0.999641 0.202205 0.989287 -0.143737 -0.0255258 0.295575
1548881177622631680 740 -0.134966 -0.990844 -0.00350752 6.34192 -0.0340941 0.00818182 -0.999385 0.206031 0.990264 -0.134763 -0.0348862 0.31479
1548881177689307648 742 -0.136306 -0.990605 -0.0110813 6.36917 -0.0259176 0.0147477 -0.999555 0.206514 0.990328 -0.135958 -0.0276844 0.313505
1548881178189372672 757 -0.144131 -0.989176 -0.0275217 6.53873 -0.0183904 0.0304849 -0.999366 0.208748 0.989388 -0.143533 -0.0225851 0.332965
1548881178289386752 760 -0.13948 -0.989784 -0.0295345 6.56659 -0.0198108 0.0326093 -0.999272 0.209117 0.990027 -0.138794 -0.0241567 0.338205
1548881178755405824 774 -0.136846 -0.990263 -0.0255587 6.70543 -0.021204 0.0287238 -0.999362 0.208761 0.990365 -0.136216 -0.0249283 0.354943
1548881178788743680 775 -0.135724 -0.990411 -0.0257733 6.71492 -0.0197043 0.0287072 -0.999394 0.208405 0.990551 -0.135134 -0.0234117 0.356863
1548881179255471616 789 -0.13112 -0.991366 -0.000887722 6.84198 -0.0195962 0.00348709 -0.999802 0.20952 0.991173 -0.131076 -0.0198842 0.369398
1548881179355484672 792 -0.128331 -0.991646 -0.0130478 6.88302 -0.0173087 0.0153942 -0.999732 0.20981 0.99158 -0.128071 -0.0191397 0.368438
1548881179988118784 811 -0.122484 -0.992409 -0.0110394 7.08211 0.00177097 0.0109046 -0.999939 0.213165 0.992469 -0.122496 0.000421887 0.380132
1548881180021455616 812 -0.123156 -0.992246 -0.0167265 7.09539 0.0028892 0.0164962 -0.99986 0.214296 0.992383 -0.123187 0.000835195 0.380241
1548881180121469696 815 -0.122296 -0.992402 0.0134595 7.11397 -0.0141947 -0.011811 -0.999829 0.211119 0.992392 -0.122466 -0.0126424 0.391028
1548881180154806784 816 -0.121701 -0.992511 0.0104993 7.12121 -0.0133149 -0.00894451 -0.999871 0.213085 0.992477 -0.121825 -0.0121266 0.392719
1548881180421508608 824 -0.12271 -0.992353 0.0133465 7.20194 -0.0116082 -0.0120121 -0.99986 0.214858 0.992375 -0.122848 -0.0100454 0.39773
1548881180788223744 835 -0.124546 -0.991983 0.0213849 7.31244 -0.0186186 -0.0192124 -0.999642 0.220659 0.992039 -0.1249 -0.0160766 0.415884
1548881181387437824 853 -0.125743 -0.991844 0.0208285 7.49312 -0.0114318 -0.0195451 -0.999744 0.223541 0.991997 -0.125949 -0.00888091 0.428588
1548881181487450624 856 -0.121532 -0.992161 0.0290965 7.52007 -0.00995539 -0.0280939 -0.999556 0.223818 0.992538 -0.121768 -0.00646303 0.431656
1548881181687477760 862 -0.126245 -0.991934 0.0113484 7.59452 -0.0118096 -0.00993624 -0.999881 0.227493 0.991929 -0.126364 -0.0104599 0.436895
1548881182020854784 872 -0.128593 -0.991694 0.00256735 7.69676 -0.0245598 0.000596584 -0.999698 0.231427 0.991393 -0.128617 -0.0244325 0.455707
1548881185721341696 983 -0.0982057 -0.995147 -0.00614914 7.87295 -0.0229404 0.00844114 -0.999701 0.236112 0.994902 -0.0980353 -0.023658 0.468845
1548881186387141632 1003 -0.0760857 -0.997001 0.014156 8.00536 -0.0343005 -0.0115716 -0.999345 0.238957 0.996511 -0.0765214 -0.0333172 0.490347
1548881186987220736 1021 -0.0918674 -0.995766 0.00315658 8.14673 -0.036313 0.000182252 -0.99934 0.245341 0.995109 -0.0919214 -0.036176 0.493394
1548881187653974784 1041 -0.0944569 -0.995524 0.00309162 8.30098 -0.0447883 0.00114718 -0.998996 0.24483 0.994521 -0.0945006 -0.0446962 0.51343
1548881188220716800 1058 -0.111131 -0.993801 -0.0032005 8.43269 -0.0523224 0.00906681 -0.998589 0.250183 0.992428 -0.110806 -0.0530056 0.535301
1548881188819740672 1076 -0.122237 -0.992371 0.0160451 8.55508 -0.0354336 -0.0117926 -0.999302 0.257075 0.991868 -0.12272 -0.0337218 0.534967
1548881189453157632 1095 -0.125503 -0.992049 0.0093447 8.70533 -0.0611752 -0.00166274 -0.998126 0.258272 0.990205 -0.125839 -0.0604801 0.569832
1548881190218758656 1118 -0.148338 -0.988632 0.0245587 8.87941 -0.060212 -0.0157586 -0.998061 0.262165 0.987102 -0.149529 -0.0571899 0.596057
1548881190418785792 1124 -0.145011 -0.989015 0.0286541 8.92351 -0.0631332 -0.0196522 -0.997812 0.264058 0.987414 -0.146503 -0.0595899 0.60469
1548881190518798592 1127 -0.151582 -0.98829 0.0174921 8.94963 -0.0638815 -0.00786462 -0.997927 0.269518 0.986378 -0.152385 -0.0619413 0.609925
1548881190752162816 1134 -0.161677 -0.986837 0.00376829 9.01721 -0.0493214 0.00426662 -0.998774 0.275766 0.98561 -0.161664 -0.049362 0.611204
1548881191118877696 1145 -0.157111 -0.98731 0.0231129 9.09115 -0.0616701 -0.0135497 -0.998005 0.270741 0.985654 -0.158223 -0.0587587 0.628301
1548881191417629696 1154 -0.162037 -0.986493 0.0239932 9.15699 -0.0720871 -0.0124158 -0.997321 0.276736 0.984148 -0.163333 -0.0691016 0.648558
1548881191450967808 1155 -0.160128 -0.98663 0.0303376 9.16086 -0.0671998 -0.0197668 -0.997544 0.276538 0.984806 -0.161774 -0.0631361 0.647276
1548881191951033600 1170 -0.145704 -0.989126 0.0200068 9.28947 -0.0640314 -0.0107518 -0.99789 0.284447 0.987254 -0.146677 -0.0617686 0.669136
1548881192084384768 1174 -0.144964 -0.989253 0.0190789 9.32771 -0.0628545 -0.0100364 -0.997972 0.284305 0.987438 -0.145869 -0.060724 0.672348
1548881192217735680 1178 -0.143386 -0.989279 0.0277163 9.34737 -0.064853 -0.0185531 -0.997722 0.284583 0.98754 -0.144857 -0.0614975 0.675757
1548881192384423680 1183 -0.149428 -0.988519 0.022408 9.39641 -0.0597875 -0.0135879 -0.998119 0.284875 0.986963 -0.150487 -0.0570706 0.678645
1548881193151191808 1206 -0.150159 -0.98762 0.045375 9.56726 -0.0764185 -0.0341638 -0.99649 0.290896 0.985704 -0.153099 -0.0703425 0.710982
1548881193184529664 1207 -0.149451 -0.987771 0.0444133 9.57823 -0.0729483 -0.0337805 -0.996763 0.292884 0.986075 -0.152207 -0.0670078 0.710833
1548881193851283712 1227 -0.157246 -0.986655 0.042245 9.74785 -0.0664885 -0.032103 -0.997271 0.299984 0.985319 -0.159626 -0.0605532 0.733238
1548881193951296768 1230 -0.159152 -0.986207 0.0454549 9.77481 -0.0658345 -0.0353375 -0.997205 0.301439 0.985057 -0.1617 -0.0593024 0.738409
1548881194284674816 1240 -0.15629 -0.987043 0.0363375 9.86425 -0.0761272 -0.0246423 -0.996794 0.308895 0.984773 -0.158555 -0.0712895 0.761132
1548881194318011648 1241 -0.158214 -0.986759 0.0357062 9.87394 -0.0766628 -0.0237767 -0.996774 0.309244 0.984424 -0.160441 -0.0718859 0.762813
1548881195018104832 1262 -0.154581 -0.987727 0.0223626 10.0591 -0.0908328 -0.00833063 -0.995831 0.319462 0.983796 -0.155968 -0.0884302 0.798859
1548881195218130688 1268 -0.155526 -0.987684 0.0171033 10.1161 -0.0932625 -0.00255537 -0.995638 0.321922 0.983419 -0.156443 -0.0917164 0.808939
1548881195984898816 1291 -0.157196 -0.987565 0.00200891 10.3201 -0.103039 0.0143781 -0.994573 0.324355 0.982177 -0.15655 -0.104018 0.85007
1548881196018235648 1292 -0.156497 -0.987678 0.000384002 10.3305 -0.105691 0.0163601 -0.994264 0.325466 0.982007 -0.15564 -0.106949 0.852509
1548881196284937728 1300 -0.15915 -0.987222 -0.00797796 10.4045 -0.0988345 0.0239724 -0.994815 0.321212 0.982295 -0.157536 -0.101387 0.863263
1548881196384950784 1303 -0.158292 -0.987308 -0.0128898 10.4296 -0.0980857 0.0287129 -0.994764 0.320774 0.982508 -0.156199 -0.101386 0.866663
1548881196751665664 1314 -0.158339 -0.987088 -0.0242075 10.5328 -0.0969435 0.0399397 -0.994488 0.3206 0.982614 -0.155119 -0.102016 0.881593
1548881197285069824 1330 -0.164973 -0.986054 -0.0219407 10.6652 -0.108371 0.0402329 -0.993296 0.320644 0.980326 -0.161489 -0.113497 0.912675
1548881197551771648 1338 -0.169602 -0.98522 -0.0240132 10.7377 -0.109209 0.0430048 -0.993088 0.319631 0.979443 -0.165807 -0.114888 0.923231
1548881197951823616 1350 -0.176843 -0.984144 -0.0137055 10.8332 -0.107939 0.033233 -0.993602 0.318213 0.978302 -0.174233 -0.112104 0.940008
1548881198386501632 1363 -0.182899 -0.983132 2.10168e-05 10.9363 -0.125211 0.0232727 -0.991857 0.317724 0.975126 -0.181413 -0.127355 0.968797
1548881198419839744 1364 -0.18642 -0.982466 0.00304249 10.943 -0.122957 0.0202581 -0.992205 0.318423 0.974746 -0.185341 -0.124578 0.971574
1548881198786554624 1375 -0.190475 -0.981538 0.0173651 11.0279 -0.117756 0.00528311 -0.993028 0.317826 0.974604 -0.191192 -0.116589 0.982356
1548881198886567680 1378 -0.192021 -0.981167 0.0209579 11.0517 -0.117239 0.00173164 -0.993102 0.317934 0.974363 -0.193153 -0.115364 0.986583
1548881199253282816 1389 -0.197503 -0.980071 0.0212981 11.1489 -0.115661 0.00172265 -0.993287 0.318001 0.973455 -0.198641 -0.113696 1.00606
1548881199521150720 1397 -0.19793 -0.979977 0.0216654 11.2197 -0.111803 0.000611722 -0.99373 0.318594 0.973819 -0.199111 -0.109685 1.01838
1548881200154566656 1416 -0.203699 -0.978234 0.0395614 11.3755 -0.119689 -0.0152231 -0.992695 0.328911 0.97169 -0.206946 -0.113983 1.05448
1548881200254579712 1419 -0.207237 -0.977746 0.032635 11.4063 -0.114111 -0.00897214 -0.993428 0.32897 0.971613 -0.209599 -0.109712 1.05967
1548881200589012736 1429 -0.210254 -0.976647 0.0442122 11.4862 -0.120311 -0.0190317 -0.992554 0.332789 0.970216 -0.214007 -0.113499 1.08432
1548881200622349824 1430 -0.209622 -0.976709 0.0458049 11.4967 -0.120482 -0.0206875 -0.9925 0.333327 0.970331 -0.213569 -0.113339 1.08658
1548881200989064704 1441 -0.209767 -0.976579 0.047873 11.5925 -0.115244 -0.0239263 -0.993049 0.335246 0.970936 -0.213826 -0.107525 1.10366
1548881201089078784 1444 -0.212201 -0.975923 0.050447 11.6192 -0.114617 -0.026411 -0.993059 0.334016 0.970481 -0.21651 -0.106253 1.1103
1548881201455793664 1455 -0.217058 -0.975081 0.0458467 11.7224 -0.10787 -0.0227192 -0.993905 0.340138 0.97018 -0.220681 -0.100251 1.1317
1548881201555806720 1458 -0.218223 -0.974914 0.0438295 11.7508 -0.102807 -0.0216963 -0.994465 0.341378 0.970469 -0.221521 -0.0954932 1.13437
1548881201855845632 1467 -0.217427 -0.97515 0.0425134 11.8317 -0.110722 -0.0186337 -0.993677 0.34711 0.969776 -0.220759 -0.103919 1.15945
1548881202255898624 1479 -0.219642 -0.974942 0.0352857 11.9407 -0.122886 -0.00823225 -0.992387 0.351941 0.96781 -0.222306 -0.117999 1.19571
1548881202722626816 1493 -0.218011 -0.975525 0.028659 12.0683 -0.119394 -0.00248542 -0.992844 0.354456 0.968616 -0.219873 -0.11593 1.22421
1548881202989328640 1501 -0.179331 -0.983634 0.0174247 12.1512 -0.11207 0.00282903 -0.993696 0.354005 0.977385 -0.180154 -0.110743 1.24193
1548881203189354752 1507 -0.134128 -0.990958 0.00349945 12.2094 -0.110705 0.0114748 -0.993787 0.355293 0.984761 -0.133682 -0.111244 1.25554
1548881203356043776 1512 -0.106581 -0.994288 -0.00566451 12.2558 -0.110291 0.0174839 -0.993746 0.354365 0.988168 -0.10529 -0.111525 1.26799
1548881203822771712 1526 -0.0973949 -0.994616 -0.035404 12.4081 -0.119854 0.0470358 -0.991677 0.352276 0.988003 -0.0923409 -0.12379 1.29058
1548881204122811648 1535 -0.0926387 -0.994358 -0.0516732 12.5107 -0.112754 0.0620389 -0.991684 0.353477 0.989295 -0.086042 -0.117865 1.29807
1548881204556201728 1548 -0.0910672 -0.994196 -0.0572823 12.6445 -0.110384 0.0672445 -0.991612 0.347727 0.989708 -0.0839803 -0.115867 1.30924
1548881204656214784 1551 -0.0883241 -0.994446 -0.0572371 12.6725 -0.109077 0.066772 -0.991788 0.347676 0.990102 -0.0813555 -0.114368 1.3089
1548881205222955776 1568 -0.0912332 -0.994634 -0.0487767 12.8376 -0.107368 0.0585202 -0.992496 0.341889 0.990025 -0.0853115 -0.112131 1.32395
1548881205322969600 1571 -0.0934818 -0.994732 -0.0420643 12.8655 -0.105332 0.0518933 -0.993082 0.341856 0.990034 -0.0884044 -0.109628 1.32495
1548881205756359680 1584 -0.102035 -0.994256 -0.0322959 12.9901 -0.0941892 0.0419754 -0.994669 0.3398 0.990312 -0.0984492 -0.0979312 1.32953
1548881205923048704 1589 -0.10798 -0.993614 -0.0327192 13.0389 -0.0893408 0.042477 -0.995095 0.337463 0.990131 -0.104528 -0.093357 1.33238
1548881206489789696 1606 -0.120184 -0.992434 -0.0251082 13.2068 -0.0895692 0.0360283 -0.995329 0.332667 0.988703 -0.117374 -0.0932215 1.35276
1548881206523127808 1607 -0.12178 -0.991993 -0.0334536 13.2215 -0.0836787 0.0438455 -0.995528 0.334381 0.989024 -0.118436 -0.0883482 1.34963
1548881206856504832 1617 -0.126711 -0.991587 -0.0264352 13.319 -0.0813152 0.0369439 -0.996004 0.33384 0.988601 -0.124055 -0.0853123 1.3585
1548881206889842688 1618 -0.126603 -0.991495 -0.0301434 13.3318 -0.081925 0.0407353 -0.995806 0.334521 0.988565 -0.123602 -0.0863855 1.36073
1548881207356570624 1632 -0.144003 -0.989295 -0.0236239 13.4692 -0.0750191 0.0347176 -0.996578 0.335306 0.98673 -0.141738 -0.0792155 1.37721
1548881207456583680 1635 -0.145156 -0.98919 -0.0208219 13.4999 -0.0751119 0.0320012 -0.996661 0.335312 0.986554 -0.143107 -0.0789451 1.37968
1548881207889973760 1648 -0.153095 -0.988182 -0.00768123 13.6243 -0.0721154 0.018924 -0.997217 0.333242 0.985577 -0.152115 -0.0741602 1.39565
1548881208023324672 1652 -0.152873 -0.988185 -0.010978 13.6659 -0.0704813 0.0219824 -0.997271 0.330042 0.985729 -0.151682 -0.0730091 1.39965
1548881208323364608 1661 -0.121785 -0.992469 -0.0131543 13.7569 -0.069847 0.0217894 -0.99732 0.328466 0.990096 -0.120539 -0.0719746 1.41604
1548881208523390720 1667 -0.0799835 -0.996674 -0.0156204 13.8198 -0.062211 0.0206313 -0.99785 0.328208 0.994853 -0.0788397 -0.0636542 1.42769
1548881208591021824 1669 -0.0688996 -0.99759 -0.00819244 13.8341 -0.0678944 0.0128818 -0.997609 0.328352 0.995311 -0.0681786 -0.0686183 1.43266
1548881208691034624 1672 -0.0676822 -0.997608 -0.0140423 13.8656 -0.0743122 0.0190761 -0.997053 0.328845 0.994936 -0.0664392 -0.0754256 1.44049
1548881209057749760 1683 -0.0632155 -0.99775 -0.0223414 13.9753 -0.0848443 0.027678 -0.99601 0.330972 0.994387 -0.0610677 -0.086403 1.45642
1548881209091087616 1684 -0.0582852 -0.998121 -0.0188855 13.9862 -0.0848401 0.0238017 -0.99611 0.331 0.994688 -0.0564563 -0.086068 1.45651
1548881209491139584 1696 -0.0532166 -0.998437 -0.0170752 14.1031 -0.080428 0.0213294 -0.996532 0.33305 0.995339 -0.0516588 -0.0814373 1.45929
1548881209891192832 1708 -0.0505387 -0.998672 -0.00999223 14.2127 -0.0838935 0.0142147 -0.996373 0.336035 0.995192 -0.0495171 -0.0845005 1.4686
1548881210357920768 1722 -0.0408824 -0.999046 0.0153376 14.3417 -0.0876363 -0.0117059 -0.996084 0.335276 0.995313 -0.0420664 -0.0870742 1.47734
1548881210557946624 1728 -0.0416525 -0.998983 0.0172709 14.4057 -0.0889206 -0.0135109 -0.995947 0.339611 0.995167 -0.0430195 -0.0882674 1.48126
1548881211024675584 1742 -0.0663605 -0.997292 0.0317037 14.5495 -0.0914914 -0.0255581 -0.995478 0.344981 0.993592 -0.068961 -0.0895476 1.4908
1548881211224701696 1748 -0.0764753 -0.996413 0.0362347 14.612 -0.0918717 -0.0291446 -0.995344 0.34778 0.99283 -0.0794482 -0.0893133 1.49722
1548881211724767744 1763 -0.095236 -0.994847 0.0347673 14.7766 -0.0818303 -0.0269838 -0.996281 0.356403 0.992086 -0.0977268 -0.0788388 1.50449
1548881212091482624 1774 -0.0984897 -0.994804 0.0257661 14.9005 -0.0729501 -0.0186048 -0.997162 0.361645 0.992461 -0.10009 -0.0707388 1.50727
1548881212524872704 1787 -0.0960482 -0.995223 0.0175123 15.0416 -0.0645742 -0.0113265 -0.997849 0.372866 0.99328 -0.0969724 -0.0631779 1.5213
1548881212724899584 1793 -0.0980168 -0.995161 -0.00690666 15.1231 -0.0460175 0.0114649 -0.998875 0.376725 0.99412 -0.0975887 -0.0469186 1.51814
1548881212958263808 1800 -0.0995516 -0.99495 -0.0128004 15.2052 -0.0386931 0.0167255 -0.999111 0.38215 0.99428 -0.0989679 -0.0401628 1.51832
1548881213390698752 1813 -0.101002 -0.99487 -0.0056155 15.3395 -0.0444417 0.0101504 -0.99896 0.379729 0.993893 -0.100648 -0.0452389 1.53837
1548881213757413632 1824 -0.10267 -0.994686 0.00760899 15.4517 -0.0567196 -0.00178278 -0.998389 0.379898 0.993097 -0.102937 -0.0562351 1.55111
1548881214124128768 1835 -0.111387 -0.993774 -0.00259935 15.5791 -0.0489218 0.00809579 -0.99877 0.380478 0.992572 -0.111122 -0.0495189 1.56251
1548881214390830592 1843 -0.111436 -0.993606 -0.0181624 15.6755 -0.0526436 0.0241528 -0.998321 0.383954 0.992376 -0.110292 -0.0549984 1.57293
1548881214924233728 1859 -0.10988 -0.993633 -0.0249117 15.8545 -0.0377691 0.0292194 -0.998859 0.387088 0.993227 -0.108814 -0.0407393 1.58292
1548881215424299776 1874 -0.115309 -0.993312 -0.00592924 16.0115 -0.0481152 0.0115473 -0.998775 0.388072 0.992164 -0.114883 -0.049125 1.60822
1548881215457637632 1875 -0.117042 -0.993112 -0.0054313 16.0215 -0.0502474 0.0113836 -0.998672 0.387828 0.991855 -0.116614 -0.0512337 1.61065
1548881215857690624 1887 -0.125178 -0.992134 0.000467128 16.1514 -0.054382 0.00639128 -0.9985 0.388195 0.990643 -0.125016 -0.0547543 1.6286
1548881216156674816 1896 -0.131046 -0.991368 0.00403351 16.2488 -0.0580813 0.00361589 -0.998305 0.389175 0.989673 -0.131059 -0.0580538 1.64324
1548881216623402752 1910 -0.145415 -0.989352 -0.00606821 16.4122 -0.0560473 0.0143611 -0.998325 0.39097 0.987782 -0.144831 -0.0575388 1.66693
1548881216790091776 1915 -0.147586 -0.98887 -0.0188332 16.4771 -0.0676276 0.0290868 -0.997287 0.391125 0.986734 -0.145912 -0.0711677 1.68236
1548881217290157824 1930 -0.156961 -0.987257 -0.0262092 16.6482 -0.073847 0.0381963 -0.996538 0.389038 0.98484 -0.154482 -0.0789013 1.71079
1548881217523521792 1937 -0.169096 -0.985207 -0.0278189 16.728 -0.0754997 0.0410905 -0.996299 0.389544 0.982704 -0.16637 -0.0813311 1.72221
1548881218056925696 1953 -0.1891 -0.981448 -0.0316365 16.9097 -0.0809497 0.0476889 -0.995577 0.388329 0.978615 -0.185703 -0.0884659 1.75716
1548881218390302720 1963 -0.196317 -0.980178 -0.0266607 17.0191 -0.0830545 0.0437145 -0.995586 0.386502 0.977017 -0.193236 -0.0899901 1.7807
1548881218990381824 1981 -0.196749 -0.980435 -0.00611043 17.207 -0.0769646 0.0216573 -0.996799 0.384676 0.977428 -0.195649 -0.0797198 1.81405
1548881219157070592 1986 -0.192034 -0.98135 -0.0086546 17.2692 -0.070218 0.0225356 -0.997277 0.383791 0.978873 -0.190903 -0.073236 1.81869
1548881219623798784 2000 -0.146991 -0.989041 -0.0138742 17.4243 -0.0608802 0.0230462 -0.997879 0.386258 0.987262 -0.145835 -0.0636005 1.84585
1548881220190539776 2017 -0.114462 -0.993428 -7.2135e-05 17.602 -0.0594252 0.00691943 -0.998209 0.388221 0.991649 -0.114253 -0.0598266 1.87078
1548881220691660800 2032 -0.117288 -0.993058 0.00889563 17.7609 -0.0559216 -0.00233898 -0.998432 0.391051 0.991522 -0.117602 -0.055259 1.8882
1548881221091713792 2044 -0.117647 -0.993052 0.00264719 17.8981 -0.0680878 0.00540691 -0.997665 0.395562 0.990719 -0.117553 -0.0682508 1.91354
1548881221258401792 2049 -0.116786 -0.993143 -0.00537487 17.9599 -0.0684664 0.0134499 -0.997563 0.397008 0.990794 -0.116134 -0.0695676 1.92046
1548881221625116672 2060 -0.110084 -0.993922 -0.00118985 18.0778 -0.0856308 0.0106769 -0.99627 0.402022 0.990227 -0.109571 -0.0862857 1.94493
1548881221958493696 2070 -0.10796 -0.994149 0.00359737 18.1839 -0.0810455 0.00519456 -0.996697 0.405817 0.990846 -0.107895 -0.0811321 1.95528
1548881222625248768 2090 -0.0960924 -0.994717 0.0361122 18.387 -0.0719366 -0.0292451 -0.99698 0.410813 0.99277 -0.0984 -0.0687464 1.96966
1548881222658586624 2091 -0.0991794 -0.994338 0.038143 18.3968 -0.0722912 -0.0310307 -0.996901 0.411769 0.99244 -0.101629 -0.0688043 1.97175
1548881222925287680 2099 -0.0958566 -0.994593 0.0399472 18.4813 -0.0779838 -0.0325049 -0.996425 0.415852 0.992336 -0.0986291 -0.0744464 1.9867
1548881223158652672 2106 -0.0918492 -0.995457 0.0250815 18.5644 -0.0668706 -0.018965 -0.997581 0.423172 0.993525 -0.0933043 -0.0648249 1.99004
1548881223392016640 2113 -0.0947102 -0.995355 0.0172834 18.6476 -0.0570465 -0.0119064 -0.998301 0.42881 0.993869 -0.0955352 -0.0556538 1.99165
1548881223492029696 2116 -0.0953989 -0.995246 0.0196303 18.6812 -0.0546836 -0.0144508 -0.998399 0.429682 0.993936 -0.0963196 -0.0530451 1.9936
1548881223525366784 2117 -0.0926129 -0.995638 0.0113377 18.6943 -0.0489201 -0.00682296 -0.998779 0.430754 0.9945 -0.0930545 -0.0480748 1.99201
1548881223892081664 2128 -0.0933371 -0.995439 0.0197254 18.8116 -0.0545511 -0.0146692 -0.998403 0.434663 0.994139 -0.0942641 -0.0529331 2.00614
1548881224258796800 2139 -0.0959324 -0.995339 0.00990075 18.937 -0.0542485 -0.0047038 -0.998516 0.439258 0.993908 -0.0963272 -0.0535443 2.01677
1548881224692187648 2152 -0.104763 -0.994449 0.00976705 19.0821 -0.0559641 -0.00391041 -0.998425 0.443597 0.992921 -0.105144 -0.0552438 2.03353
1548881224825538816 2156 -0.110427 -0.993835 0.00992397 19.1264 -0.0554975 -0.00380363 -0.998452 0.442514 0.992334 -0.110807 -0.0547353 2.03813
1548881225158915584 2166 -0.108186 -0.99413 0.00113082 19.2434 -0.0594127 0.00533011 -0.998219 0.445685 0.992354 -0.108061 -0.0596406 2.05141
1548881225192253696 2167 -0.104758 -0.994498 -0.000410076 19.2548 -0.0628062 0.00702739 -0.998001 0.445592 0.992513 -0.104523 -0.0631967 2.0566
1548881225292266752 2170 -0.108001 -0.994126 -0.0070749 19.2931 -0.0647316 0.0141335 -0.997803 0.448084 0.992041 -0.107306 -0.0658778 2.05943
1548881225658981632 2181 -0.109668 -0.993656 -0.0249106 19.4276 -0.0760763 0.0333794 -0.996543 0.453372 0.991053 -0.107394 -0.0792543 2.08319
1548881225825670656 2186 -0.107012 -0.993671 -0.0341615 19.4906 -0.0780612 0.0426495 -0.996036 0.453485 0.991189 -0.103921 -0.0821312 2.09229
1548881226259060736 2199 -0.109629 -0.993673 -0.024389 19.6307 -0.0760569 0.0328511 -0.996562 0.451932 0.991058 -0.107397 -0.0791771 2.10875
1548881226559099648 2208 -0.106459 -0.993761 -0.0332507 19.735 -0.0834262 0.04225 -0.995618 0.451623 0.990811 -0.103219 -0.0874036 2.12901
1548881226725788672 2213 -0.105529 -0.994041 -0.0273116 19.7897 -0.0824944 0.0361215 -0.995937 0.450369 0.990988 -0.102848 -0.0858147 2.13618
1548881227025828608 2222 -0.10394 -0.994113 -0.0305976 19.8884 -0.090832 0.0401237 -0.995058 0.450357 0.990427 -0.100647 -0.0944677 2.14878
1548881227059165696 2223 -0.102763 -0.994351 -0.0265679 19.9002 -0.0898111 0.0358753 -0.995312 0.448905 0.990643 -0.0998951 -0.0929904 2.1516
1548881227459218688 2235 -0.104879 -0.99412 -0.0269472 20.0341 -0.0987145 0.0373694 -0.994414 0.452143 0.989574 -0.101633 -0.102053 2.17132
1548881227492556800 2236 -0.105973 -0.993858 -0.0318593 20.046 -0.0997455 0.0425029 -0.994105 0.45143 0.989354 -0.102171 -0.103637 2.17061
1548881227559231744 2238 -0.0994791 -0.99436 -0.0367673 20.0697 -0.101688 0.0469165 -0.993709 0.45092 0.98983 -0.0951145 -0.105782 2.17638
1548881227759258624 2244 -0.0959477 -0.994949 -0.0295074 20.1304 -0.107511 0.0398295 -0.993406 0.450439 0.989563 -0.0921426 -0.11079 2.18765
1548881228025959680 2252 -0.0987966 -0.994809 -0.0243668 20.2145 -0.106809 0.0349462 -0.993665 0.448706 0.989359 -0.0955682 -0.109707 2.19696
1548881228325999616 2261 -0.0980537 -0.994867 -0.0249868 20.3223 -0.110642 0.0358501 -0.993214 0.447168 0.989012 -0.0946237 -0.113589 2.20572
1548881228526025728 2267 -0.100315 -0.994819 -0.0165134 20.3821 -0.103939 0.0269843 -0.994218 0.445792 0.989512 -0.0980187 -0.106107 2.20711
1548881228858347776 2277 -0.0935664 -0.99541 -0.0201237 20.4974 -0.105911 0.030049 -0.993921 0.445397 0.989964 -0.0908663 -0.108237 2.21615
1548881229225062656 2288 -0.0926941 -0.995161 -0.0325967 20.6299 -0.105605 0.042379 -0.993505 0.443951 0.990078 -0.0886497 -0.109022 2.22998
1548881229591777792 2299 -0.0980302 -0.994949 -0.0216204 20.744 -0.114625 0.0328688 -0.992865 0.443843 0.98856 -0.0948526 -0.117268 2.24464
1548881229891817728 2308 -0.104623 -0.994363 -0.0172148 20.8394 -0.11081 0.0288576 -0.993423 0.443969 0.988319 -0.102027 -0.113205 2.25088
1548881230425221632 2324 -0.110956 -0.99377 -0.0104544 21.0084 -0.0949283 0.021069 -0.995261 0.443108 0.989281 -0.109438 -0.0966746 2.25848
1548881230858611712 2337 -0.115452 -0.993297 -0.00559961 21.1442 -0.091885 0.0162927 -0.995636 0.443671 0.989054 -0.114434 -0.0931501 2.27339
1548881231191988736 2347 -0.1226 -0.992438 -0.00605047 21.2544 -0.0824907 0.0162654 -0.996459 0.44801 0.989022 -0.121666 -0.083861 2.28155
1548881231325339648 2351 -0.121803 -0.992399 -0.0175328 21.303 -0.0756967 0.0269007 -0.996768 0.446752 0.989664 -0.120082 -0.078398 2.28217
1548881231892080640 2368 -0.137068 -0.989782 -0.0392927 21.5024 -0.051658 0.0467556 -0.99757 0.448608 0.989214 -0.134705 -0.0575389 2.28923
1548881231958756608 2370 -0.136615 -0.990045 -0.0338705 21.5205 -0.0544458 0.0416435 -0.997648 0.4474 0.989127 -0.13445 -0.0595929 2.29304
1548881232192120832 2377 -0.13944 -0.989648 -0.0339547 21.5943 -0.0554131 0.0420344 -0.997578 0.448082 0.988679 -0.137221 -0.0607008 2.30389
1548881232358809600 2382 -0.142009 -0.989179 -0.0368603 21.6501 -0.0499607 0.0443528 -0.997766 0.44885 0.988604 -0.13985 -0.0557186 2.30835
1548881232458822656 2385 -0.144541 -0.988653 -0.0409028 21.6843 -0.0445301 0.0477942 -0.997864 0.449969 0.988496 -0.142411 -0.0509331 2.30854
1548881232826592768 2396 -0.150018 -0.988629 -0.0103946 21.7808 -0.0579828 0.0192931 -0.998131 0.44612 0.986982 -0.149135 -0.0602177 2.32977
1548881232859930624 2397 -0.151231 -0.988424 -0.0121639 21.7931 -0.0547147 0.0206568 -0.998288 0.444397 0.986983 -0.150307 -0.0572053 2.33039
1548881232893267712 2398 -0.152793 -0.988135 -0.015622 21.8044 -0.0512755 0.0237129 -0.998403 0.444907 0.986927 -0.151748 -0.0542902 2.32946
1548881233226644736 2408 -0.160077 -0.987063 -0.0090607 21.9115 -0.0480034 0.0169525 -0.998703 0.444284 0.985937 -0.159434 -0.0500961 2.34096
1548881233460009728 2415 -0.163316 -0.986382 -0.0194294 21.9929 -0.0501732 0.0279723 -0.998349 0.444202 0.985297 -0.162072 -0.0540583 2.35699
1548881233926737664 2429 -0.168395 -0.985412 -0.0246302 22.1472 -0.0531026 0.0340196 -0.998009 0.445332 0.984288 -0.166751 -0.0580566 2.38531
1548881234260114688 2439 -0.174839 -0.984475 -0.0155056 22.2472 -0.0543412 0.0253726 -0.9982 0.444069 0.983096 -0.173682 -0.0579336 2.40314
1548881234860193792 2457 -0.186671 -0.982415 0.00378343 22.4294 -0.0539728 0.00641002 -0.998522 0.44599 0.980939 -0.186599 -0.0542203 2.43211
1548881234893531648 2458 -0.18611 -0.982523 0.00346258 22.4394 -0.0528812 0.00649765 -0.99858 0.44541 0.981105 -0.186029 -0.0531663 2.43451
1548881235260246784 2469 -0.14512 -0.9894 0.00521785 22.552 -0.0497909 0.00203587 -0.998758 0.44525 0.98816 -0.1452 -0.0495586 2.4569
1548881235293583616 2470 -0.135742 -0.99074 0.00279796 22.5623 -0.0480606 0.00376398 -0.998837 0.446662 0.989578 -0.135719 -0.0481265 2.45832
1548881235460272640 2475 -0.0980723 -0.995179 0.00111703 22.6206 -0.0483222 0.0036409 -0.998825 0.448864 0.994005 -0.0980111 -0.0484463 2.47119
1548881235725919744 2483 -0.0878096 -0.996133 0.0029769 22.7124 -0.0490618 0.00133997 -0.998795 0.4511 0.994928 -0.0878498 -0.0489897 2.48005
1548881236059296768 2493 -0.0913009 -0.995821 -0.00237646 22.8294 -0.0485113 0.00683128 -0.998799 0.452679 0.994641 -0.091076 -0.0489322 2.48827
1548881236559362816 2508 -0.0866393 -0.99624 0.000549452 22.9946 -0.0449048 0.00335424 -0.998986 0.459517 0.995227 -0.0865761 -0.0450265 2.50052
1548881236826064640 2516 -0.0855111 -0.996337 -2.02272e-05 23.0868 -0.0445375 0.00384273 -0.999 0.459394 0.995341 -0.0854247 -0.0447029 2.50876
1548881237459481600 2535 -0.0872335 -0.996175 -0.00506547 23.301 -0.0489746 0.00936723 -0.998756 0.462948 0.994983 -0.0868769 -0.0496044 2.52612
1548881237492818688 2536 -0.0910643 -0.99583 -0.00551665 23.311 -0.0493727 0.0100476 -0.99873 0.462831 0.99462 -0.0906762 -0.0500818 2.52776
1548881238059560704 2553 -0.0937431 -0.995595 -0.00163631 23.4956 -0.0462159 0.00599335 -0.998913 0.468582 0.994523 -0.0935657 -0.0465741 2.54226
1548881238092897792 2554 -0.0939907 -0.995573 -0.000928 23.5057 -0.0478709 0.00545048 -0.998839 0.46714 0.994421 -0.0938372 -0.0481713 2.54352
1548881238559625728 2568 -0.0939727 -0.995513 0.0110872 23.6498 -0.0522923 -0.00618549 -0.998613 0.473106 0.994201 -0.0944221 -0.0514764 2.56254
1548881238592963584 2569 -0.0927798 -0.995537 0.0172806 23.6578 -0.0535305 -0.012343 -0.99849 0.473295 0.994247 -0.0935647 -0.0521464 2.56174
1548881239059691776 2583 -0.0915859 -0.995549 0.0222515 23.8041 -0.0513558 -0.0175935 -0.998525 0.478024 0.994472 -0.0925936 -0.0495158 2.57228
1548881239159705600 2586 -0.0920297 -0.995503 0.0224379 23.8382 -0.0528411 -0.0176194 -0.998447 0.478207 0.994353 -0.0930724 -0.050982 2.5772
1548881239659770624 2601 -0.0888856 -0.995618 0.0290521 24.0015 -0.05339 -0.0243632 -0.998276 0.487034 0.99461 -0.0902835 -0.0509905 2.59127
1548881239726446592 2603 -0.086944 -0.995729 0.0310634 24.024 -0.056608 -0.026193 -0.998053 0.486785 0.994604 -0.0885331 -0.0540889 2.59692
1548881239959810816 2610 -0.050986 -0.998279 0.0289767 24.1083 -0.0523979 -0.0263005 -0.99828 0.492212 0.997324 -0.0524166 -0.0509667 2.60693
1548881239993148672 2611 -0.042227 -0.998748 0.0268198 24.1186 -0.0537039 -0.024536 -0.998255 0.492408 0.997664 -0.0435937 -0.0526005 2.60715
1548881240159836672 2616 -0.00850529 -0.999616 0.0263752 24.1746 -0.0502853 -0.0259153 -0.998399 0.496589 0.998699 -0.00981796 -0.0500456 2.61172
1548881240393200640 2623 0.0501843 -0.998227 0.0320062 24.2459 -0.0497311 -0.0345044 -0.998166 0.499471 0.997501 0.0485006 -0.0513745 2.61707
1548881240726578688 2633 0.0904614 -0.995041 0.0413604 24.3482 -0.0421881 -0.0453222 -0.998081 0.508052 0.995006 0.0885429 -0.0460788 2.6093
1548881241093293824 2644 0.129026 -0.991162 0.0308254 24.4711 -0.0367366 -0.0358415 -0.998682 0.515885 0.990961 0.127723 -0.0410364 2.59695
