1548881155685699584 82 0.0203885 -0.999791 0.00142856 0.199825 0.00210277 -0.00138598 -0.999997 0.00677503 0.99979 0.0203914 0.00207407 -0.00504401
1548881155719037696 83 0.0212624 -0.999774 0.000615441 0.209031 0.00252517 -0.000561875 -0.999997 0.00660499 0.999771 0.0212639 0.00251265 -0.00443408
1548881156285778688 100 0.0536297 -0.998544 0.00586611 0.363448 0.00418751 -0.00564962 -0.999975 0.0111086 0.998552 0.0536529 0.00387843 -0.0115313
1548881156519142656 107 0.0514895 -0.998639 0.00824748 0.424513 0.00340247 -0.00808297 -0.999962 0.0134556 0.998668 0.0515156 0.00298165 -0.0149098
1548881156952533760 120 -0.0173697 -0.999832 0.00593031 0.54251 1.27406e-05 -0.00593143 -0.999982 0.0183918 0.999849 -0.0173693 0.000115765 -0.0275208
1548881157019208704 122 -0.0299936 -0.99938 0.0184198 0.551537 0.00407641 -0.0185502 -0.99982 0.0159008 0.999542 -0.0299131 0.00463027 -0.0307552
1548881157152559616 126 -0.0385725 -0.999149 0.0146151 0.593516 0.00605934 -0.0148596 -0.999871 0.0177351 0.999237 -0.038479 0.00662735 -0.0322761
1548881157185897728 127 -0.0456268 -0.998863 0.0138259 0.603807 0.00870262 -0.0142372 -0.999861 0.0180928 0.998921 -0.0455002 0.00934232 -0.03466
1548881157385923584 133 -0.0616957 -0.99799 0.0144854 0.670895 0.00143912 -0.014602 -0.999892 0.021348 0.998094 -0.0616682 0.0023371 -0.0284209
1548881157652625664 141 -0.0885522 -0.995719 -0.0265037 0.785845 -0.030641 0.0293187 -0.9991 0.0211125 0.9956 -0.0876604 -0.0331061 -0.00106719
1548881157785976832 145 -0.103655 -0.99324 -0.0522456 0.851082 -0.0412858 0.05678 -0.997533 0.0214187 0.993756 -0.101242 -0.0468922 0.0156476
1548881157986711808 151 -0.126184 -0.990577 -0.0532521 0.9144 -0.0241925 0.0567381 -0.998096 0.0180565 0.991712 -0.124655 -0.0311239 0.0107078
1548881158053387776 153 -0.133684 -0.988881 -0.0651313 0.948076 -0.0271663 0.0693532 -0.997222 0.0149098 0.990652 -0.131543 -0.0361356 0.0151816
1548881158153400832 156 -0.135223 -0.986026 -0.0972973 1.00678 -0.0370045 0.103157 -0.993977 0.0136591 0.990124 -0.130808 -0.0504366 0.0300125
1548881158186738688 157 -0.137436 -0.984664 -0.107463 1.02612 -0.042792 0.114294 -0.992525 0.0120805 0.989586 -0.13181 -0.0578438 0.0367265
1548881158454081792 165 -0.141512 -0.981529 -0.128748 1.12409 -0.0446969 0.136259 -0.989664 0.0102017 0.988927 -0.134294 -0.0631535 0.0516044
1548881158487419648 166 -0.140043 -0.980728 -0.136238 1.13775 -0.0483227 0.144199 -0.988368 0.00955895 0.988966 -0.131831 -0.0675855 0.0567437
1548881158687445760 172 -0.120707 -0.981893 -0.145999 1.20177 -0.0433038 0.152142 -0.987409 0.00931995 0.991743 -0.112865 -0.0608843 0.0585183
1548881158854134784 177 -0.0915726 -0.981929 -0.165619 1.25793 -0.0592919 0.171399 -0.983416 0.00980033 0.994032 -0.0802341 -0.0739159 0.077979
1548881159220207616 188 -0.051095 -0.991208 -0.122048 1.33575 -0.062997 0.125164 -0.990134 -0.00603014 0.996705 -0.0429023 -0.0688384 0.0836329
1548881159586213632 199 -0.00273666 -0.996454 -0.0840922 1.40134 -0.0696654 0.0840782 -0.994021 -0.0120718 0.997567 0.00313802 -0.0696485 0.0956272
1548881160019603712 212 0.0107441 -0.999027 -0.0427793 1.49318 -0.0737618 0.0418734 -0.996396 -0.014097 0.997218 0.0138608 -0.0732401 0.0992216
1548881160319643648 221 0.0105718 -0.999688 -0.0226431 1.55986 -0.0749932 0.0217879 -0.996946 -0.0156389 0.997128 0.0122376 -0.0747394 0.097378
1548881160786371584 235 0.0303009 -0.999337 0.0201759 1.66559 -0.0871809 -0.0227506 -0.995933 -0.0195723 0.995732 0.0284187 -0.0878124 0.110944
1548881161119748608 245 0.0274327 -0.998916 0.0375937 1.74183 -0.0792891 -0.0396637 -0.996062 -0.0170663 0.996474 0.0243439 -0.0802913 0.10261
1548881161153086720 246 0.0236408 -0.999066 0.0361683 1.75162 -0.0809268 -0.0379721 -0.995996 -0.0157229 0.99644 0.0206192 -0.0817489 0.102977
1548881161719827712 263 0.031228 -0.998163 0.0519259 1.89587 -0.0850894 -0.0544175 -0.994886 -0.00615521 0.995884 0.02665 -0.0866324 0.105335
1548881161853178624 267 0.0308574 -0.99839 0.0475852 1.93387 -0.0852298 -0.0500628 -0.995103 -0.00383642 0.995883 0.0266506 -0.0866375 0.105049
1548881162286569728 280 0.0332279 -0.998123 0.0514438 2.05221 -0.0849579 -0.0541067 -0.994914 0.00384442 0.99583 0.0286883 -0.0865963 0.101792
1548881162386582784 283 0.0372208 -0.997904 0.0529435 2.07866 -0.0834179 -0.055898 -0.994946 0.00564707 0.995819 0.0326162 -0.0853236 0.100034
1548881162686621696 292 0.0389056 -0.99825 0.044538 2.16649 -0.0802903 -0.0475506 -0.995637 0.0118872 0.996012 0.0351599 -0.0819997 0.0962793
1548881162786635776 295 0.037112 -0.99864 0.0366219 2.19931 -0.0784265 -0.0394448 -0.996139 0.0147387 0.996229 0.0340966 -0.0797837 0.0945016
1548881163186687744 307 0.0318698 -0.99876 0.0382549 2.31101 -0.0817373 -0.0407505 -0.99582 0.0225723 0.996144 0.0286098 -0.0829346 0.096017
1548881163286700800 310 0.0314536 -0.998986 0.032217 2.34397 -0.078882 -0.0346135 -0.996283 0.0249596 0.996388 0.0287954 -0.0798907 0.091199
1548881163786766592 325 0.0182859 -0.999391 0.0297331 2.48791 -0.0784792 -0.031081 -0.996431 0.0357133 0.996748 0.0158872 -0.0789997 0.0898787
1548881163820104704 326 0.019462 -0.999439 0.0272417 2.49849 -0.0774356 -0.0286718 -0.996585 0.0362671 0.996807 0.0172861 -0.0779502 0.0869279
1548881164220157696 338 0.0104143 -0.999268 0.0368146 2.60646 -0.0793521 -0.0375264 -0.99614 0.0399066 0.996792 0.00745277 -0.0796848 0.0853829
1548881164353508608 342 0.0102736 -0.999474 0.0307598 2.64486 -0.0772255 -0.0314626 -0.996517 0.0417244 0.996961 0.00786235 -0.0775082 0.0861336
1548881164720223744 353 0.00293716 -0.999443 0.0332318 2.74669 -0.0686184 -0.0333551 -0.997085 0.0475974 0.997639 0.000648281 -0.0686782 0.0787546
1548881164886911744 358 -0.00404568 -0.999416 0.0339344 2.79328 -0.0741108 -0.0335417 -0.996686 0.0520303 0.997242 -0.00654718 -0.0739319 0.0825585
1548881165187660800 367 -0.0230557 -0.999085 0.0360253 2.87175 -0.0814663 -0.0340375 -0.996095 0.0587697 0.996409 -0.0259005 -0.080607 0.084473
1548881165354348800 372 -0.0354122 -0.998076 0.05089 2.90659 -0.0814093 -0.0478717 -0.99553 0.0597172 0.996051 -0.0393968 -0.0795574 0.0836084
1548881165588354816 379 -0.0440711 -0.997526 0.0547638 2.96785 -0.0795755 -0.0511377 -0.995516 0.0650626 0.995854 -0.0482313 -0.0771249 0.0833181
1548881165621692672 380 -0.0434766 -0.997479 0.0560767 2.97321 -0.0786735 -0.0525372 -0.995515 0.065356 0.995952 -0.0476933 -0.076191 0.0816938
1548881165821719808 386 -0.0439472 -0.996787 0.0669626 3.02268 -0.078905 -0.0633548 -0.994867 0.0701278 0.995913 -0.0490053 -0.0758672 0.0842343
1548881166055083776 393 -0.0461588 -0.996446 0.0704661 3.08245 -0.0731905 -0.0669781 -0.995066 0.0749608 0.996249 -0.0510885 -0.0698387 0.0829355
1548881166455135744 405 -0.0478513 -0.995441 0.0825021 3.18616 -0.0739495 -0.0788395 -0.994141 0.0824431 0.996113 -0.0536719 -0.0698398 0.0904974
1548881166488473600 406 -0.0473938 -0.995925 0.0767238 3.19337 -0.075008 -0.0730449 -0.994504 0.0836048 0.996056 -0.0528882 -0.0712405 0.0907317
1548881166788513792 415 -0.0450645 -0.996306 0.0730947 3.27712 -0.0707441 -0.0698026 -0.995049 0.0921477 0.996476 -0.0500124 -0.0673372 0.0925304
1548881166821850624 416 -0.0458252 -0.996206 0.0739824 3.28424 -0.0714074 -0.0706041 -0.994945 0.0930775 0.996394 -0.0508764 -0.0679011 0.0937664
1548881167155228672 426 -0.0463548 -0.997005 0.0619119 3.38081 -0.0654549 -0.0588137 -0.996121 0.101361 0.996778 -0.0502274 -0.0625326 0.0953524
1548881167188565760 427 -0.0472537 -0.99697 0.061783 3.39011 -0.063983 -0.058704 -0.996223 0.1024 0.996832 -0.0510283 -0.0610151 0.0936727
1548881167322497792 431 -0.0486038 -0.997816 0.0447218 3.44153 -0.0557701 -0.0419937 -0.99756 0.10651 0.99726 -0.0509793 -0.0536073 0.0904722
1548881167355835648 432 -0.0457438 -0.998168 0.0396004 3.45416 -0.0566383 -0.0369866 -0.997709 0.106828 0.997346 -0.0478819 -0.0548426 0.0913852
1548881167489186816 436 -0.0357622 -0.998292 0.0461867 3.48656 -0.0580788 -0.044062 -0.997339 0.110137 0.997671 -0.0383495 -0.0564039 0.0939065
1548881167789225728 445 -0.0189772 -0.998531 0.0507571 3.56437 -0.0648725 -0.0494295 -0.996669 0.114966 0.997713 -0.0222067 -0.0638392 0.102495
1548881168122603776 455 -0.00812929 -0.999138 0.040697 3.66142 -0.061358 -0.0401233 -0.997309 0.122415 0.998083 -0.0106045 -0.0609789 0.101829
1548881168389304832 463 -0.0130696 -0.99937 0.0330068 3.73908 -0.0592153 -0.0321782 -0.997726 0.125376 0.99816 -0.0149944 -0.0587574 0.102605
1548881168555993600 468 -0.0194679 -0.999524 0.0239315 3.79148 -0.0546098 -0.0228373 -0.998247 0.126911 0.998318 -0.0207407 -0.0541392 0.0980965
1548881168922708736 479 -0.0477621 -0.99885 0.00422213 3.90518 -0.0494883 -0.00185541 -0.998773 0.129743 0.997632 -0.0479125 -0.0493428 0.0960949
1548881169056059648 483 -0.0490934 -0.998755 0.00881233 3.94014 -0.0478418 -0.00646138 -0.998834 0.131045 0.997648 -0.0494578 -0.0474651 0.0958371
1548881169656138752 501 -0.0509595 -0.998668 -0.00806287 4.11147 -0.0498736 0.010608 -0.998699 0.141185 0.997455 -0.0504911 -0.0503477 0.107163
1548881169689476608 502 -0.0526791 -0.998578 -0.00823704 4.12065 -0.0481042 0.0107764 -0.998784 0.141364 0.997452 -0.0522189 -0.0486035 0.106413
1548881170189542656 517 -0.0586002 -0.998144 -0.0165951 4.26188 -0.0510648 0.0195991 -0.998503 0.143486 0.996975 -0.057665 -0.0521185 0.115133
1548881170222879744 518 -0.0565714 -0.998297 -0.0142411 4.27083 -0.0524429 0.0172154 -0.998476 0.143895 0.99702 -0.0557383 -0.0533275 0.115972
1548881170822958592 536 -0.0687116 -0.997185 0.0300007 4.40408 -0.0479646 -0.026735 -0.998491 0.147854 0.996483 -0.0700469 -0.0459925 0.119815
1548881170889634816 538 -0.0668798 -0.997394 0.0270744 4.42152 -0.0601753 -0.0230537 -0.997922 0.148767 0.995945 -0.06837 -0.0584766 0.128563
1548881171323024640 551 -0.0671903 -0.996644 0.0467657 4.53383 -0.0575061 -0.0429253 -0.997422 0.155243 0.996082 -0.0697064 -0.0544289 0.133135
1548881171456375808 555 -0.0761212 -0.996541 0.0333356 4.57878 -0.0672797 -0.028223 -0.997335 0.156521 0.994826 -0.0781611 -0.0648986 0.144675
1548881171989779712 571 -0.0730186 -0.995833 0.0546304 4.70755 -0.0603869 -0.0502615 -0.996909 0.160401 0.995501 -0.0760919 -0.0564653 0.149275
1548881172189805824 577 -0.084607 -0.995063 0.0518863 4.7626 -0.0592093 -0.0469602 -0.99714 0.160955 0.994654 -0.0874372 -0.0549438 0.153787
1548881172656533760 591 -0.0759139 -0.996892 0.0210387 4.90727 -0.0525542 -0.0170701 -0.998472 0.168654 0.995728 -0.0769036 -0.051095 0.169168
1548881173223274752 608 -0.0801327 -0.996762 0.00668862 5.07414 -0.0613655 -0.00176433 -0.998114 0.17356 0.994893 -0.080392 -0.0610254 0.187001
1548881173422720768 614 -0.0824605 -0.996419 -0.0186747 5.15085 -0.0515656 0.0229793 -0.998405 0.175233 0.995259 -0.0813661 -0.0532758 0.189558
1548881173489395712 616 -0.0803217 -0.996585 -0.0191517 5.16777 -0.0510286 0.0232998 -0.998425 0.176995 0.995462 -0.0792179 -0.0527258 0.192839
1548881173789435648 625 -0.0822259 -0.99657 -0.00938011 5.25023 -0.0560824 0.014024 -0.998328 0.176074 0.995035 -0.0815623 -0.0570431 0.206566
1548881174322838784 641 -0.0893341 -0.995927 -0.0122111 5.40481 -0.0532365 0.0170171 -0.998437 0.176229 0.994578 -0.0885444 -0.0545399 0.216465
1548881174489527808 646 -0.0995953 -0.994758 -0.0231911 5.45481 -0.0425723 0.0275457 -0.998714 0.178009 0.994117 -0.0984799 -0.0450926 0.214857
1548881175055626752 663 -0.112239 -0.993669 0.00487622 5.60861 -0.0449599 0.0001761 -0.998989 0.182266 0.992664 -0.112345 -0.0446951 0.231091
1548881175322328576 671 -0.123331 -0.992341 -0.00693149 5.68881 -0.0414216 0.0121265 -0.999068 0.182546 0.991501 -0.122929 -0.0425999 0.235226
1548881175922407680 689 -0.131099 -0.991321 0.00974437 5.8551 -0.0404113 -0.00447728 -0.999173 0.1857 0.990545 -0.131384 -0.0394736 0.249117
1548881176089096704 694 -0.139677 -0.989883 0.0249295 5.8998 -0.037913 -0.0198116 -0.999085 0.189429 0.989471 -0.140494 -0.0347622 0.252515
1548881176489149696 706 -0.141839 -0.989829 0.0109399 6.0264 -0.0332312 -0.00628408 -0.999428 0.193678 0.989332 -0.142122 -0.0320019 0.266778
1548881176555824640 708 -0.140148 -0.99005 0.0126165 6.04741 -0.0342764 -0.00788336 -0.999381 0.193813 0.989537 -0.140493 -0.0328305 0.269753
1548881177022552576 722 -0.154536 -0.987731 0.0224969 6.1878 -0.0267302 -0.0185821 -0.99947 0.197081 0.987625 -0.155056 -0.0235307 0.28338
1548881177055890688 723 -0.150892 -0.988273 0.0233941 6.2012 -0.032281 -0.0187265 -0.999303 0.19629 0.988023 -0.151542 -0.0290767 0.287342
1548881177422605824 734 -0.139734 -0.990171 -0.00595162 6.33669 -0.0230707 0.00926461 -0.999691 0.199585 0.98992 -0.139554 -0.0241385 0.298706
1548881177455943680 735 -0.136407 -0.990611 -0.0090917 6.34613 -0.0229645 0.012337 -0.99966 0.19942 0.990387 -0.136152 -0.0244318 0.303093
1548881177722644736 743 -0.134521 -0.990691 -0.020879 6.43504 -0.0203046 0.023822 -0.99951 0.202006 0.990703 -0.134031 -0.0233201 0.31245
1548881177755982592 744 -0.135637 -0.990535 -0.0210242 6.44544 -0.0191998 0.0238442 -0.999531 0.202465 0.990573 -0.13517 -0.0222522 0.31355
1548881178156035584 756 -0.140423 -0.989678 -0.0286103 6.58155 -0.0177394 0.0314069 -0.999349 0.204426 0.989933 -0.139824 -0.0219666 0.329633
1548881178389399808 763 -0.137646 -0.989973 -0.0317286 6.64627 -0.0197525 0.0347707 -0.9992 0.205554 0.990284 -0.136909 -0.0243405 0.334635
1548881178988769792 781 -0.128674 -0.991332 -0.0265247 6.83276 -0.0190182 0.0292089 -0.999392 0.204017 0.991505 -0.128091 -0.0226118 0.356617
1548881179188795648 787 -0.124127 -0.992256 -0.00457202 6.88013 -0.0201798 0.00713105 -0.999771 0.203402 0.992061 -0.124006 -0.0209087 0.359089
1548881179722199808 803 -0.125765 -0.991983 -0.0123677 7.05776 -0.0137352 0.0142065 -0.999805 0.204324 0.991965 -0.125571 -0.0154118 0.374061
1548881179755537664 804 -0.124737 -0.992074 -0.0151578 7.06574 -0.0102585 0.0165658 -0.99981 0.204541 0.992137 -0.124558 -0.0122436 0.372238
1548881180121469696 815 -0.11844 -0.992897 0.0112559 7.16713 -0.0127525 -0.00981376 -0.999871 0.20398 0.992879 -0.118568 -0.0114996 0.379571
1548881180154806784 816 -0.117907 -0.992994 0.00781714 7.17198 -0.0127973 -0.00635196 -0.999898 0.204425 0.992942 -0.117995 -0.0119587 0.380744
1548881180321495808 821 -0.119032 -0.992874 0.00572193 7.21958 -0.00372904 -0.00531581 -0.999979 0.20683 0.992883 -0.119051 -0.00306972 0.380091
1548881180821561600 836 -0.123697 -0.992164 0.0176129 7.37527 -0.0161305 -0.0157364 -0.999746 0.211783 0.992189 -0.12395 -0.0140575 0.401801
1548881181188276736 847 -0.125049 -0.992029 0.0155633 7.48838 -0.00252239 -0.0153685 -0.999879 0.213903 0.992147 -0.125073 -0.00058047 0.404261
1548881181720814592 863 -0.125956 -0.991983 0.0102757 7.65842 -0.00872964 -0.00924947 -0.999919 0.219167 0.991997 -0.126036 -0.00749463 0.42866
1548881185287951616 970 -0.117643 -0.993055 -0.00146611 7.82412 -0.0225257 0.00414451 -0.999738 0.224317 0.9928 -0.117579 -0.0228568 0.455089
1548881186188070656 997 -0.0773157 -0.996931 0.0123158 8.0143 -0.0412076 -0.00914693 -0.999109 0.229341 0.996155 -0.0777543 -0.0403739 0.486245
1548881186887207680 1018 -0.0898178 -0.995909 0.00986013 8.16972 -0.0301298 -0.00717857 -0.99952 0.232104 0.995502 -0.0900718 -0.0293618 0.486773
1548881187187246592 1027 -0.0956634 -0.995394 0.0063252 8.24023 -0.0415953 -0.0023514 -0.999132 0.233212 0.994544 -0.0958434 -0.0411787 0.49464
1548881187787325696 1045 -0.0927682 -0.995643 0.00942903 8.37514 -0.0411274 -0.00563011 -0.999138 0.235489 0.994838 -0.093076 -0.040426 0.506343
1548881188154040832 1056 -0.10079 -0.994899 -0.00411036 8.46897 -0.0497719 0.00916838 -0.998719 0.23567 0.993662 -0.100456 -0.0504422 0.518114
1548881188753064704 1074 -0.120633 -0.992647 0.00999072 8.59388 -0.0323889 -0.00612317 -0.999457 0.242448 0.992169 -0.120891 -0.031412 0.518783
1548881189253130752 1089 -0.121693 -0.992564 0.00270691 8.71403 -0.0541755 0.003919 -0.998524 0.243274 0.991088 -0.12166 -0.0542496 0.544873
1548881190085407744 1114 -0.136742 -0.990303 0.0245283 8.89367 -0.0554682 -0.0170677 -0.998315 0.249363 0.989053 -0.137872 -0.0525964 0.567627
1548881190518798592 1127 -0.146159 -0.989196 0.011348 9.00628 -0.0643308 -0.0019429 -0.997927 0.248645 0.987167 -0.146586 -0.0633518 0.589019
1548881190918850816 1139 -0.154109 -0.988053 -0.00161153 9.12254 -0.0587949 0.0107985 -0.998212 0.254474 0.986303 -0.153738 -0.0597566 0.599604
1548881191085539584 1144 -0.154567 -0.987767 0.0206391 9.15017 -0.0623238 -0.0111003 -0.997994 0.24915 0.986015 -0.155544 -0.0598456 0.603752
1548881191851020800 1167 -0.143861 -0.989273 0.0253514 9.33475 -0.0737073 -0.0148352 -0.99717 0.260955 0.986849 -0.145322 -0.0707825 0.652266
1548881191884357632 1168 -0.140414 -0.989899 0.0195903 9.33964 -0.0728702 -0.00940024 -0.997297 0.260168 0.987408 -0.141462 -0.0708142 0.652018
1548881192084384768 1174 -0.141044 -0.989915 0.0132049 9.39913 -0.0677305 -0.00365843 -0.997697 0.256164 0.987684 -0.141614 -0.0665314 0.652157
1548881192117722624 1175 -0.141091 -0.989822 0.0186148 9.40226 -0.0698355 -0.00880508 -0.99752 0.259649 0.98753 -0.142041 -0.0678824 0.653191
1548881192184397824 1177 -0.141042 -0.989793 0.0204297 9.41435 -0.0684233 -0.0108407 -0.997597 0.261882 0.987636 -0.142101 -0.0661959 0.655405
1548881192684463616 1192 -0.150213 -0.988177 0.0307029 9.53524 -0.0641669 -0.0212451 -0.997713 0.266594 0.986569 -0.15184 -0.060217 0.667906
1548881192717801728 1193 -0.148339 -0.988486 0.0298655 9.53927 -0.0668174 -0.0201127 -0.997562 0.26547 0.986677 -0.149973 -0.0630645 0.669165
1548881192917827584 1199 -0.14506 -0.988849 0.0336993 9.58863 -0.07091 -0.0235819 -0.997204 0.266056 0.986879 -0.147044 -0.0666984 0.680788
1548881193217866752 1208 -0.146581 -0.988552 0.0357498 9.66104 -0.0719904 -0.0253836 -0.997082 0.269019 0.986576 -0.148727 -0.0674455 0.692596
1548881193951296768 1230 -0.154743 -0.987098 0.0411313 9.83926 -0.0695248 -0.0306494 -0.997109 0.277898 0.985505 -0.157155 -0.0638851 0.714588
1548881193984634624 1231 -0.154315 -0.987305 0.0376252 9.8482 -0.0686439 -0.0272759 -0.997268 0.27982 0.985634 -0.156477 -0.0635633 0.715599
1548881194184661760 1237 -0.155054 -0.987246 0.0360989 9.90001 -0.0787788 -0.0240682 -0.996602 0.276745 0.98476 -0.157371 -0.0740422 0.731441
1548881194451362816 1245 -0.154289 -0.987601 0.0289791 9.97162 -0.0792114 -0.0168717 -0.996715 0.285406 0.984845 -0.156078 -0.0756261 0.74105
1548881194618051584 1250 -0.152509 -0.987897 0.0283004 10.0166 -0.0845113 -0.0154946 -0.996302 0.287553 0.984682 -0.154336 -0.0811253 0.754292
1548881195418156800 1274 -0.154184 -0.987994 0.00971284 10.2293 -0.0965064 0.00527573 -0.995318 0.291123 0.983318 -0.1544 -0.0961612 0.793724
1548881195718196736 1283 -0.152225 -0.988326 0.00626805 10.3071 -0.102213 0.00943453 -0.994718 0.292044 0.983046 -0.152062 -0.102456 0.809651
1548881196418288640 1304 -0.154504 -0.987875 -0.0152099 10.4993 -0.103314 0.0314649 -0.994151 0.290518 0.982576 -0.152029 -0.106923 0.835426
1548881196451626752 1305 -0.151947 -0.988281 -0.0145721 10.5084 -0.104393 0.0307077 -0.994062 0.290846 0.98286 -0.149524 -0.107836 0.837761
1548881196518301696 1307 -0.152882 -0.988042 -0.0200182 10.5328 -0.104211 0.0362616 -0.993894 0.292708 0.982735 -0.149862 -0.108509 0.84017
1548881196551639808 1308 -0.153684 -0.987875 -0.0219952 10.5425 -0.102797 0.038123 -0.993972 0.291757 0.982758 -0.150496 -0.107409 0.842085
1548881196684990720 1312 -0.152285 -0.987942 -0.0279251 10.5742 -0.100938 0.0436534 -0.993935 0.290682 0.983169 -0.148542 -0.106369 0.845258
1548881196851679744 1317 -0.15447 -0.98736 -0.0354847 10.6218 -0.0998418 0.0513318 -0.993678 0.289727 0.98294 -0.14995 -0.106509 0.850775
1548881197285069824 1330 -0.157565 -0.987116 -0.0278549 10.725 -0.113964 0.0461955 -0.99241 0.288723 0.98091 -0.153195 -0.119775 0.873073
1548881197485095680 1336 -0.160898 -0.986423 -0.0328806 10.779 -0.112431 0.0514163 -0.992328 0.289215 0.980546 -0.155966 -0.119177 0.882398
1548881197918486784 1349 -0.171065 -0.984999 -0.0226491 10.8802 -0.113082 0.0424646 -0.992678 0.289595 0.978749 -0.167251 -0.11865 0.900216
1548881197951823616 1350 -0.169917 -0.985289 -0.0182588 10.886 -0.112632 0.0378239 -0.992917 0.288959 0.979001 -0.166657 -0.117402 0.900712
1548881198018499584 1352 -0.173357 -0.984691 -0.0181991 10.9021 -0.116043 0.0387729 -0.992487 0.2915 0.977999 -0.169943 -0.120988 0.904733
1548881198151850752 1356 -0.175465 -0.984434 -0.0101251 10.93 -0.123003 0.0321258 -0.991886 0.289306 0.976771 -0.172796 -0.126725 0.913352
1548881198486514688 1366 -0.179441 -0.983769 0.000240584 11.0043 -0.128264 0.0231531 -0.99147 0.290633 0.975371 -0.177941 -0.130337 0.929719
1548881198853229824 1377 -0.18729 -0.982189 0.0150978 11.0879 -0.117616 0.00716327 -0.993033 0.289366 0.975238 -0.187761 -0.116863 0.938855
1548881199253282816 1389 -0.189139 -0.98181 0.0166171 11.1907 -0.120477 0.00640772 -0.992695 0.288465 0.974532 -0.18976 -0.119497 0.958705
1548881199454474752 1395 -0.188818 -0.98187 0.0166898 11.2442 -0.117521 0.00571992 -0.993054 0.289967 0.974955 -0.189467 -0.116471 0.969079
1548881199954540800 1410 -0.195738 -0.980447 0.020248 11.3683 -0.112676 0.0019746 -0.99363 0.296057 0.974162 -0.196772 -0.11086 0.991335
1548881200054553600 1413 -0.196536 -0.97996 0.0324468 11.3905 -0.118855 -0.0090374 -0.992871 0.296361 0.973266 -0.198991 -0.114697 0.999158
1548881200487944704 1426 -0.202436 -0.978621 0.036327 11.4979 -0.126681 -0.0106143 -0.991887 0.300948 0.971067 -0.205396 -0.121824 1.02776
1548881200922389760 1439 -0.20277 -0.978254 0.0436246 11.6079 -0.119752 -0.019443 -0.992613 0.302426 0.971876 -0.206497 -0.113205 1.04712
1548881201222428672 1448 -0.206386 -0.977492 0.0437484 11.6859 -0.11574 -0.0200089 -0.993078 0.303584 0.971601 -0.21002 -0.109005 1.0619
1548881201322442752 1451 -0.208915 -0.976972 0.0433603 11.711 -0.113257 -0.0198692 -0.993367 0.303051 0.971353 -0.21244 -0.106498 1.06788
1548881201355779584 1452 -0.209133 -0.976983 0.0420426 11.7218 -0.110657 -0.0190739 -0.993676 0.304686 0.971606 -0.212462 -0.104121 1.06752
1548881201389117696 1453 -0.208185 -0.977324 0.0386818 11.7328 -0.108788 -0.0161657 -0.993934 0.305489 0.972021 -0.21113 -0.102956 1.06956
1548881201755832832 1464 -0.207919 -0.977506 0.0353809 11.8351 -0.110139 -0.0125451 -0.993837 0.310835 0.971925 -0.210534 -0.105053 1.09196
1548881201789170688 1465 -0.210217 -0.977028 0.0350003 11.848 -0.110239 -0.0118833 -0.993834 0.31142 0.97142 -0.21278 -0.105209 1.0955
1548881202122547712 1475 -0.209464 -0.977263 0.0329056 11.9401 -0.121369 -0.00740743 -0.99258 0.315536 0.970255 -0.211903 -0.117058 1.12447
1548881202155885824 1476 -0.211736 -0.976818 0.0315455 11.9509 -0.124779 -0.00499416 -0.992172 0.314814 0.969329 -0.214015 -0.120829 1.12797
1548881202422587648 1484 -0.209603 -0.977259 0.0321239 12.0225 -0.125237 -0.00575123 -0.99211 0.31707 0.969733 -0.211972 -0.121183 1.1424
1548881202755964672 1494 -0.207871 -0.977868 0.0237417 12.1199 -0.12052 0.00151755 -0.99271 0.316236 0.970703 -0.209217 -0.118168 1.16226
1548881202989328640 1501 -0.170424 -0.985297 0.0120846 12.191 -0.11652 0.00797321 -0.993156 0.317206 0.978457 -0.170666 -0.116166 1.17912
1548881203256030720 1509 -0.115352 -0.993284 -0.00896477 12.2699 -0.118944 0.0227722 -0.99264 0.317196 0.986178 -0.113437 -0.120772 1.19921
1548881203422718720 1514 -0.0962047 -0.995238 -0.0156522 12.316 -0.115757 0.0268054 -0.992916 0.314406 0.988608 -0.0937113 -0.117785 1.20735
1548881203856109824 1527 -0.0861271 -0.995343 -0.0432856 12.4643 -0.123083 0.0537445 -0.99094 0.314347 0.988652 -0.0800191 -0.127139 1.22329
1548881204089473792 1534 -0.0825185 -0.995163 -0.0533073 12.5429 -0.11624 0.0627356 -0.991238 0.314184 0.989787 -0.075599 -0.120855 1.2269
1548881204656214784 1551 -0.0778653 -0.995003 -0.0624996 12.7174 -0.114018 0.0711662 -0.990926 0.308627 0.990423 -0.0700328 -0.118989 1.2409
1548881204689552640 1552 -0.0791031 -0.994968 -0.061492 12.7261 -0.112373 0.0701921 -0.991184 0.308389 0.990513 -0.0714957 -0.11736 1.2396
1548881205256293632 1569 -0.0827632 -0.995171 -0.0527747 12.89 -0.110377 0.0617843 -0.991968 0.301471 0.990438 -0.0762732 -0.114958 1.25367
1548881205289631744 1570 -0.0843905 -0.995088 -0.0517542 12.899 -0.108388 0.0607986 -0.992248 0.302578 0.99052 -0.0781268 -0.112986 1.25446
1548881205656346624 1581 -0.0907665 -0.99503 -0.0409596 13.0024 -0.104145 0.0503879 -0.993285 0.298882 0.990412 -0.0858913 -0.108201 1.25921
1548881205956385792 1590 -0.0983952 -0.994503 -0.0358107 13.0901 -0.0935718 0.0450718 -0.994592 0.297495 0.990738 -0.0945122 -0.0974923 1.26198
1548881206489789696 1606 -0.109566 -0.99353 -0.0298797 13.2487 -0.0945021 0.0403368 -0.994707 0.291334 0.989477 -0.106162 -0.0983103 1.27991
1548881206856504832 1617 -0.116916 -0.992648 -0.0313218 13.3593 -0.0866377 0.0416121 -0.99537 0.291027 0.989356 -0.113662 -0.0908659 1.28699
1548881207289894656 1630 -0.129659 -0.99122 -0.0259066 13.4887 -0.0825295 0.0368246 -0.995908 0.291784 0.988118 -0.126991 -0.0865796 1.29896
1548881207623272704 1640 -0.138937 -0.98999 -0.0248202 13.5907 -0.0763902 0.0357026 -0.996439 0.290773 0.987351 -0.136546 -0.0805859 1.30942
1548881208123338752 1655 -0.13672 -0.9904 -0.0203781 13.7436 -0.0748205 0.0308368 -0.99672 0.283431 0.98778 -0.134747 -0.0783183 1.33258
1548881208290026752 1660 -0.115358 -0.993196 -0.0159367 13.7916 -0.0706817 0.0242106 -0.997205 0.282668 0.990806 -0.113909 -0.0729937 1.33595
1548881208523390720 1667 -0.0720197 -0.997177 -0.0212408 13.8582 -0.0641157 0.0258806 -0.997607 0.283668 0.99534 -0.0704855 -0.0657986 1.35308
1548881208556728832 1668 -0.063983 -0.997807 -0.0169309 13.8662 -0.0679406 0.0212816 -0.997462 0.282487 0.995636 -0.0626703 -0.0691533 1.35296
1548881208691034624 1672 -0.0578871 -0.998134 -0.0194477 13.9068 -0.0777674 0.0239296 -0.996684 0.283606 0.99529 -0.0561828 -0.0790075 1.36253
1548881209091087616 1684 -0.048862 -0.998545 -0.0228204 14.0262 -0.0886319 0.0270924 -0.995696 0.287386 0.994865 -0.0466291 -0.0898267 1.37735
1548881209124424704 1685 -0.0502218 -0.998515 -0.0210875 14.0353 -0.0852823 0.0253245 -0.996035 0.288045 0.99509 -0.0482243 -0.0864275 1.37598
1548881209424464640 1694 -0.0468068 -0.998713 -0.0195335 14.1175 -0.0826568 0.0233603 -0.996304 0.287045 0.995478 -0.0450192 -0.0836439 1.38094
1548881209657828608 1701 -0.0431638 -0.998908 -0.0178772 14.1853 -0.0868071 0.021576 -0.995991 0.287735 0.99529 -0.0414389 -0.0876436 1.38528
1548881210091218688 1714 -0.0365897 -0.999323 -0.00387448 14.3026 -0.0849629 0.00697386 -0.99636 0.291754 0.995712 -0.0361273 -0.0851605 1.39268
1548881210591284736 1729 -0.038262 -0.999162 0.0145506 14.4533 -0.0918355 -0.0109836 -0.995714 0.293208 0.995039 -0.0394343 -0.0913382 1.40121
1548881210824648704 1736 -0.0482212 -0.998677 0.0178408 14.5248 -0.0922843 -0.0133307 -0.995643 0.297533 0.994564 -0.0496575 -0.0915194 1.4054
1548881211324714752 1751 -0.0753109 -0.99663 0.0325223 14.683 -0.0899107 -0.0256951 -0.995618 0.302816 0.993098 -0.077905 -0.0876725 1.4133
1548881211491403776 1756 -0.0853639 -0.995775 0.0338392 14.736 -0.0889344 -0.0262124 -0.995693 0.304671 0.992373 -0.0880057 -0.0863211 1.41746
1548881211991469824 1771 -0.0933565 -0.995394 0.0217984 14.9073 -0.0762993 -0.0146771 -0.996977 0.312863 0.992705 -0.0947374 -0.0745777 1.42566
1548881212324846592 1781 -0.0940071 -0.995571 0.000318447 15.0248 -0.0599193 0.00533861 -0.998189 0.320919 0.993767 -0.093856 -0.0601558 1.42658
1548881212858249728 1797 -0.0954555 -0.99536 -0.0120914 15.2076 -0.0436562 0.0163212 -0.998913 0.32827 0.994476 -0.0948239 -0.0450116 1.43387
1548881212891587584 1798 -0.0934763 -0.995501 -0.0154946 15.2185 -0.0417735 0.0194706 -0.998937 0.330485 0.994745 -0.0927297 -0.0434056 1.43384
1548881213258302720 1809 -0.0968033 -0.995182 -0.0155708 15.3405 -0.0389375 0.0194189 -0.999053 0.333995 0.994542 -0.0961053 -0.0406297 1.44497
1548881213590724608 1819 -0.0966521 -0.995309 0.00422096 15.4349 -0.0556177 0.00116661 -0.998451 0.330161 0.993763 -0.0967372 -0.0554695 1.46624
1548881214090790656 1834 -0.108217 -0.994089 -0.00873453 15.6099 -0.0495573 0.0141696 -0.998671 0.331471 0.992891 -0.107641 -0.0507978 1.47971
1548881214490843648 1846 -0.109533 -0.993717 -0.0230212 15.7526 -0.049976 0.028637 -0.99834 0.334148 0.992726 -0.1082 -0.0527987 1.49525
1548881215090922752 1864 -0.106776 -0.994018 -0.0229813 15.9514 -0.0420418 0.0276065 -0.998734 0.333469 0.993394 -0.105674 -0.044738 1.5104
1548881215357624832 1872 -0.110731 -0.993729 -0.0155511 16.0363 -0.0445914 0.0205991 -0.998793 0.334509 0.99285 -0.109904 -0.0465928 1.52087
1548881215791014656 1885 -0.11727 -0.993087 -0.00514228 16.1729 -0.0568333 0.0118806 -0.998313 0.333793 0.991473 -0.11678 -0.0578336 1.53795
1548881215857690624 1887 -0.121188 -0.99262 -0.00439508 16.1969 -0.0555921 0.0112078 -0.998391 0.334156 0.991072 -0.120748 -0.05654 1.54303
1548881216156674816 1896 -0.128034 -0.991769 -0.000857439 16.2945 -0.06023 0.00863843 -0.998147 0.334485 0.989939 -0.127745 -0.0608403 1.55917
1548881216356701696 1902 -0.131879 -0.991246 -0.00627026 16.3632 -0.0523007 0.0132747 -0.998543 0.334259 0.989885 -0.131359 -0.0535935 1.56441
1548881216490052608 1906 -0.137086 -0.990557 -0.00201963 16.4063 -0.0513152 0.00913778 -0.998641 0.33513 0.989229 -0.136796 -0.0520833 1.56754
1548881216723416576 1913 -0.138144 -0.990146 -0.0229479 16.4948 -0.072574 0.0332278 -0.996809 0.338154 0.98775 -0.136038 -0.0764491 1.59388
1548881216956780800 1920 -0.145576 -0.989089 -0.0226073 16.5726 -0.0747474 0.0337811 -0.99663 0.337885 0.986519 -0.143396 -0.0788496 1.60634
1548881217490183680 1936 -0.163584 -0.986073 -0.0300203 16.7503 -0.0752007 0.0428055 -0.996249 0.334413 0.983659 -0.160713 -0.0811556 1.634
1548881217756885760 1944 -0.179076 -0.983057 -0.0391286 16.8444 -0.0746235 0.053229 -0.99579 0.333253 0.981001 -0.175402 -0.0828912 1.64757
1548881218223613696 1958 -0.195938 -0.980095 -0.0319536 16.9906 -0.0812715 0.0487035 -0.995501 0.329148 0.977243 -0.19246 -0.0891967 1.68402
1548881218390302720 1963 -0.194401 -0.980376 -0.0327419 17.0467 -0.0849364 0.0500768 -0.995127 0.32783 0.977238 -0.190673 -0.0930046 1.69405
1548881218957043712 1980 -0.195257 -0.980654 -0.0138542 17.2201 -0.0804694 0.0300975 -0.996303 0.324651 0.977445 -0.19342 -0.0847894 1.72737
1548881219123732736 1985 -0.190605 -0.981502 -0.0179775 17.2773 -0.075379 0.0328926 -0.996612 0.3221 0.978768 -0.188604 -0.0802541 1.73491
1548881219557122816 1998 -0.157134 -0.98726 -0.0250253 17.4224 -0.0613164 0.0350442 -0.997503 0.323354 0.985672 -0.155207 -0.0660419 1.75789
1548881219790486784 2005 -0.119624 -0.992578 -0.0218728 17.4958 -0.0541351 0.0285193 -0.998126 0.324072 0.991342 -0.118215 -0.0571449 1.7692
1548881220457241600 2025 -0.115018 -0.993356 -0.00385766 17.706 -0.065578 0.0114679 -0.997782 0.324342 0.991196 -0.11451 -0.0664613 1.80203
1548881220691660800 2032 -0.116614 -0.993175 0.00234371 17.7791 -0.0575141 0.00439714 -0.998335 0.327267 0.991511 -0.116554 -0.0576343 1.80528
1548881221158388736 2046 -0.110549 -0.993831 -0.00883853 17.9445 -0.0751753 0.017229 -0.997021 0.329664 0.991023 -0.109555 -0.0766162 1.83448
1548881221225063680 2048 -0.114471 -0.993344 -0.0128096 17.9728 -0.0697071 0.0208941 -0.997349 0.328633 0.990978 -0.113274 -0.0716349 1.83424
1548881221725129728 2063 -0.104902 -0.994475 -0.00392017 18.1348 -0.0903278 0.0134537 -0.995821 0.334656 0.990372 -0.10411 -0.09124 1.86538
1548881221758467584 2064 -0.105179 -0.994439 -0.00535433 18.1469 -0.0882396 0.0146955 -0.995991 0.333442 0.990531 -0.104284 -0.0892945 1.86588
1548881222191858688 2077 -0.106186 -0.994249 0.0139088 18.2759 -0.0669224 -0.00681026 -0.997735 0.334908 0.992092 -0.106876 -0.0658144 1.8705
1548881222225195776 2078 -0.107477 -0.994075 0.0162522 18.2864 -0.0680397 -0.00895426 -0.997642 0.335164 0.991877 -0.108329 -0.0666742 1.87054
1548881222558572800 2088 -0.100113 -0.994633 0.026123 18.3903 -0.0698979 -0.0191594 -0.99737 0.336428 0.992518 -0.101676 -0.0676047 1.88445
1548881222791937792 2095 -0.0970764 -0.994868 0.0285201 18.4668 -0.0760457 -0.0211575 -0.99688 0.339102 0.992367 -0.0989424 -0.0736016 1.89557
1548881223225327616 2108 -0.0934285 -0.995446 0.0189166 18.6171 -0.0718919 -0.012205 -0.997338 0.34643 0.993027 -0.0945397 -0.0704242 1.91133
1548881223325340672 2111 -0.0945005 -0.99541 0.0151065 18.6508 -0.0619953 -0.00926074 -0.998033 0.348232 0.993593 -0.0952512 -0.0608356 1.90728
1548881223658717696 2121 -0.0967495 -0.995296 0.00496053 18.7676 -0.0544477 0.0003161 -0.998517 0.349817 0.993818 -0.096876 -0.0542222 1.91371
1548881224092108800 2134 -0.0928005 -0.995685 -2.76096e-05 18.9074 -0.0518799 0.00486304 -0.998641 0.354976 0.994332 -0.092673 -0.0521073 1.92462
1548881224592174592 2149 -0.103976 -0.994579 -0.00123725 19.0789 -0.0585875 0.00736673 -0.998255 0.360686 0.992853 -0.103722 -0.0590358 1.9408
1548881225092240640 2164 -0.108859 -0.994021 -0.00842822 19.2533 -0.0600155 0.0150352 -0.998084 0.363358 0.992244 -0.108145 -0.0612934 1.96012
1548881225358941696 2172 -0.104413 -0.994405 -0.0160215 19.3476 -0.074307 0.0238647 -0.99695 0.36785 0.991754 -0.102904 -0.076383 1.98421
1548881225492292608 2176 -0.108288 -0.993827 -0.0241017 19.3962 -0.0737014 0.0322034 -0.99676 0.36606 0.991384 -0.106161 -0.0767337 1.98798
1548881225625643776 2180 -0.107957 -0.993711 -0.0297424 19.4442 -0.0830595 0.0388282 -0.995788 0.368564 0.99068 -0.105031 -0.0867289 1.99594
1548881226192385792 2197 -0.104195 -0.993942 -0.0349618 19.6358 -0.0791837 0.0433321 -0.995918 0.365226 0.9914 -0.101001 -0.083219 2.01134
1548881226559099648 2208 -0.0996949 -0.994069 -0.0434395 19.7623 -0.0888815 0.0523794 -0.994664 0.364576 0.99104 -0.095302 -0.0935764 2.02892
1548881227059165696 2223 -0.0953118 -0.994759 -0.0370283 19.9276 -0.0956607 0.0461785 -0.994342 0.360139 0.99084 -0.0912304 -0.0995606 2.0478
1548881227192516608 2227 -0.0979304 -0.99422 -0.0440005 19.9753 -0.102616 0.0540652 -0.993251 0.359524 0.989889 -0.0927543 -0.107317 2.05804
1548881227459218688 2235 -0.0981231 -0.994362 -0.0401978 20.0614 -0.103636 0.0503832 -0.993338 0.358456 0.989763 -0.0933035 -0.107996 2.06856
1548881227492556800 2236 -0.100323 -0.993971 -0.0442384 20.0756 -0.103662 0.0546628 -0.993109 0.358675 0.98954 -0.0950458 -0.108521 2.06972
1548881227525894656 2237 -0.0987973 -0.994113 -0.0444822 20.0878 -0.105274 0.0548916 -0.992927 0.357441 0.989523 -0.0934158 -0.110077 2.07401
1548881227692582656 2242 -0.0939447 -0.994616 -0.0437468 20.1439 -0.108587 0.0539156 -0.992624 0.357 0.989638 -0.0885014 -0.113068 2.07949
1548881228025959680 2252 -0.0923177 -0.995076 -0.0360662 20.2506 -0.111564 0.0463296 -0.992677 0.354528 0.98946 -0.087618 -0.115292 2.09288
1548881228325999616 2261 -0.0951474 -0.994838 -0.0352877 20.358 -0.115767 0.0462662 -0.992198 0.352982 0.988709 -0.09032 -0.119572 2.10853
1548881228359337728 2262 -0.0959569 -0.994919 -0.0304678 20.3678 -0.110684 0.0410844 -0.993006 0.349774 0.989212 -0.0919135 -0.114064 2.10561
1548881228825010688 2276 -0.0918162 -0.995291 -0.0310639 20.5235 -0.113047 0.0414126 -0.992726 0.34613 0.989338 -0.0876366 -0.116317 2.1174
1548881229125049600 2285 -0.0887128 -0.995463 -0.0344072 20.6282 -0.117729 0.0447804 -0.992036 0.3429 0.989075 -0.0839555 -0.121167 2.13043
1548881229725128704 2303 -0.0961516 -0.994601 -0.0390329 20.8302 -0.115908 0.0501359 -0.991994 0.341043 0.988595 -0.0908576 -0.120103 2.14115
1548881229758466816 2304 -0.0940245 -0.994774 -0.0397894 20.8432 -0.111091 0.0502002 -0.992542 0.339917 0.989352 -0.088903 -0.115231 2.14156
1548881230058506752 2313 -0.104073 -0.993888 -0.0368101 20.9392 -0.107349 0.0480203 -0.993061 0.33966 0.988759 -0.0993996 -0.11169 2.14518
1548881230658585600 2331 -0.109516 -0.993972 -0.00511332 21.1136 -0.103094 0.0164751 -0.994535 0.335709 0.988624 -0.10839 -0.104276 2.16
1548881231125313792 2345 -0.107375 -0.994042 -0.0187331 21.2721 -0.0882589 0.0282979 -0.995696 0.336015 0.990293 -0.105259 -0.0907716 2.16369
1548881231558703616 2358 -0.121341 -0.991829 -0.0393807 21.4303 -0.0644768 0.0474658 -0.99679 0.337019 0.990515 -0.118412 -0.0697095 2.16112
1548881231958756608 2370 -0.12298 -0.991223 -0.0485047 21.5697 -0.0574916 0.0559095 -0.996779 0.330309 0.990742 -0.119795 -0.0638627 2.16671
1548881231992094720 2371 -0.123156 -0.991386 -0.0445635 21.5773 -0.0621623 0.0525238 -0.996683 0.332098 0.990439 -0.119977 -0.0680955 2.16957
1548881232192120832 2377 -0.125198 -0.990994 -0.0474905 21.646 -0.0588865 0.0552052 -0.996737 0.332226 0.990383 -0.121993 -0.0652678 2.17555
1548881232225458688 2378 -0.125794 -0.990904 -0.0478001 21.6579 -0.0557181 0.0551638 -0.996921 0.336785 0.99049 -0.122744 -0.0621505 2.179
1548881232325471744 2381 -0.12905 -0.990335 -0.0508144 21.6933 -0.0537596 0.0581546 -0.996859 0.335045 0.99018 -0.125913 -0.0607449 2.17891
1548881232492160768 2386 -0.12955 -0.990084 -0.0543255 21.749 -0.0458691 0.0607124 -0.997101 0.335647 0.990511 -0.126683 -0.0532796 2.17906
1548881232525497600 2387 -0.131855 -0.989796 -0.0540144 21.7608 -0.0456472 0.0604951 -0.997124 0.336198 0.990218 -0.12901 -0.053158 2.18059
1548881232659903744 2391 -0.133918 -0.990192 -0.0398145 21.7958 -0.0529509 0.0472687 -0.997478 0.333197 0.989577 -0.131472 -0.0587617 2.18877
1548881232826592768 2396 -0.135857 -0.99047 -0.0226063 21.8398 -0.0611838 0.0311621 -0.99764 0.329898 0.988837 -0.134153 -0.0648343 2.20147
1548881232926605824 2399 -0.13626 -0.990396 -0.0234301 21.8743 -0.0551657 0.0311995 -0.99799 0.327933 0.989136 -0.134694 -0.0588871 2.20195
1548881232959943680 2400 -0.141655 -0.989568 -0.0262451 21.8866 -0.0573692 0.0346744 -0.997751 0.328228 0.988252 -0.139831 -0.0616826 2.20401
1548881233359995648 2412 -0.152192 -0.987954 -0.0279936 22.017 -0.0573877 0.0371091 -0.997662 0.325398 0.986683 -0.15023 -0.0623441 2.22294
1548881233460009728 2415 -0.149516 -0.988249 -0.0317531 22.0535 -0.0526342 0.0400236 -0.997811 0.324508 0.987357 -0.147518 -0.0579998 2.22581
1548881233926737664 2429 -0.153822 -0.98739 -0.037423 22.2096 -0.0557409 0.0464846 -0.997363 0.322561 0.986525 -0.15133 -0.0621884 2.24986
1548881233993412608 2431 -0.152974 -0.987757 -0.0305901 22.2251 -0.0545447 0.0393465 -0.997736 0.321819 0.986724 -0.150959 -0.0598959 2.25115
1548881234360127744 2442 -0.161717 -0.986493 -0.0260604 22.3365 -0.0577705 0.0358265 -0.997687 0.320179 0.985145 -0.159837 -0.062784 2.26961
1548881234393465600 2443 -0.164955 -0.986023 -0.0234304 22.3497 -0.0564029 0.0331475 -0.997858 0.321211 0.984687 -0.16328 -0.0610824 2.27126
1548881234693504768 2452 -0.171449 -0.985088 -0.0143775 22.4415 -0.0555748 0.0242408 -0.99816 0.321381 0.983624 -0.170334 -0.0589022 2.28326
1548881235093557760 2464 -0.164155 -0.986402 -0.00807635 22.5689 -0.0545331 0.0172496 -0.998363 0.320399 0.984926 -0.163446 -0.0566231 2.30541
1548881235426934784 2474 -0.0877702 -0.996088 -0.0102589 22.6772 -0.0517435 0.0148437 -0.99855 0.319689 0.994796 -0.0871121 -0.0528439 2.32414
1548881235892607744 2488 -0.0728195 -0.99725 -0.0137704 22.8352 -0.0510776 0.0175179 -0.998541 0.321131 0.996036 -0.0720099 -0.0522128 2.3352
1548881236325998592 2501 -0.0684465 -0.997498 -0.0176844 22.9744 -0.0475679 0.0209688 -0.998648 0.321569 0.99652 -0.0675127 -0.0488842 2.34146
1548881236826064640 2516 -0.0699172 -0.997475 -0.0124208 23.1325 -0.0495118 0.0159059 -0.998647 0.322729 0.996323 -0.0692076 -0.0504989 2.35246
1548881236859402752 2517 -0.0674834 -0.997623 -0.013947 23.1447 -0.0495088 0.01731 -0.998624 0.324725 0.996491 -0.0667 -0.0505592 2.35301
1548881237026090752 2522 -0.0711798 -0.997351 -0.0150096 23.2028 -0.0551934 0.0189629 -0.998296 0.323775 0.995935 -0.0702301 -0.0563969 2.36204
1548881237459481600 2535 -0.0733255 -0.997151 -0.0177269 23.3452 -0.0537875 0.0217028 -0.998317 0.323702 0.995857 -0.0722485 -0.0552256 2.37023
1548881237792858624 2545 -0.0784958 -0.996837 -0.0123892 23.4517 -0.0527347 0.0165621 -0.998471 0.32542 0.995519 -0.0777224 -0.053868 2.376
1548881238192911616 2557 -0.0786421 -0.996832 -0.0118866 23.58 -0.0511735 0.0159444 -0.998562 0.32718 0.995589 -0.0779208 -0.0522653 2.38418
1548881238426275584 2564 -0.0794402 -0.996829 -0.00464146 23.6498 -0.0584219 0.00930388 -0.998249 0.328949 0.995126 -0.0790299 -0.0589757 2.39555
