1548881686026422016 60 0.000346447 -0.999999 0.00118909 0.000523473 -0.00101952 -0.00118944 -0.999999 -2.6153e-05 0.999999 0.000345234 -0.00101993 -0.00172313
1548881686093097984 62 -0.00141958 -0.999987 0.00496659 0.00550975 0.000257173 -0.00496696 -0.999988 0.000910496 0.999999 -0.00141829 0.00026422 -0.00352696
1548881686426475008 72 -0.00199697 -0.999886 -0.0149518 0.0776369 -0.00410445 0.0149599 -0.99988 0.00404574 0.99999 -0.00193537 -0.00413386 -0.00163787
1548881686626500864 78 -0.00556511 -0.999205 -0.03948 0.142958 -0.00897931 0.039529 -0.999178 0.0063485 0.999944 -0.00520604 -0.00919215 0.00124954
1548881686826528000 84 -0.00210526 -0.997063 -0.0765606 0.231294 -0.0262103 0.0765895 -0.996718 0.0057252 0.999654 -9.16734e-05 -0.0262945 0.0141847
1548881686993528832 89 -0.0102722 -0.994908 -0.100263 0.301735 -0.0254533 0.100496 -0.994612 0.0048378 0.999623 -0.00766485 -0.026356 0.0145257
1548881687260230912 97 -0.00542466 -0.993204 -0.116262 0.391113 -0.0203831 0.116349 -0.992999 0.00495925 0.999778 -0.0030169 -0.0208758 0.00968943
1548881687360243968 100 -0.00594951 -0.990975 -0.133912 0.434316 -0.0313213 0.134034 -0.990482 0.00758178 0.999492 -0.00169857 -0.0318361 0.0113999
1548881687560270848 106 -0.00499054 -0.993852 -0.110601 0.491371 -0.0315245 0.110704 -0.993353 0.00561991 0.999491 -0.00147072 -0.0318831 0.0117113
1548881687826972928 114 0.0139818 -0.996723 -0.0796773 0.53688 -0.0373016 0.0791097 -0.996168 -0.00115236 0.999206 0.0169003 -0.0360733 0.0112491
1548881687993660928 119 0.0198643 -0.996902 -0.0761078 0.598818 -0.045724 0.0751374 -0.996124 0.000199302 0.998757 0.0232673 -0.0440897 0.0190102
1548881688227024896 126 0.0270547 -0.999193 -0.02968 0.642081 -0.0440606 0.02847 -0.998623 -0.00312872 0.998662 0.0283252 -0.0432548 0.01737
1548881688627077888 138 0.067039 -0.997687 0.0112824 0.740451 -0.0504787 -0.0146849 -0.998617 -0.00484251 0.996473 0.0663767 -0.0513463 0.0277012
1548881688760075008 142 0.0764912 -0.996781 0.0240292 0.773258 -0.0497836 -0.0278878 -0.998371 -0.00462479 0.995827 0.0751703 -0.0517565 0.0284656
1548881689126789888 153 0.13072 -0.990134 0.0504693 0.867528 -0.0531836 -0.057836 -0.996908 -0.00284392 0.989992 0.127632 -0.0602192 0.0340155
1548881689226454016 156 0.135675 -0.989156 0.056234 0.887202 -0.0457507 -0.0629533 -0.996967 -0.00298375 0.989697 0.132691 -0.0537958 0.0251792
1548881689593168896 167 0.154693 -0.986102 0.0606112 0.984918 -0.0474059 -0.0686878 -0.996511 0.0149227 0.986825 0.15128 -0.0573725 0.0177904
1548881689626507008 168 0.158253 -0.985867 0.0549835 0.995159 -0.0527262 -0.0640432 -0.996553 0.0140021 0.98599 0.154808 -0.062116 0.0174739
1548881689926545920 177 0.164273 -0.983875 0.0707383 1.06004 -0.050002 -0.079926 -0.995546 0.0180717 0.985147 0.160004 -0.0623254 0.00647513
1548881690093234944 182 0.162796 -0.98374 0.0758558 1.09943 -0.0511311 -0.0851896 -0.995052 0.0214455 0.985334 0.158112 -0.0641682 -0.000694042
1548881690493287936 194 0.153718 -0.985019 0.0781544 1.20593 -0.0501799 -0.0867743 -0.994963 0.0317199 0.98684 0.149022 -0.062767 -0.0191326
1548881690793326848 203 0.117494 -0.989857 0.0798694 1.28596 -0.0623024 -0.0876154 -0.994204 0.0382651 0.991117 0.111837 -0.0719648 -0.0256949
1548881691093367040 212 0.0820033 -0.994001 0.0723681 1.37141 -0.0617589 -0.0775413 -0.995074 0.046902 0.994717 0.07713 -0.0677471 -0.0392132
1548881691393405952 221 0.0707299 -0.99501 0.0703677 1.45832 -0.0644171 -0.0749534 -0.995104 0.0547792 0.995413 0.0658508 -0.0693971 -0.0446605
1548881691660108032 229 0.0620368 -0.996639 0.0535068 1.54531 -0.0601992 -0.0572489 -0.996543 0.0629645 0.996257 0.0586013 -0.0635484 -0.0552078
1548881691860133888 235 0.0596789 -0.996245 0.0627235 1.60949 -0.0634076 -0.0664919 -0.99577 0.0718011 0.996202 0.0554493 -0.0671377 -0.0577788
1548881691960146944 238 0.0562088 -0.996304 0.0649604 1.64066 -0.0626006 -0.068452 -0.995688 0.073742 0.996455 0.0518999 -0.0662168 -0.059373
1548881692226849024 246 0.0436678 -0.996873 0.0658519 1.72811 -0.058879 -0.0683682 -0.995921 0.0817467 0.99731 0.0396124 -0.0616804 -0.065436
1548881692393886976 251 0.0404893 -0.996999 0.0659797 1.7831 -0.0546478 -0.0681447 -0.996178 0.0862364 0.997684 0.0367289 -0.0572429 -0.0708146
1548881692527237888 255 0.0363191 -0.997286 0.0640416 1.82723 -0.0548743 -0.0659774 -0.996311 0.0901564 0.997833 0.0326709 -0.0571217 -0.0731779
1548881692660589056 259 0.0331585 -0.997182 0.0672889 1.86849 -0.0570961 -0.069106 -0.995974 0.0960027 0.997818 0.0291831 -0.0592267 -0.0755997
1548881692860614912 265 0.0261795 -0.997305 0.0685326 1.93535 -0.0516854 -0.0698148 -0.99622 0.104202 0.99832 0.0225384 -0.0533738 -0.0804166
1548881693060641024 271 0.0288119 -0.996943 0.0726301 1.99712 -0.0601132 -0.0742569 -0.995426 0.11283 0.997776 0.024314 -0.0620689 -0.0754946
1548881693193991936 275 0.0228211 -0.996374 0.0819677 2.03639 -0.0599007 -0.0832045 -0.994731 0.117751 0.997943 0.0177909 -0.0615823 -0.0775835
1548881693260667904 277 0.0197413 -0.99624 0.0843522 2.05766 -0.0599129 -0.0853958 -0.994544 0.12034 0.998008 0.0145798 -0.0613735 -0.0779516
1548881693394334976 281 0.015975 -0.995829 0.0898321 2.09867 -0.0610603 -0.0906475 -0.994009 0.127164 0.998006 0.0103941 -0.0622537 -0.0772615
1548881693561022976 286 0.0122642 -0.994757 0.101526 2.14501 -0.0591623 -0.102078 -0.993016 0.13204 0.998173 0.00617202 -0.0601041 -0.0786341
1548881693761049856 292 0.00493428 -0.994301 0.106493 2.20561 -0.0515734 -0.106606 -0.992963 0.140451 0.998657 -0.000592663 -0.0518055 -0.0826841
1548881693927737856 297 -0.000167001 -0.993758 0.111556 2.25658 -0.0434683 -0.111444 -0.99282 0.145905 0.999055 -0.00501496 -0.0431784 -0.087222
1548881694094426880 302 -0.00799347 -0.993009 0.117767 2.30797 -0.0444064 -0.117302 -0.992103 0.152605 0.998982 -0.0131599 -0.0431583 -0.0899466
1548881694261402880 307 -0.0080446 -0.993606 0.112613 2.36455 -0.0332904 -0.112288 -0.993118 0.160525 0.999413 -0.0117382 -0.0321743 -0.0969669
1548881694361415936 310 -0.0128417 -0.993874 0.109774 2.39916 -0.0272186 -0.109395 -0.993626 0.169093 0.999547 -0.0157477 -0.025647 -0.0974648
1548881694594779904 317 -0.0158806 -0.99526 0.0959428 2.48301 -0.0157032 -0.0956948 -0.995287 0.181853 0.999751 -0.0173124 -0.0141091 -0.107333
1548881694694792960 320 -0.0139757 -0.99564 0.0922244 2.51779 -0.00660865 -0.0921394 -0.995724 0.189099 0.99988 -0.0145254 -0.00529213 -0.113699
1548881694828143872 324 -0.0179387 -0.995998 0.0875537 2.56628 0.00199084 -0.0876032 -0.996153 0.197391 0.999837 -0.0176954 0.00355436 -0.121434
1548881694961495040 328 -0.0187744 -0.995948 0.0879523 2.60932 0.00300854 -0.0880236 -0.996114 0.206182 0.999819 -0.0184368 0.00464894 -0.123654
1548881695128183040 333 -0.0181396 -0.996196 0.0852378 2.66702 0.0118743 -0.0854604 -0.996271 0.214916 0.999765 -0.0170598 0.0133794 -0.129439
1548881695328209920 339 -0.0230367 -0.996707 0.077749 2.73655 0.0247308 -0.078314 -0.996622 0.224164 0.999429 -0.0210361 0.0264534 -0.13984
1548881695494897920 344 -0.0224581 -0.99778 0.0626924 2.80082 0.0386493 -0.0635278 -0.997231 0.231043 0.999 -0.0199729 0.0399902 -0.15113
1548881695628249088 348 -0.0217286 -0.997377 0.0690468 2.84067 0.0357086 -0.0697932 -0.996922 0.235063 0.999126 -0.0191962 0.0371315 -0.147938
1548881695828275968 354 -0.0216585 -0.998686 0.0464394 2.92387 0.0522506 -0.0475175 -0.997503 0.243316 0.998399 -0.0191779 0.0532111 -0.160543
1548881695961945856 358 -0.0181666 -0.999073 0.0390195 2.973 0.0723962 -0.0402379 -0.996564 0.250973 0.99721 -0.0152794 0.0730601 -0.177082
1548881696095297024 362 -0.021003 -0.998776 0.0447819 3.01407 0.065212 -0.0460649 -0.996808 0.25075 0.99765 -0.0180157 0.0660997 -0.169696
1548881696328660992 369 -0.0129564 -0.998855 0.0460525 3.09021 0.058107 -0.0467306 -0.997216 0.256895 0.998226 -0.0102444 0.0586459 -0.164199
1548881696462011904 373 -0.0127723 -0.999246 0.0366676 3.14531 0.0609511 -0.0373805 -0.997441 0.261089 0.998059 -0.0105047 0.0613826 -0.166599
1548881696728713984 381 -0.0032193 -0.999179 0.0403789 3.22215 0.0558742 -0.0404957 -0.997616 0.264982 0.998433 -0.000955488 0.0559587 -0.164383
1548881697028753920 390 0.00540311 -0.999115 0.0417205 3.32161 0.0705594 -0.0412362 -0.996655 0.274029 0.997493 0.00832881 0.0702741 -0.178814
1548881697195441920 395 0.000275762 -0.998849 0.047955 3.36981 0.0674894 -0.0478271 -0.996573 0.27544 0.99772 0.00351128 0.0673986 -0.178159
1548881697462144000 403 -0.000723177 -0.99849 0.05492 3.45372 0.0538241 -0.0548793 -0.997041 0.282787 0.99855 0.00223498 0.0537825 -0.173002
1548881697728592896 411 -0.00983217 -0.998389 0.0558845 3.53346 0.0460895 -0.0562803 -0.997351 0.286797 0.998889 -0.00723043 0.0465686 -0.174205
1548881698095308032 422 -0.0238996 -0.996932 0.074537 3.64546 0.0441509 -0.0755381 -0.996165 0.299645 0.998739 -0.0205171 0.0458207 -0.176811
1548881698428685056 432 -0.0233013 -0.995982 0.086472 3.74434 0.0518824 -0.0875836 -0.994805 0.309608 0.998381 -0.0186939 0.0537148 -0.185353
1548881698728724992 441 -0.0311231 -0.996947 0.0716064 3.85336 0.0410407 -0.0728553 -0.996498 0.3218 0.998673 -0.0280753 0.0431829 -0.182621
1548881698995426048 449 -0.0174107 -0.995737 0.0905743 3.93558 0.0306315 -0.0910767 -0.995373 0.327072 0.999379 -0.0145557 0.0320867 -0.174507
1548881699161836032 454 -0.00853366 -0.99729 0.0730809 4.00128 0.0330654 -0.073325 -0.99676 0.333722 0.999417 -0.00608957 0.0336015 -0.176219
1548881699495213056 464 0.00675326 -0.997526 0.0699672 4.11509 0.0286849 -0.0697468 -0.997152 0.347649 0.999566 0.00874103 0.0281429 -0.174365
1548881699761914880 472 0.0102481 -0.998662 0.0506788 4.2179 0.0490573 -0.0501184 -0.997538 0.357712 0.998743 0.012709 0.048478 -0.195677
1548881699961940992 478 0.0207941 -0.998334 0.0538151 4.2737 0.0657115 -0.0523456 -0.996465 0.366833 0.997622 0.0242568 0.0645135 -0.206284
1548881700128630016 483 -0.0464543 -0.998192 0.0381517 4.3142 0.0435314 -0.0401796 -0.998244 0.36706 0.997971 -0.0447119 0.0453192 -0.198835
1548881700295319040 488 -0.0433718 -0.998014 0.0456867 4.36994 0.048868 -0.0477942 -0.997661 0.375958 0.997863 -0.0410377 0.0508439 -0.195026
1548881700595357952 497 -0.0217243 -0.998807 0.0437448 4.47786 0.0504029 -0.0447937 -0.997724 0.38224 0.998493 -0.0194699 0.0513159 -0.189112
1548881700728708864 501 -0.00631597 -0.998932 0.0457612 4.52067 0.0463882 -0.0460056 -0.997864 0.384199 0.998904 -0.0041797 0.0466292 -0.181392
1548881700995101952 509 0.0271507 -0.99855 0.0464864 4.6058 0.0446209 -0.0452466 -0.997979 0.392531 0.998635 0.0291701 0.0433277 -0.186863
1548881701228465920 516 0.029227 -0.998414 0.0481112 4.68128 0.0603046 -0.0462828 -0.997106 0.401226 0.997752 0.0320438 0.0588562 -0.205899
1548881701561842944 526 0.0448962 -0.996715 0.0674116 4.78103 0.0585349 -0.0647391 -0.996184 0.407369 0.997275 0.0486708 0.0554361 -0.210528
1548881701761870080 532 0.0684518 -0.995978 0.0578087 4.85183 0.0690156 -0.0530784 -0.996203 0.416632 0.995264 0.0721816 0.0651048 -0.222595
1548881701961895936 538 0.0931338 -0.9936 0.0639103 4.91292 0.0525389 -0.0591955 -0.996863 0.415526 0.994266 0.0961994 0.0466896 -0.210038
1548881702128584960 543 0.107225 -0.991827 0.0691452 4.96121 0.0494183 -0.0641435 -0.996716 0.41891 0.993006 0.11029 0.0421366 -0.212207
1548881702261935872 547 0.113186 -0.9916 0.0626024 5.00684 0.0566116 -0.0564687 -0.996798 0.420393 0.99196 0.116367 0.0497446 -0.221517
1548881702528636928 555 0.130959 -0.988078 0.0809459 5.07703 0.0601816 -0.0735752 -0.995472 0.434003 0.989559 0.135237 0.0498288 -0.230916
1548881702728664064 561 0.140672 -0.987332 0.0733937 5.1471 0.0531083 -0.066499 -0.996372 0.440098 0.988631 0.144059 0.043081 -0.240033
1548881702962028032 568 0.150084 -0.986596 0.0640519 5.22933 0.0477542 -0.0574761 -0.997204 0.45196 0.987519 0.152723 0.0384878 -0.249302
1548881703128716032 573 0.145106 -0.986372 0.0775479 5.27917 0.0550251 -0.0702111 -0.996013 0.456593 0.987885 0.148795 0.0440871 -0.263089
1548881703362080000 580 0.148943 -0.985765 0.077996 5.35017 0.0435811 -0.0722552 -0.996434 0.461259 0.987885 0.151811 0.0321987 -0.265893
1548881703628441088 588 0.131856 -0.988625 0.07235 5.44605 0.041675 -0.067394 -0.996856 0.465651 0.990392 0.134456 0.0323147 -0.279914
1548881703828467968 594 0.115744 -0.991632 0.0571797 5.52083 0.037147 -0.0532048 -0.997892 0.471934 0.992584 0.117624 0.030678 -0.28601
1548881704061831936 601 0.101105 -0.994091 0.0395025 5.60801 0.0338363 -0.036247 -0.99877 0.476196 0.9943 0.102318 0.0299716 -0.295122
1548881704195182848 605 0.0888681 -0.994992 0.0457606 5.64897 0.0307283 -0.0431818 -0.998595 0.478066 0.995569 0.0901493 0.0267369 -0.299258
1548881704461883904 613 0.0697445 -0.997111 0.0301037 5.74701 0.0255727 -0.0283801 -0.99927 0.486735 0.997237 0.0704634 0.0235194 -0.311021
1548881704661911040 619 0.0598307 -0.998059 0.0172895 5.82536 0.0228357 -0.0159475 -0.999612 0.492545 0.997947 0.0602023 0.0218372 -0.319844
1548881704861936896 625 0.0465349 -0.998557 0.0267901 5.88506 0.0272531 -0.0255401 -0.999302 0.492151 0.998545 0.0472326 0.0260252 -0.329262
1548881705061963008 631 0.0465068 -0.998485 0.0293945 5.94958 0.0306323 -0.027987 -0.999139 0.496778 0.998448 0.0473671 0.0292843 -0.331643
1548881705261989888 637 0.0374389 -0.998698 0.0346493 6.01162 0.0393221 -0.0331744 -0.998676 0.500017 0.998525 0.0387518 0.0380289 -0.342517
1548881705528691968 645 0.0372983 -0.998809 0.0314544 6.10508 0.0277274 -0.0304298 -0.999152 0.508487 0.998919 0.0381388 0.0265594 -0.340257
1548881705662041856 649 0.0368136 -0.998059 0.0502378 6.13959 0.0269747 -0.0492611 -0.998422 0.51015 0.998958 0.0381106 0.0251088 -0.343347
1548881705928743936 657 0.0393492 -0.997883 0.0517738 6.22509 0.0339104 -0.0504505 -0.998151 0.517953 0.99865 0.0410321 0.0318534 -0.352203
1548881706262120960 667 0.0330502 -0.996666 0.0745991 6.32661 0.0329632 -0.0735123 -0.996749 0.522299 0.99891 0.0354018 0.0304237 -0.356601
1548881706595122944 677 0.0356548 -0.99657 0.0746835 6.43556 0.0427551 -0.0731414 -0.996405 0.536299 0.998449 0.0387197 0.0400006 -0.368729
1548881706795149056 683 0.0415595 -0.996269 0.0756341 6.49605 0.0417381 -0.0739023 -0.996392 0.538819 0.998264 0.0445663 0.0385111 -0.365899
1548881707095188992 692 0.0349897 -0.996208 0.0796556 6.59798 0.0266335 -0.0787466 -0.996539 0.551348 0.999033 0.0369901 0.0237772 -0.364693
1548881707361890048 700 0.0318605 -0.99568 0.0872136 6.6801 0.0335408 -0.0861437 -0.995718 0.557582 0.998929 0.0346493 0.0306514 -0.37411
1548881707561501952 706 0.0172315 -0.997528 0.0681234 6.76287 0.00873878 -0.0679806 -0.997648 0.56504 0.999813 0.0177862 0.00754578 -0.366204
1548881707828204032 714 0.0198595 -0.997966 0.060578 6.85469 0.0350033 -0.0598588 -0.997593 0.577306 0.99919 0.0219321 0.0337434 -0.386987
1548881708028229888 720 0.00496776 -0.998112 0.0612156 6.92064 0.0230551 -0.0610858 -0.997866 0.58445 0.999722 0.00636849 0.0227081 -0.383617
1548881708228256000 726 0.0378904 -0.99759 0.0581304 6.98639 0.0202689 -0.057393 -0.998146 0.590418 0.999076 0.0389984 0.0180454 -0.38962
1548881708461619968 733 0.0422383 -0.997587 0.0551032 7.06681 0.0136508 -0.0545711 -0.998417 0.598519 0.999014 0.0429236 0.0113128 -0.385075
1548881708794998016 743 0.0486834 -0.996829 0.0629439 7.16904 0.00188975 -0.0629266 -0.998016 0.605864 0.998812 0.0487057 -0.00117973 -0.380461
1548881709094577920 752 0.0487903 -0.996172 0.0725373 7.26146 0.00661364 -0.0723 -0.997361 0.612317 0.998787 0.0491413 0.00306078 -0.391652
1548881709494630912 764 0.0502309 -0.995622 0.0788309 7.38837 0.00355737 -0.0787517 -0.996888 0.625612 0.998731 0.050355 -0.000413973 -0.398967
1548881709828007936 774 0.0314019 -0.996919 0.0718771 7.50498 -0.00234342 -0.0719858 -0.997403 0.633321 0.999504 0.0311519 -0.00459669 -0.404357
1548881710128047872 783 0.0314325 -0.998147 0.05211 7.61028 -0.00495815 -0.0522908 -0.99862 0.643734 0.999494 0.0311307 -0.00659259 -0.410545
1548881710261399040 787 0.0247203 -0.998184 0.0549322 7.65388 -0.0147371 -0.0553069 -0.998361 0.647383 0.999586 0.0238702 -0.0160776 -0.407393
1548881710460918016 793 -0.00700073 -0.997633 0.0684021 7.70705 -0.00971327 -0.0683327 -0.997615 0.652429 0.999928 -0.00764844 -0.0092119 -0.422846
1548881710560931072 796 -0.0203213 -0.996784 0.0775156 7.73193 -0.0112158 -0.0772994 -0.996945 0.656185 0.999731 -0.0211286 -0.0096089 -0.425281
1548881710827632896 804 -0.0529263 -0.995826 0.0743557 7.82495 -0.020113 -0.0733819 -0.997101 0.664031 0.998396 -0.0542684 -0.0161452 -0.426672
1548881711094334976 812 -0.0712957 -0.993487 0.0888844 7.89799 -0.0291958 -0.0869945 -0.995781 0.675382 0.997028 -0.0735899 -0.0228033 -0.417126
1548881711393814016 821 -0.0780771 -0.992576 0.0932577 7.99128 -0.0263746 -0.091454 -0.99546 0.68305 0.996598 -0.0801822 -0.0190383 -0.415273
1548881711560503040 826 -0.084411 -0.993242 0.079651 8.06121 -0.0310884 -0.0772722 -0.996525 0.693389 0.995946 -0.0865939 -0.0243557 -0.412039
1548881711860541952 835 -0.098918 -0.991876 0.0799823 8.14609 -0.0291406 -0.0774546 -0.99657 0.697117 0.994669 -0.100909 -0.0212422 -0.403868
1548881712093905920 842 -0.104385 -0.992855 0.0578212 8.23828 -0.035324 -0.0544008 -0.997894 0.710948 0.993909 -0.106208 -0.029393 -0.395522
1548881712393945856 851 -0.104909 -0.991794 0.0730623 8.32441 -0.0357889 -0.0696549 -0.996929 0.715018 0.993838 -0.107202 -0.0281878 -0.382806
1548881712493339904 854 -0.101617 -0.992889 0.0620167 8.36309 -0.0416322 -0.0580405 -0.997446 0.721834 0.993952 -0.10394 -0.0354383 -0.375429
1548881712726703872 861 -0.102511 -0.991575 0.0791875 8.42661 -0.0337485 -0.0760941 -0.996529 0.728664 0.994159 -0.104828 -0.0256637 -0.377493
1548881712960067840 868 -0.0971213 -0.991125 0.0907632 8.49685 -0.0346858 -0.0877683 -0.995537 0.739997 0.994668 -0.099836 -0.0258538 -0.373991
1548881713293444864 878 -0.0896889 -0.990723 0.1021 8.59401 -0.0295761 -0.0998185 -0.994566 0.751544 0.995531 -0.0922212 -0.0203491 -0.365346
1548881713526809856 885 -0.082705 -0.990448 0.110328 8.66491 -0.0321726 -0.107996 -0.993631 0.759288 0.996055 -0.0857278 -0.0229335 -0.358511
1548881713860186880 895 -0.0566583 -0.992162 0.111378 8.77486 -0.0342596 -0.109559 -0.99339 0.769659 0.997806 -0.0600995 -0.0277836 -0.342906
1548881714160226048 904 -0.0345226 -0.994126 0.102571 8.87679 -0.0381756 -0.101246 -0.994129 0.783611 0.998675 -0.0382356 -0.0344561 -0.335046
1548881714493603840 914 -0.02554 -0.997048 0.0724019 8.99947 -0.0476102 -0.0711302 -0.99633 0.798648 0.998539 -0.0288933 -0.045653 -0.321855
1548881714826980864 924 -0.0198441 -0.998647 0.0480618 9.11723 -0.0701524 -0.046562 -0.996449 0.812044 0.997339 -0.0231453 -0.0691335 -0.298493
1548881715093682944 932 -0.0205113 -0.999039 0.038729 9.21822 -0.0801266 -0.03697 -0.996099 0.822611 0.996574 -0.0235345 -0.0792913 -0.29169
1548881715360384000 940 -0.0178307 -0.998873 0.0439872 9.29867 -0.0812611 -0.0424009 -0.995791 0.831594 0.996533 -0.02133 -0.0804134 -0.285861
1548881715493734912 944 -0.0226669 -0.99854 0.049033 9.33964 -0.0719327 -0.0472896 -0.996288 0.834289 0.997152 -0.0261099 -0.0707558 -0.298243
1548881715693762048 950 -0.0203444 -0.998885 0.0426128 9.40605 -0.0813395 -0.0408267 -0.99585 0.837898 0.996479 -0.0237261 -0.0804182 -0.288804
1548881715827112960 954 -0.0209265 -0.998851 0.0431145 9.44982 -0.0799068 -0.041315 -0.995946 0.838556 0.996583 -0.0242868 -0.0789504 -0.287154
1548881715960462848 958 -0.0125054 -0.999104 0.0404215 9.49402 -0.0923607 -0.0390977 -0.994958 0.843881 0.995647 -0.0161757 -0.091789 -0.279843
1548881716093814016 962 -0.0178232 -0.999015 0.0406385 9.53959 -0.0877562 -0.0389251 -0.995381 0.844806 0.995983 -0.0213071 -0.086976 -0.282144
1548881716227164928 966 -0.0197914 -0.999109 0.0372697 9.58769 -0.0887397 -0.0353745 -0.995426 0.845772 0.995858 -0.0230082 -0.0879605 -0.283639
1548881716393853952 971 -0.0207598 -0.999265 0.0322203 9.64476 -0.0831901 -0.030389 -0.99607 0.849236 0.996317 -0.0233587 -0.0824981 -0.283771
1548881716560542976 976 -0.00793146 -0.999549 0.0289777 9.70262 -0.078739 -0.0282643 -0.996495 0.854883 0.996864 -0.0101853 -0.0784793 -0.284808
1548881716693892864 980 -0.00503541 -0.99981 0.0188376 9.75179 -0.0728838 -0.0184208 -0.99717 0.860688 0.997328 -0.00639411 -0.0727771 -0.289538
1548881716793906944 983 -0.00961214 -0.999584 0.0271944 9.78631 -0.0810478 -0.0263274 -0.996362 0.861182 0.996664 -0.0117812 -0.080761 -0.286764
1548881716960594944 988 -0.00458425 -0.99975 0.0219018 9.83506 -0.0781203 -0.0214771 -0.996713 0.864325 0.996933 -0.00628016 -0.0780022 -0.286146
1548881717193958912 995 -0.00615503 -0.999657 0.025448 9.90753 -0.0773118 -0.0248966 -0.996696 0.870038 0.996988 -0.00810213 -0.0771321 -0.281564
1548881717460660992 1003 -0.00655753 -0.999146 0.0407905 9.98593 -0.0864725 -0.040072 -0.995448 0.873874 0.996233 -0.0100549 -0.0861359 -0.274522
1548881717594011904 1007 -0.00809119 -0.999191 0.0394008 10.0314 -0.08054 -0.0386229 -0.996003 0.878045 0.996719 -0.0112322 -0.0801623 -0.275999
1548881717694024960 1010 -0.00683567 -0.998314 0.0576327 10.0553 -0.0928859 -0.0567509 -0.994058 0.878066 0.995653 -0.0121483 -0.0923414 -0.270031
1548881717827375872 1014 -0.00874616 -0.997632 0.0682222 10.0876 -0.0924651 -0.0671256 -0.993451 0.882453 0.995678 -0.014997 -0.0916591 -0.265879
1548881718027401984 1020 -0.0157328 -0.997213 0.0729257 10.1494 -0.0885273 -0.071259 -0.993522 0.886253 0.995949 -0.0220868 -0.0871595 -0.268666
1548881718261385984 1027 -0.01545 -0.997211 0.0730222 10.2275 -0.0897354 -0.0713534 -0.993406 0.89367 0.995846 -0.0219008 -0.0883827 -0.266721
1548881718461411840 1033 -0.0154026 -0.997014 0.0756754 10.2935 -0.0924649 -0.0739398 -0.992967 0.900948 0.995597 -0.0222916 -0.0910498 -0.265033
1548881718694776064 1040 -0.0167967 -0.996473 0.0822196 10.3686 -0.0803359 -0.0806204 -0.993502 0.904583 0.996626 -0.0232928 -0.0786984 -0.272799
1548881718828126976 1044 -0.0161061 -0.996657 0.0800925 10.4143 -0.0760914 -0.0786489 -0.993994 0.908808 0.996971 -0.0221038 -0.0745703 -0.274299
1548881719161504000 1054 -0.00198321 -0.996938 0.0781769 10.5242 -0.076893 -0.0777936 -0.994 0.922893 0.997037 -0.00798256 -0.0765032 -0.272014
1548881719328752896 1059 -0.00655109 -0.995922 0.0899776 10.575 -0.0888704 -0.0890437 -0.992055 0.930076 0.996022 -0.0144954 -0.0879247 -0.261486
1548881719495440896 1064 -0.00389337 -0.995604 0.0935842 10.6276 -0.0938922 -0.0928076 -0.991247 0.937072 0.995575 -0.0126461 -0.0931181 -0.25944
1548881719728804864 1071 -0.00709547 -0.995099 0.0986336 10.7019 -0.100432 -0.0974282 -0.990162 0.945427 0.994919 -0.0169316 -0.0992484 -0.255003
1548881719962168832 1078 -0.011049 -0.994814 0.101111 10.7791 -0.090955 -0.0996979 -0.990852 0.952743 0.995794 -0.0201444 -0.0893818 -0.260569
1548881720128857856 1083 -0.00841391 -0.994475 0.104634 10.8337 -0.0906653 -0.103448 -0.990494 0.958026 0.995846 -0.0178206 -0.089294 -0.261429
1548881720328883968 1089 0.00288776 -0.994565 0.104078 10.9071 -0.0840717 -0.103951 -0.991023 0.966192 0.996456 -0.00588819 -0.083915 -0.260269
1548881720528910848 1095 0.0285796 -0.994106 0.104575 10.9743 -0.0725373 -0.106404 -0.991674 0.976434 0.996956 0.0207561 -0.0751508 -0.26667
1548881720696105984 1100 0.0445172 -0.994388 0.0959763 11.0332 -0.0820053 -0.0993847 -0.991664 0.984883 0.995637 0.0362756 -0.0859694 -0.261481
1548881720929469952 1107 0.0615594 -0.994353 0.0864392 11.115 -0.0912766 -0.091849 -0.991581 0.994474 0.993921 0.0531513 -0.0964154 -0.255387
1548881721129497088 1113 0.0647453 -0.994501 0.0823167 11.1826 -0.0914541 -0.0880561 -0.991908 1.00407 0.993702 0.0566933 -0.0966524 -0.256433
1548881721362861056 1120 0.0639182 -0.994401 0.0841512 11.2644 -0.0847022 -0.0894251 -0.992385 1.01179 0.994354 0.0563037 -0.0899439 -0.266318
1548881721629562880 1128 0.0620274 -0.995432 0.0725853 11.3601 -0.0854594 -0.0777552 -0.993303 1.02072 0.994409 0.0554089 -0.0898919 -0.268998
1548881721896264960 1136 0.0639162 -0.996895 0.0459803 11.4694 -0.0876155 -0.0515021 -0.994822 1.03042 0.994102 0.0595567 -0.0906354 -0.274121
1548881722029614848 1140 0.066458 -0.99717 0.0351574 11.5183 -0.0894895 -0.04105 -0.995141 1.03456 0.993768 0.0629889 -0.0919643 -0.275787
1548881722296316928 1148 0.0713687 -0.997256 0.0196482 11.6201 -0.094141 -0.0263451 -0.99521 1.04018 0.992997 0.0691772 -0.095763 -0.279539
1548881722463005952 1153 0.0733116 -0.997166 0.0168734 11.6772 -0.0893542 -0.0234183 -0.995725 1.04635 0.993298 0.0714904 -0.0908178 -0.28413
1548881722663032064 1159 0.0734412 -0.9973 0.000111827 11.7579 -0.089828 -0.00672661 -0.995935 1.04956 0.993246 0.0731326 -0.0900794 -0.289619
1548881722863058944 1165 0.0761906 -0.997082 -0.00482204 11.8278 -0.0855496 -0.00171873 -0.996332 1.05202 0.993416 0.0763237 -0.0854308 -0.298808
1548881723163097856 1174 0.077077 -0.997024 0.00167333 11.9227 -0.0825037 -0.00805067 -0.996558 1.05799 0.993606 0.0766737 -0.0828787 -0.305604
1548881723396462080 1181 0.0785192 -0.996895 0.00591575 11.9988 -0.0772116 -0.0119975 -0.996943 1.06056 0.993918 0.0778224 -0.0779139 -0.313849
1548881723663163904 1189 0.0754253 -0.996995 0.0176655 12.0802 -0.0761262 -0.0234216 -0.996823 1.0641 0.994241 0.0738409 -0.0776641 -0.313866
1548881723896527872 1196 0.0753233 -0.996911 0.0222367 12.1556 -0.0671938 -0.0273238 -0.997366 1.06869 0.994893 0.0736307 -0.0690443 -0.323372
1548881724196568064 1205 0.0769926 -0.996653 0.0274654 12.2489 -0.0579705 -0.0319755 -0.997806 1.07288 0.995345 0.0752315 -0.0602384 -0.338533
1548881724529945088 1215 0.0755559 -0.996969 0.0185411 12.3675 -0.0539264 -0.0226525 -0.998288 1.07926 0.995682 0.0744267 -0.0554745 -0.347255
1548881724763309056 1222 0.072407 -0.997048 0.0255259 12.4427 -0.0610049 -0.0299725 -0.997687 1.08227 0.995508 0.0706824 -0.0629951 -0.347937
1548881725030010880 1230 0.071191 -0.996938 0.0323402 12.527 -0.0525262 -0.0361244 -0.997966 1.08812 0.996079 0.0693475 -0.0549371 -0.35879
1548881725230036992 1236 0.0648266 -0.997368 0.0324629 12.5923 -0.04987 -0.0357287 -0.998116 1.09497 0.99665 0.0630856 -0.0520549 -0.364866
1548881725463400960 1243 0.0572196 -0.997527 0.0408232 12.6649 -0.0525683 -0.0438438 -0.997654 1.09891 0.996977 0.0549394 -0.054947 -0.366701
1548881725696764928 1250 0.0474072 -0.998072 0.0400561 12.7426 -0.048856 -0.0423701 -0.997907 1.10432 0.99768 0.045351 -0.0507704 -0.372346
1548881725963926016 1258 0.0364923 -0.997735 0.0565136 12.8238 -0.0482203 -0.0582434 -0.997137 1.10877 0.99817 0.0336627 -0.0502365 -0.377051
1548881726230627840 1266 0.0193783 -0.998042 0.0594734 12.9124 -0.0506586 -0.0603883 -0.996889 1.11283 0.998528 0.0163051 -0.0517296 -0.377417
1548881726463992064 1273 0.0141203 -0.998552 0.0519049 12.9932 -0.0501016 -0.0525515 -0.997361 1.11989 0.998644 0.0114825 -0.0507711 -0.379501
1548881726730693888 1281 0.0131227 -0.999397 0.0321562 13.095 -0.0716244 -0.0330159 -0.996885 1.12578 0.997345 0.0107787 -0.0720145 -0.365653
1548881726964057856 1288 0.0119736 -0.99921 0.0379031 13.1698 -0.0626794 -0.0385813 -0.997288 1.13131 0.997962 0.0095654 -0.0630919 -0.369677
1548881727197422080 1295 0.0148382 -0.999304 0.034217 13.248 -0.0689736 -0.0351622 -0.996999 1.13857 0.997508 0.0124336 -0.0694473 -0.366104
1548881727397447936 1301 0.015507 -0.999191 0.0371034 13.3155 -0.0667038 -0.038059 -0.997047 1.14541 0.997652 0.0129863 -0.06724 -0.366845
1548881727530798848 1305 0.0151767 -0.999196 0.0371026 13.3609 -0.0668737 -0.0380382 -0.997036 1.14842 0.997646 0.0126505 -0.0673972 -0.369054
1548881727830839040 1314 0.0176136 -0.998769 0.0463637 13.4568 -0.0691879 -0.0474773 -0.996473 1.15527 0.997448 0.0143437 -0.0699389 -0.36441
1548881728030864896 1320 0.0215457 -0.997532 0.0668223 13.5086 -0.0722304 -0.0682163 -0.995052 1.15843 0.997155 0.0166125 -0.0735219 -0.363621
1548881728330904064 1329 0.0218673 -0.996909 0.0754621 13.6036 -0.0714998 -0.0768463 -0.994476 1.16632 0.997201 0.016351 -0.0729592 -0.365049
1548881728530930944 1335 0.0159396 -0.996381 0.0834929 13.6652 -0.0713896 -0.0844245 -0.993869 1.17128 0.997321 0.00988132 -0.0724769 -0.364823
1548881728864307968 1345 0.0156347 -0.995641 0.0919452 13.7682 -0.071459 -0.0928339 -0.993114 1.18011 0.997321 0.00895673 -0.0725989 -0.365606
1548881728997658880 1349 0.0169973 -0.995492 0.0933048 13.813 -0.0724629 -0.0942994 -0.992903 1.18694 0.997226 0.0101155 -0.0737391 -0.365838
1548881729364374016 1360 0.0239236 -0.994903 0.0979537 13.9341 -0.0670642 -0.0993582 -0.992789 1.20029 0.997462 0.0171819 -0.0690994 -0.377374
1548881729531063040 1365 0.0203988 -0.99533 0.0943476 13.9893 -0.0703562 -0.0955623 -0.992934 1.20591 0.997313 0.0136167 -0.071977 -0.375496
1548881729731088896 1371 0.0189721 -0.995709 0.0905751 14.0592 -0.0658043 -0.0916385 -0.993616 1.21195 0.997652 0.0128908 -0.0672605 -0.378291
1548881729931115008 1377 0.0118559 -0.996898 0.0778121 14.1365 -0.05047 -0.078315 -0.99565 1.22322 0.998655 0.00787715 -0.051242 -0.385606
1548881730097804032 1382 0.0110067 -0.997481 0.0700721 14.1932 -0.0464531 -0.0705108 -0.996429 1.23114 0.99886 0.00771233 -0.0471122 -0.385874
1548881730264493056 1387 0.0117174 -0.997909 0.0635577 14.2511 -0.040944 -0.0639876 -0.99711 1.2411 0.999093 0.00908124 -0.0416082 -0.390168
1548881730464518912 1393 0.00751817 -0.998296 0.0578668 14.3207 -0.0350722 -0.0580961 -0.997695 1.24657 0.999357 0.00547133 -0.0354492 -0.39453
1548881730697882880 1400 0.00917787 -0.998753 0.049067 14.4039 -0.0215546 -0.0492552 -0.998554 1.25763 0.999726 0.00810697 -0.0219798 -0.403977
1548881730964584960 1408 0.00873099 -0.99857 0.0527441 14.4874 -0.022897 -0.0529319 -0.998336 1.26605 0.9997 0.00750878 -0.0233264 -0.401808
1548881731164611072 1414 0.0134946 -0.997854 0.0640728 14.5471 -0.0259467 -0.0644066 -0.997586 1.26847 0.999572 0.0117996 -0.0267602 -0.400154
1548881731364636928 1420 0.0115717 -0.997254 0.0731422 14.6054 -0.0348784 -0.0735052 -0.996685 1.27003 0.999325 0.00898222 -0.0356332 -0.395557
1548881731631339008 1428 0.00573638 -0.997596 0.0690603 14.7006 -0.033998 -0.0692161 -0.997022 1.27974 0.999405 0.00337138 -0.0343133 -0.401434
1548881731797569024 1433 0.00194235 -0.997932 0.0642429 14.7613 -0.0289545 -0.0642722 -0.997512 1.28452 0.999579 7.74025e-05 -0.0290195 -0.404148
1548881731964257024 1438 0.00222064 -0.9983 0.0582369 14.8216 -0.0296603 -0.0582772 -0.99786 1.28987 0.999558 0.000488566 -0.0297393 -0.406423
1548881732197622016 1445 0.00306355 -0.998579 0.0531948 14.9037 -0.0276 -0.0532592 -0.998199 1.29687 0.999614 0.00158986 -0.027724 -0.409413
1548881732597673984 1457 0.0109627 -0.998958 0.0443085 15.0445 -0.0205952 -0.0445273 -0.998796 1.30951 0.999728 0.010037 -0.0210618 -0.41647
1548881732864376064 1465 0.0108894 -0.998923 0.0450994 15.1287 -0.025827 -0.045368 -0.998636 1.31798 0.999607 0.00970975 -0.0262932 -0.413967
1548881733164416000 1474 0.00831313 -0.998054 0.0617997 15.224 -0.0303693 -0.0620253 -0.997612 1.32465 0.999504 0.00641647 -0.0308258 -0.414589
1548881733397779968 1481 0.0071196 -0.997772 0.0663363 15.2991 -0.0375857 -0.0665581 -0.997074 1.33164 0.999268 0.00460548 -0.0379758 -0.411907
1548881733631143936 1488 0.00388462 -0.99756 0.0697075 15.3733 -0.0382856 -0.0698053 -0.996826 1.3371 0.999259 0.0012035 -0.0384633 -0.409869
1548881733964520960 1498 0.00561157 -0.997679 0.0678636 15.4874 -0.0326163 -0.0680112 -0.997151 1.35053 0.999452 0.00338212 -0.0329223 -0.413529
1548881734197884928 1505 0.0139774 -0.997609 0.0676884 15.564 -0.0321083 -0.0681079 -0.997161 1.35824 0.999387 0.0117644 -0.0329835 -0.411652
1548881734364573952 1510 0.0231789 -0.998636 0.0467754 15.634 -0.0493615 -0.0478741 -0.997633 1.36568 0.998512 0.0208151 -0.0504039 -0.401392
1548881734564600064 1516 0.0281406 -0.998543 0.0460479 15.704 -0.053906 -0.0475151 -0.997415 1.37011 0.998149 0.0255856 -0.0551645 -0.397673
1548881734697950976 1520 0.0323649 -0.998466 0.0449166 15.7492 -0.0533784 -0.0466027 -0.997486 1.37701 0.99805 0.029886 -0.0548048 -0.398546
1548881734864640000 1525 0.0306538 -0.998827 0.0374769 15.8114 -0.0558447 -0.0391474 -0.997672 1.37791 0.997969 0.0284896 -0.0569793 -0.396962
1548881734997989888 1529 0.0342637 -0.998679 0.0382804 15.8588 -0.0492167 -0.0399425 -0.997989 1.38161 0.9982 0.0323108 -0.0505203 -0.403612
1548881735131341056 1533 0.041623 -0.998509 0.0353285 15.9061 -0.0583701 -0.0377288 -0.997582 1.38527 0.997427 0.0394602 -0.0598534 -0.402645
1548881735231354880 1536 0.0367748 -0.998777 0.0330425 15.9445 -0.0522308 -0.0349407 -0.998024 1.38996 0.997958 0.0349763 -0.0534518 -0.412834
1548881735264691968 1537 0.0454857 -0.99843 0.0326918 15.9565 -0.0547215 -0.0351668 -0.997882 1.39006 0.997465 0.0436004 -0.0562352 -0.409692
1548881735331367936 1539 0.0490633 -0.998382 0.0287559 15.9816 -0.0586369 -0.0316201 -0.997778 1.39579 0.997073 0.0472681 -0.0600933 -0.412429
1548881735364705024 1540 0.0424108 -0.998729 0.0272474 15.9952 -0.0566918 -0.0296336 -0.997952 1.39531 0.997491 0.0407792 -0.0578765 -0.414301
1548881735598070016 1547 0.0492533 -0.998385 0.0283044 16.0726 -0.0562149 -0.0310649 -0.997935 1.39955 0.997203 0.0475604 -0.0576541 -0.421928
1548881735698083072 1550 0.0491841 -0.99827 0.0322023 16.1027 -0.060629 -0.0351659 -0.997541 1.40148 0.996948 0.0471107 -0.0622537 -0.420451
1548881735964783872 1558 0.0531708 -0.997819 0.0391055 16.189 -0.0631209 -0.0424409 -0.997103 1.40941 0.996588 0.0505484 -0.0652398 -0.424929
1548881736098135040 1562 0.0566145 -0.997555 0.0409746 16.2297 -0.0683607 -0.0448173 -0.996654 1.41038 0.996053 0.053624 -0.0707308 -0.426895
1548881736298161920 1568 0.0632272 -0.996708 0.050748 16.2915 -0.0613748 -0.0546368 -0.996618 1.41665 0.99611 0.0598987 -0.0646272 -0.437323
1548881736398174976 1571 0.0639956 -0.996469 0.0543481 16.3231 -0.0577711 -0.0580676 -0.99664 1.41886 0.996277 0.0606408 -0.0612832 -0.444913
1548881736531525888 1575 0.0644668 -0.996144 0.0595091 16.3668 -0.0597341 -0.0633782 -0.9962 1.42359 0.99613 0.0606671 -0.0635896 -0.445957
1548881736564864000 1576 0.0665987 -0.996213 0.0558864 16.3773 -0.0580973 -0.0597875 -0.996519 1.42479 0.996087 0.06312 -0.0618591 -0.447415
1548881736931578880 1587 0.0729391 -0.995195 0.0653155 16.4947 -0.0531282 -0.0692741 -0.996182 1.43456 0.99592 0.0691905 -0.0579257 -0.458601
1548881737031591936 1590 0.0738983 -0.99515 0.0649214 16.5277 -0.0551946 -0.0690809 -0.996083 1.43788 0.995737 0.0700256 -0.0600319 -0.460144
1548881737364968960 1600 0.0754293 -0.995509 0.0571993 16.6435 -0.0417312 -0.0604641 -0.997298 1.454 0.996278 0.0728385 -0.0461046 -0.477957
1548881737531657984 1605 0.0756397 -0.995683 0.0537874 16.702 -0.0390708 -0.05686 -0.997617 1.46093 0.996369 0.073358 -0.0432031 -0.483416
1548881737831696896 1614 0.0748372 -0.995418 0.0595143 16.7987 -0.0462762 -0.0630841 -0.996935 1.46788 0.996121 0.0718537 -0.0507852 -0.48838
1548881738031723008 1620 0.0747302 -0.994807 0.0691029 16.8616 -0.0512615 -0.0730374 -0.996011 1.47273 0.995885 0.0708898 -0.0564534 -0.489946
1548881738265088000 1627 0.0705347 -0.994564 0.0765972 16.9326 -0.0478367 -0.0800727 -0.995641 1.47963 0.996362 0.066563 -0.0532245 -0.4984
1548881738565585920 1636 0.0676305 -0.99441 0.0810837 17.0286 -0.0548328 -0.0848516 -0.994884 1.4902 0.996203 0.0628384 -0.0602648 -0.503969
1548881738765612032 1642 0.0668246 -0.994769 0.077261 17.0997 -0.0583018 -0.0811948 -0.994992 1.4989 0.99606 0.0619855 -0.0634227 -0.506591
1548881739065651968 1651 0.0646064 -0.994755 0.0792939 17.1988 -0.0620027 -0.0833078 -0.994593 1.51225 0.995983 0.0593407 -0.0670597 -0.511377
1548881739399028992 1661 0.0608968 -0.994892 0.0805063 17.3075 -0.0714606 -0.0847946 -0.993833 1.52563 0.995583 0.0547682 -0.0762593 -0.508483
1548881739665731072 1669 0.0566973 -0.994728 0.0854511 17.3971 -0.0654155 -0.0891061 -0.993872 1.53638 0.996246 0.05076 -0.0701227 -0.519385
1548881739866171904 1675 0.0577269 -0.993803 0.0949902 17.4596 -0.0617482 -0.098521 -0.993217 1.542 0.996421 0.0514699 -0.0670529 -0.525876
1548881740066199040 1681 0.0618778 -0.993839 0.091955 17.5255 -0.0635003 -0.095865 -0.993367 1.54946 0.996062 0.0556282 -0.0690409 -0.528324
1548881740332899840 1689 0.0627757 -0.993288 0.0971519 17.6113 -0.0607262 -0.100965 -0.993035 1.56073 0.996178 0.0564388 -0.0666567 -0.532769
1548881740532926976 1695 0.061988 -0.993695 0.093427 17.6792 -0.0620876 -0.0972649 -0.99332 1.57005 0.996144 0.0557733 -0.0677254 -0.537787
1548881740666277888 1699 0.058073 -0.993806 0.0947496 17.7234 -0.0636415 -0.0984022 -0.99311 1.57386 0.996282 0.0516428 -0.0689618 -0.537175
1548881740866304000 1705 0.0568074 -0.993845 0.0951097 17.7889 -0.0645614 -0.0987209 -0.993019 1.582 0.996296 0.0502704 -0.0697721 -0.540688
1548881741099667968 1712 0.0567046 -0.994573 0.0872262 17.8737 -0.0556968 -0.090382 -0.994349 1.59285 0.996836 0.051526 -0.0605197 -0.551712
1548881741266356992 1717 0.054054 -0.994758 0.0868048 17.9285 -0.0578449 -0.0899054 -0.994269 1.59658 0.996861 0.048723 -0.0624015 -0.55802
1548881741466382848 1723 0.0484971 -0.994474 0.0931051 17.9973 -0.0580491 -0.0958634 -0.9937 1.60351 0.997135 0.0427869 -0.0623775 -0.562409
1548881741799759872 1733 0.0543486 -0.99461 0.0883056 18.1126 -0.0555393 -0.0913106 -0.994272 1.61689 0.996976 0.0491329 -0.0602025 -0.569888
1548881742099800064 1742 0.0484037 -0.994657 0.0911824 18.2048 -0.0691338 -0.0944067 -0.99313 1.63432 0.996432 0.0417674 -0.073334 -0.56509
1548881742333164032 1749 0.0477498 -0.995731 0.0789863 18.301 -0.0655458 -0.0820296 -0.994472 1.6409 0.996706 0.0423086 -0.069183 -0.571179
1548881742566528000 1756 0.0503544 -0.994693 0.0897216 18.3662 -0.0638569 -0.0928583 -0.99363 1.64958 0.996688 0.0443043 -0.0681938 -0.577893
1548881742799476992 1763 0.0475035 -0.996062 0.074862 18.453 -0.0762404 -0.0783436 -0.994007 1.66206 0.995957 0.0415113 -0.0796617 -0.574618
1548881743132854016 1773 0.0552619 -0.996382 0.0645719 18.5723 -0.0929695 -0.0695245 -0.993239 1.67556 0.994134 0.048885 -0.0964751 -0.568501
1548881743466232064 1783 0.0497939 -0.997519 0.0497667 18.6932 -0.0908166 -0.0541442 -0.994395 1.68579 0.994622 0.0449951 -0.0932873 -0.578423
1548881743732932864 1791 0.0486182 -0.997537 0.0505526 18.774 -0.0889338 -0.0547348 -0.994532 1.69215 0.99485 0.0438565 -0.0913759 -0.583875
1548881743965838080 1798 0.0503048 -0.997748 0.0443586 18.8564 -0.0892547 -0.0487283 -0.994816 1.69935 0.994738 0.0460848 -0.091505 -0.590525
1548881744065851904 1801 0.0507256 -0.997407 0.0510478 18.8905 -0.0814501 -0.0550748 -0.995155 1.70223 0.995386 0.0463219 -0.0840326 -0.597775
1548881744199203072 1805 0.0562064 -0.997645 0.0393199 18.9439 -0.0843571 -0.0439865 -0.995464 1.70713 0.994849 0.0526345 -0.0866307 -0.600951
1548881744265878016 1807 0.0597072 -0.997481 0.0383056 18.966 -0.0921217 -0.0437164 -0.994788 1.71127 0.993956 0.0558673 -0.0944998 -0.596673
1548881744332552960 1809 0.0628944 -0.997007 0.0449549 18.9844 -0.0931628 -0.0507125 -0.994359 1.7132 0.993662 0.0583515 -0.0960735 -0.598713
1548881744365891072 1810 0.0651972 -0.996843 0.0453088 18.9975 -0.0906287 -0.0511329 -0.994571 1.7139 0.993748 0.060737 -0.0936763 -0.604286
1548881744532579840 1815 0.077037 -0.996511 0.0321041 19.0392 -0.0989027 -0.0396789 -0.994306 1.70585 0.992111 0.0734231 -0.101614 -0.622048
1548881744632592896 1818 0.0683255 -0.996968 0.0372375 19.082 -0.0919532 -0.0434589 -0.994815 1.71445 0.993416 0.0645471 -0.0946438 -0.629644
1548881744699267840 1820 0.0825806 -0.996026 0.0333676 19.2043 -0.0911887 -0.0408935 -0.994994 1.72239 0.992404 0.0791244 -0.0942033 -0.674726
1548881744732605952 1821 0.0845741 -0.995822 0.0344428 19.1864 -0.0829601 -0.0414839 -0.995689 1.71972 0.992958 0.0813521 -0.0861219 -0.679289
1548881744832619008 1824 0.0796404 -0.996136 0.0370156 19.1955 -0.0890414 -0.0440941 -0.995051 1.73854 0.992839 0.0759504 -0.092209 -0.670478
1548881744865956864 1825 0.0733943 -0.996636 0.0364777 19.2544 -0.094862 -0.043387 -0.994544 1.72348 0.992781 0.0695335 -0.0977272 -0.667479
1548881744899294976 1826 0.076868 -0.99635 0.0371147 19.2393 -0.0950136 -0.0443755 -0.994486 1.73119 0.992504 0.0729178 -0.0980779 -0.660651
1548881745032645888 1830 0.0768022 -0.996479 0.0336252 19.2952 -0.101659 -0.0413753 -0.993959 1.73671 0.99185 0.0729199 -0.104479 -0.664082
