1548881686026422016 60 1.01553e-05 -1 0.000621672 0.000547963 -0.000766572 -0.00062168 -1 -0.00103108 1 9.67873e-06 -0.000766578 -0.00114208
1548881686126435840 63 -0.00413999 -0.999981 0.00467353 0.0112456 0.000715335 -0.00467653 -0.999989 0.00101413 0.999991 -0.0041366 0.000734682 -0.00341508
1548881686393136896 71 -0.00266081 -0.999918 -0.0125565 0.0722015 -0.00239429 0.0125629 -0.999918 0.00418439 0.999994 -0.00263053 -0.00242752 -0.00389367
1548881686526488064 75 -0.00652955 -0.999735 -0.0220547 0.10431 -0.0073936 0.0221029 -0.999728 0.00659077 0.999951 -0.00636471 -0.00753597 -0.000289969
1548881686726514944 81 -0.00443437 -0.998713 -0.0505177 0.183717 -0.016477 0.0505843 -0.998584 0.00705091 0.999854 -0.0035957 -0.0166801 0.00785115
1548881686826528000 84 -0.00149338 -0.997101 -0.0760807 0.229532 -0.0269827 0.0760933 -0.996736 0.00702373 0.999635 0.000564363 -0.0270181 0.0135256
1548881686960192000 88 -0.0105772 -0.995445 -0.0947467 0.287267 -0.0266015 0.0949986 -0.995122 0.00707615 0.99959 -0.00800518 -0.0274851 0.0154233
1548881687160217856 94 -0.0130632 -0.994704 -0.101945 0.353836 -0.0147613 0.102135 -0.994661 0.00785382 0.999806 -0.0114886 -0.0160173 0.0107079
1548881687326906880 99 -0.00781464 -0.991137 -0.132611 0.420022 -0.0315581 0.132793 -0.990641 0.00886976 0.999471 -0.00355655 -0.0323162 0.0221615
1548881687426919936 102 -0.00907921 -0.990949 -0.133928 0.457086 -0.0273367 0.13413 -0.990587 0.00971839 0.999585 -0.00533258 -0.0283071 0.0198667
1548881687660283904 109 -0.00460319 -0.997248 -0.0739934 0.500462 -0.0329174 0.0741052 -0.996707 -0.000777615 0.999447 -0.00215236 -0.033168 0.0192633
1548881687893647872 116 0.0144869 -0.997647 -0.0670118 0.552731 -0.0293618 0.0665655 -0.99735 -0.00103472 0.999464 0.0164161 -0.0283283 0.0168506
1548881688026999040 120 0.0188126 -0.996504 -0.0813933 0.601593 -0.0465521 0.0804464 -0.995671 0.00400274 0.998739 0.0225202 -0.0448759 0.0259963
1548881688160349952 124 0.0299299 -0.999091 -0.0303651 0.622309 -0.0442635 0.0290241 -0.998598 -0.000378071 0.998571 0.031232 -0.0433546 0.0225944
1548881688460388864 133 0.0421189 -0.999101 -0.00483796 0.691786 -0.0501755 0.00272095 -0.998737 -0.00242757 0.997852 0.0423084 -0.0500158 0.0307758
1548881688760075008 142 0.0749631 -0.996877 0.0248352 0.761946 -0.0495926 -0.0286014 -0.99836 -0.00132495 0.995952 0.0736085 -0.0515818 0.0355548
1548881688926764032 147 0.0926864 -0.995292 0.028344 0.805976 -0.0548577 -0.0335278 -0.997931 0.00122494 0.994183 0.0909397 -0.057707 0.0359199
1548881689093452032 152 0.119838 -0.99157 0.0492724 0.849064 -0.0543619 -0.0561094 -0.996944 0.000605105 0.991304 0.116794 -0.0606277 0.0413466
1548881689393143040 161 0.159761 -0.984794 0.068243 0.909136 -0.0345393 -0.074665 -0.99661 0.00678659 0.986551 0.156862 -0.0459426 0.028375
1548881689626507008 168 0.155424 -0.986388 0.0536936 0.979569 -0.0536254 -0.0626987 -0.996591 0.0134999 0.986391 0.152015 -0.0626403 0.0278015
1548881689893209088 176 0.157645 -0.985013 0.0699764 1.03755 -0.0494566 -0.078649 -0.995675 0.0197885 0.986257 0.153503 -0.061114 0.0210477
1548881690226585856 186 0.1566 -0.983922 0.0858701 1.11779 -0.0469468 -0.0942601 -0.99444 0.0257693 0.986546 0.151698 -0.0609531 0.0100846
1548881690493287936 194 0.149263 -0.985662 0.0786825 1.19466 -0.0479414 -0.0866944 -0.995081 0.0321047 0.987635 0.144757 -0.0601943 -0.0025674
1548881690726651904 201 0.124272 -0.988843 0.0821312 1.25759 -0.0562866 -0.0896649 -0.99438 0.0394911 0.99065 0.118951 -0.0668015 -0.0101431
1548881691026691072 210 0.0872156 -0.993451 0.0738188 1.34189 -0.0577578 -0.0790192 -0.995198 0.0486119 0.994514 0.0825332 -0.0642712 -0.0232865
1548881691260055040 217 0.0671068 -0.99553 0.0664649 1.41334 -0.0613028 -0.0706031 -0.995619 0.0554895 0.995861 0.0627383 -0.0657667 -0.0248396
1548881691426744064 222 0.0666431 -0.995284 0.0704831 1.46137 -0.0648275 -0.07481 -0.995088 0.0604112 0.995669 0.0617466 -0.0695073 -0.0261594
1548881691693445888 230 0.0581675 -0.996099 0.0663634 1.54958 -0.0583996 -0.0697573 -0.995853 0.0708014 0.996597 0.0540507 -0.0622294 -0.0356045
1548881691993485056 239 0.0509606 -0.996276 0.0695533 1.64502 -0.0580474 -0.0724809 -0.995679 0.0792791 0.997012 0.0467031 -0.0615249 -0.0435514
1548881692226849024 246 0.0385251 -0.996851 0.069305 1.72047 -0.056201 -0.0714083 -0.995863 0.0875587 0.997676 0.0344707 -0.058775 -0.0463029
1548881692393886976 251 0.0354454 -0.996896 0.0703058 1.7757 -0.0512239 -0.0720698 -0.996083 0.09301 0.998058 0.0317053 -0.0536194 -0.0517688
1548881692560576000 256 0.0316967 -0.996977 0.0709352 1.83198 -0.0507799 -0.0724855 -0.996076 0.0996665 0.998207 0.0279703 -0.0529239 -0.0533041
1548881692793939968 263 0.0218297 -0.997229 0.0711142 1.90774 -0.0531153 -0.0721875 -0.995976 0.107866 0.99835 0.0179646 -0.0545439 -0.0563929
1548881692927290880 267 0.0174359 -0.996907 0.0766287 1.9483 -0.0529342 -0.0774532 -0.99559 0.111629 0.998446 0.0133027 -0.0541209 -0.0563833
1548881693127316992 273 0.0178287 -0.996637 0.0799838 2.00985 -0.0616385 -0.0809399 -0.994811 0.120046 0.997939 0.0128061 -0.0628743 -0.0492172
1548881693227330048 276 0.0142713 -0.99623 0.0855743 2.03872 -0.0574351 -0.0862585 -0.994616 0.123204 0.998247 0.00927945 -0.0584496 -0.0525949
1548881693461009920 283 0.00513179 -0.995619 0.0933673 2.11184 -0.0586846 -0.0935074 -0.993888 0.133594 0.998263 -0.000378799 -0.0589074 -0.052392
1548881693627698944 288 0.00218471 -0.994227 0.107271 2.15801 -0.0564955 -0.107223 -0.992629 0.139091 0.9984 -0.00389173 -0.0564036 -0.0530755
1548881693827725056 294 -0.00359403 -0.993499 0.113787 2.21818 -0.0503188 -0.113464 -0.992267 0.147245 0.998727 -0.00929187 -0.0495839 -0.0584725
1548881694061089024 301 -0.0104877 -0.992567 0.121248 2.28882 -0.0438406 -0.120681 -0.991723 0.155578 0.998983 -0.0157165 -0.0422491 -0.0645622
1548881694261402880 307 -0.0155965 -0.993349 0.114083 2.3572 -0.0340188 -0.113503 -0.992955 0.164954 0.999299 -0.0193676 -0.0320223 -0.0702373
1548881694394753024 311 -0.0205373 -0.994023 0.107223 2.40335 -0.0281278 -0.106629 -0.993901 0.173432 0.999393 -0.023428 -0.0257698 -0.0727599
1548881694594779904 317 -0.0241259 -0.99499 0.0970245 2.47234 -0.0167392 -0.0966371 -0.995179 0.185551 0.999569 -0.0256337 -0.0143239 -0.076853
1548881694828143872 324 -0.0273758 -0.995706 0.0884327 2.55186 0.0005744 -0.0884815 -0.996078 0.200641 0.999625 -0.0272177 0.00299419 -0.0871815
1548881695028169984 330 -0.02953 -0.995608 0.0888451 2.61403 0.00681902 -0.0890825 -0.996001 0.213465 0.999541 -0.028806 0.00941967 -0.0898242
1548881695194859008 335 -0.0293295 -0.996369 0.079924 2.67444 0.0131649 -0.0803365 -0.996681 0.221496 0.999483 -0.0281799 0.0154734 -0.0929907
1548881695394884864 341 -0.031758 -0.996988 0.0707537 2.73794 0.032932 -0.0717947 -0.996876 0.232186 0.998953 -0.0293287 0.0351129 -0.109242
1548881695594912000 347 -0.0341169 -0.996993 0.0695785 2.80797 0.0336798 -0.0707264 -0.996927 0.239951 0.99885 -0.0316686 0.0359915 -0.108038
1548881695728261888 351 -0.0300773 -0.996846 0.0734435 2.84826 0.0330881 -0.0744295 -0.996677 0.243025 0.999 -0.0275472 0.0352223 -0.107827
1548881695861613056 355 -0.0348224 -0.998693 0.0374052 2.90775 0.0586709 -0.0394062 -0.997499 0.25059 0.99767 -0.0325407 0.0599665 -0.126155
1548881695961945856 358 -0.0299024 -0.998784 0.0392073 2.94133 0.0704768 -0.041234 -0.996661 0.254416 0.997065 -0.0270393 0.0716241 -0.13248
1548881696161972992 364 -0.0247847 -0.998372 0.0513802 2.99813 0.0511726 -0.0525956 -0.997304 0.255177 0.998382 -0.0220886 0.0523929 -0.118792
1548881696428675072 372 -0.0265592 -0.998974 0.0366923 3.09482 0.0611807 -0.0382608 -0.997393 0.265696 0.997773 -0.0242451 0.0621341 -0.127471
1548881696728713984 381 -0.0147009 -0.999009 0.0420177 3.18654 0.0538805 -0.0427527 -0.997632 0.27024 0.998439 -0.0124021 0.0544556 -0.119058
1548881696995416064 389 -0.00974175 -0.999043 0.0426511 3.27223 0.069373 -0.0432255 -0.996654 0.279814 0.997543 -0.00675032 0.0697277 -0.12987
1548881697295454976 398 -0.016801 -0.997823 0.0637723 3.35512 0.0649935 -0.0647363 -0.995784 0.283262 0.997744 -0.0125853 0.0659397 -0.129245
1548881697428805888 402 -0.0184721 -0.997956 0.0611838 3.40381 0.0566184 -0.0621402 -0.99646 0.287057 0.998225 -0.0149426 0.0576505 -0.125779
1548881697628579840 408 -0.0300045 -0.998411 0.0477028 3.47078 0.0495465 -0.0491512 -0.997562 0.290264 0.998321 -0.0275678 0.0509425 -0.123169
1548881697995294976 419 -0.0320266 -0.996926 0.0715089 3.57941 0.0426693 -0.0728441 -0.99643 0.304241 0.998576 -0.028861 0.0448711 -0.121742
1548881698228658944 426 -0.0341077 -0.996945 0.0702593 3.65629 0.0448783 -0.0717571 -0.996412 0.31038 0.99841 -0.0308322 0.0471887 -0.123469
1548881698595374080 437 -0.0363722 -0.995298 0.0897679 3.76171 0.0517517 -0.0915828 -0.994452 0.323861 0.997997 -0.0315247 0.0548394 -0.127461
1548881698795399936 443 -0.0338411 -0.996524 0.0761275 3.83903 0.0386645 -0.0774195 -0.996249 0.330965 0.998679 -0.0307707 0.0411501 -0.12312
1548881698928750848 447 -0.0303224 -0.996372 0.0795136 3.87908 0.0302871 -0.0804295 -0.9963 0.332528 0.999081 -0.027802 0.0326161 -0.114498
1548881699195173888 455 -0.0194264 -0.99739 0.0695378 3.97398 0.028219 -0.0700701 -0.997143 0.341891 0.999413 -0.0174086 0.0295066 -0.112283
1548881699395200000 461 -0.00714705 -0.997304 0.0730273 4.03988 0.0283425 -0.0732018 -0.996914 0.350874 0.999573 -0.00505522 0.0287892 -0.114019
1548881699695239936 470 -0.00404283 -0.998232 0.059308 4.15168 0.0371784 -0.0594175 -0.997541 0.35843 0.9993 -0.00182791 0.0373528 -0.121083
1548881699928603904 477 0.0113852 -0.998599 0.0516812 4.2278 0.0650966 -0.0508347 -0.996583 0.368614 0.997814 0.0147105 0.0644266 -0.142433
1548881700128630016 483 -0.058057 -0.997623 0.0371307 4.27528 0.0456004 -0.0398047 -0.998166 0.368985 0.997271 -0.0562574 0.0478029 -0.135985
1548881700361993984 490 -0.0476546 -0.998219 0.0358847 4.35486 0.0621901 -0.0388209 -0.997309 0.383003 0.996926 -0.0452947 0.0639293 -0.140513
1548881700528683008 495 -0.0458011 -0.998454 0.031487 4.41839 0.0687051 -0.034594 -0.997037 0.383306 0.996585 -0.0435021 0.0701834 -0.137571
1548881700861751040 505 -0.00742714 -0.999197 0.0393685 4.52443 0.0486342 -0.0396839 -0.998028 0.389556 0.998789 -0.00549784 0.0488899 -0.122627
1548881701061776896 511 0.0187428 -0.998851 0.044097 4.58555 0.0447651 -0.0432221 -0.998062 0.393431 0.998822 0.0206804 0.0439036 -0.12725
1548881701261804032 517 0.0187837 -0.998874 0.0435677 4.6512 0.0616581 -0.0423351 -0.997199 0.400606 0.997921 0.0214174 0.0607934 -0.145758
1548881701395154944 521 0.028867 -0.998026 0.0557742 4.69196 0.045069 -0.0544412 -0.997499 0.40303 0.998567 0.0313085 0.0434085 -0.136342
1548881701661856000 529 0.0425781 -0.997282 0.0601386 4.77115 0.0683767 -0.0571434 -0.996022 0.411008 0.996751 0.0465208 0.0657577 -0.156305
1548881701861882880 535 0.0740608 -0.99548 0.0594482 4.83945 0.0594956 -0.0550952 -0.996707 0.415092 0.995477 0.0773538 0.0551463 -0.151931
1548881702061908992 541 0.0927039 -0.993332 0.0685328 4.89966 0.0481855 -0.0642729 -0.996768 0.41163 0.994527 0.0957066 0.0419059 -0.146112
1548881702295272960 548 0.111679 -0.99171 0.063551 4.97729 0.0534248 -0.0578669 -0.996894 0.418527 0.992307 0.114727 0.0465194 -0.158595
1548881702661987840 559 0.135268 -0.988116 0.0730024 5.08285 0.0562938 -0.0658961 -0.996237 0.428963 0.989209 0.138868 0.0467112 -0.174687
1548881702762000896 562 0.131443 -0.988864 0.0697906 5.11989 0.0533951 -0.0632369 -0.996569 0.433613 0.989885 0.134718 0.0444884 -0.180945
1548881702928689920 567 0.141011 -0.988379 0.0567616 5.17996 0.0514769 -0.0499369 -0.997425 0.439097 0.988669 0.14357 0.0438371 -0.189198
1548881703195392000 575 0.147263 -0.985984 0.0784186 5.25845 0.0623092 -0.0698777 -0.995608 0.445736 0.987133 0.151502 0.0511455 -0.210578
1548881703395417856 581 0.139377 -0.987359 0.0754685 5.3265 0.0458611 -0.0696945 -0.996514 0.449103 0.989177 0.142352 0.0355676 -0.208617
1548881703661778944 589 0.122093 -0.990271 0.0667546 5.42307 0.0473811 -0.0613658 -0.99699 0.452973 0.991387 0.124889 0.0394277 -0.222761
1548881703761792000 592 0.120007 -0.991342 0.0532951 5.46225 0.0399166 -0.0488215 -0.99801 0.462214 0.99197 0.121895 0.0337121 -0.226501
1548881703928481024 597 0.103256 -0.993877 0.0393387 5.52751 0.0426468 -0.0350899 -0.998474 0.467232 0.99374 0.104776 0.0387624 -0.241662
1548881704061831936 601 0.0991305 -0.994422 0.0360289 5.57682 0.0346256 -0.0327382 -0.998864 0.470874 0.994472 0.100265 0.0311871 -0.241557
1548881704261858048 607 0.0781125 -0.99605 0.0422247 5.64325 0.0268481 -0.0402371 -0.998829 0.476095 0.996583 0.0791547 0.023599 -0.247079
1548881704361870848 610 0.0782845 -0.996258 0.036636 5.68266 0.0252259 -0.0347575 -0.999077 0.479556 0.996612 0.0791364 0.0224106 -0.250768
1548881704595235072 617 0.0596967 -0.998066 0.0173579 5.77096 0.0259624 -0.0158306 -0.999538 0.48492 0.997879 0.0601198 0.0249671 -0.258473
1548881704795261952 623 0.0454351 -0.998602 0.0270207 5.83299 0.0314178 -0.0256068 -0.999178 0.486533 0.998473 0.0462467 0.0302105 -0.268534
1548881705061963008 631 0.0412621 -0.998774 0.0273528 5.91982 0.0316614 -0.0260553 -0.999159 0.493187 0.998647 0.0420935 0.0305475 -0.272408
1548881705161976832 634 0.0379837 -0.998598 0.036875 5.94931 0.0355495 -0.0355279 -0.998736 0.492652 0.998646 0.0392466 0.0341502 -0.276089
1548881705462016000 643 0.02763 -0.999187 0.0293738 6.05293 0.0284446 -0.0285872 -0.999187 0.500633 0.999213 0.0284431 0.0276316 -0.276194
1548881705628705024 648 0.0311979 -0.998546 0.0439634 6.10522 0.0259325 -0.0431613 -0.998731 0.506786 0.999177 0.0322984 0.0245483 -0.278595
1548881705862068992 655 0.0303003 -0.998081 0.0540007 6.17241 0.0301777 -0.0530874 -0.998134 0.510453 0.999085 0.0318734 0.0285112 -0.287094
1548881706195446016 665 0.0333079 -0.997476 0.0627092 6.27729 0.0296699 -0.0617295 -0.997652 0.516523 0.999005 0.0350903 0.027539 -0.293674
1548881706395096064 671 0.032527 -0.996321 0.0792902 6.33494 0.0375757 -0.0780571 -0.996241 0.525016 0.998764 0.0353841 0.0348984 -0.301293
1548881706595122944 677 0.0298133 -0.996884 0.0730286 6.40986 0.0440028 -0.0716813 -0.996456 0.53264 0.998586 0.0329211 0.0417286 -0.306248
1548881706795149056 683 0.0378569 -0.996461 0.0750451 6.46853 0.042698 -0.0734173 -0.996387 0.537019 0.998371 0.0409244 0.0397676 -0.30705
1548881707095188992 692 0.0324741 -0.996387 0.0784787 6.56849 0.0281125 -0.0775785 -0.99659 0.547804 0.999077 0.0345696 0.0254916 -0.307413
1548881707361890048 700 0.0304619 -0.995842 0.0858495 6.65112 0.0359138 -0.0847435 -0.995755 0.553864 0.998891 0.0334158 0.033183 -0.318412
1548881707561501952 706 0.0159852 -0.997621 0.067054 6.73242 0.0110229 -0.0668827 -0.9977 0.560598 0.999811 0.0166876 0.00992753 -0.311402
1548881707894878976 716 0.0187391 -0.997676 0.0655124 6.84581 0.0386465 -0.0647522 -0.997153 0.572768 0.999077 0.0212175 0.0373433 -0.329719
1548881708094904832 722 0.0104775 -0.99767 0.0674151 6.90483 0.0272027 -0.0671094 -0.997375 0.579077 0.999575 0.0122838 0.0264362 -0.325386
1548881708361606912 730 0.0342978 -0.998367 0.0456763 7.00571 0.0170394 -0.0451124 -0.998837 0.587805 0.999266 0.0350362 0.0154643 -0.327652
1548881708728322048 741 0.0443803 -0.997054 0.0625638 7.1138 0.0127208 -0.0620564 -0.997992 0.595131 0.998934 0.0450871 0.00992924 -0.327726
1548881709161253888 754 0.0450183 -0.996659 0.0681462 7.24972 0.00942903 -0.0677884 -0.997655 0.60296 0.998942 0.0455553 0.00634581 -0.335496
1548881709427954944 762 0.0527305 -0.995739 0.0756528 7.33465 0.00372489 -0.0755615 -0.997134 0.610707 0.998602 0.0528612 -0.000275383 -0.336401
1548881709727994880 771 0.0305936 -0.99833 0.048997 7.44907 -0.0142884 -0.0494517 -0.998674 0.622292 0.99943 0.029853 -0.0157774 -0.332045
1548881709994696960 779 0.02818 -0.997143 0.0700881 7.52352 0.000558199 -0.0701003 -0.99754 0.62908 0.999603 0.0281498 -0.00141882 -0.347818
1548881710328073984 789 0.0130009 -0.998321 0.0564489 7.64243 -0.00502617 -0.0565182 -0.998389 0.640163 0.999903 0.0126963 -0.00575252 -0.350991
1548881710594268928 797 -0.0246056 -0.996262 0.082801 7.7114 -0.00480276 -0.0827073 -0.996562 0.647787 0.999686 -0.0249187 -0.00274975 -0.36407
1548881710827632896 804 -0.0580897 -0.995659 0.0727302 7.79141 -0.0167174 -0.0718729 -0.997274 0.654755 0.998171 -0.0591472 -0.0124697 -0.362142
1548881711160450048 814 -0.0780689 -0.993967 0.077032 7.89287 -0.0234823 -0.075413 -0.996876 0.663017 0.996671 -0.0796339 -0.0174532 -0.351339
1548881711393814016 821 -0.0819893 -0.992675 0.0887331 7.96024 -0.0224833 -0.0871679 -0.99594 0.668654 0.99638 -0.0836514 -0.0151718 -0.353009
1548881711593839872 827 -0.0919299 -0.993278 0.0703391 8.04104 -0.0363137 -0.0672471 -0.997075 0.675426 0.995103 -0.0942153 -0.0298876 -0.338579
1548881711960555008 838 -0.115268 -0.990942 0.0688943 8.15094 -0.0225726 -0.0667256 -0.997516 0.685592 0.993078 -0.116536 -0.0146769 -0.333444
1548881712260594944 847 -0.109017 -0.991063 0.0768767 8.24657 -0.0288227 -0.0741536 -0.99683 0.694178 0.993622 -0.110888 -0.020481 -0.31804
1548881712393945856 851 -0.111729 -0.991427 0.0677405 8.28927 -0.0314439 -0.064606 -0.997415 0.697993 0.993241 -0.113571 -0.0239559 -0.313363
1548881712693366016 860 -0.106067 -0.991426 0.0763162 8.38026 -0.030314 -0.0734894 -0.996835 0.710807 0.993897 -0.108045 -0.0222593 -0.305999
1548881712860055040 865 -0.110314 -0.99099 0.0759583 8.43583 -0.0238521 -0.0737631 -0.996991 0.718656 0.993611 -0.111794 -0.0155001 -0.309324
1548881713160094976 874 -0.100219 -0.990468 0.0944933 8.51995 -0.0284937 -0.0920754 -0.995344 0.731312 0.994557 -0.102445 -0.0189944 -0.294022
1548881713326782976 879 -0.095751 -0.990289 0.100789 8.56954 -0.0279937 -0.0985355 -0.99474 0.73099 0.995012 -0.0980688 -0.018287 -0.290045
1548881713593485056 887 -0.0852472 -0.99078 0.105301 8.65196 -0.0295663 -0.103124 -0.994229 0.743371 0.995921 -0.0878686 -0.0205027 -0.275669
1548881713826849024 894 -0.0660587 -0.992101 0.106639 8.72783 -0.0299805 -0.10485 -0.994036 0.752499 0.997365 -0.0688618 -0.0228174 -0.269058
1548881714060212992 901 -0.0501247 -0.993837 0.0988716 8.80608 -0.0343873 -0.09722 -0.994669 0.765242 0.998151 -0.0532574 -0.0293023 -0.266961
1548881714326915072 909 -0.0446588 -0.994847 0.0910216 8.89683 -0.0323738 -0.0896234 -0.995449 0.778726 0.998478 -0.0474023 -0.0282045 -0.259622
1548881714526940928 915 -0.0378714 -0.996766 0.070869 8.9744 -0.0479814 -0.0690243 -0.99646 0.790801 0.99813 -0.0411377 -0.0452122 -0.245046
1548881714693629952 920 -0.0297423 -0.997524 0.0637325 9.03683 -0.0602005 -0.0618573 -0.996268 0.796069 0.997743 -0.033468 -0.0582116 -0.23696
1548881714926993920 927 -0.0312326 -0.998239 0.0504422 9.11335 -0.0641399 -0.0483611 -0.996768 0.807254 0.997452 -0.0343671 -0.0625165 -0.230462
1548881715060344832 931 -0.0239229 -0.998883 0.040759 9.16236 -0.0780542 -0.0387799 -0.996195 0.810557 0.996662 -0.0270133 -0.0770393 -0.22154
1548881715393721856 941 -0.022742 -0.99898 0.0390134 9.26718 -0.0802681 -0.037073 -0.996084 0.818055 0.996514 -0.0257844 -0.0793431 -0.218451
1548881715560410880 946 -0.0258103 -0.998486 0.0485666 9.31578 -0.070405 -0.0466465 -0.996427 0.820682 0.997185 -0.0291374 -0.0690945 -0.225963
1548881715760436992 952 -0.0167715 -0.999114 0.0386108 9.38884 -0.0828509 -0.0370947 -0.995871 0.830044 0.996421 -0.0199012 -0.0821553 -0.216901
1548881716093814016 962 -0.021786 -0.998918 0.0410771 9.49677 -0.0845175 -0.0390996 -0.995655 0.834568 0.996184 -0.025163 -0.0835742 -0.216805
1548881716260503040 967 -0.0249263 -0.999132 0.0333783 9.55466 -0.0877459 -0.0310731 -0.995658 0.833163 0.995831 -0.0277469 -0.0868952 -0.211386
1548881716460528896 973 -0.0217977 -0.99948 0.0237677 9.62483 -0.0854925 -0.0218228 -0.9961 0.835745 0.9961 -0.0237447 -0.0849724 -0.209909
1548881716560542976 976 -0.0136676 -0.999554 0.0265665 9.65758 -0.0750465 -0.0254686 -0.996855 0.83713 0.997086 -0.0156183 -0.0746649 -0.213524
1548881716793906944 983 -0.0160462 -0.999556 0.0251079 9.7437 -0.0784582 -0.023775 -0.996634 0.842999 0.996788 -0.0179621 -0.0780419 -0.210575
1548881716993933056 989 -0.0124106 -0.999716 0.0203479 9.80491 -0.0767562 -0.019337 -0.996862 0.846184 0.996973 -0.0139335 -0.0764944 -0.208908
1548881717227297024 996 -0.00988864 -0.999651 0.0245039 9.87902 -0.0762034 -0.0236804 -0.996811 0.851121 0.997043 -0.0117244 -0.0759426 -0.207223
1548881717493998848 1004 -0.0126138 -0.999209 0.037724 9.95762 -0.0808781 -0.0365838 -0.996052 0.854567 0.996644 -0.015615 -0.0803527 -0.202027
1548881717694024960 1010 -0.0121154 -0.998344 0.0562279 10.0135 -0.0912394 -0.0548938 -0.994315 0.85986 0.995755 -0.0171767 -0.0904232 -0.196168
1548881717827375872 1014 -0.0134998 -0.997709 0.0662868 10.0485 -0.0909044 -0.0647937 -0.99375 0.862928 0.995768 -0.0194412 -0.0898215 -0.19282
1548881717927388928 1017 -0.0223158 -0.99734 0.0693918 10.0817 -0.0854045 -0.0672536 -0.994074 0.863821 0.996096 -0.02811 -0.0836765 -0.196817
1548881718160752896 1024 -0.0189676 -0.99716 0.0728874 10.1526 -0.0878494 -0.0709564 -0.993603 0.871593 0.995953 -0.0252493 -0.086254 -0.193851
1548881718428073984 1032 -0.0190851 -0.997037 0.0745236 10.241 -0.0889756 -0.0725478 -0.993388 0.879599 0.995851 -0.0255897 -0.0873273 -0.191502
1548881718528087040 1035 -0.0177558 -0.997166 0.0731017 10.2775 -0.092221 -0.0711682 -0.993192 0.883466 0.99558 -0.0243765 -0.0906961 -0.190844
1548881718728113920 1041 -0.0180684 -0.997048 0.0746234 10.3425 -0.0773274 -0.0730185 -0.994328 0.886159 0.996842 -0.0237364 -0.0757798 -0.198553
1548881718928140032 1047 -0.0170175 -0.996657 0.0799093 10.4101 -0.0723848 -0.0784832 -0.994284 0.893886 0.997232 -0.0227044 -0.0708072 -0.200204
1548881719161504000 1054 -0.00910044 -0.997041 0.0763306 10.4891 -0.0752974 -0.0754338 -0.994304 0.904573 0.99712 -0.0147961 -0.0743882 -0.194263
1548881719328752896 1059 -0.0126878 -0.996088 0.0874512 10.5379 -0.0868575 -0.0860298 -0.992499 0.91017 0.99614 -0.0201884 -0.0854262 -0.185666
1548881719495440896 1064 -0.0118598 -0.995786 0.0909422 10.5901 -0.0919758 -0.0894767 -0.991733 0.916498 0.995691 -0.0201262 -0.090527 -0.180229
1548881719762142976 1072 -0.012748 -0.995489 0.0940146 10.6763 -0.098628 -0.0923119 -0.990834 0.925407 0.995043 -0.0219036 -0.0970063 -0.172094
1548881719962168832 1078 -0.0200858 -0.994932 0.098521 10.7419 -0.0897265 -0.0963495 -0.991295 0.93102 0.995764 -0.0287509 -0.0873365 -0.177411
1548881720162195968 1084 -0.0147194 -0.994563 0.103093 10.8086 -0.0855987 -0.101473 -0.991149 0.935962 0.996221 -0.0234138 -0.0836396 -0.176794
1548881720428898048 1092 0.00461828 -0.994932 0.10044 10.9009 -0.0805735 -0.100485 -0.991671 0.948093 0.996738 -0.00351302 -0.0806292 -0.176714
1548881720662768896 1099 0.0337579 -0.994936 0.0946684 10.9831 -0.0801322 -0.0971119 -0.992042 0.956861 0.996212 0.0259033 -0.0830047 -0.175113
1548881720796120064 1103 0.0474565 -0.99535 0.0838216 11.0311 -0.0793931 -0.0874093 -0.993004 0.963927 0.995713 0.0404697 -0.0831721 -0.174423
1548881720929469952 1107 0.0534995 -0.995056 0.0836686 11.0771 -0.0905587 -0.088278 -0.991971 0.970735 0.994453 0.045493 -0.0948338 -0.16896
1548881721096158976 1112 0.0535687 -0.995044 0.0837768 11.1316 -0.0944119 -0.0885684 -0.991586 0.979953 0.994091 0.0452084 -0.0986885 -0.168621
1548881721296184832 1118 0.0551374 -0.995298 0.0796296 11.2057 -0.0935769 -0.0845509 -0.992015 0.987703 0.994084 0.0472456 -0.0977989 -0.171831
1548881721496211968 1124 0.0536117 -0.996026 0.071123 11.2775 -0.0871586 -0.0756212 -0.99332 0.995284 0.994751 0.0470546 -0.0908664 -0.178936
1548881721729575936 1131 0.0584312 -0.996401 0.0614004 11.362 -0.0773134 -0.0658375 -0.994831 1.00086 0.995293 0.0533821 -0.0808821 -0.187726
1548881721929602048 1137 0.0597174 -0.997327 0.0421063 11.4447 -0.0827835 -0.0469843 -0.995459 1.00635 0.994777 0.0559606 -0.085368 -0.187039
1548881722062952960 1141 0.0579644 -0.997718 0.0346295 11.4942 -0.0910003 -0.0398239 -0.995054 1.01001 0.994162 0.0545265 -0.093101 -0.185699
1548881722396329984 1151 0.0623703 -0.997919 0.0163471 11.619 -0.0956673 -0.0222812 -0.995164 1.01952 0.993457 0.0605048 -0.0968579 -0.1895
1548881722596356864 1157 0.0677551 -0.997693 0.00411656 11.6963 -0.0908082 -0.0102758 -0.995815 1.02484 0.993561 0.0670978 -0.091295 -0.196386
1548881722796382976 1163 0.0681167 -0.997668 -0.00427414 11.7694 -0.088019 -0.00174209 -0.996117 1.0274 0.993787 0.0682285 -0.0879324 -0.203875
1548881722996408832 1169 0.0695365 -0.997578 -0.00167107 11.8305 -0.0840237 -0.00418771 -0.996455 1.03143 0.994035 0.0694304 -0.0841114 -0.211057
1548881723163097856 1174 0.0725841 -0.997362 -1.53065e-05 11.8834 -0.0831922 -0.00603911 -0.996515 1.03301 0.993887 0.0723324 -0.0834111 -0.217438
1548881723429799936 1182 0.0724122 -0.997367 0.0039331 11.9716 -0.0768266 -0.00950952 -0.996999 1.03421 0.994411 0.0718928 -0.0773129 -0.227186
1548881723663163904 1189 0.0743728 -0.997125 0.0144738 12.04 -0.0770996 -0.02022 -0.996818 1.03592 0.994246 0.0730202 -0.0783818 -0.232256
1548881723896527872 1196 0.0753779 -0.99696 0.0197316 12.1145 -0.0677225 -0.0248606 -0.997394 1.04141 0.994853 0.0738452 -0.0693905 -0.243612
1548881724163229952 1204 0.0783528 -0.996574 0.0264739 12.1971 -0.0601635 -0.031234 -0.9977 1.04396 0.995109 0.0765798 -0.0624047 -0.257868
1548881724429932032 1212 0.0771581 -0.996695 0.0254215 12.2908 -0.0585675 -0.0299845 -0.997833 1.04847 0.995297 0.0755021 -0.0606875 -0.267738
1548881724729970944 1221 0.0770432 -0.996794 0.0215719 12.392 -0.0589451 -0.0261522 -0.997919 1.05252 0.995284 0.0756113 -0.060771 -0.273194
1548881724929998080 1227 0.0717681 -0.997056 0.0269929 12.455 -0.0571806 -0.031131 -0.997878 1.05804 0.995781 0.0700724 -0.0592465 -0.28037
1548881725163362048 1234 0.0683605 -0.997297 0.0269384 12.5291 -0.0539109 -0.0306548 -0.998075 1.06682 0.996203 0.0667767 -0.0558608 -0.289446
1548881725396726016 1241 0.064022 -0.99726 0.0370583 12.6015 -0.0505679 -0.0403286 -0.997906 1.07134 0.996666 0.062014 -0.0530112 -0.296121
1548881725663427072 1249 0.0526589 -0.997822 0.0397288 12.6898 -0.0525302 -0.0424967 -0.997715 1.07765 0.99723 0.0504516 -0.0546536 -0.301985
1548881725863912960 1255 0.045422 -0.997632 0.0516492 12.7489 -0.0519859 -0.0539931 -0.997187 1.08091 0.997614 0.0426093 -0.0543153 -0.305279
1548881726097276928 1262 0.0340017 -0.998083 0.0517035 12.8254 -0.0499382 -0.0533655 -0.997326 1.08472 0.998173 0.0313288 -0.051657 -0.313201
1548881726330640896 1269 0.022775 -0.998045 0.058202 12.9003 -0.0533495 -0.0593474 -0.996811 1.08924 0.998316 0.0195973 -0.0545969 -0.315162
1548881726597342976 1277 0.018006 -0.998865 0.0441037 13.0037 -0.0585596 -0.0450887 -0.997265 1.09604 0.998122 0.015374 -0.059305 -0.310216
1548881726730693888 1281 0.0191816 -0.999347 0.0306331 13.0573 -0.0728148 -0.0319537 -0.996833 1.10096 0.997161 0.0168904 -0.0733802 -0.301092
1548881727030733056 1290 0.0201202 -0.999143 0.0361603 13.155 -0.0667212 -0.0374288 -0.997069 1.10706 0.997569 0.0176486 -0.0674172 -0.305141
1548881727164083968 1294 0.0195802 -0.999239 0.033725 13.202 -0.0665559 -0.0349593 -0.99717 1.11309 0.997591 0.0172802 -0.0671898 -0.306442
1548881727330772992 1299 0.0202536 -0.999186 0.0348979 13.2596 -0.0643271 -0.0361351 -0.997274 1.11808 0.997723 0.0179535 -0.0650066 -0.309445
1548881727464123904 1303 0.0227215 -0.999119 0.0352903 13.3072 -0.069288 -0.0367883 -0.996918 1.12155 0.997338 0.0202063 -0.0700628 -0.305141
1548881727697487872 1310 0.0206067 -0.998963 0.0406108 13.3833 -0.0679246 -0.0419244 -0.996809 1.12759 0.997478 0.0177825 -0.068718 -0.304764
1548881727864175872 1315 0.0236922 -0.998551 0.0483275 13.4362 -0.0679656 -0.0498381 -0.996442 1.13177 0.997406 0.0203233 -0.0690479 -0.304966
1548881728030864896 1320 0.0283098 -0.997514 0.0645392 13.4827 -0.0735107 -0.0664679 -0.995077 1.13332 0.996893 0.0234261 -0.0752096 -0.300409
1548881728264228864 1327 0.0307892 -0.996848 0.0731232 13.5551 -0.0714493 -0.0751657 -0.994608 1.14003 0.996969 0.0253986 -0.0735384 -0.303832
1548881728497592832 1334 0.0256501 -0.996628 0.0779421 13.6309 -0.0719721 -0.0796065 -0.994225 1.14703 0.997077 0.0198923 -0.0737713 -0.306725
1548881728797633024 1343 0.0254371 -0.995537 0.0908754 13.7241 -0.0717935 -0.0924893 -0.993122 1.15748 0.997095 0.0187379 -0.0738258 -0.309938
1548881728964321024 1348 0.0280468 -0.995029 0.095552 13.776 -0.0735812 -0.0973853 -0.992523 1.16244 0.996895 0.0208063 -0.0759468 -0.308927
1548881729197684992 1355 0.0305519 -0.994777 0.0973939 13.8515 -0.0673519 -0.0992669 -0.992779 1.17169 0.997261 0.0237716 -0.0700329 -0.317501
1548881729331035904 1359 0.0295707 -0.995055 0.0948198 13.897 -0.0684718 -0.096655 -0.99296 1.17741 0.997215 0.0228701 -0.0709914 -0.319275
1548881729631075840 1368 0.0278842 -0.99578 0.0874295 13.9989 -0.0602858 -0.0889796 -0.994207 1.18921 0.997792 0.0224519 -0.0625126 -0.323037
1548881729764427008 1372 0.025147 -0.995625 0.0899942 14.0435 -0.056614 -0.0912966 -0.994213 1.19465 0.998079 0.0199066 -0.0586621 -0.326339
1548881729964452864 1378 0.0269288 -0.997506 0.06524 14.1241 -0.0443775 -0.0663922 -0.996806 1.20712 0.998652 0.0239476 -0.0460547 -0.336817
1548881730097804032 1382 0.0236536 -0.99734 0.0689449 14.1688 -0.0421874 -0.0698986 -0.996662 1.21143 0.99883 0.0206661 -0.0437285 -0.33844
1548881730297829888 1388 0.0233491 -0.99772 0.0633178 14.2379 -0.0347676 -0.0641071 -0.997337 1.21976 0.999123 0.0210855 -0.0361852 -0.348616
1548881730464518912 1393 0.0218228 -0.998162 0.056531 14.296 -0.0302519 -0.0571779 -0.997906 1.22658 0.999304 0.0200669 -0.0314441 -0.352049
1548881730731220992 1401 0.0232183 -0.998585 0.0478453 14.3898 -0.0159252 -0.0482216 -0.99871 1.23797 0.999604 0.0224264 -0.0170223 -0.36171
1548881731031259904 1410 0.0211669 -0.998564 0.0492172 14.4849 -0.0124863 -0.0494884 -0.998697 1.24656 0.999698 0.0205248 -0.0135159 -0.366147
1548881731331299840 1419 0.0248301 -0.99712 0.0716615 14.5706 -0.0283609 -0.0723573 -0.996975 1.24579 0.999289 0.0227226 -0.0300759 -0.357253
1548881731564664064 1426 0.0178872 -0.99762 0.0665876 14.6491 -0.0285245 -0.0670803 -0.99734 1.25198 0.999433 0.0159403 -0.0296565 -0.359652
1548881731730893056 1431 0.0149082 -0.997987 0.0616493 14.7108 -0.0235403 -0.0619894 -0.997799 1.25669 0.999612 0.0134242 -0.024417 -0.361287
1548881731897582080 1436 0.0117268 -0.998092 0.0606178 14.7709 -0.0228865 -0.060874 -0.997883 1.2633 0.999669 0.0103147 -0.0235567 -0.366104
1548881732030932992 1440 0.0150784 -0.998629 0.0501251 14.8212 -0.0237807 -0.0504748 -0.998442 1.27028 0.999603 0.0138629 -0.0245092 -0.364548
1548881732197622016 1445 0.0145091 -0.998613 0.0506045 14.8769 -0.0209084 -0.0509017 -0.998485 1.27386 0.999676 0.0134291 -0.0216179 -0.370201
1548881732364310016 1450 0.0162337 -0.998811 0.0459704 14.9349 -0.0179294 -0.0462598 -0.998769 1.27617 0.999707 0.0153895 -0.018659 -0.370972
1548881732564336896 1456 0.0175742 -0.998985 0.0414685 15.0063 -0.0134259 -0.0417069 -0.99904 1.28216 0.999755 0.0170005 -0.0141452 -0.376386
1548881732697687040 1460 0.019434 -0.999016 0.0398583 15.0542 -0.0125049 -0.0401056 -0.999117 1.28475 0.999733 0.0189184 -0.013272 -0.381591
1548881732764363008 1462 0.0210974 -0.998827 0.0435907 15.0727 -0.0155641 -0.0439233 -0.998914 1.28593 0.999656 0.020396 -0.0164725 -0.380799
1548881732964388864 1468 0.0190094 -0.99866 0.0481329 15.1368 -0.0245098 -0.0485926 -0.998518 1.29188 0.999519 0.0178015 -0.0254006 -0.376119
1548881733264429056 1477 0.0184925 -0.998205 0.0569685 15.2364 -0.0274694 -0.057464 -0.99797 1.2978 0.999452 0.0168901 -0.0284828 -0.376529
1548881733531130880 1485 0.0158326 -0.997979 0.0615386 15.3198 -0.0300933 -0.061994 -0.997623 1.30197 0.999422 0.013943 -0.031014 -0.377774
1548881733697818880 1490 0.0181807 -0.997598 0.0668468 15.3734 -0.0313494 -0.0673938 -0.997234 1.30577 0.999343 0.0160348 -0.0324993 -0.379514
1548881733931182848 1497 0.0198113 -0.997911 0.0614871 15.4542 -0.0280632 -0.06203 -0.99768 1.31484 0.99941 0.0180398 -0.0292335 -0.387189
1548881734064534016 1501 0.0220007 -0.997469 0.0676063 15.4915 -0.0257839 -0.0681662 -0.997341 1.31594 0.999425 0.020199 -0.0272183 -0.389515
1548881734264560896 1507 0.0259954 -0.998077 0.0562659 15.5662 -0.0290365 -0.0570151 -0.997951 1.32222 0.99924 0.0243084 -0.0304628 -0.389577
1548881734397911040 1511 0.0354153 -0.998623 0.0386925 15.6224 -0.0465306 -0.0403225 -0.998103 1.32554 0.998289 0.0335477 -0.0478946 -0.380455
1548881734631275008 1518 0.0463763 -0.998321 0.0347036 15.7014 -0.0473775 -0.0369002 -0.998195 1.33142 0.9978 0.0446484 -0.0490093 -0.384247
1548881734797964032 1523 0.0460243 -0.998352 0.0342916 15.7586 -0.04629 -0.0364226 -0.998264 1.33535 0.997867 0.044357 -0.04789 -0.385535
1548881734997989888 1529 0.0531719 -0.998194 0.0279447 15.8277 -0.0447029 -0.0303356 -0.99854 1.33703 0.997584 0.0518451 -0.0462352 -0.392929
1548881735131341056 1533 0.0591984 -0.997935 0.0249226 15.872 -0.0529836 -0.0280723 -0.998201 1.34049 0.996839 0.0577714 -0.0545361 -0.390443
1548881735331367936 1539 0.0635891 -0.997801 0.0186916 15.9464 -0.0547571 -0.0221896 -0.998253 1.34916 0.996473 0.0624545 -0.0560478 -0.394498
1548881735664744960 1549 0.0694447 -0.997369 0.0208183 16.0561 -0.055726 -0.0247145 -0.99814 1.35937 0.996028 0.0681554 -0.0572957 -0.399908
1548881736064797952 1561 0.0732891 -0.996842 0.0305655 16.1851 -0.06149 -0.0351062 -0.99749 1.36751 0.995413 0.0712256 -0.0638688 -0.4067
1548881736364836864 1570 0.0754353 -0.996137 0.0449445 16.274 -0.0531826 -0.049028 -0.99738 1.3744 0.995731 0.0728475 -0.0566757 -0.422545
1548881736631538944 1578 0.0809536 -0.995345 0.052304 16.3593 -0.0527934 -0.0566846 -0.996995 1.37856 0.995319 0.077949 -0.0571365 -0.429041
1548881737064929024 1591 0.0843983 -0.994794 0.0571063 16.5008 -0.0485367 -0.0613471 -0.996936 1.39083 0.995249 0.0813679 -0.0534616 -0.442377
1548881737264955904 1597 0.0836744 -0.995397 0.0467292 16.5748 -0.0390664 -0.0501343 -0.997978 1.39996 0.995727 0.0816796 -0.0430815 -0.456277
1548881737498319872 1604 0.0850472 -0.995384 0.0444676 16.6547 -0.0351147 -0.0475959 -0.998249 1.40856 0.995758 0.0833368 -0.0390005 -0.464803
1548881737898372864 1616 0.0822637 -0.995247 0.0521129 16.784 -0.0419071 -0.0556983 -0.997568 1.42206 0.995729 0.0798797 -0.0462899 -0.471061
1548881738065060864 1621 0.082516 -0.994711 0.0611729 16.8307 -0.0451579 -0.0650512 -0.99686 1.42382 0.995566 0.0794944 -0.0502868 -0.472357
1548881738265088000 1627 0.0809267 -0.994362 0.0685141 16.8942 -0.0422715 -0.0721018 -0.996501 1.43132 0.995823 0.0777473 -0.0478681 -0.482671
1548881738465113856 1633 0.077245 -0.994198 0.0748578 16.9567 -0.0421674 -0.0782727 -0.99604 1.43471 0.99612 0.0737825 -0.0479689 -0.489073
1548881738665598976 1639 0.0772343 -0.994574 0.069689 17.0256 -0.050767 -0.0737302 -0.995985 1.44427 0.99572 0.0733863 -0.0561861 -0.489072
1548881738898962944 1646 0.0762924 -0.994858 0.0666063 17.1042 -0.0539574 -0.0708225 -0.996028 1.45076 0.995624 0.0723955 -0.0590832 -0.493091
1548881739098990080 1652 0.071186 -0.99526 0.0662559 17.1711 -0.058938 -0.0705052 -0.995769 1.45884 0.99572 0.0669798 -0.0636776 -0.492684
1548881739399028992 1661 0.0697813 -0.995019 0.0711896 17.2704 -0.0641551 -0.0756922 -0.995065 1.47015 0.995497 0.0648698 -0.0691175 -0.493213
1548881739565718016 1666 0.066622 -0.995148 0.0723953 17.3243 -0.0622834 -0.0765627 -0.995118 1.47817 0.995832 0.0617877 -0.067082 -0.496225
1548881739799496960 1673 0.0676051 -0.994422 0.0809559 17.3989 -0.0545047 -0.0847015 -0.994915 1.48474 0.996222 0.0628488 -0.059927 -0.508657
1548881740066199040 1681 0.0701007 -0.994159 0.0820584 17.4836 -0.0564939 -0.0860853 -0.994685 1.49042 0.995939 0.0650923 -0.0621986 -0.511846
1548881740232887040 1686 0.0737477 -0.993943 0.0814828 17.5416 -0.0585439 -0.0858792 -0.994584 1.49737 0.995557 0.0685779 -0.0645227 -0.517113
1548881740466251008 1693 0.0726871 -0.993733 0.0849205 17.6175 -0.058488 -0.0892463 -0.994291 1.50585 0.995638 0.0673052 -0.0646086 -0.52215
1548881740832965888 1704 0.0708635 -0.993705 0.0867667 17.7391 -0.0605112 -0.0911077 -0.994001 1.52016 0.995649 0.065188 -0.0665865 -0.529079
1548881741066329856 1711 0.0649306 -0.994539 0.0817107 17.8173 -0.0547012 -0.0853077 -0.994852 1.52781 0.996389 0.0601267 -0.0599415 -0.540173
1548881741266356992 1717 0.0622767 -0.995017 0.0778603 17.8836 -0.0517935 -0.0811285 -0.995357 1.53492 0.996714 0.0579549 -0.0565879 -0.546379
1548881741466382848 1723 0.0569595 -0.994711 0.0854724 17.9507 -0.0508929 -0.088393 -0.994785 1.54307 0.997078 0.0523125 -0.0556586 -0.551025
1548881741633071872 1728 0.0589517 -0.993667 0.0956582 17.9974 -0.0501297 -0.0986507 -0.993859 1.55028 0.997001 0.0537943 -0.0556279 -0.553668
1548881741833097984 1734 0.0566935 -0.995295 0.0785762 18.0773 -0.048677 -0.0813648 -0.995495 1.55905 0.997204 0.0526132 -0.0530608 -0.557529
1548881742166475008 1744 0.0551062 -0.995673 0.0748279 18.1881 -0.0627147 -0.0782453 -0.99496 1.57444 0.996509 0.0501356 -0.0667551 -0.554799
1548881742366501888 1750 0.0531454 -0.995706 0.0757946 18.2606 -0.0571939 -0.0788124 -0.995247 1.58026 0.996948 0.0485579 -0.0611368 -0.559369
1548881742766138880 1762 0.0507997 -0.996137 0.0716235 18.3926 -0.0651 -0.0748664 -0.995066 1.59566 0.996585 0.0458864 -0.0686517 -0.557197
1548881743032840960 1770 0.0508215 -0.997321 0.052614 18.4874 -0.0763437 -0.0564075 -0.995485 1.60474 0.995786 0.0465752 -0.0790059 -0.553799
1548881743366217984 1780 0.0502453 -0.997543 0.0488152 18.6066 -0.079405 -0.0527122 -0.995448 1.61495 0.995575 0.0461404 -0.0818584 -0.560698
1548881743666257920 1789 0.0501508 -0.997517 0.0494352 18.7029 -0.0798491 -0.0533437 -0.995379 1.62348 0.995545 0.0459717 -0.0823261 -0.563964
1548881744032514048 1800 0.0522065 -0.997541 0.046766 18.8269 -0.0743904 -0.0505845 -0.995945 1.63295 0.995862 0.0485159 -0.0768483 -0.569868
1548881744199203072 1805 0.0526266 -0.998119 0.0314367 18.8877 -0.076295 -0.035407 -0.996456 1.63693 0.995695 0.0500416 -0.0780149 -0.571354
1548881744599255040 1817 0.0627031 -0.997533 0.0315685 19.0197 -0.087768 -0.0370196 -0.995453 1.64696 0.994166 0.0596473 -0.0898728 -0.573813
1548881744899294976 1826 0.060325 -0.99769 0.0312245 19.1157 -0.0885674 -0.036508 -0.995401 1.65068 0.994242 0.0572821 -0.0905652 -0.578051
1548881745165997056 1834 0.057929 -0.998021 0.0244649 19.2077 -0.0939419 -0.0298468 -0.99513 1.65931 0.993891 0.0553486 -0.095485 -0.579375
1548881745399361024 1841 0.0572029 -0.998241 0.015563 19.2912 -0.113906 -0.0220124 -0.993248 1.6664 0.991843 0.0550439 -0.114964 -0.571922
1548881745699399936 1850 0.0586245 -0.997652 0.0353951 19.3817 -0.103674 -0.0413489 -0.993751 1.67104 0.992882 0.0545887 -0.105855 -0.583217
1548881746032776960 1860 0.0630464 -0.997072 0.0432698 19.4909 -0.100258 -0.0494643 -0.993731 1.68075 0.992962 0.058313 -0.103083 -0.592458
1548881746232803840 1866 0.0620276 -0.997098 0.0441354 19.5542 -0.0950692 -0.0499219 -0.994218 1.68417 0.993536 0.057473 -0.0978898 -0.601714
1548881746466168064 1873 0.0705459 -0.996232 0.0504561 19.6289 -0.109348 -0.0580007 -0.99231 1.68778 0.991497 0.0644861 -0.113028 -0.598501
1548881746699532032 1880 0.0734402 -0.996492 0.0401387 19.713 -0.100156 -0.0474133 -0.993841 1.69672 0.992258 0.0689678 -0.103286 -0.611064
1548881746932896000 1887 0.0774506 -0.996073 0.0428951 19.7868 -0.109153 -0.0512373 -0.992704 1.7021 0.991003 0.0722034 -0.112693 -0.608248
1548881747266273024 1897 0.0731135 -0.996524 0.0399327 19.8995 -0.109025 -0.0477861 -0.99289 1.71248 0.991347 0.06824 -0.11214 -0.619164
1548881747432962048 1902 0.0670345 -0.996877 0.0417445 19.9539 -0.103146 -0.0485383 -0.993481 1.71778 0.992405 0.0622918 -0.106077 -0.627219
1548881747699663872 1910 0.0710394 -0.996367 0.0469609 20.0373 -0.0972568 -0.0537744 -0.993806 1.72377 0.992721 0.0660321 -0.100724 -0.63895
1548881747866351872 1915 0.0682265 -0.996733 0.0432237 20.0957 -0.0988533 -0.0498653 -0.993852 1.72898 0.99276 0.0635342 -0.101933 -0.64154
1548881748133053952 1923 0.0657942 -0.996137 0.0581485 20.1721 -0.0996829 -0.0645449 -0.992924 1.73616 0.992842 0.0595322 -0.103545 -0.646443
1548881748333080064 1929 0.070962 -0.99657 0.0425713 20.2461 -0.0823776 -0.0483882 -0.995426 1.74662 0.994072 0.0671305 -0.0855288 -0.663845
