1548881686026422016 60 0.000406139 -1 0.000355936 0.000814275 -6.94024e-06 -0.000355939 -1 -0.00231644 1 0.000406136 -7.0848e-06 -0.00200319
1548881686059759872 61 -4.15702e-05 -0.999996 0.00284673 0.00205319 -0.0011937 -0.00284668 -0.999995 -0.000138591 0.999999 -4.49681e-05 -0.00119357 -0.00320269
1548881686393136896 71 -0.00396803 -0.9999 -0.0135849 0.0726049 -0.00278289 0.013596 -0.999904 0.00296217 0.999988 -0.00392984 -0.00283656 -0.00139512
1548881686626500864 78 -0.00580129 -0.999165 -0.0404361 0.14369 -0.0088916 0.0404868 -0.999141 0.0055438 0.999944 -0.00543676 -0.00911905 0.00180718
1548881686726514944 81 -0.00466749 -0.998611 -0.0524752 0.184627 -0.0160878 0.052544 -0.998489 0.00422879 0.99986 -0.00381622 -0.0163107 0.00844797
1548881686826528000 84 -0.00208486 -0.996998 -0.0773961 0.230733 -0.0269134 0.0774242 -0.996635 0.00591485 0.999636 5.15262e-06 -0.0269941 0.0147947
1548881686926853888 87 -0.00789194 -0.995519 -0.094235 0.274608 -0.0280773 0.0944214 -0.995136 0.00704716 0.999575 -0.00520769 -0.0286966 0.0153509
1548881687193555968 95 -0.00825957 -0.994373 -0.105615 0.363186 -0.0143728 0.105726 -0.994291 0.00586525 0.999863 -0.00669442 -0.0151652 0.00774069
1548881687326906880 99 -0.00573702 -0.990938 -0.134194 0.419027 -0.0327917 0.134311 -0.990397 0.00743221 0.999446 -0.00128147 -0.0332651 0.0174729
1548881687493594880 104 -0.00575241 -0.991551 -0.129587 0.475657 -0.0310312 0.129704 -0.991067 0.00568105 0.999502 -0.00167978 -0.0315152 0.0164585
1548881687660283904 109 -0.00497616 -0.99704 -0.0767172 0.503082 -0.0333983 0.0768411 -0.996484 -0.00538126 0.99943 -0.00239644 -0.0336819 0.0179933
1548881687893647872 116 0.015056 -0.997471 -0.0694549 0.556306 -0.0307956 0.0689672 -0.997143 -0.00479279 0.999412 0.0171519 -0.0296794 0.0133539
1548881688026999040 120 0.0191641 -0.996266 -0.0841858 0.606835 -0.047665 0.0831951 -0.995393 -0.00129413 0.99868 0.0230885 -0.0458927 0.0228023
1548881688227024896 126 0.0258665 -0.999193 -0.0307448 0.641726 -0.0425773 0.029626 -0.998654 -0.00518273 0.998758 0.0271407 -0.0417766 0.0217943
1548881688493726976 134 0.0497996 -0.998741 -0.00599732 0.70917 -0.0510174 0.00345317 -0.998692 -0.005072 0.997455 0.0500404 -0.0507812 0.0279397
1548881688793412864 143 0.0819689 -0.996289 0.026273 0.778433 -0.0497358 -0.030418 -0.998299 -0.00819894 0.995393 0.0805228 -0.0520446 0.0315386
1548881688993438976 149 0.113504 -0.992909 0.0353392 0.833846 -0.0535899 -0.0416357 -0.997695 -0.00625723 0.992091 0.111349 -0.0579357 0.0346724
1548881689126789888 153 0.132184 -0.990085 0.0475276 0.865402 -0.0542872 -0.0551075 -0.997004 -0.00639757 0.989737 0.129208 -0.0610333 0.0325927
1548881689393143040 161 0.164663 -0.984204 0.0650221 0.918319 -0.0351482 -0.0717351 -0.996804 0.000464931 0.985723 0.161851 -0.0464052 0.0168092
1548881689559831040 166 0.157958 -0.985688 0.0588945 0.9704 -0.0457465 -0.0668841 -0.996711 0.00579265 0.986386 0.154745 -0.0556567 0.01442
1548881689926545920 177 0.165861 -0.983858 0.0671824 1.05646 -0.0516755 -0.0767036 -0.995714 0.0135209 0.984794 0.161678 -0.0635635 0.00552898
1548881690126573056 183 0.162107 -0.984048 0.0732885 1.10588 -0.0505669 -0.0824574 -0.995311 0.0159981 0.985477 0.157641 -0.0631272 2.48248e-07
1548881690393273856 191 0.153735 -0.984993 0.0784525 1.17275 -0.0507782 -0.0871668 -0.994899 0.0225216 0.986807 0.148967 -0.0634167 -0.00945857
1548881690593300992 197 0.14299 -0.986969 0.0737932 1.23145 -0.0548008 -0.0823402 -0.995096 0.0293401 0.988206 0.138245 -0.0658606 -0.0177544
1548881690893339904 206 0.104492 -0.99181 0.0734445 1.31526 -0.058046 -0.0798049 -0.995119 0.0368373 0.99283 0.0997188 -0.0659096 -0.0306077
1548881691026691072 210 0.0900533 -0.993499 0.0696358 1.35339 -0.0604442 -0.075243 -0.995332 0.0411205 0.994101 0.0854238 -0.0668271 -0.035237
1548881691260055040 217 0.072099 -0.995381 0.0633956 1.42324 -0.0630732 -0.067984 -0.995691 0.0504037 0.995401 0.0677898 -0.0676834 -0.0426441
1548881691560094976 226 0.0675376 -0.995661 0.0640193 1.51506 -0.0617058 -0.0682113 -0.995761 0.0617169 0.995807 0.0633009 -0.0660449 -0.0511761
1548881691760120832 232 0.0611005 -0.996337 0.0598269 1.58394 -0.0621882 -0.0636224 -0.996035 0.0688133 0.996192 0.0571377 -0.0658477 -0.0540915
1548881691960146944 238 0.0550642 -0.996387 0.0646653 1.64892 -0.0621439 -0.0680579 -0.995744 0.0741456 0.996547 0.0508113 -0.0656669 -0.0574397
1548881692226849024 246 0.0432683 -0.996875 0.0660915 1.73544 -0.0585698 -0.0685707 -0.995926 0.0829226 0.997345 0.039221 -0.0613537 -0.0645007
1548881692427225088 252 0.0415278 -0.996994 0.0654055 1.80218 -0.0555276 -0.0676638 -0.996162 0.0884499 0.997593 0.0377366 -0.0581706 -0.0702266
1548881692593912832 257 0.037435 -0.997087 0.0664515 1.85752 -0.0539093 -0.0684163 -0.996199 0.0957632 0.997844 0.0337104 -0.0563135 -0.0748754
1548881692760601856 262 0.0313595 -0.997189 0.0680532 1.91174 -0.054034 -0.0696785 -0.996105 0.100459 0.998047 0.0275602 -0.0560672 -0.0763271
1548881692927290880 267 0.0240064 -0.997037 0.0730827 1.96273 -0.0542289 -0.0742948 -0.995761 0.105156 0.99824 0.0199414 -0.0558518 -0.0798718
1548881693127316992 273 0.0245774 -0.996747 0.076759 2.02487 -0.0635075 -0.0781838 -0.994914 0.11428 0.997679 0.0195776 -0.0652225 -0.0738335
1548881693260667904 277 0.0203975 -0.996304 0.0834453 2.06354 -0.0601094 -0.0845338 -0.994606 0.119184 0.997983 0.0152716 -0.0616115 -0.0797246
1548881693461009920 283 0.0137542 -0.995887 0.0895554 2.12544 -0.0605429 -0.090229 -0.994079 0.12655 0.998071 0.00825085 -0.0615349 -0.0814945
1548881693594360832 287 0.010048 -0.995115 0.0982079 2.16024 -0.0581177 -0.098628 -0.993426 0.129435 0.998259 0.00427436 -0.0588248 -0.0802198
1548881693794386944 293 0.00303614 -0.994315 0.106431 2.22062 -0.0516509 -0.106445 -0.992976 0.137152 0.998661 -0.00248244 -0.0516805 -0.0844545
1548881694027750912 300 -0.00578043 -0.993784 0.111178 2.29271 -0.0452804 -0.110806 -0.99281 0.145775 0.998958 -0.0107731 -0.0443584 -0.0898152
1548881694261402880 307 -0.00928299 -0.993919 0.109718 2.3694 -0.0346438 -0.109337 -0.993401 0.155263 0.999357 -0.0130228 -0.0334182 -0.0948247
1548881694361415936 310 -0.0125373 -0.994239 0.106447 2.40395 -0.027372 -0.106074 -0.993981 0.161542 0.999547 -0.0153755 -0.0258844 -0.0984343
1548881694561442048 316 -0.0156152 -0.995461 0.0938853 2.47663 -0.0186191 -0.093591 -0.995437 0.171501 0.999705 -0.017292 -0.0170732 -0.103661
1548881694728131072 321 -0.0173202 -0.996042 0.0871792 2.53496 -0.00724989 -0.0870648 -0.996176 0.181515 0.999824 -0.017886 -0.00571321 -0.113891
1548881694894819072 326 -0.0198186 -0.996441 0.0819254 2.59055 0.00497673 -0.0820388 -0.996617 0.192691 0.999791 -0.0193438 0.00658491 -0.12145
1548881695028169984 330 -0.0207521 -0.9963 0.0834039 2.63023 0.00795436 -0.0835838 -0.996469 0.198133 0.999753 -0.0200154 0.00965946 -0.121962
1548881695194859008 335 -0.0199982 -0.996994 0.0748552 2.69261 0.0143536 -0.0751487 -0.997069 0.20615 0.999697 -0.0188651 0.0158133 -0.126915
1548881695394884864 341 -0.0227252 -0.997595 0.0654796 2.75634 0.0353676 -0.0662577 -0.997176 0.215423 0.999116 -0.0203451 0.0367883 -0.142243
1548881695661586944 349 -0.0211615 -0.997424 0.0685397 2.84185 0.0359444 -0.0692698 -0.99695 0.225435 0.99913 -0.0186334 0.0373177 -0.143125
1548881695761600000 352 -0.0183729 -0.998143 0.0580847 2.88141 0.0377472 -0.0587456 -0.997559 0.229388 0.999118 -0.0161355 0.0387564 -0.145082
1548881695961945856 358 -0.0213374 -0.999188 0.0341751 2.95879 0.0734741 -0.0356577 -0.996659 0.23763 0.997069 -0.0187552 0.0741753 -0.164814
1548881696128634880 363 -0.0192344 -0.998693 0.0473493 3.00688 0.0615071 -0.0484503 -0.99693 0.239985 0.997921 -0.016263 0.0623586 -0.157329
1548881696328660992 369 -0.0148411 -0.998978 0.0426996 3.07169 0.0593989 -0.0435098 -0.997286 0.245761 0.998124 -0.0122646 0.0599839 -0.155356
1548881696495350016 374 -0.0124406 -0.999553 0.0271808 3.13579 0.0573778 -0.0278517 -0.997964 0.249772 0.998275 -0.0108557 0.0576986 -0.155754
1548881696595363072 377 -0.0109305 -0.999071 0.04169 3.16071 0.0464294 -0.0421546 -0.998032 0.252516 0.998862 -0.00897337 0.046847 -0.146408
1548881696795389952 383 -0.0091418 -0.999153 0.0401183 3.22171 0.0550757 -0.0405622 -0.997658 0.256226 0.99844 -0.00691085 0.0553999 -0.153694
1548881696962077952 388 -0.00260666 -0.999168 0.040697 3.27352 0.0703379 -0.0407795 -0.996689 0.263022 0.99752 0.000264503 0.0703857 -0.167444
1548881697328793088 399 -0.00397257 -0.998438 0.055731 3.38048 0.0668287 -0.0558719 -0.996199 0.265984 0.997757 -0.000233037 0.0669463 -0.169429
1548881697495481856 404 -0.00271429 -0.9989 0.046817 3.44332 0.0476873 -0.0468932 -0.997761 0.27019 0.998859 -0.000475641 0.0477621 -0.157181
1548881697695255040 410 -0.0179037 -0.997602 0.0668556 3.50231 0.0458068 -0.0676145 -0.996659 0.273061 0.99879 -0.0147815 0.0469075 -0.166981
1548881697861944064 415 -0.0139625 -0.997599 0.0678335 3.54629 0.0502729 -0.0684547 -0.996387 0.28059 0.998638 -0.0105019 0.051108 -0.171734
1548881697995294976 419 -0.0197258 -0.997753 0.0640355 3.58979 0.0435825 -0.0648452 -0.996943 0.28276 0.998855 -0.0168747 0.0447636 -0.16935
1548881698261997056 427 -0.0190431 -0.997505 0.0679837 3.67307 0.047809 -0.0688267 -0.996482 0.291406 0.998675 -0.0157259 0.0490004 -0.174488
1548881698495361024 434 -0.0269193 -0.995651 0.0891912 3.73003 0.0513188 -0.0904823 -0.994575 0.297772 0.998319 -0.0221961 0.0535313 -0.177075
1548881698595374080 437 -0.0234366 -0.996265 0.0831023 3.76516 0.0536644 -0.084259 -0.994998 0.301948 0.998284 -0.0188597 0.0554387 -0.176422
1548881698728724992 441 -0.032307 -0.997235 0.0669266 3.82087 0.0437991 -0.0683098 -0.996702 0.306838 0.998518 -0.0292692 0.0458848 -0.172413
1548881698828738048 444 -0.0163812 -0.997378 0.0704878 3.85302 0.0393142 -0.0710852 -0.996695 0.309458 0.999093 -0.0135559 0.0403756 -0.167752
1548881698995426048 449 -0.0193972 -0.996128 0.0857453 3.89961 0.0334629 -0.0863602 -0.995702 0.311318 0.999252 -0.0164445 0.0350085 -0.162819
1548881699195173888 455 -0.0078794 -0.99797 0.0632025 3.97452 0.0302693 -0.0634135 -0.997528 0.319047 0.999511 -0.00594683 0.0307075 -0.160827
1548881699495213056 464 0.00444368 -0.997994 0.0631566 4.07056 0.0311512 -0.0629884 -0.997528 0.326144 0.999505 0.0064001 0.0308088 -0.161293
1548881699761914880 472 0.00610011 -0.999049 0.0431829 4.17133 0.0523719 -0.0428053 -0.99771 0.334995 0.998609 0.0083477 0.0520609 -0.176631
1548881699995278848 479 0.0113892 -0.998396 0.0554532 4.23205 0.0673935 -0.0545642 -0.996233 0.346368 0.997661 0.0150835 0.066664 -0.185627
1548881700128630016 483 -0.0501421 -0.99827 0.0306963 4.26757 0.0475016 -0.0330839 -0.998323 0.343656 0.997612 -0.0485999 0.0490783 -0.179704
1548881700195305984 485 -0.0386421 -0.99848 0.0393039 4.28594 0.0452702 -0.0410421 -0.998131 0.346229 0.998227 -0.0367906 0.0467873 -0.171515
1548881700428669952 492 -0.0400816 -0.998783 0.0287276 4.36681 0.0628524 -0.031214 -0.997535 0.35853 0.997218 -0.0381771 0.0640271 -0.182153
1548881700595357952 497 -0.0247833 -0.999082 0.0349483 4.42436 0.0544134 -0.0362553 -0.99786 0.355532 0.998211 -0.0228287 0.055262 -0.171794
1548881700861751040 505 -0.000348933 -0.999436 0.0335762 4.50957 0.0505455 -0.033551 -0.998158 0.362971 0.998722 0.00134884 0.0505287 -0.16713
1548881700961763840 508 0.0176227 -0.999182 0.0363938 4.53711 0.043798 -0.035593 -0.998406 0.361685 0.998885 0.0191886 0.0431349 -0.16519
1548881701128452864 513 0.01977 -0.999331 0.0307845 4.58827 0.0543356 -0.0296711 -0.998082 0.366963 0.998327 0.0214047 0.0537126 -0.173145
1548881701261804032 517 0.0226333 -0.999096 0.0359744 4.62975 0.0653999 -0.0344269 -0.997265 0.370903 0.997602 0.0249241 0.0645616 -0.182218
1548881701395154944 521 0.032227 -0.9983 0.0485618 4.67106 0.0480436 -0.0469836 -0.99774 0.373462 0.998325 0.0344873 0.0464478 -0.172575
1548881701661856000 529 0.0469148 -0.997462 0.0535558 4.75294 0.0714969 -0.0501242 -0.996181 0.381225 0.996337 0.0505647 0.0689639 -0.194556
1548881701828545024 534 0.0706376 -0.996039 0.0540059 4.81013 0.0672202 -0.0492649 -0.996521 0.385679 0.995235 0.0740221 0.063474 -0.194304
1548881701961895936 538 0.0865683 -0.994612 0.0570362 4.85344 0.0559061 -0.052311 -0.997065 0.387118 0.994676 0.0895029 0.0510764 -0.183785
1548881702095246848 542 0.0983887 -0.993327 0.0601681 4.89002 0.051532 -0.0552947 -0.997139 0.388026 0.993813 0.101208 0.0457477 -0.185179
1548881702261935872 547 0.106472 -0.992782 0.0552063 4.94197 0.060343 -0.048968 -0.996976 0.38958 0.992483 0.109481 0.0546938 -0.194656
1548881702395286016 551 0.116741 -0.990666 0.0703743 4.97345 0.05783 -0.0639581 -0.996276 0.394177 0.991477 0.120376 0.0498237 -0.196294
1548881702528636928 555 0.126624 -0.989367 0.0715475 5.00581 0.0642854 -0.0637917 -0.995891 0.398418 0.989866 0.130703 0.0555243 -0.207232
1548881702595312896 557 0.131776 -0.988535 0.0737114 5.02252 0.0614356 -0.0660725 -0.995922 0.399684 0.989374 0.135767 0.0520245 -0.208682
1548881702628649984 558 0.135654 -0.98779 0.0766057 5.03549 0.0578391 -0.0692929 -0.995918 0.402002 0.989067 0.139531 0.047733 -0.207503
1548881702862014976 565 0.133249 -0.989104 0.0625899 5.11344 0.052341 -0.0560419 -0.997056 0.415824 0.9897 0.136132 0.0443032 -0.219818
1548881702928689920 567 0.141906 -0.988371 0.0546458 5.13849 0.0514411 -0.0477667 -0.997533 0.41666 0.988543 0.144366 0.0440645 -0.223173
1548881703262066944 577 0.147422 -0.986144 0.0760674 5.2286 0.0608863 -0.0677136 -0.995845 0.42195 0.987198 0.151441 0.0500602 -0.244076
1548881703395417856 581 0.141113 -0.987339 0.072445 5.27451 0.0503379 -0.0659267 -0.996554 0.42176 0.988713 0.144273 0.0403975 -0.242402
1548881703661778944 589 0.122875 -0.990315 0.06463 5.37151 0.0499698 -0.0588671 -0.997014 0.427773 0.991163 0.125738 0.0422525 -0.256167
1548881703728453888 591 0.119773 -0.991352 0.0536277 5.3992 0.0458206 -0.0484392 -0.997775 0.430702 0.991743 0.121964 0.0396226 -0.255676
1548881703895142912 596 0.102743 -0.99371 0.0445447 5.45808 0.0494346 -0.0396254 -0.997991 0.43582 0.993479 0.104739 0.0450524 -0.266686
1548881703961817856 598 0.0993759 -0.994336 0.0376804 5.48777 0.0473564 -0.0330988 -0.99833 0.43784 0.993922 0.100994 0.043799 -0.268974
1548881704061831936 601 0.0966049 -0.994808 0.0319965 5.52244 0.0387648 -0.028362 -0.998846 0.440886 0.994568 0.0977337 0.0358236 -0.267828
1548881704161844992 604 0.0849762 -0.995635 0.0386024 5.55521 0.0320124 -0.0359944 -0.998839 0.445198 0.995869 0.0861133 0.028814 -0.27071
1548881704361870848 610 0.0765011 -0.996559 0.0318947 5.62648 0.0278477 -0.0298404 -0.999167 0.448438 0.996681 0.0773256 0.0254691 -0.279257
1548881704461883904 613 0.0655585 -0.997581 0.0231075 5.66187 0.030346 -0.0211534 -0.999316 0.450685 0.997387 0.0662148 0.0288858 -0.285664
1548881704595235072 617 0.0604755 -0.998089 0.0126733 5.71026 0.0297176 -0.0108906 -0.999499 0.452799 0.997727 0.0608219 0.0290022 -0.290968
1548881704661911040 619 0.0548355 -0.998447 0.00979773 5.73686 0.0270569 -0.00832304 -0.999599 0.455326 0.998129 0.0550786 0.0265585 -0.29263
1548881704928612864 627 0.0417286 -0.998858 0.0232538 5.81273 0.0361837 -0.021748 -0.999108 0.455118 0.998474 0.0425328 0.0352349 -0.302456
1548881705061963008 631 0.0413305 -0.998906 0.0218651 5.85298 0.0348581 -0.0204289 -0.999183 0.459287 0.998537 0.0420589 0.0339757 -0.302514
1548881705195313920 635 0.0378638 -0.998774 0.0318824 5.89264 0.0394261 -0.0303873 -0.99876 0.459653 0.998505 0.0390738 0.0382272 -0.304825
1548881705328665088 639 0.028933 -0.999015 0.0336392 5.93553 0.0383791 -0.0325182 -0.998734 0.463498 0.998844 0.0301874 0.0374005 -0.310908
1548881705495353856 644 0.031614 -0.999243 0.0226691 5.99629 0.0305872 -0.0217026 -0.999296 0.470033 0.999032 0.0322852 0.029878 -0.306967
1548881705628705024 648 0.0314959 -0.998756 0.0386593 6.03509 0.0288825 -0.0377529 -0.99887 0.472295 0.999086 0.0325769 0.0276575 -0.30935
1548881705762055936 652 0.0320538 -0.998161 0.0514526 6.06844 0.0295513 -0.0505101 -0.998286 0.475449 0.999049 0.0335194 0.0278779 -0.314713
1548881705828730880 654 0.0306884 -0.998366 0.0482085 6.08998 0.0288134 -0.0473276 -0.998464 0.476259 0.999114 0.0320303 0.0273139 -0.31641
1548881705928743936 657 0.0332805 -0.998485 0.0438272 6.12285 0.0385614 -0.042536 -0.99835 0.478528 0.998702 0.0349157 0.0370873 -0.318512
1548881706028756992 660 0.029852 -0.997579 0.0628042 6.15237 0.0303791 -0.0618977 -0.99762 0.479916 0.999093 0.0316889 0.0284578 -0.318003
1548881706162107904 664 0.0344262 -0.997339 0.0642617 6.19259 0.0313197 -0.0631916 -0.99751 0.482305 0.998916 0.0363531 0.0290609 -0.32241
1548881706361758976 670 0.0316946 -0.997083 0.0694342 6.25297 0.0419105 -0.0680822 -0.996799 0.488404 0.998619 0.0345031 0.0396304 -0.328943
1548881706628460032 678 0.0294073 -0.997262 0.0678447 6.34462 0.0451942 -0.0664781 -0.996764 0.496826 0.998545 0.0323784 0.0431155 -0.334406
1548881706895161856 686 0.0391416 -0.996711 0.0709588 6.43037 0.0358949 -0.0695649 -0.996931 0.502297 0.998589 0.0415686 0.033054 -0.32918
1548881707161863936 694 0.0300426 -0.997216 0.0682423 6.52051 0.0337679 -0.0672216 -0.997166 0.510325 0.998978 0.0322619 0.0316544 -0.333717
1548881707395227904 701 0.0312269 -0.996168 0.0816964 6.58659 0.0348595 -0.0806011 -0.996137 0.517002 0.998904 0.0339542 0.0322089 -0.346327
1548881707528579072 705 0.0178841 -0.997541 0.0677603 6.64046 0.0186079 -0.0674273 -0.997551 0.522254 0.999667 0.0191012 0.0173563 -0.348189
1548881707628176896 708 0.0165098 -0.997946 0.0618993 6.67447 0.0171474 -0.061616 -0.997953 0.525208 0.999717 0.0175374 0.0160949 -0.348505
1548881707761528064 712 0.0177792 -0.998262 0.0561865 6.72084 0.0357387 -0.0555249 -0.997817 0.531809 0.999203 0.0197485 0.0346894 -0.363767
1548881707894878976 716 0.0225175 -0.997758 0.0630249 6.76261 0.0415506 -0.0620524 -0.997208 0.536459 0.998883 0.0250734 0.0400602 -0.367255
1548881708094904832 722 0.0168686 -0.997638 0.0665844 6.82209 0.0307753 -0.0660443 -0.997342 0.545337 0.999384 0.0188729 0.0295885 -0.368753
1548881708161581056 724 0.0407078 -0.997208 0.0625947 6.84257 0.0345009 -0.0612064 -0.997529 0.544051 0.998575 0.0427668 0.031913 -0.37121
1548881708294931968 728 0.0332196 -0.998103 0.0518411 6.8945 0.0211129 -0.0511574 -0.998467 0.550746 0.999225 0.0342632 0.0193734 -0.36874
1548881708528295936 735 0.0426445 -0.997851 0.0497489 6.97075 0.0189786 -0.0489761 -0.99862 0.559054 0.99891 0.0435298 0.0168493 -0.368132
1548881708794998016 743 0.0508405 -0.996958 0.0590818 7.04889 0.00780362 -0.0587599 -0.998242 0.562728 0.998676 0.0512121 0.0047925 -0.365321
1548881708961686016 748 0.0437923 -0.996474 0.0715697 7.09394 0.0115861 -0.0711271 -0.9974 0.567413 0.998973 0.0445077 0.00843042 -0.37218
1548881709061240064 751 0.0460584 -0.997067 0.0611219 7.12226 0.00590546 -0.060914 -0.998126 0.562132 0.998921 0.046333 0.00308254 -0.364674
1548881709127916032 753 0.0394815 -0.997054 0.0657584 7.13593 0.00747345 -0.0655133 -0.997824 0.561566 0.999192 0.039887 0.00486488 -0.362833
1548881709194590976 755 0.0443184 -0.99695 0.0642421 7.15658 0.0105639 -0.063834 -0.997905 0.56097 0.998962 0.0449042 0.00770265 -0.368592
1548881709294604032 758 0.0467811 -0.996994 0.0617571 7.19254 0.0008425 -0.0617854 -0.998089 0.56122 0.998905 0.0467437 -0.00205042 -0.370428
1548881709361280000 760 0.0504953 -0.996247 0.070301 7.2122 0.00247941 -0.0702656 -0.997525 0.565114 0.998721 0.0505447 -0.00107798 -0.37487
1548881709394617856 761 0.0528757 -0.99583 0.0743464 7.22375 0.00278521 -0.0743032 -0.997232 0.56884 0.998597 0.0529364 -0.00115524 -0.374317
1548881709661318912 769 0.0327853 -0.998314 0.0479014 7.3238 -0.0129798 -0.0483484 -0.998746 0.577425 0.999378 0.0321224 -0.014543 -0.377543
1548881709761332992 772 0.0298255 -0.998462 0.0467245 7.36103 -0.0156626 -0.0472064 -0.998762 0.578881 0.999432 0.0290567 -0.0170465 -0.376324
1548881710061371904 781 0.0271677 -0.997662 0.0627061 7.44863 -0.000205627 -0.0627349 -0.99803 0.589248 0.999631 0.0271013 -0.00190951 -0.392434
1548881710228060928 786 0.0212463 -0.998515 0.0501554 7.51198 -0.015519 -0.05049 -0.998604 0.592626 0.999654 0.0204383 -0.0165687 -0.385713
1548881710427579904 792 -0.00801282 -0.998094 0.0611906 7.56744 -0.00579502 -0.0611452 -0.998112 0.596731 0.999951 -0.00835229 -0.00529403 -0.400998
1548881710560931072 796 -0.0198017 -0.997312 0.0705409 7.60319 -0.0109043 -0.0703351 -0.997464 0.599044 0.999744 -0.0205207 -0.0094822 -0.411046
1548881710727619840 801 -0.0359062 -0.997217 0.0653405 7.65918 -0.00936909 -0.0650439 -0.997838 0.608384 0.999311 -0.0364407 -0.00700753 -0.413416
1548881710927645952 807 -0.0624132 -0.996043 0.0632711 7.72388 -0.0275887 -0.0616487 -0.997717 0.612249 0.997669 -0.0640163 -0.0236318 -0.402201
1548881711227126016 816 -0.0766741 -0.994681 0.0687816 7.81584 -0.0262643 -0.0669458 -0.997411 0.621809 0.99671 -0.0782821 -0.0209916 -0.399257
1548881711527164928 825 -0.0872584 -0.994014 0.0657414 7.91268 -0.0229808 -0.063967 -0.997687 0.629224 0.995921 -0.0885674 -0.0172616 -0.391254
1548881711893880064 836 -0.1099 -0.990925 0.0773889 8.02013 -0.0301318 -0.0745032 -0.996765 0.638829 0.993486 -0.111876 -0.0216705 -0.381387
1548881712093905920 842 -0.109826 -0.992759 0.0486539 8.09965 -0.0331632 -0.0452628 -0.998424 0.645737 0.993397 -0.111267 -0.027952 -0.369905
1548881712393945856 851 -0.109765 -0.991911 0.0637582 8.18524 -0.0338922 -0.0603734 -0.9976 0.649604 0.99338 -0.111663 -0.0269911 -0.358161
1548881712693366016 860 -0.105129 -0.991841 0.07211 8.27637 -0.0331836 -0.0689727 -0.997067 0.661117 0.993905 -0.107214 -0.0256618 -0.348509
1548881712993405952 869 -0.0960188 -0.992103 0.0806953 8.36545 -0.0356784 -0.0775875 -0.996347 0.673193 0.99474 -0.0985471 -0.0279468 -0.337293
1548881713360120832 880 -0.0922048 -0.991095 0.0960659 8.47198 -0.034326 -0.0932558 -0.99505 0.68115 0.995148 -0.095046 -0.0254217 -0.331207
1548881713660160000 889 -0.0757708 -0.992051 0.100466 8.56503 -0.0309791 -0.098365 -0.994668 0.690716 0.996644 -0.0784792 -0.0232797 -0.319842
1548881713993538048 899 -0.0531581 -0.99405 0.0950689 8.6748 -0.0320596 -0.0934555 -0.995107 0.700659 0.998071 -0.0559459 -0.026901 -0.308555
1548881714260238848 907 -0.0448373 -0.995751 0.0804367 8.76509 -0.0383983 -0.0787404 -0.996155 0.713559 0.998256 -0.0477535 -0.0347046 -0.298614
1548881714493603840 914 -0.0344619 -0.997472 0.0621433 8.85304 -0.0478598 -0.0604618 -0.997022 0.723134 0.998259 -0.0373335 -0.0456552 -0.284307
1548881714693629952 920 -0.0309765 -0.99806 0.0540032 8.92911 -0.0628662 -0.0519767 -0.996668 0.731155 0.997541 -0.0342683 -0.0611342 -0.27329
1548881715060344832 931 -0.0257097 -0.999175 0.0314329 9.06154 -0.0813134 -0.0292489 -0.996259 0.745793 0.996357 -0.0281695 -0.0804943 -0.255404
1548881715227033856 936 -0.0260396 -0.998981 0.0368537 9.11252 -0.079148 -0.0346902 -0.996259 0.749565 0.996523 -0.0288591 -0.0781641 -0.256847
1548881715460398080 943 -0.0305964 -0.998894 0.0357134 9.18698 -0.0770502 -0.0332668 -0.996472 0.755002 0.996558 -0.0332402 -0.0759471 -0.257117
1548881715627086080 948 -0.0264603 -0.999036 0.0350343 9.23838 -0.0784629 -0.0328629 -0.996375 0.756929 0.996566 -0.0291133 -0.0775177 -0.25527
1548881715827112960 954 -0.0287867 -0.999031 0.0333063 9.30605 -0.0821295 -0.0308436 -0.996144 0.758178 0.996206 -0.0314112 -0.081162 -0.249206
1548881715993800960 959 -0.0272349 -0.999159 0.0306484 9.36041 -0.0906897 -0.0280637 -0.995484 0.76104 0.995507 -0.0298914 -0.0898491 -0.243695
1548881716160489984 964 -0.0220497 -0.999364 0.0280209 9.42081 -0.0937974 -0.0258362 -0.995256 0.763789 0.995347 -0.0245734 -0.093168 -0.241879
1548881716260503040 967 -0.0282399 -0.999328 0.0233849 9.45469 -0.093515 -0.0206505 -0.995404 0.762534 0.995217 -0.0302969 -0.092869 -0.240829
1548881716360515840 970 -0.0290438 -0.999188 0.0279284 9.48766 -0.0871008 -0.0253041 -0.995878 0.764908 0.995776 -0.0313567 -0.0862951 -0.242348
1548881716460528896 973 -0.0253125 -0.999583 0.013875 9.52564 -0.0893604 -0.0115615 -0.995932 0.76685 0.995678 -0.0264494 -0.0890305 -0.238777
1548881716693892864 980 -0.0141629 -0.999882 0.00590977 9.60869 -0.0737981 -0.00484896 -0.997261 0.771727 0.997173 -0.0145602 -0.0737208 -0.24668
1548881716860581888 985 -0.016657 -0.999834 0.00731974 9.66853 -0.0812549 -0.00594293 -0.996676 0.773094 0.996554 -0.0171964 -0.0811425 -0.24006
1548881717093945856 992 -0.0142276 -0.999809 0.0134062 9.73833 -0.0846615 -0.0121549 -0.996336 0.776545 0.996308 -0.0153104 -0.0844724 -0.236239
1548881717327310080 999 -0.0169415 -0.9996 0.0226656 9.80841 -0.0846282 -0.021154 -0.996188 0.781042 0.996269 -0.018795 -0.084236 -0.235032
1548881717660686848 1009 -0.0164331 -0.999341 0.032371 9.90661 -0.0873145 -0.0308174 -0.995704 0.785563 0.996045 -0.0191889 -0.0867505 -0.22877
1548881717760700928 1012 -0.0162132 -0.99877 0.0468595 9.92691 -0.0926845 -0.0451626 -0.994671 0.78678 0.995564 -0.02047 -0.0918383 -0.223158
1548881717894051840 1016 -0.025382 -0.998197 0.0543955 9.9675 -0.0928833 -0.0518228 -0.994327 0.789293 0.995353 -0.0302905 -0.0914004 -0.222767
1548881718227428864 1026 -0.0242477 -0.997934 0.0594975 10.0733 -0.0906555 -0.0570749 -0.994245 0.79882 0.995587 -0.0295019 -0.0890842 -0.219101
1548881718361399040 1030 -0.0234148 -0.997869 0.0608958 10.1153 -0.096001 -0.0583867 -0.993667 0.802441 0.995106 -0.0291126 -0.0944294 -0.216751
1548881718694776064 1040 -0.02694 -0.997141 0.0706018 10.2234 -0.082682 -0.0681628 -0.994242 0.80996 0.996212 -0.0326224 -0.0806093 -0.222931
1548881718828126976 1044 -0.0266529 -0.997293 0.0685323 10.2702 -0.0782286 -0.0662656 -0.994731 0.813748 0.996579 -0.0318737 -0.0762506 -0.223901
1548881719061490944 1051 -0.0180843 -0.997463 0.0688578 10.3468 -0.0794501 -0.0672177 -0.99457 0.822128 0.996675 -0.0234569 -0.0780329 -0.218788
1548881719262076928 1057 -0.0152952 -0.996871 0.077551 10.4089 -0.0899515 -0.0758737 -0.993052 0.830959 0.995829 -0.0221647 -0.0885095 -0.207767
1548881719362089984 1060 -0.0161379 -0.996869 0.0774077 10.4413 -0.0896841 -0.0756625 -0.993092 0.833649 0.99584 -0.0229687 -0.0881822 -0.20622
1548881719595454976 1067 -0.0198651 -0.996231 0.0844314 10.5149 -0.0960164 -0.0821568 -0.991983 0.842203 0.995182 -0.0278127 -0.0940225 -0.201093
1548881719762142976 1072 -0.0171484 -0.996139 0.0860997 10.5696 -0.102134 -0.0839167 -0.991225 0.848118 0.994623 -0.0257917 -0.100301 -0.19379
1548881719995506944 1079 -0.0235661 -0.99525 0.0944517 10.6442 -0.0905007 -0.0919662 -0.991641 0.853725 0.995618 -0.0319171 -0.0879036 -0.200947
1548881720228870912 1086 -0.0170007 -0.995256 0.0957947 10.7227 -0.0859606 -0.093999 -0.991854 0.860824 0.996153 -0.0250968 -0.0839547 -0.201246
1548881720495572992 1094 0.0133824 -0.995239 0.0965419 10.8112 -0.0786344 -0.097299 -0.992144 0.870945 0.996814 0.00568575 -0.0795621 -0.203974
1548881720629431040 1098 0.0272842 -0.995716 0.0883469 10.859 -0.0806004 -0.0902834 -0.992649 0.878759 0.996373 0.0199628 -0.0827184 -0.200247
1548881720862795008 1105 0.0493288 -0.995585 0.0798525 10.9395 -0.0884603 -0.0839906 -0.992532 0.888271 0.994857 0.0418967 -0.0922129 -0.19316
1548881721062820864 1111 0.0501274 -0.995814 0.076433 11.0059 -0.0950904 -0.0809402 -0.992173 0.897474 0.994206 0.042467 -0.0987497 -0.187298
1548881721262848000 1117 0.0511995 -0.996524 0.0657168 11.0779 -0.0992305 -0.0705537 -0.99256 0.905886 0.993746 0.0442975 -0.102498 -0.188738
1548881721529550080 1125 0.0511792 -0.996392 0.0677014 11.1682 -0.0848808 -0.0718848 -0.993795 0.91274 0.995076 0.045115 -0.0882535 -0.199658
1548881721729575936 1131 0.0506782 -0.997189 0.0551889 11.24 -0.0802047 -0.059145 -0.995022 0.919312 0.995489 0.0459995 -0.0829766 -0.202852
1548881721929602048 1137 0.0518163 -0.998014 0.0358083 11.3218 -0.0860278 -0.0401839 -0.995482 0.924448 0.994944 0.0485017 -0.0879392 -0.201949
1548881722129628928 1143 0.0498033 -0.99854 0.0209285 11.3968 -0.0905869 -0.0253843 -0.995565 0.930394 0.994642 0.0476866 -0.0917189 -0.200384
1548881722362992896 1150 0.0561093 -0.998392 0.00807258 11.4848 -0.0976813 -0.0135358 -0.995126 0.937166 0.993635 0.0550473 -0.0982837 -0.198809
1548881722629693952 1158 0.0623276 -0.998052 -0.00272449 11.5849 -0.0950857 -0.0032206 -0.995464 0.942822 0.993516 0.0623039 -0.0951012 -0.203554
1548881722796382976 1163 0.0579794 -0.998274 -0.0093612 11.6452 -0.0913282 0.00403381 -0.995813 0.944311 0.994132 0.0585916 -0.0909367 -0.211135
1548881722929733888 1167 0.0599933 -0.998178 -0.00651666 11.6884 -0.0865891 0.00129979 -0.996243 0.949775 0.994436 0.0603322 -0.0863533 -0.21903
1548881723196435968 1175 0.0629178 -0.998019 -0.000149538 11.7742 -0.0886826 -0.00544155 -0.996045 0.953016 0.994071 0.0626822 -0.0888493 -0.222896
1548881723463138048 1183 0.06668 -0.997759 0.00553653 11.8627 -0.0793907 -0.0108368 -0.996785 0.955638 0.994611 0.066026 -0.0799354 -0.234032
1548881723829852928 1194 0.0654695 -0.997711 0.0168999 11.9741 -0.0734476 -0.0217086 -0.997063 0.964524 0.995148 0.0640359 -0.0747008 -0.245638
1548881724096553984 1202 0.0644041 -0.997715 0.0204393 12.0597 -0.0645715 -0.0246054 -0.99761 0.965412 0.995833 0.0629303 -0.0660086 -0.256907
1548881724463268864 1213 0.0618414 -0.997893 0.0196258 12.1856 -0.0608606 -0.023397 -0.997872 0.972417 0.996229 0.0605154 -0.0621793 -0.268268
1548881724763309056 1222 0.0639221 -0.997735 0.0209471 12.284 -0.0654747 -0.0251377 -0.997538 0.975705 0.995805 0.0623932 -0.0669333 -0.272539
1548881725063347968 1231 0.0599724 -0.997989 0.0205411 12.38 -0.0577801 -0.0240143 -0.99804 0.983198 0.996526 0.0586681 -0.0591041 -0.282593
1548881725396726016 1241 0.0532593 -0.998004 0.0339363 12.4845 -0.0539746 -0.036812 -0.997864 0.990473 0.997121 0.0513138 -0.0558274 -0.291987
1548881725630089984 1248 0.0458523 -0.998311 0.0356857 12.5622 -0.0535051 -0.0381263 -0.997839 0.993705 0.997514 0.0438439 -0.0551628 -0.296731
1548881725897251072 1256 0.0331004 -0.9983 0.047968 12.6429 -0.0524312 -0.0496627 -0.997389 0.998401 0.998076 0.0304989 -0.0539859 -0.302414
1548881726097276928 1262 0.0249002 -0.998531 0.0481247 12.7092 -0.0517998 -0.0493637 -0.997437 1.00149 0.998347 0.0223435 -0.0529529 -0.30888
1548881726297303040 1268 0.0123027 -0.998447 0.0543427 12.7744 -0.0520292 -0.0549124 -0.997135 1.00611 0.99857 0.00944001 -0.0526239 -0.310596
1548881726564004864 1276 0.0093192 -0.999037 0.0428736 12.8726 -0.0616431 -0.0433679 -0.997156 1.01444 0.998055 0.00664983 -0.0619879 -0.305389
1548881726830706944 1284 0.0099527 -0.999496 0.0301516 12.9739 -0.0697775 -0.0307737 -0.997088 1.02264 0.997513 0.00781982 -0.0700486 -0.299114
1548881727064070912 1291 0.011935 -0.999338 0.0343802 13.0451 -0.0692788 -0.0351264 -0.996979 1.02551 0.997526 0.00951715 -0.0696521 -0.298484
1548881727297434880 1298 0.0109367 -0.999321 0.0351721 13.1248 -0.0711894 -0.0358631 -0.996818 1.03257 0.997403 0.008398 -0.0715333 -0.302624
1548881727497460992 1304 0.015065 -0.999369 0.0321679 13.1961 -0.0712258 -0.0331624 -0.996909 1.03692 0.997346 0.0127272 -0.0716804 -0.303964
1548881727764163072 1312 0.016991 -0.99902 0.0408709 13.2801 -0.0719208 -0.0419921 -0.996526 1.04335 0.997266 0.0139925 -0.0725638 -0.301098
1548881728130877952 1323 0.0234548 -0.997431 0.0676896 13.3875 -0.0765819 -0.0693019 -0.994652 1.05175 0.996787 0.0181455 -0.0780106 -0.297967
1548881728330904064 1329 0.0220634 -0.997277 0.0703668 13.4524 -0.079151 -0.0719055 -0.994266 1.05332 0.996618 0.0163672 -0.0805219 -0.300127
1548881728564269056 1336 0.0203639 -0.996893 0.0760945 13.5255 -0.0795057 -0.0774839 -0.993818 1.06071 0.996626 0.0141881 -0.0808366 -0.300501
1548881728864307968 1345 0.0176378 -0.995966 0.0879785 13.6191 -0.0766827 -0.0890805 -0.993068 1.07037 0.9969 0.0107691 -0.0779446 -0.302768
1548881728997658880 1349 0.0163962 -0.995988 0.0879719 13.6634 -0.078926 -0.0889985 -0.9929 1.07434 0.996746 0.00933654 -0.0800686 -0.29937
1548881729197684992 1355 0.0207867 -0.99537 0.0938433 13.73 -0.0731456 -0.0951261 -0.992774 1.08269 0.997105 0.0137722 -0.0747843 -0.304683
1548881729364374016 1360 0.0232918 -0.995432 0.0925858 13.7859 -0.0704954 -0.0940157 -0.993072 1.0904 0.99724 0.0166036 -0.0723632 -0.310199
1548881729631075840 1368 0.0212423 -0.996201 0.084451 13.8783 -0.0671144 -0.0857004 -0.994058 1.10031 0.997519 0.0154482 -0.0686799 -0.314351
1548881729797763840 1373 0.0206659 -0.996714 0.0783162 13.9381 -0.0608868 -0.0794422 -0.994978 1.10774 0.997931 0.0157937 -0.0623285 -0.318079
1548881729997790976 1379 0.0185135 -0.998155 0.05783 14.0164 -0.0445437 -0.0586059 -0.997287 1.11732 0.998836 0.0158873 -0.0455465 -0.330174
1548881730131141888 1383 0.0179776 -0.997907 0.0621142 14.0591 -0.0460674 -0.062885 -0.996957 1.12108 0.998777 0.0150614 -0.0471015 -0.330826
1548881730364505856 1390 0.0163254 -0.998418 0.0537978 14.1382 -0.0383027 -0.05439 -0.997785 1.13123 0.999133 0.0142287 -0.0391301 -0.331424
1548881730531193856 1395 0.0120262 -0.998459 0.0541801 14.1943 -0.0340453 -0.0545615 -0.99793 1.13811 0.999348 0.0101567 -0.034649 -0.335072
1548881730697882880 1400 0.010939 -0.999001 0.0433223 14.2553 -0.023698 -0.0435718 -0.998769 1.14512 0.999659 0.00989884 -0.024151 -0.340707
1548881730997922048 1409 0.0104001 -0.998754 0.0488077 14.3512 -0.0223555 -0.0490304 -0.998547 1.15548 0.999696 0.0092939 -0.0228376 -0.341419
1548881731131272960 1413 0.0163269 -0.998335 0.0553153 14.3921 -0.0279604 -0.0557569 -0.998053 1.15513 0.999476 0.0147485 -0.0288242 -0.339752
1548881731431312896 1422 0.0140939 -0.997456 0.0698819 14.4829 -0.0363296 -0.0703535 -0.99686 1.15995 0.99924 0.0115109 -0.0372287 -0.340209
1548881731598001920 1427 0.00619323 -0.997787 0.0662057 14.5435 -0.0367427 -0.0663893 -0.997117 1.16588 0.999306 0.0037428 -0.0370725 -0.340861
1548881731764230912 1432 0.00394101 -0.998175 0.0602636 14.6046 -0.032191 -0.0603595 -0.997657 1.17141 0.999474 0.00199183 -0.0323701 -0.346462
1548881731930919936 1437 0.00505525 -0.998443 0.0555466 14.6648 -0.0296495 -0.0556726 -0.998009 1.17812 0.999548 0.00339826 -0.0298848 -0.351813
1548881732030932992 1440 0.00733788 -0.998772 0.0490003 14.7041 -0.033099 -0.0492174 -0.99824 1.18331 0.999425 0.0057031 -0.0334195 -0.348025
1548881732164283904 1444 0.00803808 -0.998835 0.0475878 14.7544 -0.029416 -0.0478049 -0.998423 1.18471 0.999535 0.00662556 -0.029766 -0.356265
1548881732297635072 1448 0.00621417 -0.998975 0.0448259 14.8019 -0.0245867 -0.0449659 -0.998686 1.1876 0.999678 0.00510388 -0.024841 -0.360951
1548881732564336896 1456 0.0129119 -0.999172 0.0385736 14.8991 -0.0211879 -0.0388416 -0.999021 1.19363 0.999692 0.0120819 -0.0216719 -0.364871
1548881732797700864 1463 0.0152663 -0.99896 0.0429691 14.9761 -0.0267566 -0.0433668 -0.998701 1.20007 0.999525 0.0140967 -0.0273908 -0.361307
1548881733097740032 1472 0.00701039 -0.998553 0.0533175 15.0706 -0.0346143 -0.0535292 -0.997966 1.20717 0.999376 0.00515059 -0.0349394 -0.354565
1548881733197752832 1475 0.0105724 -0.998758 0.0486938 15.1053 -0.0329124 -0.0490178 -0.998255 1.20763 0.999402 0.00895136 -0.0333898 -0.356214
1548881733431117056 1482 0.00783734 -0.998437 0.0553287 15.1822 -0.038657 -0.0555916 -0.997705 1.21269 0.999222 0.00568051 -0.0390323 -0.353428
1548881733664481024 1489 0.00652426 -0.998012 0.0626815 15.2538 -0.0387748 -0.0628881 -0.997267 1.21727 0.999227 0.00407597 -0.039108 -0.353873
1548881733864507904 1495 0.00608564 -0.998597 0.0525994 15.3263 -0.0412526 -0.0528063 -0.997752 1.22237 0.99913 0.0039021 -0.0415161 -0.355752
1548881734064534016 1501 0.00838009 -0.997969 0.0631431 15.3871 -0.033192 -0.0633881 -0.997437 1.22446 0.999414 0.00626276 -0.0336558 -0.358385
1548881734264560896 1507 0.0115693 -0.998547 0.0526393 15.4642 -0.0363558 -0.0530281 -0.997931 1.2319 0.999272 0.00963167 -0.0369164 -0.356486
1548881734431248896 1512 0.0242204 -0.998989 0.0378604 15.5315 -0.0501321 -0.0390376 -0.997979 1.23804 0.998449 0.0222734 -0.051027 -0.347457
1548881734664612864 1519 0.0326403 -0.998944 0.0323219 15.6094 -0.0544031 -0.034067 -0.997938 1.24403 0.997985 0.0308146 -0.0554576 -0.345292
1548881734831301888 1524 0.0361945 -0.998969 0.0273859 15.6672 -0.0560473 -0.0293898 -0.997995 1.24587 0.997772 0.0345871 -0.0570533 -0.348633
1548881735031328000 1530 0.038713 -0.998961 0.0240324 15.7391 -0.0537274 -0.0260966 -0.998215 1.24836 0.997805 0.0373527 -0.0546819 -0.357125
1548881735164678912 1534 0.0442191 -0.998724 0.0243761 15.7846 -0.0586669 -0.0269538 -0.997914 1.25245 0.997298 0.0426968 -0.0597839 -0.357783
1548881735298030080 1538 0.0449369 -0.998828 0.0180037 15.8356 -0.06183 -0.0207682 -0.997871 1.25617 0.997075 0.043728 -0.0626907 -0.358603
1548881735431380992 1542 0.0492419 -0.998692 0.0137483 15.8877 -0.0585787 -0.0166291 -0.998144 1.26337 0.997068 0.0483451 -0.0593209 -0.374045
1548881735531394048 1545 0.0543075 -0.998435 0.0133776 15.9212 -0.0587379 -0.0165685 -0.998136 1.26212 0.996795 0.0534205 -0.0595457 -0.37376
1548881735664744960 1549 0.0623472 -0.997934 0.0154837 15.9662 -0.0628871 -0.0194111 -0.997832 1.26617 0.996071 0.0612383 -0.0639675 -0.375185
1548881735898108928 1556 0.0601058 -0.997946 0.0221436 16.0423 -0.0666101 -0.0261441 -0.997437 1.27081 0.995967 0.0584767 -0.0680448 -0.378797
1548881736098135040 1562 0.0620678 -0.997678 0.0280325 16.1074 -0.070147 -0.0323777 -0.997011 1.27498 0.995604 0.0599159 -0.0719938 -0.382831
1548881736331499008 1569 0.0664553 -0.996934 0.0413152 16.1776 -0.0634681 -0.0455464 -0.996944 1.28346 0.995769 0.06363 -0.0663003 -0.393706
1548881736464849920 1573 0.0672472 -0.996934 0.0399947 16.2223 -0.0574559 -0.0438884 -0.997383 1.28516 0.996081 0.0647732 -0.0602311 -0.397671
1548881736631538944 1578 0.0727058 -0.996141 0.0491591 16.2741 -0.0599908 -0.0535682 -0.996761 1.28773 0.995548 0.0695212 -0.0636541 -0.400516
1548881736731552000 1581 0.0689728 -0.99636 0.0500997 16.3074 -0.0622577 -0.0544203 -0.996575 1.28909 0.995674 0.0656175 -0.0657846 -0.399123
1548881736831565056 1584 0.0720036 -0.996026 0.0524135 16.337 -0.0604339 -0.0568101 -0.996554 1.29184 0.995572 0.0685879 -0.0642843 -0.401195
1548881736898241024 1586 0.0703743 -0.995975 0.0555106 16.3588 -0.0564039 -0.0595326 -0.996632 1.29218 0.995925 0.0670062 -0.0603664 -0.404793
1548881736931578880 1587 0.0745494 -0.995774 0.0536412 16.3648 -0.0558334 -0.0578744 -0.996761 1.29532 0.995653 0.071313 -0.0599119 -0.406074
1548881736998254080 1589 0.0733885 -0.99558 0.0586003 16.3948 -0.05863 -0.0629641 -0.996292 1.30152 0.995579 0.0696807 -0.0629917 -0.408995
1548881737031591936 1590 0.0752007 -0.995758 0.0530138 16.4017 -0.0585307 -0.0574805 -0.996629 1.29831 0.995449 0.0718443 -0.062605 -0.407273
1548881737264955904 1597 0.0723347 -0.996368 0.0449289 16.4874 -0.0455688 -0.0483014 -0.997793 1.30961 0.996339 0.0701277 -0.0488971 -0.418211
1548881737331630848 1599 0.0758159 -0.99609 0.0453542 16.5074 -0.0433641 -0.0487359 -0.99787 1.31177 0.996178 0.0736877 -0.0468895 -0.422036
1548881737631671040 1608 0.075716 -0.995797 0.0515352 16.6016 -0.053844 -0.0556913 -0.996995 1.32067 0.995675 0.0727137 -0.0578344 -0.425412
1548881737865035008 1615 0.0728323 -0.996141 0.0489818 16.6815 -0.0449628 -0.0523418 -0.997617 1.32909 0.99633 0.0704564 -0.0486014 -0.436655
1548881738298424832 1628 0.0734572 -0.995055 0.0668577 16.8118 -0.0485011 -0.0705239 -0.99633 1.33846 0.996118 0.0699449 -0.0534417 -0.450014
1548881738531789056 1635 0.0676549 -0.994919 0.0745585 16.8854 -0.0539764 -0.0782702 -0.99547 1.34567 0.996248 0.063324 -0.0589975 -0.452697
1548881738698936832 1640 0.0701151 -0.995267 0.0672837 16.9449 -0.0602075 -0.071549 -0.995618 1.35421 0.99572 0.0657569 -0.0649392 -0.456322
1548881738965638912 1648 0.0702674 -0.995428 0.0646904 17.0331 -0.0612881 -0.0690364 -0.99573 1.36295 0.995644 0.0660026 -0.0658589 -0.46334
1548881739132326912 1653 0.0666001 -0.995653 0.0651087 17.0878 -0.0675246 -0.0696016 -0.995287 1.36952 0.995492 0.0618897 -0.0718665 -0.463648
1548881739499042048 1664 0.0644995 -0.995618 0.0677134 17.2075 -0.0700745 -0.072206 -0.994925 1.38314 0.995454 0.0594272 -0.0744246 -0.471415
1548881739766158848 1672 0.064672 -0.99496 0.0766352 17.2918 -0.0635419 -0.0807459 -0.994707 1.39168 0.995881 0.0594602 -0.0684437 -0.481895
