413646000000 0.21908207040082295 -0.9755199960352083 0.019073116272807982 -11.816291037267915 0.9752110816066588 0.21955182088563574 0.02757434056097037 120.09012447759181 -0.031086858002369742 0.012559270729979859 0.9994377779423148 -0.18323836383027062
413679000000 0.21908204703570783 -0.9755200053481484 0.019072908330731355 -11.816290663681542 0.9752111180826982 0.2195517790380322 0.027573383708364065 120.09012615080238 -0.031085878378091233 0.012559278911771898 0.9994378083095911 -0.1832384184211143
413713000000 0.21908202350222922 -0.9755200147098269 0.019072699827461626 -11.816290298443947 0.975211154599827 0.21955173700476222 0.027572426847568478 120.09012778670545 -0.031084898620415247 0.01255928655344228 0.9994378386868428 -0.18323847171218874
413747000000 0.21908199987647198 -0.9755200241218458 0.019072489807031842 -11.816289941255295 0.9752111913280508 0.21955169475926056 0.02757146417695048 120.0901293867362 -0.031083912859385894 0.012559293994898808 0.9994378692523616 -0.18323852384282624
413781000000 0.21908197654598038 -0.9755200334945738 0.01907227840223421 -11.816289592141326 0.9752112281831443 0.21955165269148813 0.02757049556971747 120.09013095089674 -0.031082921005435478 0.01255930138112778 0.9994379000070931 -0.1832385748450626
413815000000 0.21908195352676857 -0.9755200428235057 0.019072065659509425 -11.816289251105653 0.9752112651548818 0.21955161082143876 0.027569521227736263 120.09013247917233 -0.03108192326594237 0.012559308712556987 0.9994379309445649 -0.1832386247179628
413849000000 0.21908193066594767 -0.9755200521428325 0.01907185158621208 -11.816288918148457 0.9752113022746799 0.21955156899768574 0.02756854124500796 120.0901339715559 -0.03108091973227585 0.012559315980579149 0.9994379620620262 -0.18323867346236972
413883000000 0.21908190797660726 -0.9755200614504025 0.019071636141990832 -11.816288593264584 0.9752113395454967 0.21955152722978494 0.027567555440173624 120.09013542806844 -0.0310799102187804 0.01255932318527105 0.9994379933652315 -0.18323872108103775
413917000000 0.21908188557743874 -0.9755200707185786 0.01907141937699655 -11.816288276458668 0.9752113769349761 0.2195514856400846 0.027566563982833782 120.09013684869663 -0.031078894903486927 0.012559330334494861 0.9994380248485281 -0.18323876757101015
413951000000 0.21908186352532377 -0.9755200799329999 0.019071201372369083 -11.816287967740495 0.9752114144191812 0.21955144429223772 0.027565567212245026 120.09013823340433 -0.031077874135979476 0.012559337431029875 0.999438056500993 -0.183238812929058
413984000000 0.21908184181477747 -0.9755200890925663 0.019070982247291 -11.816287667125447 0.9752114519821456 0.21955140319107697 0.027564565654197928 120.09013958212185 -0.03107684845540591 0.012559344475760337 0.9994380883058335 -0.18323885715151148
414019000000 0.21908182037910384 -0.9755200982113093 0.019070762050217696 -11.816287374613964 0.9752114896311543 0.2195513622744163 0.02756355954577577 120.09014089484091 -0.031075818102884976 0.0125593514659777 0.999438120255572 -0.1832389002389121
414053000000 0.21908179921138193 -0.9755201072898034 0.019070540831200973 -11.816287090209217 0.9752115273604685 0.21955132153969714 0.027562549109892982 120.09014217154728 -0.031074783306830202 0.012559358401738246 0.9994381523430905 -0.18323894219022355
414087000000 0.2190817782584082 -0.9755201163386787 0.01907031865765863 -11.816286813908857 0.9752115651722936 0.21955128093958315 0.02756153464511868 120.09014341224743 -0.031073744372693682 0.01255936528488634 0.9994381845588559 -0.18323898300583571
414121000000 0.2190817576209329 -0.9755201253326639 0.019070095664856353 -11.8162865457358 0.975211603024663 0.21955124058640957 0.02756051674109019 120.09014461684963 -0.031072701906822008 0.012559372114579052 0.999438216884014 -0.1832390226812684
414155000000 0.21908175571055877 -0.9755201302585073 0.019069865631517118 -11.81628626672067 0.9752116441561698 0.21955121572619596 0.027559259340001457 120.09014588498887 -0.031071424444320987 0.01255942409405891 0.9994382559465222 -0.18323906594525274
414189000000 0.21907365287095332 -0.9755221774723426 0.019058223353609592 -11.816216741303931 0.9752152040052842 0.21954208440662332 0.027505982100752183 120.09045427825015 -0.03101677763257949 0.012560033201153812 0.9994399457052319 -0.18324921892919294
414223000000 0.2190906286164072 -0.9755186137284271 0.01904549085310845 -11.815977909848044 0.9752134949877806 0.21955784023218688 0.02744073589202308 120.09151790063255 -0.030950535474944606 0.012561411622337558 0.9994419819538645 -0.18328290380030368
414257000000 0.2190791235411232 -0.9755213783769158 0.019036227516394427 -11.815643356964214 0.975216735932746 0.21954581377636823 0.027421772553085488 120.09300899402248 -0.03092984941984313 0.012556909766137301 0.9994426789125983 -0.18333056159975566
414291000000 0.2190794978153301 -0.9755213697800703 0.01903236032126031 -11.815448938520667 0.9752181028715831 0.2195454895869925 0.02737571612868679 120.0938715984406 -0.030884064961294044 0.012563244183860144 0.9994440151539472 -0.18335822345847966
414325000000 0.21908866067606225 -0.9755200258348437 0.01899573526755495 -11.81514589669322 0.9752214644908869 0.21955141242206766 0.027207949201010228 120.09522007968404 -0.03071243981546999 0.012564095616514458 0.9994492931319328 -0.18340141967240248
414359000000 0.2190930446480755 -0.9755199201381942 0.01895054617703638 -11.814637074334692 0.9752270923619929 0.21955182412610946 0.02700212669534174 120.09748479796632 -0.03050173945875558 0.012565107897247369 0.9994557328634026 -0.18347394649985094
414393000000 0.219106492820124 -0.9755176254801808 0.018913148378171832 -11.813937808926577 0.9752296788600837 0.2195619171491317 0.026826069564066326 120.10059732423325 -0.030321910799341524 0.01256689760074638 0.9994611822427969 -0.18357331736037258
414427000000 0.21911432990262236 -0.9755168560356001 0.01886197290166798 -11.813037601714893 0.9752353691451302 0.21956524893613183 0.026590904986038225 120.10460396619207 -0.03008130980670267 0.012568414778043543 0.9994684335937181 -0.18370138515284823
414461000000 0.219127348588386 -0.9755151565191666 0.018798523931690483 -11.811926191445302 0.9752414758876011 0.21957274927811687 0.026303450021303975 120.10955135627313 -0.02978705774657817 0.01256929496175475 0.9994772353660522 -0.18385944270138174
414495000000 0.2191396757597684 -0.9755137917051091 0.01872550936623897 -11.810601293943106 0.9752489838277192 0.2195787527285578 0.02597288765564129 120.11544872275881 -0.02944863410933113 0.012570343801678867 0.9994872507470032 -0.18404789675677558
414529000000 0.2191511578203475 -0.9755128423060784 0.018640400261734885 -11.809062238349654 0.975258341890821 0.21958284979262394 0.025583952965032075 120.1222986667046 -0.02905058688509038 0.012572452937532695 0.9994988728501727 -0.1842669795205662
414563000000 0.21916592288736847 -0.9755113792359025 0.01854311802787441 -11.807328280777801 0.9752686027297657 0.21958915545012792 0.025134743647601498 120.13001621168864 -0.02859109606956555 0.012575841521234195 0.99951207968467 -0.1845144438225692
414597000000 0.21918564854887707 -0.9755091051715995 0.01842924842509136 -11.805425035711197 0.9752798564592696 0.21959900308958197 0.02460649155910808 120.13848869965432 -0.028050901144078343 0.012580284947779748 0.9995273299793448 -0.18478722322329774
414631000000 0.21921188605149522 -0.9755056136987906 0.01830154790973023 -11.803396897812416 0.975291195366427 0.2196142320266159 0.024014023654635067 120.14752442020124 -0.02744509527168578 0.012585179120918954 0.9995440860772588 -0.18508058559228036
414665000000 0.2192699105799223 -0.9754951281877452 0.018164834055056058 -11.801365901988923 0.9752942863715891 0.21966143423471107 0.02345014458127647 120.15660310710773 -0.02686561529550258 0.012574147761361495 0.9995599679473313 -0.18537987470377268
414699000000 0.2192492551649604 -0.9755021795935477 0.018035013663651712 -11.79936461947095 0.9752999180777806 0.21963720571343737 0.023442859549717015 120.16549723830991 -0.02682972059274248 0.012449717853478936 0.9995624896014678 -0.18564816352656677
414733000000 0.21891434451434383 -0.9755773506859611 0.018037255734082276 -11.79730312897166 0.9753756998481167 0.21930221571634861 0.02342610355344784 120.17444047275447 -0.026809586189494278 0.01246479083104178 0.9995628419853785 -0.185931766773873
414767000000 0.21741436973382122 -0.975910749380397 0.01814389916853182 -11.795183943565066 0.9757091837174549 0.2178062778095915 0.023494981509877822 120.18282277858319 -0.026880860154833888 0.012595022450302116 0.9995592952730784 -0.1861847400838588
414801000000 0.2169360002040328 -0.9760170268226821 0.018153103527718803 -11.793228646697605 0.9758153448875265 0.21732845362682673 0.02351076192322067 120.19125508882222 -0.02689208986884458 0.01261374632630713 0.999558757105405 -0.186454116464638
414835000000 0.2169214501056111 -0.9760199057221247 0.018172179788170595 -11.791228676791135 0.9758167664105079 0.21731521865769282 0.023574013911497438 120.20025262550517 -0.026957798059544985 0.012619008437031147 0.9995569207152972 -0.1867394751327807
414869000000 0.21670920046828912 -0.9760669503161024 0.01817775929585414 -11.789118939222853 0.9758633907731806 0.2171034334864803 0.023595374908057302 120.20989165890494 -0.026977119584293295 0.0126256749920363 0.9995563152468849 -0.18704608095341144
414903000000 0.21606858022029712 -0.976208786463071 0.018187189829185692 -11.787216759083247 0.9760056557488591 0.21646317729906378 0.023593491048025474 120.2189336204583 -0.026969030160987034 0.012652988022276206 0.9995561881686709 -0.18732973301075564
414937000000 0.21457276084055504 -0.9765385028928735 0.01819567731653483 -11.785635873591668 0.9763360311770197 0.21496792266642467 0.023595475201568364 120.22717704150273 -0.026953376982629566 0.012702149118457969 0.9995559868646703 -0.18758583927133288
414971000000 0.21254665004951412 -0.9769796920488761 0.018292153421962627 -11.784346617246303 0.9767772039906434 0.21294581634166143 0.023672200294954655 120.23454447399212 -0.027022496497370856 0.012835911602478801 0.9995524118606203 -0.18782479027933255
415005000000 0.21172576850710645 -0.9771574134857368 0.018319067114349455 -11.783104378812073 0.9769487533611978 0.21212907903843037 0.02392461352475317 120.24084436255724 -0.027264120306303825 0.01283133259533994 0.9995459092246595 -0.1880146532864926
415039000000 0.21106039445366132 -0.9773009180796502 0.018341903220156573 -11.782038285504413 0.9770879651637753 0.2114667543065999 0.02410228526810516 120.24625090545388 -0.027433888262109088 0.012834615058692742 0.9995412219769214 -0.18817902520257487
415073000000 0.21093888721382775 -0.9773264070901779 0.018381508784524547 -11.78112056113848 0.9771120613489832 0.21134727490356425 0.024173310844359794 120.25058302812677 -0.027510096825217385 0.012861702649368013 0.9995387792265122 -0.18831983419487638
415107000000 0.21093403811294748 -0.9773275064754099 0.01837870104016061 -11.780414726454948 0.9771129654814694 0.2113424249408578 0.024179166820366117 120.25385294237935 -0.02751516406229199 0.012857857779422277 0.9995386892161552 -0.1884222841001963
415141000000 0.21092656713916225 -0.9773291631254583 0.018376348369035837 -11.779917914330412 0.9771143961418612 0.21133498376271376 0.024186390601735816 120.2561525602406 -0.02752163017000807 0.012854242198791893 0.9995385577006425 -0.1884944778972154
415175000000 0.210920087417516 -0.9773306043394664 0.018374072636223666 -11.779619360196957 0.9771156079712794 0.2113285375325561 0.02419375711353032 120.25753762790458 -0.02752826515973895 0.012850643789508169 0.9995384212582779 -0.18853773276884242
415209000000 0.21091546908122294 -0.9773316128682066 0.018373442537486566 -11.779400131795095 0.9771164557016132 0.21132397503596112 0.024199371316592933 120.25855394194123 -0.027533559511358857 0.012848971298556233 0.9995382969337412 -0.18856967345753853
415243000000 0.21091160548753807 -0.9773324355145883 0.018374034989430167 -11.77920147145365 0.9771171166641233 0.2113202083572676 0.024205575015515898 120.25947427659912 -0.02753969848527532 0.012848347402086218 0.9995381358289317 -0.18859868671886484
415277000000 0.2109079285432957 -0.9773332152708608 0.018374765465103443 -11.779019432132271 0.977117729162167 0.21131663546268437 0.024212041089119785 120.26031746118014 -0.027546125581401217 0.012847797673237871 0.9995379657923962 -0.18862528657891756
415311000000 0.21090356600066218 -0.9773341368871439 0.01837581898219071 -11.778852259951584 0.9771184553038027 0.21131240123089723 0.024219690145484606 120.26109109195166 -0.027553768397722275 0.012847332839706682 0.9995377611106 -0.18864973517570333
415345000000 0.21089807047444903 -0.977335289502436 0.01837758861614372 -11.778699049314021 0.9771193147964389 0.21130710400643743 0.024231228779217906 120.26179980645486 -0.027565350023035687 0.012846777401455187 0.9995374489175006 -0.18867213039372854
415379000000 0.21089264512744865 -0.9773364597376759 0.01837761406098078 -11.778559009072083 0.9771202634724923 0.21130178500728314 0.02423935568828909 120.26244629844751 -0.027573228729974936 0.012845237255972962 0.9995372514004881 -0.18869259277869135
415413000000 0.2108883602014035 -0.9773373949659095 0.01837704907793493 -11.778431776576525 0.9771211579069804 0.21129750190640445 0.024240636514641038 120.26303411301609 -0.02757430510611382 0.012844535389134274 0.9995372307265759 -0.18871122611882468
415447000000 0.21088323473132103 -0.9773385055823566 0.018376801008361716 -11.778316899733715 0.9771222526919826 0.21129237761865455 0.024241172710940492 120.26356464027593 -0.027574709488956014 0.01284432428359894 0.9995372222835415 -0.18872806906800765
415481000000 0.2108776610396504 -0.9773397100603511 0.01837670301211161 -11.778213367532926 0.977123424907691 0.2112868179856397 0.024242381115877343 120.26404231853353 -0.02757579683546027 0.012844130357957973 0.9995371947777818 -0.18874325167847728
415515000000 0.21087087895739842 -0.9773411821765813 0.01837623545279898 -11.778120468283554 0.9771248994408458 0.21128002190868722 0.024242178841468547 120.2644705142672 -0.02757541115652354 0.012843907658774589 0.9995372082797126 -0.18875687965709606
415549000000 0.21086387909657278 -0.9773427221537866 0.01837465497288289 -11.77803862683663 0.977126466235195 0.2112729594290832 0.024240577484824933 120.26484636450384 -0.027573419720207874 0.012842899481952778 0.9995372761722446 -0.18876888521975924
415583000000 0.21085974668059748 -0.9773436537587 0.018372525340542643 -11.777956980558512 0.9771276048135692 0.211268660854248 0.02423214501752289 120.2652256251076 -0.027564671975043677 0.012842717720458662 0.9995375197862565 -0.18878072601606188
415617000000 0.2108572457234883 -0.9773441637327686 0.018374099798351445 -11.77775436589541 0.9771280507646739 0.2112662435954632 0.024235237277383782 120.26616432365918 -0.027567994753575735 0.012843672938754382 0.9995374158733175 -0.18881034714203418
415651000000 0.21085350409318948 -0.9773449090584607 0.018377392337664396 -11.777381501225069 0.9771285026555376 0.21126275070505973 0.02424746301530847 120.2678881649588 -0.027580592991636114 0.012844411315467558 0.9995370588368341 -0.18886493376677266
415685000000 0.21084412470339536 -0.977346844622502 0.01838206692671194 -11.777025060138971 0.9771302863166587 0.21125360289343437 0.0242552845225067 120.26953233551647 -0.027589103660389067 0.012847590084610285 0.999536783109173 -0.1889172015649419
415719000000 0.21085107586747942 -0.9773454128684658 0.018378458871595952 -11.7767835639302 0.9771290013323521 0.21126036168167395 0.02424818214565436 120.27065893809521 -0.027581489458819445 0.012845369869988434 0.999537021781653 -0.1889525159963585
415753000000 0.2108513151719204 -0.9773453247294532 0.018380400424125483 -11.776408358549567 0.9771287823567416 0.21126072699439308 0.02425382278800503 120.27239736572311 -0.02758741706472219 0.012846067852857518 0.9995368492258887 -0.1890074690061395
415787000000 0.21085261977899505 -0.9773450112158875 0.018382104986967872 -11.775856595379956 0.977128357443122 0.21126214015926337 0.02425863177993995 120.27495442630348 -0.027592495589226586 0.012846679989208609 0.9995367011773073 -0.18908824529063165
415821000000 0.21085452673164662 -0.9773445747019095 0.018383439762932878 -11.77512922592836 0.9771279707725317 0.2112640679283656 0.024257418170811982 120.27832523071943 -0.027591616312351873 0.012848186763235469 0.9995367060824576 -0.18919475859816673
415855000000 0.21085651800163602 -0.9773441056871822 0.018385534932327786 -11.774225105859378 0.9771276083218255 0.21126607909248202 0.024254502265730872 120.28251482501526 -0.02758923470295923 0.012850793882528022 0.9995367383068489 -0.18932727519019113
415889000000 0.2108584429528128 -0.9773436328975902 0.01838859075775111 -11.773140478476693 0.9771273240550755 0.21126801802020906 0.02424906486403801 120.28754036938965 -0.02758459027216303 0.012854874419972418 0.9995368140209564 -0.1894864022253605
415923000000 0.21086260368939697 -0.9773426557056341 0.018392816630059934 -11.771871364534244 0.9771265801982875 0.21127221015512526 0.024242514023275742 120.29341981949221 -0.027579134056900094 0.012860270387020012 0.9995368951720816 -0.18967277958417555
415957000000 0.21087308395911286 -0.9773404413379688 0.018390328623429188 -11.77041335599009 0.9771253046537903 0.21128216440972158 0.02420714786134707 120.30017643581509 -0.02754417301010658 0.012865019535475067 0.9995377980874667 -0.18988691222364426
415991000000 0.2108842021582113 -0.9773381898917113 0.01838248784273161 -11.76876994007123 0.9771248477426466 0.21129217563302666 0.02413811177726706 120.30779224275174 -0.02747517432163641 0.01287163919070549 0.9995396118716557 -0.19012859846387362
416025000000 0.2108925538850816 -0.9773365561131827 0.018373535333519635 -11.766964162541374 0.9771255739157031 0.21129911634589887 0.024047790571078555 120.31616076693318 -0.02738509659899183 0.01288175128879748 0.9995419535807377 -0.19039509397290058
416059000000 0.21090975520217298 -0.9773330790157239 0.018361040880206923 -11.765021822875743 0.9771250985103334 0.2113144775660249 0.023931849744003385 120.32517022654352 -0.027269342158017837 0.012893573307781509 0.9995449658447719 -0.19068349601050105
416093000000 0.21094666817855356 -0.9773259056650276 0.018318769074394232 -11.76296422867766 0.9771213815149384 0.211348329535049 0.02378422563555337 120.3347221536759 -0.0271165811028201 0.012882457792598296 0.9995492650742716 -0.19098685091059858
416127000000 0.2109466125722757 -0.977327477633604 0.01823535320797417 -11.76075388749413 0.9771197907882675 0.21134699837733045 0.023861280912495297 120.34496202612497 -0.027174272652171656 0.012784668131399498 0.9995489538619884 -0.19129497166799675
416161000000 0.21094367829069605 -0.9773279392973678 0.018244551459327865 -11.758379960309473 0.9771203775055243 0.21134431179533597 0.023861050589146282 120.35595779326769 -0.027175953573946816 0.012793785230202507 0.9995487915088641 -0.1916410213327968
416195000000 0.21093475115026367 -0.9773296735257663 0.01825486245347621 -11.755953424448505 0.9771219181963436 0.2113358218413493 0.023873152010980205 120.36720204530442 -0.02718984622012846 0.01280154883834256 0.9995483142949446 -0.19199483579845422
416229000000 0.21094424821227215 -0.9773273275189982 0.01827071511278573 -11.753493332400977 0.9771195806270399 0.2113458378823087 0.023880158396940493 120.37860326484515 -0.027200170981032872 0.012815291428528719 0.9995478572855854 -0.1923518285194756
416263000000 0.21097118729868264 -0.9773215739841075 0.018267434275549162 -11.750945746709503 0.9771132567584302 0.2113729254865419 0.023899159780110382 120.39039488437624 -0.0272184054771511 0.012807318083351603 0.9995474631085777 -0.19272499367131324
416297000000 0.2109687284836182 -0.9773222080204762 0.018261908771717537 -11.74835762080936 0.9771119531882388 0.21137119378140828 0.02396767356435091 120.40238387442297 -0.027284181106830535 0.01278749973229681 0.9995459235632579 -0.1931063698010888
416331000000 0.21076582083669348 -0.9773659415260059 0.018264312525230513 -11.745747977036478 0.9771406043058237 0.21117542091568564 0.024518993004053385 120.4145645998865 -0.027821002567927366 0.012679035691545708 0.9995325076604803 -0.1935117793913209
416365000000 0.21059680754799992 -0.9773967787402771 0.01856129194644132 -11.743140717673302 0.9771379129309781 0.2110315537478743 0.025829874867113196 120.42671775365073 -0.029163054769406293 0.012697252887469881 0.9994940199949316 -0.19388979608259216
416399000000 0.21058528399521398 -0.9773969452437725 0.018682868965907796 -11.74055200423873 0.9771292231822155 0.21102811255978798 0.026184287517018665 120.43869842337159 -0.029535053207596043 0.012741551616488897 0.9994825328610946 -0.19426455196440284
416433000000 0.21060701415779987 -0.9773917397683833 0.0187102276861929 -11.738081209869254 0.97712494987118 0.21105038856350405 0.026164208882327133 120.45015769702276 -0.029521482462443748 0.012771864379441698 0.9994825468978901 -0.19462342206217295
416467000000 0.21058618574505328 -0.9773961051921033 0.01871662172126889 -11.7356490050945 0.9771306680614357 0.21102920795517055 0.026121464806281552 120.46142766044537 -0.0294807718210081 0.012787765446728168 0.9994835452110842 -0.19497823447313198
416501000000 0.21056243934957736 -0.9774009523317136 0.01873065712180291 -11.733213470518914 0.9771380298205591 0.2110048706441366 0.026042565980472842 120.4727372044056 -0.029406288673541347 0.012818851177472241 0.9994853411836204 -0.19533458939347287
416535000000 0.21055859922587045 -0.9774035622262155 0.0186374043134709 -11.730749160368976 0.9771533965503373 0.21099217691581068 0.025564445827490647 120.4841753071997 -0.028919126926287814 0.012828789024367914 0.9994994278487555 -0.19569392898614965
416569000000 0.21062295099403655 -0.9773903666957106 0.018602247310147854 -11.728265256671056 0.9771425582066334 0.2110542375064724 0.025466247700780632 120.49571782955263 -0.028816548300579857 0.012813271283546828 0.9995025896029758 -0.1960538837784742
416603000000 0.21062227477434603 -0.9773907666103916 0.018588886831417593 -11.725741659379064 0.9771455031991754 0.21105196703604823 0.025371889717665137 120.50741848850747 -0.028721471872284215 0.012820162049139598 0.9995052378544715 -0.19642317098166076
416637000000 0.21063026578571098 -0.9773895893657821 0.018560219137413368 -11.723181084461023 0.9771478024538981 0.2110574130184234 0.025237681539492046 120.51929553140747 -0.02858431903262601 0.012820257772707911 0.9995091683902069 -0.19679813258745227
416671000000 0.21061210905677247 -0.9773939273376884 0.01853780790892086 -11.720631372566087 0.9771510728070927 0.21103897299524027 0.02526524864437811 120.53113447285054 -0.028606300540373622 0.012793071582857586 0.9995088878488625 -0.19716826755183522
416705000000 0.21054254934021244 -0.9774086328285004 0.018552611396954292 -11.718095449576941 0.9771664864346247 0.2109696354006202 0.025248182666097477 120.54288384672823 -0.028591829363219412 0.012813173348221268 0.9995090444225172 -0.19753681342727306
416739000000 0.21052802993439684 -0.9774119881281477 0.018540606120714967 -11.715547520288089 0.9771695849485301 0.21095482527615977 0.025252008716585714 120.554698934949 -0.028592846368616885 0.012801060740684211 0.9995091705334445 -0.1979124377094349
416773000000 0.21054071612480713 -0.9774090218937865 0.01855291821480383 -11.712952009133804 0.9771667267993107 0.21096788016524087 0.025253545788779773 120.56675870504874 -0.028597113315417436 0.012812394749474867 0.9995089032373894 -0.19829074745110722
416807000000 0.21050389165914596 -0.977417059707265 0.018547317583943814 -11.71031910820252 0.9771750958004323 0.21093073132133555 0.025240022418035978 120.57900089790303 -0.02858222776081251 0.012810853892370678 0.9995093487700741 -0.19867516616207753
416841000000 0.21048866042851738 -0.9774202015472645 0.018554606929647006 -11.707653765992028 0.9771781696870584 0.2109157875781888 0.025245895454970996 120.5913982730251 -0.02858930775760913 0.01281718212314003 0.99950906515367 -0.1990654492732893
416875000000 0.21047895167447034 -0.977422192829667 0.018559845529037375 -11.704985749419645 0.9771800713327267 0.21090630323481602 0.025251523637031047 120.60379711041311 -0.02859578801473555 0.012821396954683723 0.9995088257178859 -0.19945679399137412
416909000000 0.210459157039877 -0.9774262938755578 0.018568340226202806 -11.702315387719793 0.9771842236746835 0.21088678620669704 0.02525383940546227 120.61621775378498 -0.028599584251705956 0.012829787375575368 0.9995086094359202 -0.1998490672975103
416943000000 0.21033929990518352 -0.9774525734016407 0.018543075955939098 -11.699652370595674 0.9772096953839483 0.2107664763569591 0.02527258775199788 120.62867865859623 -0.028611014714761844 0.012804655191837114 0.9995086045864788 -0.2002480685608249
416977000000 0.21031575617366272 -0.977456534040227 0.018601257139408002 -11.696992435575071 0.9772036440057792 0.21074939748850074 0.025646239491588105 120.64106006413539 -0.028988288099272223 0.012783408008033813 0.9994980058173069 -0.200640427522669
417011000000 0.21031053991968307 -0.977455798793401 0.01869861502479806 -11.694352088877517 0.9771927594739914 0.21075201859141912 0.02603646464572136 120.65332750908962 -0.02939026420937975 0.012796408277182855 0.9994861001059026 -0.2010227139262953
417045000000 0.21029399727895598 -0.9774589691612204 0.018718929315615314 -11.6917449613999 0.9771937837048655 0.21073712790158156 0.02611842285362988 120.66544014390021 -0.02947446007999141 0.01279947382031819 0.9994835814924206 -0.2014020471107436
417079000000 0.2102121947122919 -0.977476104632427 0.01874294712307801 -11.68914623836952 0.9772080306666673 0.21065745852430595 0.026227847198241828 120.67752663689407 -0.029585435518434997 0.012802345124911487 0.999480265920487 -0.20178485445085625
417113000000 0.20999807406626492 -0.9775217605530263 0.0187621036606238 -11.686717847917395 0.9772536045919006 0.2104441476465242 0.02624219947842703 120.68868840940092 -0.029600695947851398 0.012824522082339081 0.9994795297717523 -0.2021410831543915
417147000000 0.20986536427309582 -0.9775494000385345 0.018806896682398898 -11.684569664031905 0.9772833892086332 0.2103121436352851 0.026191208762076534 120.69857972913096 -0.02955851916805456 0.012883040162665504 0.9994800254235996 -0.20245862585723473
417181000000 0.2094960144764058 -0.9776302718558721 0.018720883246144362 -11.682483747006888 0.977364080916337 0.20994002437276332 0.02616561676949483 120.70800530004122 -0.02951056172061299 0.012815526418283756 0.9994823105135762 -0.20274456600241986
417215000000 0.20610590145804192 -0.978350520598966 0.01872474907443384 -11.680052210305737 0.978086164929902 0.20655083805184554 0.02615731776764136 120.71685065330131 -0.029458638069079328 0.012923240453263542 0.9994824553234052 -0.20303449804104423
417249000000 0.198828343125117 -0.9798551387832884 0.01874025000108136 -11.677210181666728 0.9795944263906805 0.19927563152754046 0.02615305839884682 120.7248918636279 -0.029360683820958983 0.013157875181130107 0.9994822762642085 -0.2033094782687036
417283000000 0.1877608926860896 -0.982035716351377 0.01875363932575693 -11.674013564785055 0.9817802077780023 0.18821150357628874 0.0261544171591582 120.73206284681247 -0.0292142224456748 0.013501175200347432 0.9994819895701493 -0.20356645750086494
417317000000 0.17186652815197961 -0.9849413107990458 0.018775270502518617 -11.670298711018651 0.9846934490898215 0.1723218224890703 0.026153409216331185 120.7384447193832 -0.028994961986116365 0.01399299022737062 0.9994816098377803 -0.20381099499659405
417351000000 0.1518239530525416 -0.988228825466094 0.018795632402346104 -11.666174795611624 0.9879912789876244 0.15228440721888958 0.02612837466031234 120.74412300701024 -0.028683094740593943 0.014603007768808681 0.9994818818969189 -0.20404669039885578
417385000000 0.13262114146509868 -0.9909879533069045 0.01882841568179601 -11.662272760288895 0.9907606588354604 0.13308663386385683 0.02610104960939384 120.75017592187997 -0.028371636195654866 0.015192902533089147 0.9994819788131257 -0.20428619415354032
417419000000 0.1175165111098006 -0.992892059233295 0.018847501904684347 -11.659023173476518 0.9926740340138911 0.11798491401343664 0.026035019873823572 120.75719197169875 -0.02807368538629271 0.01564988104456144 0.9994833412379232 -0.20454078435449177
417453000000 0.10892956394636227 -0.9938705538869286 0.01885927397715744 -11.656792626139246 0.9936581032832732 0.10939940481009164 0.025987381681999204 120.7649976470953 -0.027891286774611036 0.015908876254713995 0.9994843589463362 -0.2047992061211575
417487000000 0.10864077128064858 -0.9939024123541564 0.018846154306244055 -11.655830880761064 0.9936931762911017 0.10910842866295217 0.02586932908297773 120.77351285630658 -0.027767862864248913 0.01591683106935626 0.9994876688987524 -0.20505480354611907
417521000000 0.10804352867213235 -0.9939670107023502 0.018872666677195466 -11.654980825505037 0.9937588554397343 0.10851183103992595 0.02585574906035482 120.78212597721628 -0.027747669220739648 0.015961333271283473 0.9994875200286493 -0.20530624057255087
417555000000 0.10564882844037776 -0.9942239640232208 0.018895354220783932 -11.65440097828343 0.9940181057098673 0.10611779351594491 0.02582671911556745 120.79093778212008 -0.027682676354405553 0.01605376159224218 0.9994878419313548 -0.20555809889458404
417589000000 0.10391651593731616 -0.9944069567321996 0.018872257895000195 -11.653654588624645 0.9942053546811789 0.10438297789152379 0.02568864826668745 120.80051256859034 -0.027514913024057494 0.016093425027120002 0.9994918365010169 -0.20583333760529451
417623000000 0.10327830966791673 -0.9944735863507494 0.018864697262782254 -11.652666010968344 0.994273979462605 0.1037436272407054 0.025622520768590937 120.81092036051437 -0.027438012240926027 0.01611042698441266 0.9994936766316467 -0.20613954966234627
417657000000 0.10327326379904761 -0.9944740456042728 0.01886811076296263 -11.65149763164245 0.994274789615922 0.10373850363450593 0.025611825352521746 120.82217670752169 -0.027427645150592234 0.016115070063288467 0.9994938863236478 -0.20647121470068674
417691000000 0.10330149766818764 -0.9944714728249007 0.01884914631972434 -11.65024938627891 0.9942727633185593 0.10376570355442649 0.025580283202711926 120.83421590725412 -0.02739475684114552 0.016098711231891646 0.999495051910857 -0.2068220931348924
417725000000 0.10333914475366801 -0.9944676413540887 0.018844931976961535 -11.648961993237993 0.994269079173107 0.10380309089559792 0.025571791505138823 120.84659816673354 -0.027386481370239822 0.016094366099853222 0.9994953486725198 -0.20718729861827212
417759000000 0.10331620195525049 -0.9944702977696106 0.018830540819743086 -11.647663946273848 0.9942729016585857 0.10377894320291958 0.025521128013895073 120.85906006500845 -0.027334217401606957 0.01608595044463702 0.9994969148313237 -0.20755843199377472
417793000000 0.10327854925501612 -0.9944751863902614 0.018778842292168894 -11.646363068821698 0.9942813610709027 0.10373730362207556 0.025360340380495117 120.87158604160348 -0.02716829569134715 0.01605227371048258 0.9995019800970639 -0.20792399156451985
417827000000 0.10327575567311814 -0.9944752913982117 0.01878864254247211 -11.645072288141016 0.9942819735800311 0.10373457060881769 0.025347502330663577 120.8840170694954 -0.027156496532969414 0.016063426130393497 0.9995021215770423 -0.20828853409427528
417861000000 0.10327317841512013 -0.994475433709533 0.018795275158269696 -11.643786827247972 0.9942824174480791 0.10373205930996748 0.025340367497675424 120.89639155113245 -0.027150045555074512 0.016070831327274077 0.9995021777899274 -0.20865187840635646
417895000000 0.10327025734479783 -0.994475649671655 0.018799897820970874 -11.642501165119459 0.994282762656388 0.10372923260300199 0.025338393555494044 120.90876980905685 -0.02714851436672017 0.016075711919913093 0.9995021408951299 -0.20901572963702067
417929000000 0.10326785054792748 -0.9944758193277958 0.01880414357316384 -11.641213326023328 0.9942829628421257 0.10372696456936742 0.025339822870519814 120.92116996391717 -0.027150337844952275 0.016079850544530268 0.999502024791031 -0.20938039114065515
417963000000 0.10323186286409258 -0.9944795583354807 0.01880400336302964 -11.639909916056096 0.9942868372629222 0.10369090835035899 0.025335366016163006 120.93369243408064 -0.02714530779535728 0.016081156001515967 0.9995021404110902 -0.20974871303360584
417997000000 0.10321700166298414 -0.9944812218016359 0.0187976076038809 -11.638601038189925 0.9942885598757467 0.10367578450714338 0.025329654696468563 120.94628582215076 -0.02713872266554739 0.016075795182643918 0.9995024054705064 -0.21012246362675333
418031000000 0.10317735437638154 -0.9944851294769881 0.018808529794464172 -11.637293217512633 0.9942935586094077 0.10363590920016907 0.025296593290307177 120.95889196284291 -0.027106324939605596 0.01609116445111963 0.9995030373014762 -0.21049359506167345
418065000000 0.10318044560751266 -0.9944849899782141 0.018798945509431935 -11.635985713529841 0.9942962640837706 0.1036369554922994 0.025185723839985845 120.97150400296779 -0.026995089799665552 0.016093047079985053 0.9995060174718255 -0.2108646302799075
418099000000 0.1031727954560494 -0.9944858998076134 0.018792800792491692 -11.634684999801264 0.9943002331734185 0.10362725612956725 0.025068667661907094 120.98406602952994 -0.02687788289784516 0.01609928168891847 0.9995090757667141 -0.21123510678083265
418133000000 0.10320132838199558 -0.994482866892948 0.01879662939400013 -11.633390298906926 0.9942975415375939 0.1036557112813743 0.0250577814470817 120.99653576526273 -0.02686791232099819 0.01610344606400304 0.9995092767515343 -0.21160108675909312
418167000000 0.10322053992770036 -0.9944809147122221 0.01879442497593268 -11.632111127569315 0.9942959315277274 0.1036746283559154 0.025043401978797786 121.00886546441207 -0.026853690331923648 0.016102226815095017 0.9995096785960365 -0.21196336037671976
418201000000 0.10322743478226137 -0.9944802354135718 0.018792500632998938 -11.630831844405403 0.9942954506128543 0.1036813308098723 0.025034746495125593 121.02119265443896 -0.026844992062866283 0.016101025223914 0.9995099316104288 -0.21232617386931518
418235000000 0.1032241572422622 -0.9944806274887579 0.018789755485139545 -11.62954195801754 0.9942959823273696 0.1036778708078937 0.02502795701596475 121.03362956349036 -0.026837900239698495 0.016099088617319377 0.9995101532532903 -0.2126918826371923
418269000000 0.1032135970822669 -0.9944818759331184 0.018781688366201095 -11.628236168413071 0.994296830631217 0.10366726098583717 0.025038202739239908 121.04619906810987 -0.02684708501972668 0.016090290247224928 0.9995100482665014 -0.21306247499169884
418303000000 0.10319401781274878 -0.9944835918575443 0.01879840987370099 -11.626930243447832 0.9942969120367513 0.1036492800866679 0.025109310060151276 121.05878919767402 -0.026919238507867226 0.016100070299008985 0.9995079501107152 -0.21343731525735035
418337000000 0.10311362561304932 -0.9944924953489573 0.018768508399342784 -11.625622270564183 0.9943045070195855 0.10356861372351361 0.02514139160684626 121.07137248026777 -0.02694675367221592 0.01606919244996207 0.9995077055833714 -0.21380271552873398
418371000000 0.10312464735204069 -0.9944911361324552 0.01877996971498115 -11.624310884637193 0.9943034457428584 0.10357987143244668 0.025136985060195478 121.08401579622263 -0.026943735680041346 0.01608074587872611 0.999507601131471 -0.21417316371175388
418405000000 0.10313272692548664 -0.9944901894060842 0.01878573426735681 -11.623001741238037 0.9943023722256104 0.10358823365124475 0.025144988278762256 121.0966380991748 -0.026952425186557195 0.016085428936334654 0.9995072914954133 -0.21454378970550825
418439000000 0.10313298374879865 -0.9944901270835549 0.018787623490093847 -11.621695282132048 0.9943023171620398 0.1035885550921386 0.025145841408115176 121.10923641468695 -0.02695347378853331 0.016087211916875267 0.9995072345228286 -0.2149142023558723
418473000000 0.10311128460772817 -0.9944923907713725 0.018786901936820886 -11.62039063545611 0.9943046456677926 0.10356680091233356 0.02514337591156681 121.12182013008953 -0.026950595355007677 0.0160873380838696 0.9995073101100291 -0.215284878471626
418507000000 0.10311114677229594 -0.9944923637479632 0.01878908880948568 -11.619084555358604 0.9943045253608018 0.10356679877677033 0.025148141843138256 121.13441860194624 -0.026955560805382497 0.01608902228603926 0.9995071491007689 -0.21565547012534866
418541000000 0.10309065306630255 -0.9944944756745216 0.01878976059510495 -11.617774901186406 0.9943066735751377 0.10354631744933179 0.025147545141157208 121.14702056334178 -0.026954705235034186 0.016090307502975788 0.9995071514852467 -0.21602728471231056
418575000000 0.10308489239651875 -0.9944952821351729 0.018778678613819957 -11.616466951592663 0.9943074916049255 0.1035401474184997 0.02514060482320506 121.1596028018763 -0.026946560038701748 0.016080164285178885 0.9995075343481121 -0.21639866996958887
418609000000 0.10333038944246115 -0.994499873394192 0.01711234748963714 -11.61515296711676 0.9942963123223368 0.10373553570726163 0.024774622776744054 121.17202316894446 -0.02641351774890714 0.014454772584313574 0.9995465900245293 -0.21644893737980922
418643000000 0.10327221494655836 -0.9945325907946849 0.015484684925556366 -11.613838143197851 0.994370563756777 0.10360142102481418 0.0222244796489948 121.18466129020045 -0.023707204686787706 0.013102343639635148 0.9996330812038423 -0.21656008479156516
418677000000 0.1033881447650068 -0.9945340062406689 0.014594586425643985 -11.612512853983871 0.9943854743260678 0.10368308424358974 0.021150567156892768 121.19733476129414 -0.02254817002267727 0.012325926846377958 0.9996697712524905 -0.21677235856079285
418711000000 0.10359257918248205 -0.9945243486145926 0.013780332036694508 -11.61115425080489 0.9943802171280366 0.1038617754376831 0.020511347769733516 121.21010591176533 -0.021830284531353474 0.011578066144769177 0.9996946469105591 -0.2170070898305495
418745000000 0.10382955812124284 -0.9945099667838178 0.013013409545447252 -11.609790831772061 0.9943705963699907 0.10407522456366258 0.019886294446494288 121.22284090256402 -0.021131491550217582 0.010875366645464884 0.9997175533445384 -0.21724637987567816
418779000000 0.10401521460224111 -0.9945002975103343 0.012247178577390834 -11.608434726189058 0.994367959638818 0.10423727721654558 0.019155962054032347 121.23557018747745 -0.020327222510323865 0.010185690469369802 0.9997414944547807 -0.21748954719729044
418813000000 0.1042072553787366 -0.9944892276068433 0.011490174079403675 -11.607083932926033 0.9943685690049258 0.1044047514666771 0.018187821372490764 121.24831516078525 -0.01928722119764857 0.009530165010408136 0.9997685627450722 -0.21773562476729502
418847000000 0.10430179667795636 -0.9944885727314939 0.010658982888930614 -11.605738296403452 0.9943821221402057 0.10447302268281056 0.017017129589271075 121.261014056511 -0.018036917078352 0.008824184834488378 0.9997983813671212 -0.21797178679478196
418881000000 0.10429544741794916 -0.9945009129567456 0.009507564151224855 -11.604413557218727 0.9944046085506716 0.10443721345418411 0.015885305760704023 121.27355920432517 -0.016790894588308018 0.007797600536385597 0.999828616956326 -0.21814066732608473
418915000000 0.1043047949271137 -0.9945111820702568 0.008247332443490605 -11.603105202020787 0.994425188063286 0.10441752168908297 0.014680821148976444 121.28599165042951 -0.015461406808925847 0.006670075076832963 0.9998582174478332 -0.2182785227264856
418949000000 0.10430980678965068 -0.9945204262001744 0.006970371448438284 -11.601790658212211 0.994443807539488 0.10439655095035077 0.013523083821250727 121.29850545904307 -0.014176665823510714 0.005521052462554589 0.9998842633654328 -0.21841986638763758
418983000000 0.10428899173177975 -0.9945305225663622 0.0057311331730680645 -11.600482884485345 0.9944629615392008 0.10435337142919843 0.012401290176516887 121.31095717883025 -0.012931524668467803 0.004406081619582653 0.9999066767026364 -0.21855796342577016
