408912000000 -0.2695179827580356 -0.9599244067034521 -0.07684523658018612 -1.7080061564817106 0.9576703444966747 -0.27555312569857215 0.08329457478952326 -12.902026766703436 -0.10113144042116597 -0.051143018416714675 0.9935576598394116 1.5051950896551558
408946000000 -0.2695513679829744 -0.9599429687762309 -0.07649546859509677 -1.7080101252927737 0.9576943979993311 -0.2755391334010606 0.08306398741507234 -12.90200267349352 -0.10081418580341704 -0.05086927030800464 0.9936039539369423 1.5051403446253528
408980000000 -0.2695853404713699 -0.959961351727832 -0.07614425383316342 -1.7080144278451295 0.9577187583230387 -0.27552548593946086 0.0828280541483439 -12.90197764385404 -0.10049141336011028 -0.0505955510563692 0.9936506257504143 1.5050854860404483
409014000000 -0.2696196861075564 -0.9599796131270195 -0.0757916040453098 -1.7080188267297953 0.9577433825163695 -0.27551202619017134 0.08258775133571547 -12.901951859453487 -0.1001640559750171 -0.05032162363323181 0.9936975878432781 1.5050305540682718
409048000000 -0.2696535560268309 -0.9599979292865868 -0.07543828926712756 -1.7080234780033998 0.9577682381276533 -0.27549811437713506 0.08234555852317826 -12.901925653023557 -0.09983467211312907 -0.050047624719950494 0.9937445715594906 1.5049755807582692
409082000000 -0.26967551411283813 -0.9600101822391521 -0.07520350447370458 -1.7080297959181574 0.9577877573386929 -0.2754869683560361 0.08215559724156044 -12.901903032194651 -0.09958779533704729 -0.04987364297051481 0.9937780892919486 1.504937713465636
409116000000 -0.26967972997756356 -0.9600091073865213 -0.0752021075114459 -1.7080327085635247 0.9577870178607468 -0.27549081937223724 0.08215130467029065 -12.901895365377634 -0.0995834908840112 -0.04987306062944248 0.9937785498624963 1.5049371417682966
409150000000 -0.2696792224535827 -0.9600094137317802 -0.07520001677656042 -1.7080352783382202 0.957787529964058 -0.27548995058389375 0.08214824753232874 -12.901887698058175 -0.09957993985828668 -0.049871962801234654 0.9937789607876455 1.5049366883298672
409184000000 -0.26967750907441773 -0.96001007046437 -0.07519777727042892 -1.7080377576481403 0.9577884083347118 -0.2754878558730723 0.08214503104946329 -12.90188011227244 -0.09957613147274441 -0.049870892045892304 0.9937793961274655 1.5049362394969024
409218000000 -0.2696755175388593 -0.9600108053622941 -0.07519553728638513 -1.7080401619379608 0.957789362338321 -0.2754854857076142 0.0821418562974616 -12.901872692399822 -0.09957234873046474 -0.049869838099593666 0.9937798280384944 1.5049357999563198
409252000000 -0.2696735078108733 -0.9600115415991944 -0.07519334532601309 -1.7080424908129528 0.9577903090077925 -0.2754831077898726 0.08213879286421819 -12.901865482603084 -0.09956868561820219 -0.049868801056087264 0.9937802470996755 1.504935372195306
409286000000 -0.2696716548160089 -0.960012232463966 -0.07519117041479932 -1.7080447577785085 0.9577912170887181 -0.2754808845034215 0.08213566059224803 -12.901858427757087 -0.09956496902278304 -0.049867783114598274 0.9937806705459347 1.5049349554036986
409320000000 -0.2696699374469901 -0.9600128798859636 -0.07518906363557903 -1.708046978146416 0.9577920650023265 -0.27547881300219024 0.08213272067503802 -12.901851483841972 -0.09956146370918814 -0.04986676287832394 0.993781072925079 1.5049345519933561
409354000000 -0.2696680124169595 -0.960013582486941 -0.07518699701195872 -1.7080491358536871 0.9577929684747958 -0.275476539775521 0.08212980928716024 -12.901844779509592 -0.09955798621570272 -0.04986579462813709 0.9937814698950564 1.504934150692104
409388000000 -0.2696663308007016 -0.9600142137191405 -0.07518496850905321 -1.7080512166371555 0.9577937854778098 -0.2754745209873101 0.08212705271041686 -12.901838219402645 -0.09955468111833865 -0.04986479463542205 0.9937818511742873 1.5049337676265333
409422000000 -0.2696647250722782 -0.9600148181616499 -0.075183009794415 -1.7080532436726297 0.9577945615461685 -0.2754725934793512 0.08212446720888429 -12.901831800556913 -0.09955156414781038 -0.04986380603017192 0.9937822130245189 1.5049333966303535
409456000000 -0.2696631871176564 -0.9600153986170754 -0.0751811141952951 -1.7080552129415891 0.9577953090179767 -0.27547074357179974 0.08212195479382302 -12.901825528982553 -0.09954853859653975 -0.04986285044096404 0.9937825640496998 1.5049330377336767
409490000000 -0.2696615299000792 -0.9600160135870014 -0.07517920555892617 -1.7080571119193435 0.957796103456288 -0.2754687671794217 0.08211931875388219 -12.901819499024624 -0.09954538410142798 -0.04986192901575463 0.9937829262665602 1.5049326826343106
409524000000 -0.2696599628205037 -0.9600166009378459 -0.07517732620537612 -1.7080588991569003 0.957796880317336 -0.2754668790715083 0.08211659143548243 -12.901813785970662 -0.09954215441722936 -0.049861051516669266 0.9937832937998248 1.5049323423695151
409558000000 -0.2696589010530989 -0.9600170402888282 -0.07517552419447292 -1.7080606805231884 0.9577974862335557 -0.2754655147233653 0.08211410087721513 -12.901808023575883 -0.0995392005569516 -0.04986012989624286 0.9937836359083465 1.504932014121118
409592000000 -0.26965792941900185 -0.9600174550119588 -0.07517371331668216 -1.7080624613859863 0.9577980631888613 -0.27546424109582307 0.08211164368814293 -12.901802232130464 -0.09953628108947454 -0.0498591811992974 0.99378397592083 1.5049316890791433
409626000000 -0.2696569706640292 -0.9600178672294564 -0.07517188817972409 -1.7080642393885181 0.9577986338763056 -0.2754629803889141 0.08210921616931705 -12.901796444073799 -0.09953338694619912 -0.04985820930862617 0.9937843145509773 1.5049313665692972
409660000000 -0.269656144082142 -0.9600182405460482 -0.07517008565660466 -1.7080660050281422 0.9577991590569501 -0.27546185728400097 0.08210685776138361 -12.901790640764622 -0.09953057253201389 -0.04985722616149925 0.9937846457512466 1.5049310540695218
409694000000 -0.26965554573123784 -0.9600185380115277 -0.07516843307265125 -1.7080677366311514 0.957799594215693 -0.27546098699876376 0.08210470121692848 -12.901784836275452 -0.09952800599149197 -0.04985630668106377 0.9937849489238009 1.50493077030006
409728000000 -0.26965490457116276 -0.9600188412936148 -0.07516685973208499 -1.7080695037068923 0.957800054712278 -0.27546007424330093 0.08210239150617196 -12.901779014351943 -0.09952531152362583 -0.0498555098172801 0.9937852587490845 1.5049304641283558
409762000000 -0.2696493735456344 -0.9600204356670726 -0.07516633853029576 -1.7080728698773349 0.9578021841285368 -0.27545423970592403 0.08209712483781487 -12.901771820825367 -0.09951980418515381 -0.04985704493484774 0.9937857332671431 1.5049299260236026
409796000000 -0.2696481568783568 -0.9600209216007247 -0.07516449681199187 -1.7080745416452323 0.9578027501149635 -0.275452759696096 0.08209548737913291 -12.90176582054221 -0.09951765353100743 -0.04985586489771964 0.9937860078361853 1.5049296162431844
409830000000 -0.2696477642499957 -0.960021167077524 -0.07516277002670675 -1.7080762187686434 0.957803068452957 -0.2754521172692892 0.08209392884961744 -12.901759865518521 -0.09951565352787 -0.04985468739220611 0.9937862671862329 1.5049293214118458
409864000000 -0.26964758739181005 -0.960021351876242 -0.07516104413517159 -1.7080779001239075 0.9578033360959727 -0.27545168457554725 0.0820922580266789 -12.901753914738963 -0.0995135567508356 -0.049853519496684054 0.9937865357392363 1.504929028228737
409898000000 -0.26964747427301106 -0.9600215185045419 -0.07515932162027208 -1.708079580719001 0.9578035880307171 -0.275451314473411 0.0820905604217353 -12.901747974950602 -0.09951143840619697 -0.049852355642474325 0.9937868062432839 1.5049287360340977
409932000000 -0.26964738536973715 -0.9600216781564453 -0.07515760129852098 -1.7080812597075667 0.9578038338339087 -0.2754509683126562 0.08208885398570753 -12.901742045942056 -0.09950931341503247 -0.04985119382023956 0.993787077304976 1.5049284446112614
409966000000 -0.26964730865971387 -0.9600218341626765 -0.07515588375838515 -1.708082936888105 0.9578040761109201 -0.2754506345719646 0.08208714697934731 -12.901736127560756 -0.0995071892773582 -0.04985003354896443 0.9937873481974338 1.504928153893911
410000000000 -0.2696472405377145 -0.9600219875530046 -0.0751541687810793 -1.708084612064908 0.957804315711165 -0.27545030972840634 0.0820854413132568 -12.901730220030425 -0.09950506758684752 -0.04984887446376286 0.9937876187794016 1.504927863830978
410034000000 -0.26910433364888076 -0.9598608216742656 -0.07905732493700837 -1.7081159099587548 0.9576844346305678 -0.27538654280953545 0.08368258902389203 -12.901951533483505 -0.10209496205847568 -0.05319262217841633 0.9933514804277803 1.50556706845167
410068000000 -0.26912987988744214 -0.9598869917060606 -0.07865157916570928 -1.7080930429201102 0.9576788983475799 -0.27537570609340095 0.0837815501964868 -12.902003060786228 -0.10207955432669424 -0.052774839147549726 0.9933753474600695 1.5054935224869517
410102000000 -0.2691771848363814 -0.9599104922400455 -0.07820159877543731 -1.7080893716762315 0.9576792724832907 -0.27537644373474424 0.083774848802494 -12.901990888736792 -0.10195123451648863 -0.05234177226154216 0.9934114377522967 1.5054146801657298
410136000000 -0.26952260200649164 -0.9596849543384169 -0.07976437440437513 -1.7082174003702488 0.9577303059159645 -0.2757768203253724 0.08185234572900693 -12.901245273564399 -0.10054963022191542 -0.054331701498280816 0.9934474510886513 1.5057603317170736
410170000000 -0.2691836623534025 -0.9597978784087592 -0.07954991215616979 -1.70861326075533 0.9578329809342071 -0.27541739613307037 0.08186109296833645 -12.900114009319635 -0.10047953302389827 -0.054159860684129243 0.993463926337527 1.5057045535978333
410204000000 -0.26909314556582126 -0.9598760941393845 -0.078909840382626 -1.709211470930902 0.9579033141874558 -0.2752487122478627 0.08160506770159369 -12.898090409138096 -0.10005058559638799 -0.05362863326258692 0.9935360335771455 1.5055696149709288
410238000000 -0.2690895379962069 -0.9599537506099565 -0.07797190026455145 -1.7100973528459287 0.95798564162011 -0.27512219871717064 0.08106347033488925 -12.895112851553716 -0.09926898302437523 -0.052882629122490976 0.9936544150490143 1.505373758318302
410272000000 -0.26914918662203796 -0.9600098575848199 -0.07707002452750045 -1.7111752904648914 0.9580208802616503 -0.27507795359673853 0.08079673525411596 -12.891290893964426 -0.09876592693529751 -0.052088317164261495 0.9937464962914875 1.5051349468079023
410306000000 -0.2692573623819721 -0.9600667483205202 -0.0759757301535603 -1.712531049179795 0.9581108902624754 -0.2750306291003202 0.07988538675583551 -12.886530514287339 -0.09759095636149198 -0.05128344592502923 0.99390442871058 1.5048782308248263
410340000000 -0.26938452725670964 -0.9601598423831195 -0.07433070394865485 -1.7141316271691471 0.9582223811670973 -0.2749442379911677 0.0788386594629483 -12.880906699821482 -0.09613451360015082 -0.04998742912252755 0.9941123740425843 1.504631425044314
410374000000 -0.2694987538894339 -0.9602683235362839 -0.07249254075321766 -1.7159739656704251 0.9583459610166511 -0.27482763953208866 0.07773536873451836 -12.874462402412878 -0.09456976607306138 -0.04852334862759278 0.994334975741501 1.5043438964469134
410408000000 -0.26970710784198954 -0.9603665629839676 -0.07038565679078707 -1.7180055261607061 0.9584020860311008 -0.2748070937120593 0.07711357038009632 -12.867369851039921 -0.09339977232704605 -0.046659682252373935 0.9945347437778951 1.5040264897574456
410442000000 -0.2699919064254914 -0.9604982194333533 -0.06743545751373697 -1.7203505409780164 0.9586987613624156 -0.27467051848779134 0.07384301751566348 -12.859213881034412 -0.08944861892114023 -0.04471327251506249 0.9949872701869582 1.5037661411848964
410476000000 -0.2704355101735555 -0.9605987702540922 -0.06414543961572666 -1.7229267112215871 0.958971791378748 -0.2746667278476066 0.07022315824088447 -12.850246440534132 -0.08507489745515001 -0.04252283151219878 0.9954667601799576 1.5034350330928625
410510000000 -0.2711878583083522 -0.9605795455176369 -0.06118890617799447 -1.7256511457249137 0.9591698837330354 -0.27499995079790945 0.06609206609497824 -12.840642121486106 -0.0803136330001622 -0.040767190169027356 0.995935618682271 1.502979862633816
410544000000 -0.27201697969209115 -0.9605264500293628 -0.0582726484140102 -1.7286774053137928 0.9594837501619419 -0.27534860698526165 0.059783591448259586 -12.830062064693148 -0.07346901342994216 -0.03964950725124133 0.9965090168384655 1.5024292326044932
410578000000 -0.2721541163392397 -0.9607187017951944 -0.054329669431758806 -1.7320964609968443 0.9599906411708359 -0.27495091875113753 0.05310330632185547 -12.818765722130543 -0.0659553320362732 -0.03770369078567717 0.9971099868505596 1.5017698237462302
410612000000 -0.2734738006996955 -0.9606485665383365 -0.04864578027642826 -1.7369514845275067 0.9601501605988813 -0.2756640401309507 0.04605438177442061 -12.80689901657283 -0.057651968160729185 -0.034112586922144895 0.9977537682117134 1.5009294597038894
410646000000 -0.2725503605926041 -0.9611948757659655 -0.04266979894599995 -1.7427805335519269 0.9609061893073806 -0.27417922443850623 0.03853632360602259 -12.794867974912028 -0.048740089162929164 -0.03049858500897815 0.9983457517417702 1.5001281650181089
410680000000 -0.2687819134228834 -0.9625051601466154 -0.0366073723158659 -1.7483108544020571 0.9623861733032729 -0.26992351309645024 0.030889326835551078 -12.782580003208178 -0.03961232701340149 -0.026927936586550117 0.9988522161860455 1.4993804118122673
410714000000 -0.26458587410908374 -0.9638204114921829 -0.032319183358673335 -1.7530472980799778 0.9638259331433219 -0.2654076365560848 0.024461338027959603 -12.76982980824808 -0.03215409495440564 -0.024677942555097986 0.9991782190024513 1.4982740234041376
410748000000 -0.26031625735988423 -0.9651126519322064 -0.02816052617630259 -1.757197363475018 0.9652264509647612 -0.2608487927852489 0.017199001728284334 -12.75615142365666 -0.023944613425857027 -0.022704104978219647 0.9994554412804126 1.4975384750645708
410782000000 -0.2579694800971213 -0.9658009448771574 -0.02608222024312736 -1.7607947285364272 0.9659572760101354 -0.2583666586851965 0.013160949924925582 -12.742430441134061 -0.01944963396828229 -0.021799187008630417 0.9995731624970043 1.4964734029639721
410816000000 -0.25627335104424265 -0.9663001938374579 -0.024246751003910084 -1.7642361423512598 0.966499987074582 -0.25653365146629736 0.00826200037528071 -12.729235589587152 -0.014203680135346066 -0.021317154009377726 0.9996718633709529 1.4955468630084987
410850000000 -0.25560243164775637 -0.9665318993170183 -0.02198828184264199 -1.7679725731481395 0.9667668772642256 -0.25565944990542483 -0.00022516401440953598 -12.714999407113307 -0.005403883837750197 -0.021315095043019316 0.999758203148529 1.494695523254625
410884000000 -0.25518819239801743 -0.9666605382822824 -0.02112794804141839 -1.771704010551894 0.9668912539770389 -0.25513938003487263 -0.0050199340762873065 -12.700855728766154 -0.0005379993883710323 -0.021709456078613718 0.9997641772305252 1.4938967257560352
410918000000 -0.25471000610783606 -0.9668183309678755 -0.019624670520500438 -1.7754814339448168 0.967001166482067 -0.2545353621151463 -0.010976951090068335 -12.686518511809417 0.005617544914689854 -0.021773018564346873 0.9997471574611896 1.4931611758570538
410952000000 -0.25457788745992216 -0.9668831787810976 -0.018083633667027275 -1.7792567086963456 0.9669650949615562 -0.2542593426408889 -0.01818493348383962 -12.671925095968403 0.012984773484040674 -0.022115724496002118 0.9996710911032615 1.4923640057044791
410986000000 -0.2541034374751918 -0.9670206476332152 -0.017392817894997956 -1.7828908027612544 0.9670430260024049 -0.25372777706111194 -0.021213227188216964 -12.658067995019586 0.016100587672613534 -0.022209957196355733 0.9996236736281973 1.491667671820651
411020000000 -0.253458133668721 -0.9671975398328649 -0.016967422268057614 -1.7863231001227868 0.9671882132636083 -0.2530605609581416 -0.022523601210727648 -12.64481643351432 0.017490986282023994 -0.022119480753501376 0.9996023179095161 1.491193125059699
411054000000 -0.25280648892956736 -0.967376019562027 -0.016508056561373396 -1.7897758573312534 0.9673425476913201 -0.2524002767443856 -0.023291537635459166 -12.631693021400892 0.018365036922667017 -0.02185719734290266 0.9995924111072186 1.4909361382062167
411088000000 -0.251397502649397 -0.967749087773897 -0.016155456491126364 -1.7933821967620482 0.9677202714302304 -0.2510130431473213 -0.022581595003941534 -12.618442033210307 0.017798087668272237 -0.021310919330503084 0.9996144620765754 1.4908232788881528
411122000000 -0.25056813761425123 -0.9679724435757648 -0.015651098699092602 -1.7972302662662654 0.9679257875576561 -0.2501847940791624 -0.02296167660382116 -12.605013237430077 0.018310603305652106 -0.020902566577582007 0.9996138276940015 1.4907706885454952
411156000000 -0.249140953952384 -0.9683503144667863 -0.015048373193553337 -1.8012709777699616 0.9683144986349032 -0.24879563829728657 -0.021627808434564185 -12.591885980325339 0.01719932548481176 -0.019959930769473253 0.9996528319204351 1.490607373830034
411190000000 -0.2476347252912588 -0.9687429273105295 -0.014635013349812157 -1.8052008589435837 0.968725695925158 -0.24732850173321635 -0.019978445503118007 -12.578751670912368 0.01573432185514976 -0.019124670356081768 0.9996932920148709 1.490306225162193
411224000000 -0.24953529916638428 -0.9682774364250326 -0.013074424656964801 -1.809016100568697 0.9682559273846241 -0.24928097759166368 -0.018424258342916413 -12.565554939948198 0.014580588276374882 -0.01725689198876824 0.9997447704911506 1.490001117983756
411258000000 -0.251854653039525 -0.9676778219253906 -0.012994871914442443 -1.8123420744543144 0.9677212894026778 -0.25169282891902484 -0.012892862659534127 -12.553325420766717 0.00920542118317478 -0.015822541656470096 0.9998324396599512 1.4898985068246189
411292000000 -0.2519496232060192 -0.9676573072835396 -0.012677658581716142 -1.8154304083687036 0.9677307577496183 -0.25186717402393377 -0.00775288040326258 -12.541633155705847 0.004309045334495273 -0.01422189544213845 0.9998895788127499 1.4898415522163335
411326000000 -0.25238960390976395 -0.9675448244928326 -0.012510013405524347 -1.8184769472508393 0.9676255821479975 -0.2523622044890299 -0.0037484020843950513 -12.530477757547091 0.0004696924756691385 -0.013051066721574748 0.9999147208869402 1.4898519944374269
411360000000 -0.2530439777785053 -0.9673777669183881 -0.012206612225533937 -1.8215063012683714 0.9674485406300215 -0.2530675071487799 0.000397565521848978 -12.51951550826748 -0.003473692973377701 -0.011708667622553133 0.999925417498541 1.489801534682238
411394000000 -0.2533536674683741 -0.9672994935563649 -0.011983695002978328 -1.8243748200962384 0.9673350658784087 -0.25343484822278933 0.0058006920540786145 -12.508999880775919 -0.008648092410414688 -0.010122621789417327 0.9999113675850322 1.489734940329411
411428000000 -0.2537289555309908 -0.9672075522524083 -0.011452859514454539 -1.8271633361452804 0.9671850148965059 -0.2538492957989414 0.010662175295291617 -12.498981763747105 -0.013219836791673592 -0.008371731498732625 0.9998775675186014 1.4896376156755964
411462000000 -0.2541477962460819 -0.967100439240451 -0.011208839555780243 -1.8298838358152667 0.9670125758462795 -0.25429658643551695 0.014829844314339896 -12.48914430446839 -0.017192318587203926 -0.0070701165599207465 0.9998272038874645 1.489623072405785
411496000000 -0.2542112658932673 -0.96708615346298 -0.011000185140268591 -1.8326292724454116 0.9669210178268477 -0.2543817668129688 0.018805903270128 -12.4790580416446 -0.02098517518715625 -0.005855637735546697 0.9997626387943663 1.4895880948305587
411530000000 -0.25401523029858025 -0.9671146212176454 -0.012867486289461527 -1.8352607585618237 0.9669107485111299 -0.25424219766728035 0.021083390120140943 -12.468879451110366 -0.02366151284271025 -0.007086208602757534 0.9996949126896828 1.4892358807329975
411564000000 -0.25168091256902386 -0.9677290602602847 -0.012537311361255585 -1.8380898079064776 0.967501745235776 -0.2519066409264928 0.021986751075543993 -12.458151218234764 -0.024435449947776453 -0.006596225047458225 0.9996796479877803 1.4891571716292367
411598000000 -0.248453664315825 -0.9685394793653677 -0.014214555874247518 -1.840372640613404 0.9682807704621925 -0.2487355282857477 0.023727337009304093 -12.447404489423235 -0.026516527698446243 -0.00786853728927618 0.9996174067510755 1.488821404855912
411632000000 -0.24503630323874814 -0.9693779014848313 -0.01623866398301875 -1.8425282735795951 0.9691118056149614 -0.2453826594325783 0.024691267029154057 -12.43597331073686 -0.027919855171508128 -0.009686824178253242 0.9995632281774585 1.4885847849283773
411666000000 -0.24073121700226108 -0.9704127792771887 -0.0186418608548786 -1.8439637389502697 0.9701253496275587 -0.24116653580133152 0.026372486033596033 -12.424836643683653 -0.03008799047157229 -0.011736261121304697 0.9994783504430075 1.4883077241216043
411700000000 -0.2369273926985176 -0.9713104390732268 -0.020529041294170703 -1.8455158562439922 0.971005249043948 -0.23743985905346876 0.02776904142690698 -12.41349822937026 -0.03184677249240237 -0.013354560271465529 0.999403541519527 1.488095672672068
411734000000 -0.23502154822558596 -0.9717160963875221 -0.023080292265150792 -1.84677205848065 0.9713674581133674 -0.23565459193177984 0.030202228723093767 -12.40231771638698 -0.034786968652418086 -0.015321270275748377 0.9992773015980666 1.4880023168941616
411768000000 -0.2331511502118206 -0.9720590866021863 -0.02723367968212555 -1.848082424032206 0.971658472796985 -0.23399520449460226 0.03355676556762002 -12.391585738358767 -0.03899170933334387 -0.018638037119097364 0.9990656986282791 1.4876200381411662
411802000000 -0.23188618068693423 -0.9722358833197436 -0.03140360475971703 -1.8500019764049302 0.9718208898005852 -0.2329509238321933 0.03602811725481772 -12.380474621906167 -0.04234332714402214 -0.02216425661297337 0.9988572412387913 1.4871024640017443
411836000000 -0.2303165298647662 -0.9725010726149931 -0.03458265220801247 -1.8524483043500946 0.9720775815645218 -0.2315666318157949 0.03797460268598504 -12.369235260837687 -0.04493853013531516 -0.024870842208822422 0.9986801138087718 1.4865906410372711
411870000000 -0.2290862211640295 -0.972631477666691 -0.038826690880043035 -1.8550165847102418 0.972208078169344 -0.23060055525450968 0.04043311339215171 -12.358027184809314 -0.048279975300906525 -0.028484953365257082 0.9984275894709256 1.4859076635407062
411904000000 -0.2279376757578626 -0.9727236617802306 -0.043047575808201496 -1.8576988854027143 0.9723170411539739 -0.22973184092159604 0.04269487965032811 -12.346627733709825 -0.051419718510363505 -0.03212411990442441 0.9981603345498564 1.4852112075426853
411938000000 -0.22760060920925934 -0.972624027383164 -0.04690910406870727 -1.860375940613785 0.9722363346598385 -0.22967095389590392 0.04480806293234361 -12.335220052909737 -0.05435505730635652 -0.03540839298104862 0.9978936684094768 1.4845500143606127
411972000000 -0.22739767035611613 -0.9724712056544742 -0.050892570081938586 -1.863048256240836 0.9720779627427258 -0.22979331643382872 0.04753384133745571 -12.323937165421782 -0.057920064455793736 -0.03866246106077757 0.9975722932390219 1.483914708950928
412006000000 -0.22702975170958956 -0.9723300049081053 -0.05506226833401138 -1.8657059046181643 0.9719177148267869 -0.22980250484078185 0.05066324481100238 -12.31274992273737 -0.06191484026111354 -0.04201393012212765 0.9971967620440483 1.4832334278219061
412040000000 -0.2259737901789161 -0.9723693068441401 -0.05859844076100839 -1.8683426038575386 0.9719586125061805 -0.22907832356469565 0.05309969159843328 -12.30176927223814 -0.06505614288624312 -0.04495612060926582 0.9968684193475736 1.4827266732463753
412074000000 -0.22414884787421258 -0.9726309337088007 -0.0612075223269977 -1.8708018909949578 0.9723030216012806 -0.22745652072675643 0.05376211829809882 -12.290869873708742 -0.06621274938924701 -0.047461542027471715 0.996676112810321 1.4821147889302206
412108000000 -0.22247354611600012 -0.9728807744723393 -0.06331287341981484 -1.8732735105734124 0.97258752690126 -0.22597592027361824 0.054848755433305474 -12.279401544743623 -0.0676684845010079 -0.049374913859093525 0.9964853707339332 1.4813245491887077
412142000000 -0.2207813468764333 -0.9731385859027794 -0.0652448426970818 -1.8756970341668087 0.9728208811010804 -0.22451055815288284 0.0566969361747049 -12.267859298828498 -0.06982213234459134 -0.05095391942745799 0.9962572799883744 1.4804597002418436
412176000000 -0.21992241879484925 -0.9731872929099595 -0.06738414227403894 -1.878142809745328 0.972933138512328 -0.22384047773777255 0.057415577247619094 -12.255722388516718 -0.07095940879104398 -0.05293329240384303 0.9960737065394887 1.479686514586443
412210000000 -0.2192772315677583 -0.9732291959185865 -0.06886528826369435 -1.8812215865966395 0.9729675435755206 -0.22336876854283855 0.05865622207637881 -12.242957898747326 -0.07246830248182516 -0.05414171636841484 0.9959001052736591 1.478729863722715
412244000000 -0.2180042349109182 -0.9734804723288158 -0.06935361241760098 -1.8848948246823674 0.9730978123485933 -0.22224494754378937 0.06072751348145648 -12.230218480140042 -0.07453053846100481 -0.05424899340747234 0.9957420577393468 1.4776123572025794
412278000000 -0.21674010759099938 -0.9738093173057859 -0.06869599180360998 -1.8888275413082016 0.9733764837794684 -0.220946780505898 0.06099787708762629 -12.217409719306437 -0.07457845926647076 -0.053646376508746374 0.9957711181295236 1.476917685455724
412312000000 -0.21522726872592413 -0.9743410303195578 -0.06585422866150242 -1.8930739809717785 0.9739264816193286 -0.2191101842858999 0.058804213648298104 -12.204223639978728 -0.07172469029124176 -0.05148090692695288 0.9960950180703666 1.4763097805107708
412346000000 -0.21305387740731757 -0.9749147921268831 -0.06441423300718882 -1.8966772631416557 0.9746187929518625 -0.21670233851566206 0.05619879809122597 -12.191432623328145 -0.06874775448523879 -0.05080595018341973 0.9963395513976134 1.475705819641424
412380000000 -0.21423338317753343 -0.974675979736085 -0.06411545880527471 -1.8991491751759222 0.9744645231787389 -0.21778344340364014 0.054674169817990385 -12.179515535941645 -0.06725288542762382 -0.05076520762053704 0.996443647727709 1.4752706442773087
412414000000 -0.21451407500320718 -0.9746682176327938 -0.06328962918229017 -1.9017515958141353 0.9745151741281085 -0.2179321657237362 0.05315775142935277 -12.167972020680144 -0.06560401679456301 -0.05027361812596489 0.9965784847672279 1.4749164777391504
412448000000 -0.21404929063106848 -0.9748117676000698 -0.06264917340846617 -1.9044257787118661 0.9747215447463955 -0.21735363564604415 0.051723372653448535 -12.15657896114759 -0.06403757793309488 -0.04999414785626788 0.9966944234782237 1.474620740427052
412482000000 -0.21384176351769557 -0.9748605727555377 -0.06259843338604591 -1.9069949343557289 0.9748741277305422 -0.2170590865780896 0.05005784669260432 -12.145231064517505 -0.062386979869655655 -0.05032113492987499 0.9967826483853502 1.4742700264154365
412516000000 -0.21360264751661034 -0.9749554354321465 -0.06193389940257704 -1.9095529819028316 0.9750590281797816 -0.21667866725903145 0.04806502595390878 -12.134286356800677 -0.06028101308865587 -0.05012239096615162 0.9969222363779644 1.4740154246592978
412550000000 -0.21270116539702566 -0.9752448199424398 -0.06046284325257323 -1.9119572131197136 0.9754712422815083 -0.2155261638391568 0.044769723949873115 -12.123653728018205 -0.056692766033402106 -0.04945719236081857 0.9971659422599966 1.4740666726735676
412584000000 -0.21130954986417266 -0.9756192347080413 -0.05929066540271172 -1.9142289719535728 0.9759467315480973 -0.21393108754976914 0.0419698339329471 -12.112929915052367 -0.053630693793637024 -0.048995904394843214 0.9973580851608637 1.4741176871625254
412618000000 -0.2100508674650094 -0.9759091012909225 -0.05899202568772548 -1.9163965145418338 0.9765309420656332 -0.2123572498202661 0.035940473524709325 -12.101630752226766 -0.047602019553841135 -0.05005821077822619 0.9976112585912804 1.4739254688575225
412652000000 -0.20790451153678902 -0.9763145435042565 -0.059880098736764815 -1.9179712118865413 0.9771726588606585 -0.2100421198573832 0.03187322796655534 -12.0906447238824 -0.04369563888811407 -0.051886607403955814 0.9976965826914851 1.473653476059459
412686000000 -0.2048501793211841 -0.9768714249774831 -0.0613076104129035 -1.9188605073524445 0.9780014188643663 -0.20680163438442611 0.027318651416502457 -12.079612258604866 -0.039365323971294 -0.05436269932951998 0.9977449915635975 1.4734006454427213
412720000000 -0.20244765356348549 -0.9772387549176849 -0.06339844993035625 -1.9193402933085204 0.9786868667225768 -0.20417547744384967 0.022008891733143035 -12.068612893265222 -0.034452350738145315 -0.05759158182850092 0.9977455814139728 1.4730913847148057
412754000000 -0.20085926165632034 -0.9773830449957053 -0.06616600608924043 -1.9196276777956278 0.9791875717178671 -0.20231900060939229 0.016084818484650334 -12.057033771210618 -0.02910766909502083 -0.061558146068090125 0.9976789755490063 1.4726923639926346
412788000000 -0.20038556793636148 -0.9773360028633674 -0.06826391191455311 -1.9201944274201261 0.979435997246498 -0.20151023445292332 0.009937439734969654 -12.045144768549507 -0.02346809452384615 -0.06486881313685217 0.9976178053852269 1.4723657338726615
412822000000 -0.20350986330917076 -0.9765119740792985 -0.07076793070052703 -1.9210571700049968 0.9788867912354453 -0.20434821472390552 0.004738890579721135 -12.033288369000884 -0.019088883693307038 -0.06830938163169509 0.9974815501554097 1.4719499282096422
412856000000 -0.20890416909321013 -0.9752073381773249 -0.07300476491690211 -1.922353528448538 0.9778394564501788 -0.20935023883010656 -0.0015731849847884921 -12.020878855763552 -0.013749383429613116 -0.07171558454669379 0.9973303511818095 1.471513799060493
412890000000 -0.21346806337349616 -0.9740547588364894 -0.07515791846211467 -1.924183233096641 0.9769110434457036 -0.21351432713440682 -0.007513008862537973 -12.008512060707448 -0.00872921035352519 -0.07502638800002542 0.9971433407440848 1.4709471852528933
412924000000 -0.21522522579000147 -0.9735616805986922 -0.07652291325801197 -1.9265292712984006 0.9765468392385162 -0.21503001407862488 -0.010879513712036368 -11.996722945476742 -0.005862845461621052 -0.07706975486659316 0.9970084653240897 1.4705578922776263
412958000000 -0.21567481905846392 -0.9733604789085132 -0.07780585147075302 -1.9291393874611775 0.9764589695668987 -0.2152733214981864 -0.013611678937180946 -11.98509752938207 -0.0035004537490601895 -0.07890991794526506 0.9968756049143856 1.4701665999125286
412992000000 -0.21590415735575258 -0.9731906139406591 -0.07928066456775845 -1.9316592411877211 0.9764144381978782 -0.21523196748554857 -0.017030709058102812 -11.973820708464892 -0.0004896072143806551 -0.08108778644224296 0.9967068431463049 1.4697095903412118
413026000000 -0.2161218472475221 -0.9730907407206999 -0.07991093458319082 -1.9341121381813897 0.9763626006408446 -0.2151676031679916 -0.020468869455563345 -11.962827784690083 0.0027238230790501 -0.08244581778708929 0.996591826134076 1.4692073725033938
413060000000 -0.21580311758809534 -0.9730941603943223 -0.08072651017929686 -1.9365233489659608 0.9764204570637772 -0.21458096296428886 -0.023624168994553225 -11.952277882445742 0.0056661686017483726 -0.0839211852858853 0.9964562856410657 1.4687735938932829
413094000000 -0.215127920276229 -0.9730976131380594 -0.08246825584814965 -1.9388439395933201 0.9765519232888101 -0.21364786995186574 -0.026475059696939574 -11.941399482481678 0.008143650198176873 -0.08623005839057585 0.9962419675919136 1.4681634294534691
413128000000 -0.2153498311103596 -0.9729383438487204 -0.08375815966011238 -1.9414359449974037 0.9764812715635903 -0.21362796479785356 -0.029110461038618057 -11.929371513465037 0.01042959856818227 -0.08805720711694384 0.9960608172940397 1.46742556040921
413162000000 -0.21724787545972107 -0.9725175806287025 -0.08374315480284385 -1.944143332873383 0.9760489528898899 -0.21542288570427431 -0.030354931681571544 -11.917265206965562 0.011480512653503125 -0.08833196297455809 0.9960249304843101 1.4668298299421416
413196000000 -0.2195260207758878 -0.9719552293370747 -0.08432887030323105 -1.9471054136691277 0.9755512731477402 -0.2177710723777102 -0.029588401364139833 -11.905500632110774 0.010394212915264475 -0.08876256080001718 0.9959985783815635 1.4663960051188412
413230000000 -0.22121208796502406 -0.9715055143112316 -0.08510139717433501 -1.9507403629960336 0.9751842180744509 -0.21955376087087214 -0.02849362921738422 -11.89327117797107 0.008997386102437326 -0.08929267467337595 0.9959647911914349 1.4658942108740847
413264000000 -0.22389782084528798 -0.9708870608982747 -0.08513566115936097 -1.9551744739385792 0.9745804985080291 -0.2223253504378644 -0.027645804031043473 -11.880556588971103 0.007913137719855266 -0.08916139037156715 0.9959857572869384 1.465342946354489
413298000000 -0.22797867808202055 -0.9699155266053635 -0.08537911682498897 -1.9598001152223912 0.9736563108189439 -0.22670450229421668 -0.024463381654545792 -11.868183442151494 0.004371583513887868 -0.08870704531981766 0.9960481661888693 1.4648000581115561
413332000000 -0.23152133895441301 -0.9690418574225461 -0.08576565846431652 -1.9641916294816197 0.9728291153883997 -0.2305131515071263 -0.021614792038707156 -11.855696877517925 0.0011755260012973959 -0.08843961524856733 0.9960808464142383 1.464177337979023
413366000000 -0.230507327253607 -0.9694239111547012 -0.08416443764394055 -1.9682865467046913 0.9730659575958029 -0.22990925818900532 -0.01686342690986764 -11.843129965097193 -0.0030023741541778323 -0.08578469257684339 0.9963091750400249 1.463257296007403
413400000000 -0.22598365829135458 -0.9706852077068044 -0.08186338451624395 -1.972130235439991 0.9741070927180813 -0.2257686238184644 -0.011995849925888397 -11.83015867720014 -0.006837989586423558 -0.08245456954174711 0.9965713651616233 1.4627268011936911
413434000000 -0.2233978628951559 -0.9714380506464099 -0.08000942825805293 -1.9752632028911985 0.974611086954753 -0.22388516759813776 -0.002942943157619872 -11.818142084186867 -0.015054037290783924 -0.07863552305324348 0.9967897624250517 1.4625102513952257
413468000000 -0.2220207614032741 -0.971895110594388 -0.07827308291253755 -1.978267008802057 0.9748154797759752 -0.22298287959304552 0.0036627581859594235 -11.806218758180103 -0.021013374194686362 -0.07548860451164718 0.9969252272331353 1.4622649545688904
413502000000 -0.2213389331076348 -0.9722405498597183 -0.07587746634704431 -1.9812350529605631 0.9748936587792395 -0.2225396482833591 0.007645849458815947 -11.793757337097144 -0.0243193495554875 -0.07228013662405272 0.9970878351914674 1.4619589788593774
413536000000 -0.2207476710914929 -0.9725279840421674 -0.07389036447710773 -1.9840530820640436 0.9748049603540025 -0.22248230994073676 0.01602844448676564 -11.781372526247006 -0.032027409775275864 -0.068490452022977 0.9971375547058565 1.4617243453640796
413570000000 -0.2197760251994451 -0.9728284122072356 -0.07282430329143064 -1.9868658039337925 0.9748015574547882 -0.22191885365406788 0.02267037663083462 -11.769090404500082 -0.03821547240650531 -0.06600683900334722 0.9970870949287902 1.4613828978056487
413604000000 -0.21890220209564293 -0.9730688685479287 -0.0722412830764533 -1.9895884700550528 0.9747842530851827 -0.2213738316363688 0.02809424502981493 -11.756934263733719 -0.043329964860832314 -0.06426977306235472 0.9969914294594878 1.4608692199714064
413638000000 -0.21857399195243815 -0.9731457450103908 -0.07219950837884859 -1.992190180012283 0.9744857685618918 -0.22154510621502627 0.03598962048302174 -11.745293486925533 -0.0510185937900561 -0.06249099839452572 0.9967406775121304 1.4602730835423037
413672000000 -0.2177641128241477 -0.9733558402239766 -0.07181364402248645 -1.994781932257771 0.9743668601799822 -0.22106674995173275 0.04169788782157899 -11.733252692629913 -0.05646249152237991 -0.06089253129616609 0.9965460785550413 1.4594964600705478
413706000000 -0.2161248209382488 -0.9737391666859551 -0.07156882726545212 -1.9976030566257816 0.9743843202074732 -0.21977353172130976 0.04769477213031956 -11.720562099752131 -0.06217120159873464 -0.059427519016737734 0.9962946911809203 1.458716528078448
413740000000 -0.2136281981393114 -0.9742851124942091 -0.07163457637131455 -2.0006873794682165 0.9744449570754596 -0.21772554988685894 0.05525043490028513 -11.707547953661779 -0.06942635371353491 -0.0580009008431031 0.9958995315348993 1.457892835527381
413774000000 -0.21158831655361893 -0.9747792058661509 -0.07096396345302255 -2.004526212443698 0.9745825634166922 -0.21589925653277725 0.059802492529519594 -11.69353373331734 -0.07361529312686826 -0.056506732692223754 0.995684577453269 1.4568183264326051
413808000000 -0.20737528276626432 -0.975727335305699 -0.0703680270780154 -2.008815016921302 0.974855791320409 -0.212114972311851 0.0682892718529207 -11.679992469304894 -0.08155782137030959 -0.05443717166039294 0.9951808459345195 1.4558519748567762
413842000000 -0.2026538951639763 -0.976707480889366 -0.0705258502225768 -2.013618237715115 0.9752590176677968 -0.20779972061396595 0.07542628567284831 -11.665760024715022 -0.08832466944468319 -0.053495540818902905 0.9946542011573576 1.4543663052257674
413876000000 -0.19711537218218328 -0.9778130470265955 -0.07090257480546278 -2.0187853760097876 0.9758237473963858 -0.20265008883869845 0.08185936422268637 -11.65123645460308 -0.09441156744146434 -0.05305267720136754 0.9941186394867634 1.4526939942347072
413910000000 -0.19140000619812686 -0.9788571780686344 -0.0721433473777499 -2.0232066492408554 0.9764495579952728 -0.19735348747055598 0.08716571386758377 -11.636925451182709 -0.09956052590355981 -0.05376082148478363 0.9935781175907046 1.4510481469356784
413944000000 -0.18967735438119887 -0.979112028201235 -0.07322661720039847 -2.026657757823737 0.9764276834669322 -0.19592992939479087 0.09055629037650108 -11.622030124215934 -0.10301203907480938 -0.054324018619914524 0.9931955602028402 1.4493713589325676
413978000000 -0.18944437481263354 -0.979013778056336 -0.07511891391460701 -2.0294614226565106 0.9756243056540393 -0.19631351622726223 0.09807251176329924 -11.607916087934353 -0.11076119839061155 -0.054708552552121134 0.992340128790894 1.4478105625208653
414012000000 -0.18892055259150803 -0.978995788214114 -0.07665684227480546 -2.032372365718684 0.9753295172306282 -0.19614425606577196 0.10129049131618448 -11.592861554269936 -0.11419876368502585 -0.05562982537659153 0.9918991707332863 1.4461844309183203
414046000000 -0.1877145332002188 -0.9789797948065421 -0.07976098912353913 -2.035257292943205 0.9745731776571539 -0.19575280718006938 0.10903192134581759 -11.577955615559897 -0.12235348551088326 -0.05726604440385209 0.9908330963091991 1.4442892483781893
414080000000 -0.18651141332863735 -0.9789835129160072 -0.08249105488953513 -2.0381524164795732 0.9734084485095187 -0.1955087313611778 0.11938311577369191 -11.562790908895002 -0.13300182355308557 -0.058031176105408325 0.9894154322282309 1.4424800978592531
414114000000 -0.1854918539034301 -0.9791851047923456 -0.08239722500346831 -2.041033821935653 0.9720909825295264 -0.19511030423337822 0.13027313946757704 -11.547608324004685 -0.14363806535960005 -0.055932993257667006 0.98804838264378 1.4406509526368958
414148000000 -0.18513489721405768 -0.9793687357762856 -0.08100585915537817 -2.0438849972659936 0.9714470833429752 -0.19483560451666576 0.1353870432391978 -11.532117229294483 -0.14837666291559243 -0.05362803927597988 0.9874757715030009 1.438482750787603
414182000000 -0.18467712737287667 -0.979638973385239 -0.0787517647422416 -2.0470114655367735 0.9708794703122982 -0.19429267934962713 0.14015494596072717 -11.516839953108708 -0.15260213875111203 -0.05057505883197838 0.9869927814694128 1.436240401978343
414216000000 -0.18429867310978032 -0.9798847762829004 -0.07654948921439589 -2.0500341368299315 0.9699266844591021 -0.1939172944801425 0.14709965899238325 -11.502207147518632 -0.1589849862853349 -0.0471371203035594 0.9861550922777512 1.434308713816647
