96362000000 -0.020762394639018467 -0.998647317863291 0.04767029990789963 3.4680485937596663 0.9997844288089609 -0.02074533294858688 0.0008526851659944705 -14.609375418045811 0.00013740448934617885 0.0476777273504905 0.9988627610611474 1.4798699305039418
96396000000 -0.020737983902948454 -0.9986478899654515 0.04766894052937004 3.4680526272366685 0.9997849357420748 -0.020720847406744847 0.0008536661888392111 -14.609369390517507 0.00013522890453114209 0.04767639195973165 0.998862825098044 1.4798696558411613
96430000000 -0.020713571516744966 -0.9986484615040732 0.047667581127731826 3.468056661154728 0.9997854421084156 -0.02069636020418647 0.0008546475173364827 -14.60936336021641 0.00013305300076546858 0.04767505647450007 0.9988628891329643 1.4798693811313943
96464000000 -0.020689157481901255 -0.9986490324790038 0.04766622170298743 3.4680606955139965 0.9997859479078297 -0.020671871342477166 0.000855629150050316 -14.609357327141238 0.0001308767795675618 0.04767372089473755 0.9988629531659081 1.479869106374635
96498000000 -0.020664741800077047 -0.9986496028900885 0.047664862255173565 3.468064730314521 0.9997864531401613 -0.020647380823332617 0.0008566110858815972 -14.609351291290738 0.00012870024212735878 0.04767238522042716 0.9988630171968742 1.4798688315708806
96532000000 -0.02064032447293307 -0.9986501727371702 0.04766350278433616 3.4680687655563243 0.9997869578052536 -0.020622888648458626 0.0008575933239611255 -14.609345252663676 0.00012652338940484162 0.04767104945156607 0.9988630812258597 1.4798685567201304
96566000000 -0.020615905502144816 -0.9986507420200921 0.047662143290522124 3.468072801239425 0.9997874619029505 -0.02059839481956688 0.000858575863611051 -14.609339211258865 0.00012434622216922833 0.047669713588156484 0.998863145252862 1.479868281822383
96600000000 -0.020591484910202462 -0.9986513107382794 0.0476607837735538 3.4680768373621915 0.9997879654326661 -0.020573899359514813 0.0008595586977028884 -14.609333167069678 0.00012216874863521174 0.04766837762984076 0.998863209277895 1.4798680068780503
96634000000 -0.02056706272627984 -0.9986518788909827 0.04765942423407698 3.468080873920624 0.9997884683936805 -0.020549402297332375 0.0008605418299861625 -14.609327120090924 0.00011999096646531787 0.04766704157730839 0.9988632733009235 1.479867731887508
96668000000 -0.020542638952223913 -0.9986524464780169 0.04765806467273104 3.4680849109141274 0.9997889707858385 -0.020524903634564995 0.0008615252668576247 -14.609321070322887 0.00011781286936767693 0.04766570543129997 0.9988633373219102 1.4798674568507117
96702000000 -0.020518213588007594 -0.9986530134992613 0.0476567050896423 3.468088948342774 0.9997894726090237 -0.020500403371026377 0.0008625090116955378 -14.609315017765269 0.00011563445397169345 0.047664369191980804 0.9988634013408457 1.4798671817676226
96736000000 -0.020493786633480393 -0.9986535799546 0.04765534548487088 3.468092986206793 0.9997899738631216 -0.02047590150644457 0.0008634930670708245 -14.60930896241768 0.00011345571770754806 0.04766303285943313 0.9988634653577237 1.4798669066381989
96770000000 -0.02046935808856898 -0.9986541458439172 0.04765398585846236 3.468097024506448 0.9997904745480163 -0.020451398040654767 0.0008644774349383828 -14.609302904279623 0.00011127665862541852 0.04766169643371178 0.9988635293725396 1.4798666314623987
96804000000 -0.020444927953312597 -0.998654711167093 0.04765262621046243 3.4681010632420004 0.9997909746635886 -0.02042689297363004 0.0008654621167241833 -14.60929684335051 0.00010909727531026314 0.047660359914860645 0.9988635933852883 1.4798663562401821
96838000000 -0.020420496227892715 -0.9986552759240063 0.04765126654092211 3.468105102413688 0.9997914742097179 -0.020402386305503895 0.0008664471134727444 -14.609290779629662 0.00010691756673574318 0.04765902330292105 0.9988636573959662 1.4798660809715127
96872000000 -0.020396062912607926 -0.9986558401145317 0.04764990684989537 3.468109142021734 0.9997919731862795 -0.02037787803654495 0.0008674324258528786 -14.609284713116333 0.0001047375322572007 0.04765768659792945 0.9988637214045681 1.479865805656355
96906000000 -0.020371628007869014 -0.9986564037385431 0.04764854713743934 3.468113182066343 0.999792471593148 -0.020353368167146668 0.0008684180542799132 -14.609278643809706 0.00010255717148914198 0.0476563497999202 0.9988637854110911 1.4798655302946775
96940000000 -0.02034719151420883 -0.9986569667959108 0.047647187403617355 3.4681172225476997 0.9997929694301945 -0.020328856697833686 0.0008694039989711883 -14.609272571708908 0.00010037648425016352 0.04765501290892984 0.9988638494155304 1.4798652548864502
96974000000 -0.020322753432245266 -0.998657529286503 0.04764582764849022 3.4681212634659744 0.9997934666972883 -0.02030434362922523 0.0008703902599482109 -14.609266496813033 9.819547055886849e-05 0.0476536759249883 0.9988639134178818 1.4798649794316443
97008000000 -0.020298313762763975 -0.9986580912101876 0.04764446787207613 3.468125304821344 0.9997939633942962 -0.020279828962113833 0.0008713768371295498 -14.609260419121133 9.601413054406358e-05 0.04765233884808086 0.998863977418144 1.479864703930238
97042000000 -0.020273872515806424 -0.9986586525667352 0.04764310807247535 3.4681293466144427 0.9997944595208962 -0.02025531270672193 0.0008723637269909025 -14.609254338631475 9.383246818330318e-05 0.04765100167620456 0.9988640414164094 1.4798644283823625
97076000000 -0.020249429691988674 -0.9986592133558801 0.04764174825260424 3.4681333888431776 0.9997949550769584 -0.020230794864058155 0.0008733509213524129 -14.609248255342758 9.165049176210541e-05 0.04764966441207856 0.9988641054125451 1.4798641527878578
97110000000 -0.02022498528934119 -0.9986597735775531 0.04764038841231759 3.4681374315082607 0.9997954500624047 -0.020206275432298637 0.0008743384171609955 -14.609242169253179 8.946820424882498e-05 0.047648327055465824 0.9988641694065594 1.4798638771466255
97144000000 -0.020200539296190145 -0.9986603332319025 0.047639028551062 3.4681414746105017 0.9997959444773538 -0.0201817544004661 0.0008753261995607491 -14.609236080354314 8.728561995437548e-05 0.04764698960548387 0.9988642333984914 1.4798636014587112
97178000000 -0.02017609171099849 -0.9986608923188225 0.04763766866926771 3.4681455181500866 0.9997964383217186 -0.0201572317668825 0.0008763142715115732 -14.6092299886447 8.510273586091743e-05 0.04764565206259365 0.9988642973883164 1.4798633257240787
97212000000 -0.020151642534145142 -0.9986614508381931 0.04763630876685543 3.4681495621274823 0.9997969315953738 -0.020132707531758443 0.0008773026365837024 -14.609223894124154 8.291954842078522e-05 0.04764431442675855 0.9988643613760342 1.479863049942689
97246000000 -0.02012719176629635 -0.9986620087898866 0.047634948843797834 3.468153606542957 0.9997974242981887 -0.02010818169562495 0.0008782912976585538 -14.609217796792237 8.073605479052073e-05 0.04764297669797969 0.998864425361643 1.4798627741145178
97280000000 -0.020102739408308756 -0.9986625661737691 0.04763358890010051 3.4681576513967007 0.9997979164300279 -0.020083654259226758 0.0008792802571433861 -14.609211696648396 7.855225261101453e-05 0.04764163887628122 0.998864489345139 1.4798624982395454
97314000000 -0.020078285461121725 -0.9986631229897053 0.04763222893578084 3.4681616966888718 0.9997984079907555 -0.020059125223410634 0.0008802695170367393 -14.609205593691986 7.63681399364377e-05 0.04764030096169067 0.9988645533265192 1.4798622223177536
97348000000 -0.02005382992574456 -0.9986636792375576 0.04763086895086242 3.4681657424196115 0.9997988989802329 -0.020034594589109056 0.0008812590790012002 -14.609199487922298 7.41837151606757e-05 0.04763896295423482 0.9988646173057797 1.4798619463491252
97382000000 -0.02002937280326106 -0.998664234917187 0.04762950894537695 3.4681697885890443 0.999799389398321 -0.020010062357342984 0.000882248944428423 -14.60919337933856 7.199897695250868e-05 0.047637624853942975 0.9988646812829165 1.4798616703336447
97416000000 -0.020004914094776116 -0.9986647900284541 0.04762814891935971 3.46817383519729 0.9997998792448802 -0.019985528529165353 0.0008832391144587004 -14.60918726793995 6.98139242333827e-05 0.047636286660842894 0.9988647452579265 1.4798613942712966
97450000000 -0.019980453801466513 -0.9986653445712175 0.04762678887285225 3.468177882244455 0.9998003685197692 -0.01996099310571009 0.0008842295900548525 -14.609181153725611 6.762855610592186e-05 0.0476349483749649 0.9988648092308053 1.4798611181620667
97484000000 -0.019955991924527294 -0.9986658985453358 0.047625428805893946 3.4681819297306427 0.9998008572228465 -0.019936456088138266 0.0008852203720028061 -14.60917503669466 6.544287185064265e-05 0.04763360999633352 0.9988648732015495 1.479860842005941
97518000000 -0.01993152846518803 -0.9986664519506673 0.04762406871853021 3.4681859776559456 0.9998013453539708 -0.01991191747765103 0.0008862114609540922 -14.609168916846171 6.32568708843137e-05 0.047632271524976635 0.9988649371701559 1.479860565802906
97552000000 -0.01990706342472498 -0.9986670047870683 0.047622708610806024 3.468190026020453 0.9998018329129985 -0.019887377275501772 0.0008872028574597145 -14.609162794179197 6.107055272656925e-05 0.04763093296091955 0.99886500113662 1.4798602895529505
97586000000 -0.019882596804438435 -0.9986675570543958 0.0476213484827723 3.468194074824249 0.9998023198997875 -0.019862835482972796 0.0008881945619636823 -14.609156668692773 5.8883917005352754e-05 0.04762959430419138 0.998865065100939 1.4798600132560613
97620000000 -0.019858128605638237 -0.9986681087525057 0.047619988334477656 3.468198124067417 0.9998028063141934 -0.019838292101359067 0.0008891865748425903 -14.609150540385913 5.6696963416511675e-05 0.04762825555481754 0.9988651290631081 1.479859736912227
97654000000 -0.019833658829002065 -0.9986686598813191 0.047618628164882465 3.4682021737504716 0.9998032921560859 -0.019813747131760373 0.0008901788872991631 -14.609144409256592 5.4509700786600085e-05 0.04762691671155346 0.9988651930231844 1.4798594605220523
97688000000 -0.01980918745896959 -0.9986692104410377 0.04761726797381603 3.468206223875442 0.9998037774256527 -0.019789200561560694 0.0008911714372384465 -14.60913827529768 5.2322190532898966e-05 0.04762557777296915 0.9988652569812306 1.4798591840854523
97722000000 -0.019784714484636423 -0.9986697604317373 0.04761590776177577 3.4682102744427867 0.9998042621229913 -0.019764652380315717 0.0008921642147823768 -14.609132138506718 5.0134442042194804e-05 0.04762423873934152 0.9988653209372302 1.4798589076017312
97756000000 -0.019760239904097754 -0.9986703098532499 0.04761454753062778 3.4682143254523337 0.9998047462480215 -0.01974010258568476 0.000893157229068707 -14.60912599888364 4.794644612383936e-05 0.04762289961269214 0.9988653848910862 1.4798586310705475
97790000000 -0.019735763712938892 -0.9986708587054528 0.047613187282310704 3.468218376904799 0.9998052298007122 -0.0197155511727653 0.0008941504902452435 -14.609119856423293 4.575819245773369e-05 0.047621560395134294 0.998865448842696 1.4798583544915627
97824000000 -0.019711285915154864 -0.9986714069883424 0.04761182701279344 3.468222428801315 0.9998057127808662 -0.019690998144760774 0.000895144015041989 -14.609113711124936 4.3569664418409426e-05 0.04762022108294097 0.9988655127922361 1.479858077865294
97858000000 -0.019686806512186128 -0.998671954701774 0.0476104667220361 3.4682264811417607 0.9998061951883359 -0.019666443502762143 0.0008961378108595236 -14.609107562988662 4.1380854675809875e-05 0.04761888167619044 0.9988655767397003 1.479857801191742
97892000000 -0.0196623255050149 -0.9986725018456125 0.047609106410014444 3.4682305339262385 0.9998066770229838 -0.019641887247463186 0.0008971318837999176 -14.609101412014418 3.9191757178050346e-05 0.04761754217495038 0.9988656406850838 1.4798575244708976
97926000000 -0.01963784289460646 -0.9986730484197236 0.04760774607669667 3.468234587154911 0.9998071582846723 -0.019617329379583603 0.0008981262390750193 -14.609095258202027 3.7002366763346645e-05 0.04761620257926283 0.9988657046283828 1.4798572477027463
97960000000 -0.019613358681913218 -0.9986735944239727 0.04760638572205466 3.468238640827946 0.9998076389732636 -0.019592769899866413 0.000899120881131605 -14.609089101551183 3.481267903515661e-05 0.04761486288915799 0.9988657685695932 1.4798569708872755
97994000000 -0.019588872867953244 -0.9986741398582241 0.04760502534607019 3.468242694945509 0.9998081190886198 -0.019568208809151166 0.0009001158137766953 -14.609082942061471 3.262269024061071e-05 0.047613523104663005 0.9988658325087121 1.4798566940244717
98028000000 -0.01956438545381467 -0.9986746847223389 0.0476036649487378 3.4682467495077502 0.9998085986305998 -0.019543646108373447 0.0009011110402672128 -14.609076779732383 3.0432397181038434e-05 0.04761218322580661 0.9988658964457349 1.4798564171143211
98062000000 -0.019539896440623372 -0.9986752290161792 0.04760230453005418 3.4682508045148084 0.9998090775990639 -0.019519081798529236 0.0009021065633935295 -14.609070614563318 2.8241797126588725e-05 0.04761084325261031 0.9988659603806592 1.4798561401568127
98096000000 -0.019515405829534427 -0.998675772739605 0.04760094409002674 3.468254859966813 0.9998095559938704 -0.019494515880663033 0.0009031023855338403 -14.609064446553603 2.605088776158962e-05 0.04760950318509799 0.998866024313481 1.4798558631519332
98130000000 -0.019490913621763417 -0.998676315892475 0.047599583628671185 3.4682589158638826 0.999810033814877 -0.01946994835589605 0.0009040985087353549 -14.609058275702502 2.385966710467466e-05 0.047608163023295125 0.9988660882441971 1.4798555860996718
98164000000 -0.01946641981856534 -0.9986768584746473 0.047598223146006584 3.468262972206131 0.9998105110619411 -0.01944537922540246 0.0009050949347579711 -14.60905210200923 2.166813346402008e-05 0.047606822767224805 0.9988661521728037 1.4798553090000162
98198000000 -0.01944192442121573 -0.9986774004859792 0.047596862642058896 3.46826702899366 0.9998109877349189 -0.019420808490388963 0.0009060916651177364 -14.609045925472948 1.947628539298099e-05 0.04760548241691207 0.998866216099297 1.4798550318529566
98232000000 -0.019405568142611906 -0.9986782573322702 0.04759372077115395 3.4682744238050875 0.999811694096055 -0.019384356892386767 0.0009072246940563626 -14.609039726915352 1.6548092795640873e-05 0.0476023638031632 0.9988663647788489 1.479854384666654
98266000000 -0.019108868302326387 -0.9986849544468597 0.04757323736806874 3.4683211606947255 0.9998174087074483 -0.019088173528658325 0.0008893125791413041 -14.608978937463638 1.9943117612997163e-05 0.047581544666121245 0.9988673566642662 1.479848321604842
98300000000 -0.018542993393193263 -0.9986959879833334 0.04756554406304894 3.468386479537918 0.9998280638030784 -0.018521279536643342 0.0008972380471358177 -14.608722507846979 -1.5093300036284757e-05 0.04757400330347839 0.99886771595736 1.4798372012429613
98334000000 -0.01783044957066998 -0.9987084969457365 0.04757534231612179 3.468435140483505 0.9998410210676181 -0.017806088011563304 0.0009358526529489042 -14.608229105238642 -8.751326392816144e-05 0.04758446551252663 0.9988672138894721 1.4798306930363083
98368000000 -0.016859754079389833 -0.9987255617773247 0.04757100950105976 3.46844730870658 0.999857850096683 -0.016832656900105436 0.0009701864370499705 -14.60792161526583 -0.00016820351304848088 0.04758060439139831 0.9988673874911163 1.4798278279254264
98402000000 -0.015579384256654394 -0.9987465876118999 0.04756612786184002 3.4683841428060376 0.9998785764285611 -0.01554559725958915 0.001080187500711323 -14.607625563710709 -0.0003393897133781784 0.047577180868858336 0.9988675070674762 1.4798402032791333
98436000000 -0.014122981095869014 -0.9987664363094514 0.047604066073019854 3.4682773629688044 0.9999001404584483 -0.014083133335676179 0.0011723764861134647 -14.606930198318219 -0.0005005158752218637 0.04761586980375642 0.9988655957768746 1.4798471458894311
98470000000 -0.01249953405149018 -0.998784028790832 0.0476888402128888 3.46815602866286 0.9999216449987293 -0.012452765032100466 0.0012776956173576083 -14.605371827146127 -0.0006822840544483365 0.04770107415362991 0.9988614228275408 1.4798479138592697
98504000000 -0.01075978391204424 -0.9987992916198627 0.04779332704287521 3.468060597758041 0.999941768499907 -0.010707874524781613 0.001342025499136642 -14.602725096490431 -0.0008286491687765143 0.04780498387012222 0.9988563444548635 1.4798410574792291
98538000000 -0.008852755856718963 -0.9988102777126183 0.04795474793369181 3.4679390936330883 0.9999604118298536 -0.008799577720925877 0.001319926135565301 -14.598867988228262 -0.0008963742584941932 0.04796453447679833 0.9988486371546057 1.4798291984463263
98572000000 -0.006779320277809586 -0.9988146284320264 0.04820144029761335 3.4677281139316203 0.9999766245755027 -0.006728562509008218 0.0012152156790735114 -14.59381773155936 -0.0008894487928918608 0.04820855190478006 0.9988368957963504 1.4798175177387076
98606000000 -0.005094059976833876 -0.998811294959479 0.04847728967590112 3.4675598740388667 0.9999867255353141 -0.005050539532486242 0.0010201978196097729 -14.587629706358614 -0.0007741486373833463 0.04848184311471258 0.99882376402551 1.479797853964669
98640000000 -0.004355643179214941 -0.9987797610772403 0.04919367068014236 3.4674920686297668 0.999990373574371 -0.004324285046754028 0.0007438530934364036 -14.580392020971626 -0.0005302179604218943 0.04919643707958289 0.9987889814408193 1.479844103250146
98674000000 -0.00352123297338508 -0.9987494898700809 0.0498704060801626 3.467440684659463 0.9999936608874554 -0.0034905039743386435 0.0007032545128347646 -14.57181131237084 -0.0005283022353178637 0.04987256626902509 0.998755449562349 1.479872947612536
98708000000 -0.00337504065612948 -0.9987095165570379 0.05067455613004488 3.4673821825620115 0.9999940022112088 -0.0034101077463708496 -0.0006055631816135609 -14.562091850867715 0.0007775874087569967 0.05067220839440233 0.9987150357605796 1.480019145878033
98742000000 -0.0020822609940452375 -0.998712968091818 0.050676143838931945 3.4673489014667442 0.999996234364504 -0.0021701703499746317 -0.001679767086248913 -14.55233761684615 0.001787581037220893 0.05067245529756312 0.9987137261638852 1.4801206335920971
98776000000 -0.0007994158310422605 -0.9987104504218199 0.050762162607344105 3.4674494021358906 0.9999952960164696 -0.0009487002011601131 -0.002916832676294674 -14.542789636541468 0.002961229349824245 0.0507595920607493 0.9987065109102693 1.4802267630240136
98810000000 0.0005863686543498003 -0.998698444160561 0.05100072355443795 3.467652716669467 0.9999884751318217 0.0003425774386726088 -0.004788762286105103 -14.53273669207275 0.004765057747342209 0.051002943757919694 0.9986871351693137 1.4803630538324253
98844000000 0.0016596096671132599 -0.998659295110697 0.05173836086269802 3.4678398518462354 0.9999807613419067 0.0013481244328106823 -0.006054709454159684 -14.522427201897482 0.0059768421271985984 0.05174741394040476 0.9986423196063077 1.4805833451630603
98878000000 0.0017944685519419301 -0.9986319842503327 0.05225839563993052 3.4679170342561307 0.9999729358511641 0.0014191089543167945 -0.007218981574950767 -14.511738178382274 0.007134945537268823 0.05226993554634629 0.998607503672069 1.4807602848569592
98912000000 0.0010843250298138707 -0.9986037703636745 0.05281414635004125 3.467846133374637 0.9999681124984587 0.0006649168589681342 -0.007958132434219008 -14.501068809170505 0.007911904037564393 0.05282109144105711 0.9985726483704007 1.4809421245008283
98946000000 0.00037833891781796636 -0.9985717114462629 0.05342652860653251 3.467822582088858 0.9999542181795291 -0.0001330456943981484 -0.009567854713038611 -14.490749538776676 0.009561297225265893 0.053427702534589436 0.9985259446790782 1.4811384553989502
98980000000 5.777343244717237e-05 -0.9985436237643703 0.053950237272418586 3.467818068052666 0.9999377753930099 -0.0005441484910165273 -0.011142227986288271 -14.480880877384319 0.011155357650438843 0.053947523964863166 0.9984814583424929 1.4813304359161834
99014000000 -0.00026122490009844457 -0.9985383486280589 0.05404718383690795 3.467851784065703 0.999906365543853 -0.0010002819885882586 -0.013647695073736688 -14.470710860684164 0.013681809326034307 0.0540385580404609 0.9984451123314059 1.481778985071607
99048000000 6.613106228847698e-05 -0.9985630266194145 0.05358990105754302 3.467826672197848 0.9998518857876326 -0.0008562839937863442 -0.017189335782318182 -14.460199023030794 0.01721052333887321 0.053583100380592344 0.9984150686162574 1.4822607176491347
99082000000 0.0007408955780609516 -0.9985689109547153 0.05347505164519839 3.467770019421752 0.9997989017770583 -0.00033196101651356 -0.020051079952766945 -14.450082430411143 0.02004013670440266 0.05347915366381316 0.998367854572788 1.4828162156506048
99116000000 0.0019614542116699885 -0.9985608343871272 0.053594894583909 3.4677146288431584 0.9996977948991709 0.0006447246827583908 -0.024574442085616703 -14.43981749275303 0.024504521442203463 0.053626899576315605 0.9982603288074313 1.483322924746582
99150000000 0.0038030713978930986 -0.998536828471952 0.05394199507914065 3.467584814482642 0.9996108370523287 0.0023053578713358447 -0.027800355620532673 -14.429894593658341 0.027635323328767843 0.05402672959064408 0.9981570023770078 1.483861821797446
99184000000 0.005850845766057322 -0.9984949298519501 0.05453111647280855 3.4674780168969117 0.999477767363101 0.004106137687796996 -0.03205202302756874 -14.419998696105619 0.031779870212018696 0.054690169987284334 0.9979975075901087 1.4843791683079455
99218000000 0.007099943975868106 -0.9984542068426708 0.05512519962515215 3.4675194685002877 0.9993519850120368 0.005139409082495883 -0.03562578457781339 -14.410126784977713 0.035287403532160616 0.0553424187441794 0.9978436830683965 1.4849109879967182
99252000000 0.008503496508525332 -0.998416071692654 0.05561509087414038 3.4676604140818466 0.9992212582327276 0.006341020238487816 -0.038944429102761934 -14.400485455620014 0.03853008750229436 0.05590294489688787 0.9976924842399693 1.4854105306609569
99286000000 0.01008143207222123 -0.9983851217231259 0.055906291678777226 3.4678412575674984 0.999002044293527 0.007623296385274481 -0.044009099622423525 -14.390587622581906 0.043511840052189554 0.05629417442437172 0.997465631338319 1.4858721533120158
99320000000 0.011528804051479269 -0.9984510006388534 0.05443056127227735 3.4684746161291247 0.9990494757876771 0.009213052405670608 -0.042605922050089146 -14.38133460474607 0.04203845389058094 0.054870019032645795 0.997608164263829 1.4857879677451076
99354000000 0.013519133481951384 -0.9983276709578475 0.05620582202741159 3.468496420040002 0.999004926217997 0.011096282750416353 -0.04319756823360941 -14.370890601910942 0.04250165199226624 0.05673388677856205 0.9974842733942856 1.4861994894494992
99388000000 0.014873586420938056 -0.9983658538222445 0.05517606681125318 3.4688695012454285 0.9988040925053404 0.012264451424822909 -0.04732830047478814 -14.359487295166225 0.0465742549222482 0.05581402290669564 0.9973543169934187 1.4860725986593537
99422000000 0.015116041826013393 -0.9984393912086015 0.05376139286246077 3.46903364674749 0.9987780226065609 0.012547251392723002 -0.047801966911586134 -14.348750792753783 0.04705280903030953 0.054418274186944275 0.9974089856206791 1.4858636521871136
99456000000 0.014397960116322717 -0.9985869013999891 0.051155636022413166 3.469110149424765 0.998887110850804 0.012066527302087293 -0.045595380193632455 -14.33764733690866 0.044913678546993775 0.05175518593568009 0.9976493182517296 1.485685705993723
99490000000 0.013833359952981017 -0.9987264437983361 0.04851936325160308 3.4691893602283073 0.9989644584114443 0.011700681260868484 -0.04396708870009315 -14.326259449548642 0.04334338453722272 0.04907733199717883 0.9978540807657689 1.4855410997125167
99524000000 0.013520808988589761 -0.9988522579715933 0.04594947735659235 3.469184035879655 0.9989433645352188 0.011474820551303888 -0.044502617275532855 -14.314436557900569 0.043924277744218525 0.046502636896903995 0.9979519841085962 1.4854328802615917
99558000000 0.013606888053878885 -0.998972262472646 0.04323507150187451 3.469183964997166 0.9990534763204062 0.01179592559444198 -0.04186893348871008 -14.303294789728445 0.04131590552802695 0.043763854373825226 0.9981872174100137 1.4852653183502948
99592000000 0.014360582435610059 -0.9990629613928081 0.04082857877935843 3.469051526666365 0.9990467479876912 0.0126529659805103 -0.041779154935382375 -14.292048887659192 0.041223403635904265 0.04138963185301698 0.9982923065754554 1.4850686630967356
99626000000 0.01571366170848243 -0.9991382557085833 0.03841649144991904 3.468955721009172 0.9990953456830498 0.014171322847006285 -0.040095683598532675 -14.281171017025777 0.039516718869095115 0.03901178781312446 0.9984570643455057 1.4849111263251695
99660000000 0.018172294962492952 -0.9991582971911117 0.03677587320451758 3.468695112729681 0.9990905704875468 0.0167274915303125 -0.039220186001242725 -14.270248691736317 0.03857200615297194 0.03745514892857756 0.9985536100581048 1.484817436519082
99694000000 0.019812334815603738 -0.9991897470279301 0.035033138931813826 3.468642213909786 0.9990621295045203 0.018436138664888135 -0.039178695499241974 -14.259201841065867 0.038501075037558674 0.035776503817315196 0.9986178993967423 1.484767584740899
99728000000 0.020550211719552236 -0.9992312946912846 0.03338425538874507 3.4686753501037826 0.9991007966002682 0.01928604423703678 -0.03775773735801701 -14.248689235197086 0.03708486255861695 0.034130165649560486 0.9987291148062833 1.4848991233346056
99762000000 0.02146014918996836 -0.9992767522112515 0.03139163084131599 3.4688701200215775 0.9991717593999191 0.020350952348493878 -0.03523682670416477 -14.238491863569404 0.03457249216377534 0.0321218185762029 0.9988858451079098 1.4849523408691576
99796000000 0.02287325107361693 -0.9993047993577164 0.029440318713585035 3.469175537718211 0.9992108556038011 0.021894758314107143 -0.03314039230134265 -14.228392253612975 0.032472764416404995 0.030175114564836666 0.9990170078793232 1.4850049210277378
99830000000 0.02386735295927761 -0.9993354407301172 0.027550433090248978 3.4695331835067895 0.9992274746661791 0.022985984553095362 -0.0318762981912224 -14.217913371900528 0.031221840672326317 0.0282899525426941 0.9991120433916132 1.485031995343083
99864000000 0.025841772087331794 -0.9993272945161737 0.026022322155629486 3.470089910011265 0.9992536658577695 0.025074735879288712 -0.029383139559842814 -14.207391517063215 0.0287108705057107 0.02676221320386034 0.9992294380467559 1.4851488273320501
99898000000 0.02736966721552697 -0.9993097002598544 0.02512019671641699 3.470560115033095 0.9992568599206356 0.02666864082757775 -0.0278300466755087 -14.196352105111613 0.02714091409777213 0.025863228007536758 0.9992969849944349 1.485118514561977
99932000000 0.02926954592270109 -0.9992574134376193 0.025058239591761025 3.4716225628255066 0.9993474040328767 0.028722912528278688 -0.02190343234846043 -14.185962524589925 0.021167421530021643 0.025682990204648263 0.9994460086867718 1.4850187596087723
99966000000 0.030259880098255254 -0.9991806124470344 0.026878306613487692 3.472179293467228 0.9993056221834975 0.02965692118310398 -0.0225552765088836 -14.174196673419926 0.021739667175287015 0.027542162876371942 0.9993842184741558 1.4850404357537448
100000000000 0.03064710935021453 -0.9991217034558667 0.028575800459885226 3.4726813663926204 0.9994014424638841 0.030171642155008116 -0.016924207833100224 -14.16392446983591 0.016047164534079644 0.029077374247296194 0.9994483452471663 1.4853082156347492
100034000000 0.03034761027757421 -0.9991052396353677 0.029457472457689322 3.4731764281514983 0.9994718916020409 0.029989849166940752 -0.012511868141202753 -14.15386746936894 0.011617247861657081 0.02982162101729538 0.9994877240226725 1.485536838878302
100068000000 0.029647404883444584 -0.9991060538656086 0.030135104326504347 3.4736487105454743 0.9995348937157468 0.029417716106869662 -0.008037053173070713 -14.143968858514945 0.00714336253652674 0.030359366069597257 0.9995135223014866 1.4857218944591482
100102000000 0.028475606634662864 -0.9991063362402662 0.031235696107822737 3.4740478137629607 0.9995944517243586 0.028453316666195883 -0.0011579518869182133 -14.134440546709737 0.00026815791463641846 0.03125600190756149 0.9995113758412595 1.4860339689591797
100136000000 0.027178053222612075 -0.9990953646331976 0.03270788576913604 3.4744376659860823 0.9996209005378985 0.027307439011424572 0.003515534445585179 -14.124594979059045 -0.004405522764625816 0.03259994084496644 0.9994587711487029 1.4864270091204403
100170000000 0.025464600741577248 -0.9990857402725911 0.034340030475250624 3.474855748988862 0.9996259997570603 0.025790922341848377 0.009093345613946978 -14.114785048116811 -0.009970692993468627 0.03409562888004598 0.9993688375032036 1.4868129222398307
100204000000 0.02401938690748262 -0.999078700487161 0.035564297904986934 3.4751806999335337 0.999582154851154 0.024573302027373067 0.015220661306106992 -14.104858631228563 -0.016080570752071296 0.035183846582736086 0.9992514759478369 1.4871328495649572
100238000000 0.024575360950740865 -0.999057758481919 0.03577215189535661 3.475364163798783 0.9994820728107668 0.025297965865439975 0.01988967201751413 -14.094608482494511 -0.020775893820340282 0.035264828656250365 0.9991620259476496 1.4875567964757208
100272000000 0.024693881870623102 -0.9990795080824438 0.0350763271723561 3.4756115747676994 0.9993716217567549 0.02556315102741441 0.024553756063458363 -14.084212876685466 -0.025427815978450233 0.034447958419796906 0.9990829616880044 1.4878215469991767
100306000000 0.026082958081659724 -0.9990744047588688 0.034205453562590665 3.475496953429245 0.999485012104394 0.02670292983539435 0.01779505877723829 -14.071562103430075 -0.018691973581988125 0.033723690395894845 0.9992563849331623 1.4878488850450455
100340000000 0.02656021630037414 -0.9991297818068812 0.0321595089609882 3.4756843304616454 0.9993054129166512 0.027378601865057972 0.025280503859624028 -14.061000591803653 -0.02613898669725282 0.03146571573076299 0.9991629807533866 1.4876287603532672
100374000000 0.0269104427250772 -0.9991933924551523 0.029805914619493553 3.4758801146503226 0.999249794440921 0.027718761182805307 0.027046600308873604 -14.050028755374212 -0.027850967346174812 0.029055718068132577 0.9991897161527572 1.4873342122653799
100408000000 0.027527282753135485 -0.9992518207435181 0.027167028637542855 3.476193040261016 0.9993233673667017 0.028172129273696667 0.023646111034637755 -14.037934580594884 -0.024393772547624246 0.026497733354954436 0.9993511965209951 1.4870293995610178
100442000000 0.027614294740666567 -0.9993047813414035 0.025048048111292978 3.4764770870031345 0.9992554603287331 0.028271002180396687 0.02625405566628059 -14.026722367293818 -0.0269439367796866 0.02430441161447977 0.9993414430748315 1.4868683490812697
100476000000 0.027792445641873442 -0.9993594756044889 0.022543701665094104 3.4768192122311263 0.9993185803088661 0.028325160369307656 0.023665594003230254 -14.014370967470619 -0.024288989577918543 0.021870615207951034 0.999465717859152 1.486634864375267
100510000000 0.02880561514751062 -0.9993811287685193 0.020189006843669144 3.4772854192380787 0.9992701507115571 0.029297587168372552 0.024511574470308852 -14.002175662406561 -0.025087894149876146 0.01946820093053866 0.999495666183527 1.486314305804351
100544000000 0.029369082148955172 -0.9994011934900686 0.018295121326586214 3.4776822709687605 0.9992730378039938 0.029800570647050995 0.023776499050286 -13.989488861744391 -0.024307466583460613 0.017583527511188034 0.9995498820111768 1.486015351631953
100578000000 0.030036955989091674 -0.9993974797566333 0.01739134069009917 3.4781104792825523 0.9992655495090409 0.030438077876065395 0.02327842304807687 -13.976733758131292 -0.023793756309251173 0.016679354642800348 0.9995777389925187 1.4857818644758776
100612000000 0.030824465728001793 -0.9993889467690773 0.01647984794764934 3.4784554166714505 0.9991970583453376 0.031232368062047322 0.02509537366251136 -13.964419418718329 -0.02559474373006123 0.015693064105878184 0.9995492168134401 1.485492754110252
100646000000 0.03207667458533714 -0.9993656292155407 0.015473399438163993 3.478703721552295 0.9991744331176077 0.032449011127423044 0.024444097057568497 -13.951955984642526 -0.02493068694709073 0.014676539765181797 0.9995814424192095 1.4852075290280693
100680000000 0.03392442594092682 -0.9993134383669549 0.014892455264101868 3.478859771593638 0.999094250760542 0.03429243426537232 0.025193392970911263 -13.94005665514885 -0.025686794697085413 0.0140242950400304 0.9995716621267434 1.4849913688103173
100714000000 0.03543561010705443 -0.9992716589100847 0.014158715882036894 3.4791074022111204 0.9990614079487046 0.0357742121966379 0.02442353146582731 -13.928230743965697 -0.024912259710695803 0.013279963885393032 0.9996014315092339 1.484734112824217
100748000000 0.03598770244936128 -0.9992619693686996 0.013431375424896683 3.479499586273982 0.999023526924676 0.036317303589784855 0.025160407606968846 -13.916878275186946 -0.025629629794393247 0.01251279478596546 0.999593193275768 1.4844824104924645
100782000000 0.03576738251810474 -0.9992664227608777 0.013686149585717917 3.47995127955392 0.9990221479305742 0.03610808117360331 0.025513808381790168 -13.90536512855152 -0.025989272632873133 0.012760204412137934 0.9995807795728042 1.484188918051396
100816000000 0.03491173120313634 -0.9992694522877109 0.01554775704140069 3.4804997884112896 0.9989242166898066 0.035366347572814705 0.02999384553563609 -13.894400634623084 -0.030521800979901127 0.01448389395077609 0.9994291553086523 1.4839738793868682
100850000000 0.03519311264227548 -0.9991684892781408 0.02058579258095111 3.4807590343613413 0.9988507571676996 0.03583760942528552 0.03182500049008824 -13.882752964205677 -0.03253628325518362 0.019442113679292078 0.9992814390789114 1.483229023990004
100884000000 0.03521633548021558 -0.9991309836785387 0.022295451753675023 3.481611785903109 0.9989262084118513 0.0358636056860035 0.029329710791644724 -13.870070565431135 -0.03010381808454816 0.021238626150351686 0.9993211100021744 1.4829937678050857
100918000000 0.03539232001563192 -0.9990034086787478 0.02719509389861024 3.482009747708303 0.998884116742456 0.036213386112566914 0.030316859763269928 -13.85784138477813 -0.031271472679660114 0.026091763346030757 0.9991703132509193 1.482276955026169
100952000000 0.03561974380576077 -0.9988582461391913 0.03183454053305192 3.4824603208564673 0.9988594469630654 0.03659716605609259 0.030666800441223198 -13.845746858749333 -0.0317968404696283 0.030705887976108764 0.9990225770120251 1.4815191479400585
100986000000 0.035937815049541244 -0.9987072842693918 0.035947653563500166 3.482839318878992 0.9986785480378908 0.037212610716541195 0.035445441069193 -13.834281493398787 -0.036737326228176125 0.03462631876067138 0.9987248804904628 1.4807050487905957
101020000000 0.0361547752918549 -0.9985764184444009 0.039216944684004926 3.483315215321868 0.9985115503802348 0.03770028160423905 0.03941284719759701 -13.822405853964819 -0.04083522965351771 0.03773360960356033 0.9984531329639017 1.4797257882860564
101054000000 0.034948510780507036 -0.9984435972169243 0.0434624524245138 3.4836812656139484 0.9984433184482038 0.03677397655453579 0.04193583783001779 -13.80954233048161 -0.043468855981770235 0.04192920014613676 0.9981745342046858 1.4784533707653513
101088000000 0.03406487461344604 -0.9982227054123158 0.04889800319938807 3.4841424230017863 0.9982783831584472 0.03632271122290681 0.04605355977526653 -13.79553864630923 -0.04774781708232251 0.047245010834314406 0.9977414769944861 1.476909867750783
101122000000 0.033854300734783516 -0.9980129832827089 0.05314105306546344 3.4846078240587417 0.9979028832209502 0.036690015816600086 0.05332615117081472 -13.781028127116425 -0.05516993729445215 0.05122429051265818 0.9971621483391763 1.4754294977954394
101156000000 0.03277476065735385 -0.9978321801079955 0.05706798931781272 3.4851212634641224 0.997455863058142 0.03627220232641171 0.061368791656090084 -13.766630471466966 -0.06330573682368694 0.05491145307963236 0.9964823711465713 1.4740391387727592
101190000000 0.03089382194485607 -0.9976678823298075 0.060863522188559865 3.4857358873558284 0.9970550161768312 0.03503655467461414 0.06821828606137781 -13.751761708179139 -0.07019164111387288 0.05857675651733 0.9958121796371298 1.4726645426288245
101224000000 0.030022500998773904 -0.9974051424805698 0.06543417445871288 3.486181021931145 0.9965681668886716 0.03492088263407489 0.07504945502940247 -13.737611587590838 -0.07713973151322057 0.06295644295361535 0.9950306267209551 1.4713222606716647
101258000000 0.028498067592788945 -0.9971913830725052 0.06926186302303143 3.4867057753088404 0.9961621430938261 0.034068587360261415 0.0806245373443581 -13.724928048300933 -0.08275774773513588 0.06669840238881716 0.9943351941415868 1.4702369419718513
101292000000 0.02710996949042116 -0.9969051156397325 0.07379186923747318 3.487219209342658 0.9957516042963396 0.033429416129826584 0.08579753305594125 -13.712270843982495 -0.0879988187164741 0.07115240367373964 0.9935761386808536 1.469112913218429
101326000000 0.02685937907379593 -0.996563478944364 0.07835691539408679 3.487670717721949 0.9951079448917197 0.0341103144155091 0.09271819920518887 -13.699193872384283 -0.09507235018210136 0.07548323578637217 0.9926044173516814 1.4679467163626734
101360000000 0.025620944038188376 -0.9961482975151718 0.0838578355564765 3.488104031598594 0.994489450908561 0.03392868936834026 0.09919463730129541 -13.684986539187088 -0.1016577555240174 0.08085427258575584 0.9915282584709564 1.4665780680621305
101394000000 0.023153517594853623 -0.9956868610179582 0.0898420247945817 3.488535514353641 0.9936412882339402 0.03282397127032555 0.1077013334496892 -13.670231836846886 -0.11018577467069465 0.08677708053541715 0.9901155656558324 1.4651904934153999
101428000000 0.020715692901469185 -0.9952784811086596 0.09482407452568117 3.4890226210710216 0.9928760832279654 0.03161092985240593 0.11488181957020356 -13.655230418417812 -0.11733688005698187 0.09176869921659668 0.9888430423593968 1.4637138657573223
101462000000 0.017091574442806123 -0.9948844306725708 0.099563284841255 3.489167017007419 0.9919522783058448 0.02936642791754812 0.12315961381559927 -13.639769169155871 -0.12545340030031119 0.0966570355260201 0.9873797961455418 1.4620175460015188
101496000000 0.014885951106340278 -0.9945698326918909 0.10300124445308445 3.489479753682798 0.9910252513709873 0.02836156227663922 0.13063143928740853 -13.624257733751515 -0.13284336492550627 0.10013226095745931 0.9860660072788314 1.460638765541032
101530000000 0.013591932635423354 -0.9943321254253851 0.10544611758747077 3.489932396997535 0.9903224461767207 0.02795332476360246 0.1359413999972666 -13.608692570871213 -0.13811847076256809 0.10257795075793419 0.9850893624704881 1.4594352246915054
101564000000 0.013090116440656718 -0.9939987501896036 0.10860540259616902 3.4903224868628677 0.9897243144362137 0.028346853474074174 0.14015076636210774 -13.592957300500613 -0.14238830803593666 0.10565481777763511 0.9841557951945606 1.4580428426789591
101598000000 0.013096807651234554 -0.9936604451270257 0.1116574825943528 3.4906113626003497 0.989158916179016 0.029209159042807076 0.14391477885042547 -13.577323443657317 -0.1462638443802891 0.10856217028953336 0.983270635689445 1.4566993623800257
101632000000 0.013612640944099863 -0.9933327041879214 0.11447635038399376 3.490888008816531 0.9887009473480568 0.03046400722319864 0.14677322976946597 -13.56172932123441 -0.14928205759428212 0.11118490479654511 0.9825236812544527 1.4552873729768911
101666000000 0.01240487501014359 -0.993106529086324 0.11655702879748353 3.4911720527062324 0.9877345784812691 0.030314876481335407 0.15317118115478337 -13.546834037206306 -0.1556487120037066 0.11322733835093038 0.9813017111477751 1.4538813822591405
101700000000 0.01253580257784176 -0.993260509166477 0.11522332482653164 3.4914074090305007 0.9881721254476694 0.02991896645400599 0.15040181493106927 -13.530754491894642 -0.15283554606820016 0.11197507033565599 0.9818874067230724 1.4521098452919063
