48299000000 -0.13169826273790858 -0.9912712097817837 0.006079165203898666 -1.104038310597858 0.9879394782515962 -0.13175445507487765 -0.08134095450562641 -14.881149189487287 0.08143190347634713 -0.004706615098089353 0.9966677946389848 1.3673445879663546
48333000000 -0.1316972594766629 -0.9912713431461967 0.006079153187056582 -1.1040381341296328 0.9879396278665097 -0.13175345513979997 -0.0813407570022998 -14.881149357485889 0.08143171088291695 -0.004706518443595875 0.9966678108310819 1.367344579002155
48367000000 -0.13169623180347334 -0.9912714798348068 0.006079127805757797 -1.1040379545100605 0.9879397819450275 -0.1317524298486621 -0.08134054634304712 -14.881149525542419 0.08143150360381313 -0.004706431247378781 0.9966678281783437 1.3673445692846116
48401000000 -0.13169516678805543 -0.9912716214970004 0.006079100210885598 -1.1040377730690734 0.9879399416310516 -0.13175136719643626 -0.0813403280784176 -14.881149699923695 0.08143128867149932 -0.004706342165370726 0.9966678461597533 1.3673445587082258
48435000000 -0.13169416338413648 -0.9912717549180908 0.00607908152283098 -1.104037596959754 0.9879400943696325 -0.13175036675127433 -0.08134009342155238 -14.88114986223956 0.08143105837132755 -0.0047062471793925115 0.996667865424592 1.3673445498688401
48469000000 -0.13169313509201136 -0.9912718917263819 0.0060790495011620455 -1.1040374177042576 0.9879402518325924 -0.13174934048934056 -0.08133984318633748 -14.881150024699682 0.08143081099062817 -0.004706161262020531 0.9966678860420779 1.367344540259711
48503000000 -0.13169206809269923 -0.9912720336767649 0.006079017338264228 -1.1040372370011218 0.9879404152082478 -0.13174827568315034 -0.0813395835535925 -14.881150193977666 0.08143055445975506 -0.004706071062748597 0.9966679074273084 1.3673445298221816
48537000000 -0.13169106438583983 -0.9912721671897188 0.00607898971236439 -1.1040370607371524 0.9879405717353015 -0.13174727441936246 -0.08133930416714483 -14.881150351783512 0.08143027864529673 -0.004705978970168584 0.9966679303969213 1.3673445209866908
48571000000 -0.1316900348972792 -0.9912723042092633 0.006078948627159748 -1.1040368812812138 0.987940733572463 -0.13174624646499195 -0.08133900350194642 -14.881150510579442 0.08142998008754154 -0.0047058952436157195 0.9966679551851254 1.3673445113304132
48605000000 -0.13168896474863145 -0.9912724466265181 0.006078908003151175 -1.104036700513379 0.9879409024248433 -0.131745178118176 -0.08133868303947756 -14.88115067801313 0.08142966215956093 -0.004705805105095086 0.9966679815860913 1.3673445007955012
48639000000 -0.1316879589115657 -0.9912725804766144 0.0060788710251312925 -1.1040365239927243 0.9879410650814223 -0.13174417430188823 -0.08133833329555429 -14.88115083558208 0.0814293153814446 -0.004705712777899378 0.9966680103543814 1.3673444917826265
48673000000 -0.13168692571842527 -0.9912727180432976 0.006078820435158255 -1.104036344237155 0.9879412341835769 -0.13174314226694334 -0.08133795095441598 -14.881150996280466 0.08142893462806061 -0.0047056273423325 0.9966680418658231 1.3673444818678742
48707000000 -0.13168585004851602 -0.9912728612645935 0.006078767745677886 -1.104036162841374 0.987941411925619 -0.1317420678987899 -0.08133753222323176 -14.881151168682408 0.08142851772821608 -0.004705535682231914 0.9966680763596922 1.3673444708973577
48741000000 -0.13168484083186122 -0.9912729956539046 0.006078715524011347 -1.1040359853282367 0.9879415836843688 -0.13174105996356827 -0.08133707854906866 -14.88115133249258 0.08142806593742247 -0.004705444400904167 0.9966681137021898 1.3673444612888268
48775000000 -0.13168380585749823 -0.9912731335265632 0.006078653083761862 -1.104035805439316 0.9879417608515733 -0.13174002563347614 -0.08133660191810124 -14.881151498367853 0.0814275901668307 -0.00470535806491431 0.9966681529802703 1.3673444508593378
48809000000 -0.13168273115942442 -0.991273276668941 0.006078591647424095 -1.1040356246818508 0.987941943227577 -0.13173895179149842 -0.0813361259994387 -14.881151670558943 0.08142711542302164 -0.0047052675692900725 0.9966681921938654 1.3673444396333982
48843000000 -0.13168172273515727 -0.9912734109482588 0.0060785396688199655 -1.1040354493645728 0.9879421146344005 -0.1317379446517511 -0.08133567526394053 -14.881151825378787 0.08142666657312074 -0.004705176504279915 0.9966682292944093 1.3673444303056865
48877000000 -0.13168068707228447 -0.9912735488748311 0.006078482809792417 -1.104035272202659 0.9879422872809281 -0.13173690982697012 -0.08133525429583931 -14.881151975164757 0.08142624671627188 -0.004705091958570981 0.9966682639952786 1.367344420658165
48911000000 -0.13167961109745235 -0.9912736921224179 0.00607843131191145 -1.1040350945620996 0.9879424621877797 -0.13173583508666203 -0.08133487050685667 -14.88115212664777 0.08142586461052213 -0.004705003720475429 0.9966682956292023 1.3673444106284716
48945000000 -0.1316785999038133 -0.9912738266926039 0.006078391363940026 -1.1040349223620154 0.9879426259730203 -0.13173482571237277 -0.08133451592075813 -14.881152260637055 0.08142551266590065 -0.004704913254517204 0.9966683248093937 1.3673444026365054
48979000000 -0.13167756154638732 -0.9912739649056134 0.006078345622141636 -1.1040347481919135 0.987942791432569 -0.13173378867837593 -0.08133418578226878 -14.881152390224395 0.08142518432046067 -0.004704829512939462 0.9966683520297177 1.3673443942888326
49013000000 -0.13167648242321373 -0.9912741085022209 0.006078304844001903 -1.1040345734155403 0.9879429593218937 -0.13173271125029107 -0.08133389153942497 -14.881152522083157 0.08142489240366596 -0.004704742264458821 0.9966683762903671 1.3673443855480842
49047000000 -0.13167546704324756 -0.9912742435618715 0.006078275230897774 -1.1040344038604148 0.9879431168482107 -0.13173169815800362 -0.08133361895705951 -14.881152637739639 0.08142462312584653 -0.004704652085813915 0.9966683987152225 1.3673443787372028
49081000000 -0.13167442471225982 -0.9912743822383682 0.006078239435657086 -1.1040342321473595 0.9879432763130999 -0.1317306576031198 -0.0813333672928148 -14.881152749969756 0.08142437389647961 -0.0047045685659137665 0.9966684194706759 1.3673443715016693
49115000000 -0.13167334217569676 -0.9912745262279062 0.0060782079531891894 -1.1040340598143121 0.9879434382937554 -0.13172957716831663 -0.08133314964619118 -14.881152865035046 0.08142415914576626 -0.004704481979651905 0.9966684374237544 1.3673443638522582
49149000000 -0.13166846229415802 -0.9912751770922337 0.006077772441711399 -1.1040345359184351 0.9879442924027553 -0.13172468983297364 -0.08133069037716693 -14.88115160021523 0.08142168719641958 -0.004704186344972314 0.9966686407652849 1.3673446087675503
49183000000 -0.13165744752129888 -0.9912766598284666 0.006074552781487719 -1.1040363298974754 0.9879459903978867 -0.13171346145690516 -0.08132824926050783 -14.881131074044777 0.08141889565030558 -0.004706139645083304 0.9966688595921545 1.3673462299943326
49217000000 -0.13174780482468867 -0.9912646555994813 0.006074412162306413 -1.1040309841361076 0.9879345515994828 -0.13180353670074746 -0.08132127316455065 -14.881104180809949 0.08141153284273966 -0.004712777569179788 0.9966694296745431 1.3673464850066337
49251000000 -0.13180059897712104 -0.9912576463391005 0.00607294685790441 -1.1040214426195893 0.9879293967388896 -0.13185614143496382 -0.08129861637824354 -14.88107112175461 0.081388630461546 -0.0047155636089068476 0.9966712869805392 1.3673479217129247
49285000000 -0.13184450595796243 -0.991251882092296 0.006060734046454359 -1.1040156258341745 0.9879294072798666 -0.13189923934387776 -0.08122854727346979 -14.881023059658828 0.08131735657504283 -0.00472196029075906 0.9966770743880187 1.3673500783492023
49319000000 -0.1318262944755088 -0.9912544039118609 0.006044403212752979 -1.1040091818174127 0.9879408618222714 -0.13188027628903226 -0.08111994987545706 -14.880980052177494 0.08120764512485637 -0.004722229480912027 0.996686018223395 1.3673511858270448
49353000000 -0.1317552322821401 -0.9912642817126511 0.005973488677577021 -1.104087251360806 0.9879807758182084 -0.13180543875633505 -0.08075464647870745 -14.880255833106899 0.08083653493272905 -0.004738155226650366 0.9967161102867346 1.3673797115101234
49387000000 -0.13147965996100708 -0.9913020436664739 0.0057755726305227795 -1.104303736544315 0.9880963343130924 -0.13151941946309975 -0.0798014813215831 -14.878445281087787 0.07986697148113059 -0.0047854494837678285 0.9967940440931972 1.3674551631717675
49421000000 -0.13144760119068227 -0.991307925198628 0.005488677400487314 -1.104676021577219 0.9882056026508038 -0.13147097124031198 -0.07851796361782881 -14.875602788112284 0.07855708135347805 -0.004897056209636451 0.9968975894291763 1.3675741501625733
49455000000 -0.1315663724214996 -0.9912942940352937 0.00509040871800772 -1.105204680269968 0.988331740014129 -0.13156729206352324 -0.07674906735404771 -14.871784125109624 0.07675064383112276 -0.00506658387285374 0.9970374458360969 1.3677322785506545
49489000000 -0.13155032363738378 -0.9913005208384918 0.004217788073723194 -1.105883550838793 0.9884842480329589 -0.13149521552932025 -0.07488591111560164 -14.867165205535843 0.07478906164417212 -0.005682048770721093 0.9971831880753665 1.3678974000638242
49523000000 -0.13118453055543844 -0.9913544322462106 0.00264737771066155 -1.1067330572752787 0.9886175214893796 -0.13101985063726107 -0.07395400559256932 -14.860371396082808 0.07366149025878592 -0.007084377515595028 0.9972581393240525 1.368212290207165
49557000000 -0.13104410804354105 -0.9913765146833416 0.0002188181511263848 -1.1079468829931918 0.9888330817267993 -0.13072370115736665 -0.07155732274478288 -14.851069230267964 0.07096885394138949 -0.0091607909063578 0.9974364649842196 1.368616421498347
49591000000 -0.13085611189542184 -0.9913983900999837 -0.0024310670031439663 -1.1093353973459912 0.989139340780737 -0.13039159791849414 -0.06783358837708138 -14.840897563927145 0.06693311960055656 -0.011281103643822971 0.9976936875620268 1.3691591211945897
49625000000 -0.1292569439707949 -0.9915956947381005 -0.005533589449421773 -1.1108356222471358 0.9896815995841385 -0.12865546315537246 -0.06307220659575513 -14.830997799143539 0.06183020200445577 -0.01362901233180757 0.9979936253017591 1.3696571503336532
49659000000 -0.12591653284613152 -0.9920077964831281 -0.008096818677599975 -1.1125522245380415 0.9904101443158823 -0.12523758554688674 -0.05833775109292113 -14.820987856910152 0.05685747789167633 -0.015364858706642566 0.99826406743142 1.3702005025199835
49693000000 -0.12135325337662578 -0.9925473528064891 -0.011096861346323768 -1.1142253284719996 0.9912038010258494 -0.12057910559486024 -0.054550014902400704 -14.81119184117437 0.05280542327088245 -0.017619072926082682 0.9984493755531165 1.3708227577063268
49727000000 -0.1158926546682219 -0.9931421980603792 -0.015409965144373632 -1.1156712419437622 0.992061534661103 -0.11497622156518122 -0.050935055908984304 -14.802022269880672 0.04881397381702575 -0.021190632515167902 0.9985830726853915 1.3712353588565531
49761000000 -0.11105592202403902 -0.9936136165259656 -0.019964048627028524 -1.116880169449541 0.9927548347356719 -0.10998789306565437 -0.048378729705598644 -14.792660641454878 0.04587396094016488 -0.025192150229187638 0.9986295285412357 1.371558055034817
49795000000 -0.10999267776214144 -0.9936376465863047 -0.02420409314855519 -1.1178171120580367 0.9930573180323484 -0.10884161103272355 -0.04461688929318981 -14.783117489860674 0.04169860838341195 -0.028943582954284324 0.9987109166644048 1.3718351014460821
49829000000 -0.11005255821333476 -0.9935191441635304 -0.028427884396604004 -1.1187878644020266 0.9932363284635427 -0.1088660996534499 -0.04037038724741974 -14.773271588516451 0.037013919691949324 -0.03267847191671052 0.998780299776796 1.3721298944379645
49863000000 -0.11033355926553146 -0.9933563469657024 -0.032705865571097184 -1.1198536722040773 0.9933667086260275 -0.10914284812923158 -0.036199736127945324 -14.763369031639284 0.0323896263222168 -0.03648296376659537 0.9988092437805693 1.3724400341406733
49897000000 -0.11020521641489428 -0.9932322486085913 -0.036667568761348635 -1.1209324279242747 0.9935273619196062 -0.10906585792233553 -0.03174932680755761 -14.753160362801065 0.02753527541199675 -0.03992917429132256 0.9988230422093791 1.3728505854949904
49931000000 -0.11041717295542502 -0.9930523087691667 -0.040683657219567466 -1.1220320288691517 0.9936680405588014 -0.10944460262963979 -0.02541070890928794 -14.743486339329072 0.02078155645191359 -0.04323182859269034 0.9988489054446466 1.373397442657575
49965000000 -0.11023020354008167 -0.9929374597534462 -0.043869160533181996 -1.1231761894600893 0.9937677211876585 -0.109370986324351 -0.021533779880156815 -14.733436934535355 0.016583683336357367 -0.04596942863265284 0.9988051827449571 1.3739556483165554
49999000000 -0.11001786473661623 -0.9928345318062403 -0.046643990951457666 -1.1242726469833197 0.9938705561683406 -0.10937856378970323 -0.016051397600693965 -14.724003171753449 0.010834529082030447 -0.04812402971890306 0.9987826043455027 1.3745607637758928
50033000000 -0.10992753720445048 -0.9927825256826783 -0.04794573248253234 -1.1254725395826104 0.9939063701815283 -0.1094014273609073 -0.01347052352269015 -14.714120891777556 0.008127968795670997 -0.049134350413112246 0.9987591059573567 1.3754398153938878
50067000000 -0.10935776640789846 -0.9927866774378833 -0.049147655367513476 -1.1266534154008767 0.9939939606802313 -0.10901867708697127 -0.00953594135016854 -14.70488278183723 0.004109143159183641 -0.04989530186355289 0.9987460006400237 1.3763063364801629
50101000000 -0.10815878661980455 -0.9928493561271919 -0.050515669992112155 -1.1279640587028203 0.9941333603435644 -0.1079815154042047 -0.006233312363764523 -14.69520191160564 0.000733981569496292 -0.05089350026115201 0.998703816405156 1.3771279666177043
50135000000 -0.10915948794435393 -0.9926656147335537 -0.05195366702536433 -1.129413438739221 0.994021239893214 -0.10913854748693874 -0.00324839862070472 -14.685184484324951 -0.002445574142046849 -0.05199764204362711 0.9986442131154712 1.377868459973623
50169000000 -0.10895785260550073 -0.9926081270017106 -0.053453648759968664 -1.131022060959389 0.9940330711703556 -0.10907690940756798 -0.0006937245305351988 -14.675314657913779 -0.005141962196385377 -0.05321028137727998 0.9985700907700581 1.3785889975113854
50203000000 -0.10943925189927822 -0.9924246670625069 -0.05582410187005883 -1.1325938284869732 0.9939766609439139 -0.10959144094213619 -0.0003370029882137568 -14.66532810085963 -0.005783393684863237 -0.05552473573191191 0.9984405621164374 1.3791087143815588
50237000000 -0.1081563560247899 -0.9925909486553408 -0.055366156620535914 -1.1344649067982535 0.9941122367669513 -0.10835376705826316 0.0005673398388467699 -14.655871733555582 -0.0065622680262237484 -0.054978812389632946 0.9984659567689715 1.379365291509326
50271000000 -0.10729125786792326 -0.9929462338142513 -0.05046149759186112 -1.136839355262944 0.9941841965064334 -0.10667386943484125 -0.014780696758140765 -14.643672810829006 0.009293513973545636 -0.051753862985221014 0.9986166272720132 1.3791846567085144
50305000000 -0.10724132536896325 -0.992658627665697 -0.05592984046073621 -1.1371888267703891 0.9942035655806403 -0.10750134474384732 0.0016525934182211564 -14.636366707890357 -0.007652994175458755 -0.05542842049995424 0.9984333337188971 1.379962816633298
50339000000 -0.10668023293680551 -0.9927674530819534 -0.05506461660377432 -1.1383420024974713 0.9942693392912748 -0.10689905812091216 0.001035527958927012 -14.625227609957188 -0.0069143941051117395 -0.054638589605091145 0.9984822560667393 1.3797230623492613
50373000000 -0.10707221977757364 -0.9928047367931198 -0.05361244587823973 -1.1394463141240705 0.9942451756494345 -0.10710421407449922 -0.0022842997415118936 -14.61360936411417 -0.003474255276772184 -0.053548500713167274 0.998559205866955 1.3795221066317043
50407000000 -0.10755212145387716 -0.9928343306635752 -0.052081983704362775 -1.140535942396764 0.9941985308136614 -0.10747547811156177 -0.004278192684861629 -14.602443926544344 -0.0013499995289005598 -0.05223996037998384 0.9986336485622593 1.3793726151600534
50441000000 -0.10798123873740906 -0.9928583891640849 -0.05071756251274159 -1.1416239674896047 0.9941528086799029 -0.10781521294459506 -0.006006067896114312 -14.591716987444798 0.0004950500942041379 -0.051069549872804 0.9986949764573736 1.3792071462140438
50475000000 -0.1083640273061644 -0.9928655121000471 -0.04975251218080033 -1.1427298021264576 0.9941099432264007 -0.10814600279934267 -0.007061363673377636 -14.58121572097715 0.0016304491381135926 -0.050224664865346866 0.9987366142656291 1.3791042451282052
50509000000 -0.10856678670985737 -0.9928871786456577 -0.04887027015028804 -1.1438879854546593 0.9940844765761501 -0.10828414266198755 -0.008402254357006304 -14.570815645231004 0.0030506153179075124 -0.049493382679143216 0.998769792703583 1.3790034937403217
50543000000 -0.10884938689919427 -0.9928977398802031 -0.048019674222697706 -1.1450560992746888 0.994045559530094 -0.10847679829240114 -0.010305814413827042 -14.56043583861639 0.005023599324391306 -0.04885552551159632 0.9987932223822977 1.3789034927144934
50577000000 -0.10916682618607737 -0.9929371442123666 -0.0464589249106058 -1.1462926204468924 0.9940001485147517 -0.10872500116764233 -0.01194063958706304 -14.5500444762142 0.006805057906494483 -0.047483699987329354 0.9988488321174547 1.3791731047934828
50611000000 -0.11100511199719798 -0.9928415241353417 -0.044085973541496425 -1.147647782611888 0.9937745891041023 -0.11046749815529422 -0.014456759743548724 -14.540250950583152 0.009483204176973757 -0.045416294475904145 0.9989231346978685 1.379541478432963
50645000000 -0.1130297779587689 -0.9927583158902941 -0.040684094253880865 -1.1491059071506549 0.9934992728770803 -0.11236629719084201 -0.018248562911422593 -14.530495664732767 0.013544891557490172 -0.04248224907283796 0.9990054026012118 1.3800675426139388
50679000000 -0.11655627199679014 -0.9924808203867684 -0.03736919349701309 -1.1507669075620517 0.993033691824326 -0.1158013324978005 -0.021774716840488206 -14.521043936849072 0.017283586432215062 -0.03964684799754954 0.999064264741713 1.380632611743933
50713000000 -0.12120442357872002 -0.9920441437720766 -0.03402799601031154 -1.1525889228799966 0.9923798019783314 -0.12033706145805773 -0.02648245202180679 -14.5113806685177 0.022176932393771012 -0.03697848627468662 0.9990699551194775 1.3810015002341178
50747000000 -0.1252987989943754 -0.9916474972652091 -0.030585162059639022 -1.1545715194978898 0.9917494006592572 -0.12435111899098933 -0.031143626919369078 -14.501048838452682 0.02708020056371687 -0.034235075191039105 0.9990468569412012 1.3812999064787295
50781000000 -0.12710567694525426 -0.9914853750866097 -0.02830013918082083 -1.156329899638268 0.9914268069422467 -0.12612363090143214 -0.034142586377436196 -14.490912901618824 0.03028255875235829 -0.03239723317822821 0.9990162090365731 1.3818478074309064
50815000000 -0.1265862739086368 -0.9916153347455664 -0.02597966811501399 -1.1581039045941353 0.9912217304460539 -0.1254419764795232 -0.04175873116417074 -14.480423881405335 0.03814965726527988 -0.031037693766603175 0.9987899004376208 1.382463930814369
50849000000 -0.12601589960449122 -0.9917490837380569 -0.023531849727456026 -1.159760758606109 0.9910846132075741 -0.12482623535434223 -0.04658004326377994 -14.470417362703378 0.04325832301493036 -0.029191880240695862 0.9986373473979174 1.3831481604210991
50883000000 -0.12584031276843682 -0.991797191085002 -0.0224175698558677 -1.1613067650764493 0.990828136929833 -0.12453173553225166 -0.052454264969421065 -14.460165349356426 0.04923229377653352 -0.028812820084574177 0.9983716756039684 1.383862633269288
50917000000 -0.12569865208285358 -0.9918589594673528 -0.020387579279903072 -1.1627976747847852 0.990400331482975 -0.1242695454980407 -0.06053316000444815 -14.449421707357113 0.057506801884363884 -0.02780080189582626 0.9979579566048773 1.3843926222401404
50951000000 -0.12540423597585038 -0.9919093967203723 -0.019736420575691818 -1.163987192246494 0.9900777073340816 -0.12385178667922025 -0.06638424795426759 -14.43932591993116 0.06340276838910121 -0.027865455930098475 0.9975989200707897 1.3851394447584409
50985000000 -0.1255798925411596 -0.9919223896692537 -0.017879134827739604 -1.1653102833668025 0.9896395358758951 -0.1239859730935094 -0.07239521743457211 -14.429246202805034 0.06959367514863862 -0.026785282318714215 0.9972157585148829 1.385805796096831
51019000000 -0.12557165212611565 -0.9919585924880358 -0.01580857272093789 -1.1666826702734836 0.9892152022232367 -0.1239815207635242 -0.07798632059281292 -14.418795370925377 0.07539922992152477 -0.025430951581079747 0.9968290840605133 1.386668490977073
51053000000 -0.12565082679241718 -0.9919794199703977 -0.013736814826436287 -1.168009162950331 0.9888244718743859 -0.12410729902701817 -0.08260473443187394 -14.408659284335679 0.08023735756319572 -0.02396265184432011 0.9964877107962065 1.3876441184234174
51087000000 -0.12576270029981512 -0.9919942978221225 -0.01144798242893693 -1.1692962066442654 0.9883877736511738 -0.12429676848920151 -0.08740664871746356 -14.3986835829257 0.08528394989782717 -0.022307542032600318 0.9961069327428098 1.3886444889082543
51121000000 -0.12509636232694332 -0.9921107834288055 -0.008191064451476313 -1.170620470621604 0.9880261251604384 -0.12382136500308316 -0.0920469747966948 -14.387935608145124 0.09030656749659034 -0.01960772738119789 0.9957209754212919 1.3898503824375121
51155000000 -0.12541138333067986 -0.992084486522482 -0.006352679159939756 -1.1720094044791856 0.9874520873015877 -0.1242012617511235 -0.0975316454447837 -14.377761313844898 0.09597062162361639 -0.01850454487018753 0.9952121490437726 1.391013089982122
51189000000 -0.12611072312775434 -0.9920027239222488 -0.00516538895284302 -1.1733270930255217 0.9868890192216012 -0.12492852129728554 -0.1021906468631062 -14.368729136838263 0.10072809564377391 -0.017985002010368643 0.9947514214368665 1.3920204744726434
51223000000 -0.12707591879612695 -0.9918838508873783 -0.004258780452842677 -1.17471213274408 0.9862928202619025 -0.12590168395330065 -0.10665476397023249 -14.36015052644864 0.10525295037167831 -0.017753656709211807 0.9942869928302938 1.393019701800915
51257000000 -0.1255556257648246 -0.9920826744944757 -0.002784206653825637 -1.1758280524679505 0.9858746447505762 -0.12445540666241006 -0.11208049156931515 -14.350525123583504 0.11084660426340767 -0.01681721500076705 0.9936952307437574 1.3943082095557164
51291000000 -0.1253460641557193 -0.9921127507481495 -0.0008087048969447133 -1.1771100376771033 0.9853702343962469 -0.12439924098184924 -0.11649175940393924 -14.341260777601256 0.11547235758637556 -0.015398657281718582 0.993191328993243 1.3955342926442451
51325000000 -0.12538068098462374 -0.9921086163272005 -0.0004221909045163674 -1.1781943963224801 0.9847821557038218 -0.12440313356555432 -0.12135883225544211 -14.332695658647657 0.12034862127654677 -0.01563181910075423 0.9926086114821067 1.39665491979776
51359000000 -0.12482935405658996 -0.9921781784190381 0.00030762785055589437 -1.1789672852178095 0.9838869444212052 -0.12382619324139493 -0.1289711381079108 -14.323907691829062 0.12800044126220644 -0.015796712836051448 0.9916483000037142 1.3978307887357295
51393000000 -0.12197346352029065 -0.9925333457510433 0.00017823889645914026 -1.1794696283001593 0.9834434621102847 -0.12088064267130999 -0.1350067667189619 -14.315138224552237 0.13402026350295487 -0.016291955057971187 0.9908446604644885 1.3988332993753814
51427000000 -0.1210309774476413 -0.9926486579551672 0.0003799445670627649 -1.180120056981774 0.9828906863887252 -0.11989473360719699 -0.1398254321057501 -14.30611632964709 0.13884308088042768 -0.016549764743487752 0.9901760975597049 1.3997822126945156
51461000000 -0.12030331141534328 -0.9927364312280913 0.0012212186604685649 -1.1809897656577186 0.9819949214513124 -0.11918191624250113 -0.14656617987993276 -14.296369989562049 0.14564713353284464 -0.016433166258491075 0.9892001129904844 1.4007742200243352
51495000000 -0.11921144799673516 -0.9928673059562408 0.00177297200153545 -1.1820153484039402 0.9810619785638904 -0.1180682014663838 -0.1535489954991503 -14.286514615154001 0.15266310910899986 -0.01656540267213312 0.9881394448920069 1.4018055113946388
51529000000 -0.1183438940780479 -0.9929698593960197 0.0023624278809211696 -1.1831368020613933 0.980014904492541 -0.11718233780038134 -0.16074540951490035 -14.2765485359103 0.15989218150653736 -0.016708023183072324 0.9869930760924286 1.402872121599886
51563000000 -0.11832458798085743 -0.9929683877325275 0.003615638674658375 -1.1843242649401284 0.9787486515321682 -0.11724273703709498 -0.16824154580844045 -14.26659026979153 0.16748244386538935 -0.01636831011179682 0.9857391690609445 1.4041795064265612
51597000000 -0.11843522641744375 -0.9929479026670088 0.005249736435055441 -1.1855055789862876 0.9774859082348276 -0.11751750167026165 -0.17524535943503475 -14.257048699752087 0.1746264480134189 -0.015623680436081033 0.9845107943866579 1.405514911740877
51631000000 -0.11859927344254068 -0.9929168855635558 0.007090183472254 -1.1867234303516627 0.9761185850735777 -0.11789572703257084 -0.18246398390207955 -14.247603531050967 0.1820074729588273 -0.014719236061369434 0.9831869730000045 1.406863608099176
51665000000 -0.11904446312852285 -0.9928369420005324 0.010159842394097549 -1.187935214778253 0.9749252134295708 -0.11882219892102414 -0.18815449307119442 -14.238562636008144 0.18801394633842278 -0.01249366409840337 0.9820868924589357 1.4084720534429134
51699000000 -0.11913706970609805 -0.9927761487421091 0.014208346512887424 -1.1891624674133872 0.9737932247442275 -0.11962739447665194 -0.1934322670418929 -14.228966989659773 0.19373464858946376 -0.00920896191291054 0.9810107445672569 1.4101960427193587
51733000000 -0.11832080453386384 -0.9927914450583986 0.019113707994954737 -1.1904807183843904 0.9727683652997883 -0.11975501722984172 -0.19844506373366466 -14.218280044242544 0.19930352401911286 -0.004886969115671463 0.9799256210786744 1.4122814691005026
51767000000 -0.11835618014911359 -0.9926827924117095 0.02393090617176255 -1.1919001554099964 0.9716355647487046 -0.1207485478140014 -0.20333252941001895 -14.207563402219648 0.20473432525098706 -0.000813541947878374 0.9788172424990902 1.414530521343631
51801000000 -0.11838725325537369 -0.992556888613993 0.028553128227177482 -1.1932338867919978 0.9704318961811054 -0.1217440616565969 -0.20842341117470253 -14.197078396586377 0.2103482663132559 0.0030341912043136965 0.9776218085449727 1.416745296157561
51835000000 -0.1189105726896395 -0.992357011045959 0.032982394251363956 -1.1944012697752584 0.9693994923813227 -0.12321660881304813 -0.21232590864858203 -14.187888712044995 0.21476708284431223 0.006725320850541894 0.9766421402878342 1.4186316867311668
51869000000 -0.12081776530596072 -0.992013594559995 0.03622286287183249 -1.19532409964553 0.9681324723757407 -0.1258161396140089 -0.21654056189144794 -14.179815499816682 0.21936860194227795 0.00890658300281276 0.9756013987593009 1.4203200952416175
51903000000 -0.12380018921564767 -0.9915679649720762 0.03829469925858585 -1.1958885460825885 0.9669829882685673 -0.12921378019002255 -0.2196535895636504 -14.172853147332777 0.2227496656548824 0.009837166774037301 0.9748260442768741 1.4218413679396134
51937000000 -0.1253615481277498 -0.9913047373645593 0.03999249841653463 -1.1964632199242515 0.9662277799457558 -0.13113943765820968 -0.22182498766321423 -14.166290262040489 0.22514075488927032 0.010833539092612879 0.974266018558904 1.4232236203633128
51971000000 -0.12470803466581454 -0.9913068405090134 0.04193630944453623 -1.1971597091260546 0.9655405409190477 -0.13098036205390035 -0.22489021454474706 -14.159087466141312 0.22842804103599706 0.012445590233777282 0.9734812465333835 1.4247675956028318
52005000000 -0.12370212274861653 -0.991379634297557 0.04317644644396286 -1.1976272733853033 0.9653344412795745 -0.13030218731021054 -0.2261653299284107 -14.151707898112125 0.22984168748714467 0.013702579400134723 0.973131562539642 1.4264579978571723
52039000000 -0.12092372911905053 -0.9916024813989275 0.045847253128542376 -1.1985537867562641 0.9651452628151684 -0.12824548617122272 -0.22813968734559642 -14.143742123907016 0.2321035833445539 0.01666175741621681 0.9725483599484508 1.4279929389855244
52073000000 -0.11847873693005623 -0.9918392674265204 0.047092000236580056 -1.1993336479126018 0.9643655597268799 -0.126236609348172 -0.23251534502681498 -14.134080971664936 0.23656258391410995 0.017865778771174623 0.971451984320779 1.4302490842325843
52107000000 -0.11754161162990429 -0.9918506767753302 0.04915490327285865 -1.2004276209762474 0.9640012356551436 -0.12584938417722358 -0.23422969529410612 -14.12447530388147 0.2385069961045188 0.019853651617094153 0.9709378174356307 1.432213148550234
52141000000 -0.11716355252660254 -0.9918391213877146 0.0502778205990755 -1.2015747375282917 0.962899097062902 -0.12584610440267457 -0.2387217771425966 -14.11484755398221 0.24310086555747695 0.02044297658164987 0.9697855710793433 1.4344023820030158
52175000000 -0.11683323086497771 -0.991858577745091 0.050661207241207956 -1.202603246728139 0.9621700377479765 -0.12568292464190572 -0.24172840319977973 -14.10624866733119 0.24612763889029007 0.02050278534596882 0.9690205473401214 1.4364550203425615
52209000000 -0.1152725319196114 -0.9920069736729932 0.05132648019289317 -1.2035181208383057 0.9612746159731383 -0.12442456454522344 -0.24590575516532115 -14.09731491061996 0.25032649893796205 0.020992663525165642 0.9679338572483047 1.4386021552865738
52243000000 -0.11145837185808943 -0.992387772650309 0.052378812862674054 -1.2041595585929818 0.9606850493316645 -0.1210847215872039 -0.2498454045780448 -14.087271622028094 0.2542857985286663 0.022472180408417558 0.9668680022497025 1.4410151054216438
52277000000 -0.10828045199839464 -0.9927075599173792 0.05298154582405369 -1.204968854914038 0.9599948909226935 -0.11825885850438289 -0.25382011698753554 -14.076154412677308 0.2582346861235904 0.023378256310582365 0.9657993083526865 1.4437106396140917
52311000000 -0.10743941736832985 -0.9928545804454174 0.05192835144801268 -1.2060127485762357 0.9596080737041712 -0.11721840202233402 -0.25575807144467744 -14.066480756202562 0.26001753109612447 0.0223523671203968 0.9653451482277162 1.446109513465786
52345000000 -0.10445157933127508 -0.9932114031923627 0.05119546995448661 -1.2067189079865026 0.9591340694925374 -0.11421175638485642 -0.25887740620257094 -14.057255233687776 0.2629671164117047 0.02206316550598715 0.9645524933428811 1.448287863787071
52379000000 -0.10246886448339476 -0.9934060076808671 0.05142602176957406 -1.2071673209146154 0.9587305814041471 -0.11241118550067986 -0.26115014389197205 -14.049077874565583 0.26520898192170955 0.02254394104616053 0.9639273658477373 1.4501462440947306
52413000000 -0.09983717046679419 -0.9936856099647028 0.05120007756108132 -1.2076962306522128 0.9581928062995223 -0.10988325165386126 -0.2641821662448476 -14.041201136307775 0.2681400480141494 0.022684346035331884 0.9631128361183434 1.452093782454553
52447000000 -0.09431878451588804 -0.9942333748262688 0.051029043387206124 -1.207662184100761 0.9583616166618056 -0.10455427807172424 -0.26572808403755693 -14.034756675005239 0.2695310345708186 0.023841126619110156 0.9626965368612872 1.453674000742015
52481000000 -0.08968278809530777 -0.9946683508783021 0.050910404442424395 -1.207190238733593 0.9586163442617623 -0.10007425091996952 -0.26653301637324706 -14.029907204104171 0.27020677643920543 0.02490012176367956 0.9624802761108859 1.4548203368264898
52515000000 -0.08629676297484401 -0.9949912237140048 0.05045129762623622 -1.2063757069472345 0.9589089255337189 -0.09669186796019502 -0.26672899205399003 -14.025890597695511 0.27027123641229905 0.025360350992753827 0.9624501604580322 1.4557871393371664
52549000000 -0.08394669718638142 -0.9952188897298058 0.0499230763922944 -1.2055331069060506 0.9589586272158817 -0.09430196314212097 -0.2674051066000307 -14.021583095607891 0.27083445740845036 0.025426389293703375 0.9622900786185813 1.456846824510378
52583000000 -0.08231386280334463 -0.9953937972835417 0.049148919823774714 -1.2049958780343546 0.9588636292792819 -0.09254356891797766 -0.2683583952427935 -14.016131369303249 0.27167069852259734 0.025037495509240004 0.9620645276606289 1.4582518578189332
52617000000 -0.08141159526008934 -0.9955216103007727 0.04805076046603257 -1.2051598231382636 0.9586457661090475 -0.0914050814254681 -0.26952440744912376 -14.00956822437573 0.2727094557920666 0.02412124610711866 0.9617940102786225 1.460033781520231
52651000000 -0.0812129923989437 -0.9955654261628238 0.04747559472870311 -1.2057221757455183 0.9582095895890702 -0.09109722218381261 -0.2711746273712543 -14.00252533939374 0.27429697826471705 0.02346866718899955 0.961358616425326 1.461871727479356
52685000000 -0.08001774571135117 -0.995717339345759 0.04630486472797546 -1.2062794439258577 0.9576598560087237 -0.08968183895767307 -0.27357771830052346 -13.99321018543312 0.2765587831919719 0.022453237792633446 0.9607346624078905 1.4643327350203088
52719000000 -0.07992102082097985 -0.9958758509998131 0.04294088758200336 -1.20692172569889 0.9582972006016826 -0.08861998609654875 -0.27168543093663666 -13.984403770135884 0.2743703805987646 0.01943675537854156 0.9614276399139166 1.4661486541325357
52753000000 -0.07965522254364937 -0.9959730506010548 0.04114277576866139 -1.2078530996305843 0.9579424319567879 -0.08789792984058625 -0.2731670752240357 -13.975681215142172 0.2756834100526115 0.017653226508715952 0.9610863754187735 1.468266394490189
52787000000 -0.07904723122493185 -0.9961119437591176 0.03889126812158453 -1.2085158686828315 0.9580096297905404 -0.08669468445975725 -0.2733158994918067 -13.967340902561219 0.2756248981210957 0.015653344270664726 0.9611378092390706 1.470241942246228
52821000000 -0.07887921117718932 -0.9962114087491433 0.0366182894482006 -1.2091883194070836 0.9588151938580033 -0.08586992304434993 -0.2707393217532269 -13.959368935560338 0.27285801082450234 0.013754468161483152 0.9619559867969485 1.4721425421074845
52855000000 -0.07853848555135029 -0.9963004008616493 0.0348886447174106 -1.2099712672309952 0.9586997559857647 -0.08507826460562679 -0.2713972489995623 -13.949967875260395 0.27336145331801226 0.012132606258027256 0.9618348692500456 1.4744057297934319
52889000000 -0.07856450484874733 -0.9963680760970005 0.032837105728625623 -1.2108074355705538 0.9597160395455536 -0.08450564754365564 -0.26796253277692533 -13.940741923206282 0.2697642341320815 0.010461953354379827 0.9628695682776263 1.4766386377338843
52923000000 -0.07925124691846469 -0.9963617603761851 0.031344574043014176 -1.2117727784609778 0.9601175901909168 -0.08475038388709749 -0.2664424617754768 -13.931766394879423 0.2681295449365015 0.008978579568007627 0.9633410259306336 1.478751535883603
52957000000 -0.07976837494651373 -0.9963598937393001 0.03006606901813831 -1.2125887148579582 0.9605992918243391 -0.0848916028011591 -0.26465527827804425 -13.923398164216469 0.26624426173153704 0.007770323137508389 0.9638742735301986 1.480647318246119
52991000000 -0.08051555977177904 -0.9963394758772912 0.028720958257031082 -1.2133856706006358 0.9614466461342912 -0.08523248674250428 -0.26144936381795314 -13.916274905106691 0.262940280808705 0.006562927110207478 0.9647897888742325 1.4822249668697893
53025000000 -0.07991465617021343 -0.9964221425353424 0.027505664770629032 -1.2138300446410082 0.9618311225398782 -0.08432656718778875 -0.2603265675646672 -13.910023802202884 0.2617146144999825 0.005651896283637464 0.9651287565011855 1.4836897629185173
53059000000 -0.08028131851569159 -0.9964135027500874 0.02674025868768172 -1.213704659688422 0.9625697862263675 -0.08446589420879608 -0.2575362486323709 -13.905624600772347 0.2588712354463276 0.00506401548284785 0.9658985656919064 1.4847019351249535
53093000000 -0.08213218045530396 -0.9962704331028321 0.02644861166021449 -1.2131481021098378 0.9624856080797698 -0.0861772438902158 -0.25728376721978086 -13.901665417406814 0.2586034786559792 0.004325131279131783 0.9659738785632068 1.4855656768011438
53127000000 -0.08508360994737524 -0.9960263504852643 0.02631137505582344 -1.2123839058382926 0.9622945891941638 -0.08899219462444313 -0.2570399052745712 -13.897752063949648 0.2583600257895138 0.003449410809185316 0.9660425449425669 1.4863696251958733
53161000000 -0.08888784161162194 -0.9957012789973118 0.026036793518881343 -1.2118128755582354 0.9621386390340315 -0.09259500323067976 -0.2563501602387873 -13.893076894565898 0.2576590594009237 0.0022645926406473504 0.9662332434401144 1.487370296271871
53195000000 -0.09158411048544068 -0.9954826301027482 0.02503365475326244 -1.2118458670455132 0.962507574479047 -0.09494026821276091 -0.25409745087692404 -13.887260139871014 0.25532630059798456 0.0008237933017274379 0.9668545917497333 1.4886486052557204
53229000000 -0.09199311497773588 -0.9955008663674204 0.022700040934076376 -1.2122067239904086 0.9635756830980068 -0.09474566224172587 -0.25009030854590664 -13.880776273253858 0.25111584923875885 -0.0011333790594756643 0.9679563759348894 1.4899358636678859
53263000000 -0.09011337292959792 -0.9957269625868187 0.020184053034003266 -1.212657020252118 0.9643926210087331 -0.09230160254276804 -0.24784528785503096 -13.87280101183009 0.24864925610819244 -0.0028688230452822844 0.9685893439901028 1.4915876667437582
53297000000 -0.08721668904417762 -0.9960534614071614 0.016454518254379047 -1.2130225344545174 0.9660892675362713 -0.08859951186811882 -0.24253175801936078 -13.864013037157616 0.24303245936171142 -0.00525628343447708 0.97000391503388 1.4933484037040752
53331000000 -0.08627872083320215 -0.9961895045575875 0.012745718524072164 -1.2137151049642088 0.9673843820671637 -0.08682860630575379 -0.23796691042985876 -13.854582420097586 0.2381668315780314 -0.008201471594105864 0.9711896293720257 1.4952212953010264
53365000000 -0.08634406495666508 -0.9962186303672306 0.009651059838093279 -1.2145383650347035 0.9682349040819983 -0.08619253001395916 -0.23471688965031123 -13.845343678470455 0.23466118759625082 -0.010921917369767012 0.9720158634286198 1.497019320428376
53399000000 -0.08669828255396345 -0.9962083781432378 0.007230153484745025 -1.2154052602719265 0.9694666486766079 -0.08603760729913773 -0.2296343772913501 -13.83615543752463 0.22938575567358122 -0.012899513458235645 0.9732501105299711 1.4988201046818235
53433000000 -0.08666462199686259 -0.9962291675709191 0.004085214204288187 -1.2163199616071856 0.9709140358929161 -0.08537966303988426 -0.22368783615861929 -13.826529269030061 0.22319314102424925 -0.015419429955410346 0.9746522779840923 1.5007270586057015
53467000000 -0.08615916599989898 -0.9962813309377924 0.0003282362306930853 -1.2171543490992407 0.9725066188670327 -0.08417464685033965 -0.21713015701977606 -13.817535031109754 0.2163503509911964 -0.01838854133535002 0.976142605961621 1.502510000946827
53501000000 -0.0859550957795196 -0.9962947546290586 -0.0029126290799751653 -1.2179755012620834 0.9737819076896108 -0.08339406496812013 -0.21164646508854112 -13.808501015686904 0.2106193670247722 -0.02102835767997277 0.9773419516256157 1.5043031584602076
53535000000 -0.08538694936557523 -0.9963303833817776 -0.005902205381122225 -1.2188929642531048 0.975363159705827 -0.08237770746021655 -0.20464755068718604 -13.799841428242305 0.2034103624860496 -0.02323102373807985 0.9788179319819262 1.506059696411914
53569000000 -0.0837783989840471 -0.9964483888244056 -0.008472796050666101 -1.2199691812516333 0.9766970389994012 -0.08042580559196583 -0.1989838782532028 -13.792158204748338 0.19759573343944437 -0.024945905558421286 0.979966136110018 1.5076927222389889
53603000000 -0.0811218182214209 -0.9966441776695478 -0.010937720321992112 -1.2210135032012719 0.9778018006190778 -0.07745148866197665 -0.1946918221449826 -13.785541962552324 0.19319132825916532 -0.026488677230754237 0.980803477086019 1.5091026594385981
53637000000 -0.07887861095372972 -0.9967977719624391 -0.01312884399815388 -1.2218025042693823 0.9788823472446536 -0.07495597544520372 -0.19018662412971082 -13.779835390123072 0.18859351788120404 -0.02785325036285244 0.9816601659726327 1.5103071971518918
