1690902618003922944 0.32024961813327346 0.9445018273056395 0.07318797921653811 -1.4443551301956177 -0.9473320292943416 0.31941326125949354 0.023177463291721788 -2.4214813709259033 -0.0014860546952058587 -0.07675589063962701 0.9970488076787216 0.4753403663635254
1690902618023897446 0.32021570126332266 0.9445388491361714 0.07285785569830616 -1.4443690776824951 -0.9473433924535543 0.3193926754484018 0.022995991922568303 -2.4215023517608643 -0.0015496577136282289 -0.07638508586385578 0.9970771871919153 0.4753730297088623
1690902618044094636 0.3205131617249669 0.9444322493650416 0.072931745628039 -1.4443663358688354 -0.947243056765828 0.3196735805144898 0.02322484294836684 -2.4215190410614014 -0.001380061591211311 -0.07652795750791834 0.9970664808074086 0.47534704208374023
1690902618064038400 0.3206020176194496 0.9444519997466672 0.07228254611494837 -1.444412112236023 -0.9472127268221215 0.31979145927096786 0.022835777270453637 -2.4215166568756104 -0.0015480453930709487 -0.0757881438740018 0.9971227410923865 0.47534412145614624
1690902618094065264 0.32007742368146336 0.9445484088597571 0.07333993570994093 -1.4443624019622803 -0.947389575418345 0.3192677554135113 0.0228274558780962 -2.421483039855957 -0.0018534395283119898 -0.07678804382011296 0.9970457166490388 0.475371778011322
1690902618103873904 0.32010442874480777 0.9445598285865578 0.07307451620430257 -1.4443904161453247 -0.9473810866383666 0.31927199793918687 0.023118564225047097 -2.4214940071105957 -0.0014937797254093582 -0.07662976936186394 0.9970584973158192 0.4753580689430237
1690902618123901293 0.3203081202662503 0.9444647867381133 0.07340963631044581 -1.4443877935409546 -0.947311292052273 0.31950831381794836 0.022710203686112422 -2.42146897315979 -0.002006001434356093 -0.0768160400758982 0.9970432648312226 0.47538915276527405
1690902618144101123 0.32037373226403215 0.9444601826509584 0.0731822045454535 -1.444367527961731 -0.9472900043912151 0.31954005773116195 0.023147334309966204 -2.421499252319336 -0.0015229102750744378 -0.0767405687500686 0.9970499314739509 0.4753546416759491
1690902618163908732 0.32058560511978773 0.9444262159230652 0.07269107556791037 -1.4443973302841187 -0.9472183181164315 0.31976339498912654 0.022996283388995967 -2.4215128421783447 -0.0015256522076422668 -0.07622659576727786 0.9970893533094582 0.475337415933609
1690902618194064439 0.3205182028795856 0.9444441790424002 0.07275489190265705 -1.4443901777267456 -0.9472410777577357 0.31969714948633715 0.022979843747812746 -2.4215147495269775 -0.001556351889540411 -0.07628188043852305 0.9970850778572302 0.4753418564796448
1690902618203917834 0.32009451968883884 0.9445489166586676 0.07325873670839295 -1.4443538188934326 -0.947383747058951 0.3192888990934961 0.022773553174795173 -2.4214956760406494 -0.0018799664128817395 -0.0766938260526967 0.9970529187418717 0.4753836989402771
1690902618223946328 0.32044708668232086 0.9444319220897125 0.07322574120310876 -1.44436514377594 -0.9472650246564708 0.3196202823045264 0.023061834318869472 -2.4215166568756104 -0.0016240995626114266 -0.07675428116728325 0.9970487162737358 0.47537416219711304
1690902618244061548 0.3207933062155416 0.9443451397799282 0.07282795933794767 -1.4444174766540527 -0.9471477774395137 0.319977530721393 0.022923078432647046 -2.421541929244995 -0.0016560128897701865 -0.07633240994143944 0.9970810502731666 0.47535988688468933
1690902618264047364 0.3205442425281502 0.9443972028929154 0.07324828837653598 -1.4443919658660889 -0.9472320541562554 0.31972111197729386 0.02301838688795676 -2.421481132507324 -0.0016805240180862435 -0.07676153805155594 0.9970480640946977 0.47536543011665344
1690902618294113068 0.320218075127964 0.9445129411823321 0.07318256828263173 -1.4443585872650146 -0.9473418438550851 0.31941977656256354 0.0226812085650087 -2.4214847087860107 -0.001953264597806509 -0.07659184212318199 0.9970606172533285 0.4753783345222473
1690902618303931411 0.32016076780551384 0.9445296944907304 0.07321706756919122 -1.4443668127059937 -0.9473619945894731 0.3193273936667588 0.023135835006545633 -2.421483278274536 -0.0015277321882723113 -0.07677025386985854 0.9970476388594072 0.47536399960517883
1690902618324011392 0.32069840347078743 0.9443833771227031 0.07275005859521 -1.4444122314453125 -0.947179907169328 0.3198852198553989 0.02288382775600638 -2.4214954376220703 -0.0016605619505103489 -0.0762462007734259 0.9970876387768666 0.47535547614097595
1690902618344060832 0.320380951986502 0.9444587845454715 0.07316864013437166 -1.444388747215271 -0.9472862932850954 0.3196002048110362 0.022458576066342672 -2.421485424041748 -0.0021735129184501656 -0.07650694987799614 0.9970666790450671 0.47542163729667664
1690902618364096090 0.3201409305726139 0.9445305743453739 0.07329241910934003 -1.4443660974502563 -0.9473676315364176 0.3193510870454836 0.022571085927506746 -2.4215023517608643 -0.0020869329600541817 -0.07666079395405637 0.9970550473174258 0.4753933846950531
1690902618384043241 0.32007440759751676 0.9445669780918756 0.07311359312385429 -1.4443587064743042 -0.9473910473309702 0.3192501516734177 0.023011825082485043 -2.42149019241333 -0.001605315615637308 -0.07663265984475282 0.9970581018209983 0.4753577411174774
1690902618403946898 0.3204824044530753 0.9444692624778118 0.07258678027432805 -1.4443928003311157 -0.9472534545881076 0.31965187729632727 0.023099136603548617 -2.4215304851531982 -0.0013860760697571861 -0.07616094521178046 0.997094573858256 0.4753286838531494
1690902618423964205 0.32028633788719796 0.9445321033621177 0.07263447859757435 -1.4443880319595337 -0.9473197639514932 0.31945549385018424 0.02309658580444481 -2.4215049743652344 -0.0013880164605828693 -0.076205598004797 0.9970911594448306 0.4753192365169525
1690902618444056031 0.3206410287567178 0.9444153419776582 0.0725878262180146 -1.4443947076797485 -0.9471999556111426 0.3197993637063708 0.023251044347511383 -2.4215087890625 -0.0012548976385570246 -0.07621042455086688 0.9970909669742745 0.47532200813293457
1690902618464048193 0.32053561831792526 0.9444568858708914 0.07251281349253401 -1.4444361925125122 -0.9472354415405285 0.31970712997138523 0.02307313015131722 -2.4214887619018555 -0.0013912868378415516 -0.07608246694552888 0.9971005578899338 0.47533395886421204
1690902618784068416 0.31945778509076683 0.944884870058028 0.07168895228920785 -1.445418119430542 -0.9476002986635209 0.31859254697645434 0.023504531134679974 -2.4217495918273926 -0.0006304900529252866 -0.07544117805601012 0.9971500544731541 0.47516486048698425
1690902618803988377 0.3202373609693364 0.9445073644365762 0.0731701521418954 -1.4457266330718994 -0.947335731571572 0.3194224326116649 0.022898061756429392 -2.4218082427978516 -0.0017448000314587639 -0.07664951447673753 0.9970565719172264 0.47533118724823
1690902618823899028 0.3204445251626768 0.944464209652734 0.07281938600608122 -1.4459490776062012 -0.9472663132572308 0.3196059880132672 0.023206554981664736 -2.421825408935547 -0.0013557512014723688 -0.07641576480739685 0.9970751189492094 0.475283682346344
1690902618843933188 0.32023425350491164 0.9445215726643296 0.0730001483139126 -1.4460700750350952 -0.947337031830617 0.3194120377961792 0.02298908943930334 -2.421844959259033 -0.001603435221038417 -0.07651763772224976 0.9970669386319546 0.4753250777721405
1690902618864054269 0.3199403893770837 0.9446285996077131 0.07290374509180769 -1.4460880756378174 -0.947436196985362 0.31912719466632145 0.02285795848973494 -2.4218382835388184 -0.0016732863337676415 -0.07638483113534353 0.997077006898299 0.4752836525440216
1690902618884023857 0.31992183643651656 0.9446305926788152 0.07295931706339287 -1.4459880590438843 -0.9474417825033525 0.31913545337829835 0.022508468715078323 -2.421923875808716 -0.0020217165865798886 -0.07632565605546995 0.9970808928516008 0.47526127099990845
1690902618904015306 0.3200710115234268 0.9445745322150996 0.07303082002138281 -1.445870280265808 -0.9473916217001013 0.31927369208323303 0.022658876317957273 -2.421945810317993 -0.0019138220455387003 -0.0764412364772189 0.9970722514697776 0.4752596616744995
1690902618924059318 0.31973670915905994 0.9447576340634152 0.07212107663528758 -1.4456297159194946 -0.9475058637223492 0.3188922276756524 0.023246189791557913 -2.4218878746032715 -0.0010368355221319278 -0.07576780323434354 0.9971249495249539 0.47512581944465637
1690902618944059097 0.319450165902563 0.9448390172742404 0.07232442838400228 -1.4454681873321533 -0.9476020098569197 0.318632547060065 0.02288516701144449 -2.4219624996185303 -0.0014221181214078282 -0.07584544409694721 0.997118571780601 0.47511208057403564
1690902618963959101 0.31915900680931253 0.9449706132034421 0.07188927982949264 -1.4453538656234741 -0.9477002884501913 0.3183432349674873 0.022841804260145898 -2.421964406967163 -0.0013006321220205494 -0.07541965879228761 0.9971510334065434 0.47507593035697937
1690902618983899992 0.3191945402022522 0.9449586465957497 0.07188881504797656 -1.4452857971191406 -0.9476883458352595 0.31837720934113484 0.022863764785817864 -2.4219882488250732 -0.0012824480897257462 -0.07542618110497538 0.9971505636215712 0.47507786750793457
1690902619014054721 0.31913117467368585 0.9449719791185008 0.07199480559218885 -1.4452282190322876 -0.9477093651634426 0.3183288960694724 0.022664357672251723 -2.4220213890075684 -0.001500844061900472 -0.07546305459000902 0.9971474689628647 0.4750952124595642
1690902619324058043 0.3114688140933616 0.9474424127166899 0.07307566238394655 -1.4443174600601196 -0.9501832603546275 0.3114765152709619 0.011582408061736892 -2.4242098331451416 -0.011787688031387744 -0.07304283003988692 0.9972591415427783 0.4751691222190857
1690902619743976100 0.2952042834090529 0.9523457284850226 0.07675965407217032 -1.4451196193695068 -0.9553779084141995 0.2951044849463885 0.012899421639613336 -2.432798385620117 -0.010367409081217749 -0.07714244227958084 0.9969661781766141 0.47469472885131836
1690902619764054070 0.28644781497794153 0.9552103226482567 0.07430268367007987 -1.4457135200500488 -0.9580654881025799 0.286193419174457 0.014277511267677116 -2.433657646179199 -0.0076269129487662735 -0.07527659880365573 0.9971335235922143 0.47463497519493103
1690902620964065303 0.3611061912198275 0.929633430806265 0.07337576568651683 -1.360835313796997 -0.9324037840253565 0.3612070015077837 0.012356601351188164 -2.3775558471679688 -0.015016730599754079 -0.07287788683221555 0.9972278131966463 0.47543928027153015
1690902621003891058 0.37659449245487736 0.9237475860611823 0.06976378357566071 -1.3543845415115356 -0.9263780525365006 0.3755689487992048 0.027778921443074443 -2.3703603744506836 -0.0005403992353428949 -0.07508902678819701 0.9971766874655001 0.47502607107162476
1690902621053904930 0.37886116107614215 0.9227393058834884 0.07082650637787889 -1.3466700315475464 -0.9254457534526296 0.3780604190459577 0.02490937508830227 -2.3644309043884277 -0.003791839201810601 -0.07498328432692893 0.9971775814903857 0.47517597675323486
1690902621104065444 0.38460319378230184 0.9205309133899303 0.0685800322685327 -1.3357731103897095 -0.923076105074128 0.38327225691519157 0.03213847103258345 -2.3540077209472656 0.003299632347702669 -0.07566514767470678 0.9971278242300403 0.4752463698387146
1690902621184025715 0.4045459967273126 0.9124066560864073 0.06210177502395473 -1.319297432899475 -0.9145124081499678 0.40337989181927514 0.030849930560972166 -2.3390774726867676 0.0030970746926866563 -0.06927305973530122 0.9975929286654238 0.47577571868896484
1690902621244070892 0.41723342030175886 0.9069289034460848 0.058277243220470315 -1.306185007095337 -0.9087893410163332 0.41606902062792656 0.031440479144194795 -2.3278965950012207 0.004266923762427526 -0.0660797561118383 0.997805221069626 0.4764608144760132
1690902621264064962 0.42429294942134704 0.9038155526683702 0.05561420525461251 -1.3017842769622803 -0.9055006980493197 0.42303083470056896 0.03336762989387144 -2.3235890865325928 0.0066316591836955464 -0.06451635178238041 0.9978946144003198 0.47687217593193054
1690902621283974068 0.4267442675534376 0.9025048721345941 0.058088603732574434 -1.297258973121643 -0.9043371049662157 0.42527949321288155 0.036218134047994725 -2.3188421726226807 0.00798315048110591 -0.06798756081750981 0.9976542291207317 0.4773353636264801
1690902621303941185 0.4318837719179106 0.9001126522820769 0.05721556392873363 -1.2925169467926025 -0.9019133846185551 0.4306298050902575 0.03331992817863143 -2.314832925796509 0.0053529617839565245 -0.06599381917764469 0.9978056732803676 0.47761228680610657
1690902621324054204 0.4372284333415347 0.8979050936652783 0.05096802770026594 -1.2875579595565796 -0.8992710861009773 0.435734157783092 0.0380428369582016 -2.3100669384002686 0.011950346458406234 -0.06246748362954477 0.9979754519568689 0.47757688164711
1690902621344066256 0.4429780451451112 0.894945392890139 0.05332162098183622 -1.2830705642700195 -0.8964726298636203 0.44147726088665107 0.03787680062286554 -2.305534601211548 0.010357385037754623 -0.06457996488644602 0.9978587839521408 0.4777621924877167
1690902621364063431 0.4482889077588271 0.8923316263683169 0.0527382571125736 -1.2783221006393433 -0.8938046025454446 0.4466564974185543 0.040141073507922335 -2.301072359085083 0.012263264205633218 -0.06513249493657662 0.9978012680160109 0.4779106378555298
1690902621383898351 0.45420447538697906 0.8894601199910285 0.05058645553885498 -1.2730445861816406 -0.8907982049754616 0.4525735646072139 0.04069062092443176 -2.296363592147827 0.013298592065890586 -0.06354418592023496 0.9978904167717014 0.47800731658935547
1690902621424061409 0.46542051065611917 0.883906427567935 0.04575123566296402 -1.2619798183441162 -0.8849975297986766 0.46400400330329056 0.03846631212841295 -2.2863616943359375 0.012771864031451047 -0.058392741180823896 0.9982119851346964 0.47822460532188416
1690902621444067244 0.473316144217049 0.8796321319061653 0.04710775033601011 -1.2558830976486206 -0.8808214032103652 0.47192059539306824 0.038007989822865046 -2.2807509899139404 0.01120193153115671 -0.0594833099454473 0.9981664453225748 0.4780321717262268
1690902621463927418 0.4792866908082942 0.8763717172423342 0.047506644080135774 -1.2495206594467163 -0.8775958514381679 0.47790370391093906 0.03786253196397166 -2.274904727935791 0.01047805099013304 -0.05983864141111199 0.9981530681421165 0.47800979018211365
1690902621484071176 0.4844505999546486 0.8734530085376587 0.04886162175055006 -1.2423399686813354 -0.8747394810541346 0.4828993492744284 0.040485290606305145 -2.268806219100952 0.01176675353376476 -0.0623543129771024 0.9979847108871104 0.47743159532546997
1690902621503914465 0.49025709042182547 0.8701539689009076 0.04980015760140831 -1.2349239587783813 -0.8714694403361293 0.488494004594862 0.043756394219692296 -2.262645959854126 0.013747721678890771 -0.06485119799104705 0.9978002416655181 0.4768523573875427
1690902621544085634 0.5058774413314691 0.8610353428800747 0.05202069456782385 -1.2192598581314087 -0.8625572934088953 0.5042918978623852 0.041043846523869165 -2.249255657196045 0.009106587673069488 -0.0656339855695694 0.997802209858851 0.47641345858573914
1690902621574067240 0.5066759504562222 0.8606385633419722 0.05080102870956497 -1.2115260362625122 -0.8620704161666768 0.5050267532208574 0.042220564911093814 -2.241722345352173 0.010680767739099102 -0.06518620881647705 0.9978159546633026 0.4763758182525635
1690902621584066250 0.5151646219011801 0.8551950985464954 0.05698031031386496 -1.2042601108551025 -0.8570691612250546 0.5135343702747556 0.04141139243604025 -2.2346556186676025 0.006153472060196237 -0.07016975109376163 0.9975160854908778 0.47702544927597046
1690902621603884820 0.5174265648905587 0.8540444726859471 0.05364502418807442 -1.1966633796691895 -0.8556044815535777 0.5152710861236368 0.049362728352486396 -2.2273733615875244 0.01451623542762102 -0.07144051007341937 0.997339226356539 0.47666463255882263
1690902621624073247 0.5258958164878511 0.8487483269405242 0.055316071048454346 -1.190040946006775 -0.8504872997773659 0.5239610942520092 0.04621822830488166 -2.220353841781616 0.01024417483165346 -0.07135158881131051 0.9973986202397316 0.47708240151405334
1690902621644070083 0.5302282766241436 0.8461571312201066 0.053629133440231604 -1.183265209197998 -0.8477668076055047 0.5281996054124898 0.04792302958350633 -2.2134087085723877 0.012223526110011922 -0.07087514463794517 0.997410296358519 0.47722193598747253
1690902621674062666 0.5328167170944678 0.8447277244362154 0.0504124741853418 -1.176172137260437 -0.8462002968323349 0.5313465921114844 0.04019771998982794 -2.2059454917907715 0.007169632176241975 -0.06407706781935144 0.9979191980086023 0.4774729013442993
1690902621684132941 0.5416229951546705 0.8390463993440546 0.051436085265703896 -1.1696531772613525 -0.8405423491880205 0.5397174857114457 0.04683582858025469 -2.1986942291259766 0.011536478716112825 -0.06860156969845835 0.9975774327307831 0.47742682695388794
1690902621704066694 0.54710818762568 0.8356734687841634 0.048192163296412086 -1.1624786853790283 -0.8370232573749115 0.5456222514605759 0.04109045296154805 -2.190774917602539 0.008043484719745263 -0.06281888475081729 0.9979925300683503 0.4773324131965637
1690902621724095837 0.5589306254044408 0.8273846548062359 0.05505623467116516 -1.156153678894043 -0.8292144198018881 0.5577008344646592 0.03705705371505573 -2.1835341453552246 -4.447042242339272e-05 -0.06636574589792887 0.997795362684049 0.4777255356311798
1690902621744037193 0.5639192230847253 0.8241436490384233 0.052748038685356935 -1.1481118202209473 -0.8257959339875749 0.5621648026690353 0.04507560370835979 -2.175957202911377 0.007495681764085202 -0.06897811529548029 0.9975900131643134 0.47658514976501465
1690902621764068014 0.5707091852962831 0.8191768468287769 0.05692380379169215 -1.1405985355377197 -0.8211509687637836 0.569212669980413 0.04132823286893492 -2.1685922145843506 0.0014533811448692764 -0.07032943873963247 0.9975227605071554 0.4763423502445221
1690902621804077010 0.5882705371208287 0.8069010616391975 0.05337088982870884 -1.12690007686615 -0.808664122399391 0.5869605307300281 0.03923866089900291 -2.15299916267395 0.0003351113173131054 -0.0662420719079659 0.9978035255548786 0.476571261882782
1690902621824049839 0.591502968845657 0.8041950498204342 0.05826285000824067 -1.1188737154006958 -0.8062932913132237 0.5903010391544661 0.03789210414382083 -2.143855333328247 -0.003919978324224187 -0.0693902371913119 0.997581890750063 0.4763779044151306
1690902621844094449 0.5983238686342678 0.7986837520943978 0.06413121208068398 -1.1111795902252197 -0.8012465849250986 0.5967511034078524 0.043497479552005426 -2.1354339122772217 -0.0035296413967861213 -0.0774104949081511 0.9969930576035546 0.4761275351047516
1690902621874053455 0.6042032656781257 0.7935360399925045 0.07238070859630401 -1.1039518117904663 -0.7967665622431795 0.6028055931637347 0.04229021330880063 -2.126753807067871 -0.010072687579502512 -0.08322241334840434 0.996480090559462 0.4763571619987488
1690902621883961822 0.6055033798310132 0.7932382647664827 0.06433282461915688 -1.0962004661560059 -0.7958067304282609 0.6042634177421637 0.03946352472398344 -2.1187093257904053 -0.007569994603757131 -0.07509179241980268 0.9971478916855214 0.4758377969264984
1690902621903928652 0.6094044931723618 0.7905748113367788 0.060146748716399405 -1.089260220527649 -0.7928554495715483 0.6078874114595972 0.043048008939419756 -2.1109261512756348 -0.002529779839217157 -0.07392132756361419 0.9972608673487584 0.47546127438545227
1690902621924056146 0.6135226190709664 0.7871945574553304 0.06256776007664765 -1.082888126373291 -0.789644176314466 0.6122923059856747 0.039499453710068154 -2.1024627685546875 -0.00721600311466462 -0.07364007566163897 0.9972587771263774 0.47591662406921387
1690902621944074524 0.6237176530090413 0.779333306521627 0.06013224318916652 -1.0760575532913208 -0.7816418639443556 0.6222079888098033 0.04351109273338608 -2.0946433544158936 -0.0035051183270743795 -0.07414051528906171 0.9972416448074086 0.4757341146469116
1690902621984093146 0.6218440955169633 0.7809759842724653 0.058193065397378244 -1.0692617893218994 -0.7830735654125303 0.6210470548038137 0.033111129120225596 -2.0853965282440186 -0.010281635220006618 -0.0661594113423216 0.9977560925737512 0.4761354625225067
1690902621984146137 0.6301708919302319 0.7738344768941434 0.06375617094700228 -1.0627095699310303 -0.7763893714405414 0.6290680668684983 0.038638208556964246 -2.0763330459594727 -0.010207393301763002 -0.07384828783592728 0.9972172478982125 0.4758284389972687
1690902622003932642 0.6407353440199641 0.7648780118189115 0.06648192205078479 -1.056491494178772 -0.7677470057540084 0.6388543363480725 0.04929170401819835 -2.0675761699676514 -0.004770123622292614 -0.08262423352269202 0.9965693563196768 0.4759710431098938
1690902622023933481 0.6450737266259656 0.7610761657090518 0.06813924864934201 -1.0510070323944092 -0.7640499146854417 0.6436552394981867 0.043996142282037014 -2.057596445083618 -0.010373769134616101 -0.08044254257629968 0.9967052634845478 0.47633734345436096
1690902622043935636 0.6494643762011509 0.7578237459024684 0.06244352802333496 -1.0449923276901245 -0.7603603064277134 0.647993776656623 0.04422973912923649 -2.0491855144500732 -0.006944670964397524 -0.07620522003535969 0.99706796959112 0.4762337803840637
1690902622063901672 0.6578465184531108 0.7504077380644001 0.06423538598149758 -1.0395468473434448 -0.7531022472660824 0.6563866642348999 0.04464921250545817 -2.0411252975463867 -0.008658136167658866 -0.07774814253505878 0.9969354357281371 0.4761487543582916
1690902622083949753 0.6635351137725487 0.7456165636584675 0.061458057152738346 -1.0335479974746704 -0.7480751204363976 0.6623544865889769 0.04086744767565005 -2.0326740741729736 -0.010235573990747596 -0.07309223004937787 0.9972726602747559 0.475810706615448
1690902622104068244 0.667542199080851 0.7418262634860108 0.063884327097381 -1.0270699262619019 -0.7445326462883496 0.6659271875494801 0.04703317439113528 -2.0238654613494873 -0.007651866253988147 -0.0789605957729752 0.9968483702439443 0.4752786159515381
1690902622123991993 0.6777186265871326 0.732435242476949 0.06508516539568339 -1.021319031715393 -0.7352771916410411 0.6759879363024732 0.04906894563761364 -2.015544891357422 -0.008056961543559376 -0.08111057607523295 0.9966725439277584 0.4754120707511902
1690902622144077325 0.6800920429169005 0.7300129148214544 0.06749783222445543 -1.0153260231018066 -0.733041148767669 0.6785312135275099 0.0473926838474146 -2.006772041320801 -0.011202114733073216 -0.08171007565024518 0.9965931848867613 0.475386381149292
1690902622164097785 0.6857376498532985 0.7253537277027138 0.06021499216517272 -1.0092417001724243 -0.7277951342102871 0.6843411596141461 0.04462532776121121 -1.998649001121521 -0.008838449722921079 -0.07442544568722942 0.9971874120950145 0.4749179482460022
1690902622184030377 0.6911212008513867 0.719978312611578 0.06310875614938086 -1.0032193660736084 -0.7226472754019433 0.6897843262509111 0.04448031713830801 -1.990517258644104 -0.01150656716336686 -0.07634666088023366 0.9970149378442399 0.47477713227272034
1690902622204075647 0.6964688206854096 0.7148199451675689 0.06295734908419061 -0.9974105358123779 -0.717503359298658 0.6950421770685404 0.04588356449715395 -1.981773018836975 -0.010959525911991726 -0.07712858151462079 0.9969609173409592 0.47489944100379944
1690902622223966750 0.7017410415197054 0.7094047527612842 0.06560798279584691 -0.99205082654953 -0.7124221637522438 0.6992359614979545 0.05936102039724464 -1.9733376502990723 -0.003764470933630377 -0.08839664534207217 0.996078240827927 0.47499439120292664
1690902622244082376 0.7036934603019659 0.7077305562404023 0.06271342513287406 -0.9868528842926025 -0.7104947822500208 0.7013804335172348 0.057119627753264283 -1.9650754928588867 -0.0035606633849834188 -0.08475226983878908 0.9963956916975465 0.4753193259239197
1690902622264056436 0.709314079796488 0.7015963619648229 0.06808877352535272 -0.9825024008750916 -0.7047766549300214 0.7076327968807896 0.050454845598025405 -1.957675576210022 -0.012782913130856537 -0.08377571042012316 0.9964026432499528 0.47644877433776855
1690902622284106350 0.7096743118263952 0.7020734232477295 0.0587816255554965 -0.9778579473495483 -0.7044916044339364 0.7080313115667947 0.04881845064217274 -1.9509286880493164 -0.007345094678085876 -0.07605636206274141 0.9970764661619242 0.47653457522392273
1690902622304121627 0.7140752908567971 0.6978759209430643 0.05536856468837635 -0.9740440249443054 -0.7000329086564168 0.7126039071439547 0.04636376086133388 -1.944131851196289 -0.007099703220402414 -0.07186703340920703 0.9973889530785581 0.4768505394458771
1690902622324065492 0.7178780773430595 0.6938605965357977 0.05664396389042042 -0.9698939919471741 -0.6961089777168813 0.7165033891654922 0.045334142280648165 -1.9371540546417236 -0.009130017096964718 -0.07197475869602091 0.9973646659564689 0.47696149349212646
1690902622343937241 0.7208053895814561 0.6903222794990128 0.06240785830015182 -0.9652115702629089 -0.6930565750530103 0.7191697593223184 0.04967334347584822 -1.929967999458313 -0.010591228734956576 -0.07905699022581907 0.9968138332558986 0.4770487844944
1690902622363923897 0.7256687713773913 0.6852893723928314 0.06150861998994051 -0.9614874720573425 -0.6880069051564025 0.7236549980722773 0.054497176276589676 -1.9230387210845947 -0.007164684552483196 -0.08186525423189014 0.9966176535887831 0.47719720005989075
1690902622383953954 0.7299817197670475 0.6807428298251466 0.06095808763072602 -0.9578598141670227 -0.6834154615845418 0.7281097992633976 0.052909612395126385 -1.9166370630264282 -0.00836634168147855 -0.08028274944386583 0.9967370187108544 0.47733500599861145
1690902622403982159 0.7335308136141278 0.6771052630129736 0.05883033468141581 -0.9548521637916565 -0.6796173087507561 0.731661801084561 0.05283296773867037 -1.9107601642608643 -0.007270428114963864 -0.07873672354008594 0.9968689328297863 0.4774104952812195
1690902622424036227 0.7361676080521997 0.6746807224221606 0.053508650203629035 -0.9517329931259155 -0.6767852372526281 0.7343571364949184 0.05178164458461949 -1.9051132202148438 -0.004358381764686611 -0.07433383395799943 0.9972238894237833 0.477433443069458
1690902622444102297 0.7402065265226848 0.670190712916506 0.05420983687198372 -0.9491488933563232 -0.6723535714670054 0.7384774322378511 0.05090930181167687 -1.8992609977722168 -0.005913799860006029 -0.07413157489123838 0.9972309344256025 0.4776643216609955
1690902622464105551 0.7412690867144487 0.6693617147849489 0.04974973227747047 -0.945936381816864 -0.6712078643937105 0.7391881149704429 0.055506156978100483 -1.8933603763580322 0.0003792855935162952 -0.07453740984630516 0.9972181459820326 0.4774768352508545
1690902622493905505 0.7470145405928527 0.662666117733754 0.0533187823428497 -0.9431111812591553 -0.6647620342501422 0.7454970065755517 0.048225003955466604 -1.8868777751922607 -0.007791916481983855 -0.07146908138885472 0.9974123803337169 0.4779203236103058
1690902622504069125 0.7495524506560562 0.6598567979191005 0.05253693896156936 -0.9401751756668091 -0.6619140280351045 0.7479202247005817 0.049851348769859895 -1.8808696269989014 -0.0063986878219896605 -0.07214113752764506 0.997373908356527 0.4777289628982544
1690902622523932996 0.7523609260417852 0.6566446042814242 0.05263934492031133 -0.9371785521507263 -0.6587071088761216 0.7508286300303736 0.048593343605618046 -1.8750149011611938 -0.007614570349591329 -0.07123364370018068 0.9974305922336586 0.4778064787387848
1690902622544092384 0.7557938056925897 0.6524995898233313 0.05495460451223893 -0.9342408776283264 -0.6547518621769269 0.7541762301056381 0.05018179868731779 -1.8695305585861206 -0.008701853397914787 -0.0739087222459723 0.9972270446209375 0.4779094457626343
1690902622564068349 0.7601360171416436 0.647909293006532 0.04905897960429997 -0.9315193891525269 -0.6497498747663681 0.7584473915311791 0.050819824090992755 -1.8639968633651733 -0.004282018814551196 -0.07050604453042587 0.9975021614009394 0.47780075669288635
1690902622584074064 0.7625240855368874 0.6450756728667355 0.04933959111770317 -0.9286043643951416 -0.646918753976065 0.7611144521448188 0.04691392640088976 -1.8581078052520752 -0.007290043222725542 -0.06769170563533636 0.9976796521218572 0.47808966040611267
1690902622604062005 0.7662590467067903 0.6406986480310659 0.048500677842324556 -0.9260240197181702 -0.6425072848288389 0.7647027739240517 0.04913304890533053 -1.8527565002441406 -0.005609124875932868 -0.06881068204882687 0.9976139673010302 0.47827285528182983
1690902622623935701 0.769346128872873 0.6371327454900938 0.04656606717965621 -0.9238865971565247 -0.6388074524239705 0.7679109749428819 0.047305108496539724 -1.8469675779342651 -0.005618960395078417 -0.06614075284216374 0.9977944818937168 0.47854140400886536
1690902622643975874 0.7749170286838221 0.6302344160216026 0.04804351691691673 -0.9219878911972046 -0.6320201196774754 0.7735078923448138 0.04728751212692001 -1.8410475254058838 -0.007359821920812786 -0.0670083677027996 0.9977252686381659 0.4790405333042145
1690902622664060534 0.7744622527986936 0.6312309538222872 0.04190109696150336 -0.9191190004348755 -0.6326187470142138 0.7728980371250876 0.04921529370381047 -1.8346987962722778 -0.0013190588076336315 -0.06462280669230977 0.9979088900992263 0.47914111614227295
1690902622684081026 0.7774544602520465 0.6275859505173785 0.04123635468125371 -0.9169782996177673 -0.6289377680418137 0.7759214492534312 0.04881791186682441 -1.8283275365829468 -0.0013587364649922835 -0.06388880419646223 0.997956098500112 0.47951143980026245
1690902622704067670 0.7816166621086282 0.622489807687507 0.039772262185309465 -0.9149113297462463 -0.6237567983192507 0.7798507352168539 0.05253843671303853 -1.8221718072891235 0.0016882134592505482 -0.06587313645867303 0.9978265780326825 0.4799359440803528
1690902622724072717 0.7839340052968267 0.6196099518505582 0.03912777666854831 -0.9129430055618286 -0.6208438796276599 0.7823149532651539 0.050360609871365175 -1.8156424760818481 0.0005936902817365725 -0.06377163527375637 0.99796434107956 0.48045164346694946
1690902622744109799 0.7875562727694291 0.6151053679365344 0.03742330232870019 -0.9107388854026794 -0.6162305940104613 0.7857059025056539 0.0540933431513513 -1.8096115589141846 0.0038693962111158373 -0.06566293553776395 0.9978343583328472 0.4808638095855713
1690902622763992325 0.7894962478556715 0.6128739601980733 0.032881355400081407 -0.9086155295372009 -0.6137267344574411 0.7878079719868616 0.05194318710046168 -1.8031041622161865 0.005930432869652049 -0.06118911819170614 0.9981085721407765 0.4809236228466034
1690902622784090544 0.7945500663882428 0.6061325640302604 0.03596535589342693 -0.9066590666770935 -0.6071950143051033 0.7929455343668634 0.05051330647140698 -1.7968145608901978 0.002099191621552421 -0.06197333579654357 0.9980755978605951 0.48143255710601807
1690902622804021133 0.7984846297501109 0.6011563568717523 0.03214546072948486 -0.9043261408805847 -0.6019881030423128 0.7968030454482377 0.052107874260343155 -1.7907090187072754 0.005711378848088986 -0.060958521611799175 0.9981239596335505 0.48147520422935486
1690902622823932422 0.8019232648386452 0.5965733204604113 0.03192727087252604 -0.9019995927810669 -0.5974199321565659 0.8005069470569869 0.047728946935237854 -1.783833384513855 0.0029158142212063407 -0.05734894095222519 0.9983499371458314 0.4816175699234009
1690902622844072974 0.806623511383866 0.590231816835078 0.03138332803138291 -0.8990951180458069 -0.5910593288676773 0.8052331341450109 0.0474180285703025 -1.777233600616455 0.0027167335631758383 -0.05679790551214123 0.9983819996815751 0.4817872643470764
1690902622864063189 0.8108334667235799 0.5845841234777795 0.02846913800480898 -0.8962417244911194 -0.5852578841634881 0.8094548459096282 0.04749801530481643 -1.7703232765197754 0.004722103927037671 -0.05517476788474683 0.9984655460872779 0.48175662755966187
1690902622884070905 0.8147485824651133 0.5789808281018409 0.03107970497922029 -0.8932720422744751 -0.5798108393659707 0.8133841816826353 0.04717587881744986 -1.7629040479660034 0.0020341889826983907 -0.056456830224311694 0.9984029689440062 0.481987327337265
1690902622904067533 0.8194551719313778 0.5722582427416917 0.03183904535483481 -0.890342652797699 -0.5731432815350578 0.8181892865808523 0.045530980173301 -1.754846453666687 5.112899992339159e-06 -0.055558932121730076 0.9984554096379825 0.4820359945297241
1690902622924064089 0.8229763999498733 0.5671612175786477 0.03221798256024862 -0.8871968388557434 -0.5680744094188422 0.821764399603689 0.04466247762297247 -1.7463905811309814 -0.001144765906340656 -0.05505837646257543 0.9984824809140745 0.48154398798942566
1690902622944079423 0.8258683603643326 0.5629932026946354 0.031306629789328175 -0.8831220865249634 -0.5638626792187886 0.8245374208737761 0.04687131919448139 -1.7379144430160522 0.0005747463250808313 -0.05636217968158095 0.9984102234894248 0.48102185130119324
1690902622964064601 0.8311286760961089 0.5549798806774705 0.034963635594006864 -0.8792078495025635 -0.5560707041362195 0.829836436751296 0.04644200944577927 -1.7290284633636475 -0.003239717916560903 -0.058041539289835076 0.9983089120831729 0.48102006316185
1690902622984062695 0.8332655171873634 0.5517818318024386 0.034718697545006505 -0.8752478957176208 -0.5528706824003746 0.8318000739593425 0.04942312721162726 -1.7195467948913574 -0.0016082315194718214 -0.060377537660773396 0.9981743167089614 0.48086661100387573
1690902623004096722 0.8374219892388545 0.5453828478128463 0.03580448646175542 -0.8715142011642456 -0.5465538549872556 0.8358361556091126 0.051544200208652975 -1.709783911705017 -0.0018153616197215047 -0.06273332677396737 0.9980286740239784 0.4810282588005066
1690902623023956234 0.8399568320111955 0.5415325013434659 0.03485785917702883 -0.8681657314300537 -0.5426531759756544 0.8382487502000795 0.053540296894400145 -1.7001347541809082 -0.0002257459898984751 -0.06388726615448599 0.9979570964034747 0.48126134276390076
1690902623044162137 0.8440450926213868 0.535240158055481 0.03325439559664084 -0.8648896217346191 -0.5362714301697792 0.8423138632807052 0.05403988257567327 -1.6910306215286255 0.0009136768650315763 -0.06344547997987522 0.9979848877937526 0.48133590817451477
1690902623064067582 0.847767490662753 0.5293875529484386 0.032235082730508374 -0.861717164516449 -0.530366184529355 0.8460354536303263 0.05418229884659809 -1.6820272207260132 0.0014114117588048224 -0.06303038936728768 0.9980106101305011 0.481527179479599
1690902623084081855 0.8518314785336358 0.5226627155070279 0.0347392860896686 -0.8590567111968994 -0.5238138524507779 0.8501396766128143 0.05368033372972447 -1.6727771759033203 -0.0014765364455296033 -0.06392351732718922 0.9979537082313218 0.4817970395088196
1690902623103946114 0.8553518246216529 0.5171011283217357 0.03129982755219416 -0.8559247851371765 -0.5180444903861754 0.853576772933853 0.0551053417406838 -1.663794755935669 0.0017782285952744423 -0.06334915781774521 0.9979898406831833 0.4816093444824219
1690902623123899005 0.8606748016161995 0.5083665144156995 0.028326187243396722 -0.8530807495117188 -0.5091450383987097 0.8589756566419777 0.05414934136681071 -1.6546082496643066 0.0031962066409911005 -0.06102711133025594 0.9981309913762785 0.48164981603622437
1690902623144099705 0.8645560510660057 0.50186358464938 0.025995710569803716 -0.8507010340690613 -0.50251209308052 0.862847997011317 0.05454292219338118 -1.6452062129974365 0.0049427596531814375 -0.060218572354657496 0.9981729773293695 0.4813525974750519
1690902623163971137 0.8677369779604793 0.49597499778603726 0.03226977922383667 -0.848541259765625 -0.4970224914310183 0.8660459587099039 0.05415755177209306 -1.6355241537094116 -0.0010863202650035122 -0.06303331637621444 0.998010832072928 0.48149779438972473
1690902623184105361 0.871776391536781 0.4889680693719538 0.03026797472202737 -0.8463609218597412 -0.48990396741911546 0.8700905991731919 0.05418903890498622 -1.6258999109268188 0.0001608294728449814 -0.06206912569949784 0.9980718399838663 0.48106130957603455
1690902623213936266 0.8752867878947638 0.4826684280309899 0.030070376102742255 -0.8438565135002136 -0.48360363557170766 0.8736884701589585 0.05287703445850794 -1.6161564588546753 -0.000750065793280871 -0.060824712850882895 0.9981481812375925 0.48083823919296265
1690902623224081921 0.8788361116111822 0.4760941946643916 0.031327411878446954 -0.8414852619171143 -0.4771211427069394 0.8771526377561869 0.0543936141416236 -1.6060330867767334 -0.0015824380436122894 -0.06275004290219906 0.9980280196495539 0.48055773973464966
1690902623243957260 0.8825212629227756 0.4691576697153026 0.03236203696456573 -0.8387627601623535 -0.4702611220069627 0.8808864754957605 0.05379121133985708 -1.5957651138305664 -0.0032707213182091213 -0.06269049557918409 0.9980276570046015 0.4801683723926544
1690902623264060724 0.8855667805647237 0.4634100550079224 0.031978087462894225 -0.8360704183578491 -0.4645094882818504 0.8836910728654239 0.057628317987680686 -1.5852513313293457 -0.001553208409584209 -0.06588784907333181 0.9978258259276145 0.47959989309310913
1690902623284089525 0.8884046128278127 0.45794015354533024 0.03206336970973545 -0.8332810401916504 -0.45905734954970234 0.8865158424071728 0.05793108824718122 -1.5747601985931396 -0.001895713761676512 -0.06618517154151426 0.9978055568783698 0.4790309965610504
1690902623314076682 0.8906038203071464 0.45339650266982084 0.03544639080486767 -0.830674409866333 -0.45475086672375636 0.8887196631223044 0.058129249038416285 -1.5646772384643555 -0.005146306278162552 -0.06788940820594161 0.9976795797174254 0.4788755774497986
1690902623324078839 0.8939252618033603 0.44708190424749256 0.031865297805441326 -0.827955961227417 -0.4481970394671522 0.8922802559407292 0.05436321064126476 -1.5545403957366943 -0.004127968346962545 -0.06287857944310178 0.9980126472768488 0.47792965173721313
1690902623344100747 0.8952269234791764 0.4445172035921585 0.031196332935399532 -0.8253020644187927 -0.4456031431984414 0.8934190255109419 0.05692348923553632 -1.5441445112228394 -0.002567927116970608 -0.0648606241543083 0.9978910287123717 0.4776628017425537
1690902623363907035 0.8990796741442866 0.4366918816730052 0.03091827973049669 -0.8236408829689026 -0.43778251544345137 0.8970692422701065 0.06011026322468549 -1.5334213972091675 -0.0014861738146843065 -0.06757939814637864 0.9977127924576118 0.47828608751296997
1690902623384099793 0.9020073090338481 0.4310442535915676 0.024159178280813685 -0.8216419219970703 -0.43166549424181555 0.8995831994481516 0.06644522820786893 -1.5227769613265991 0.006907642903689566 -0.07036276512698338 0.9974975517529854 0.4783472418785095
1690902623404102078 0.9051696769365002 0.4239391714504207 0.030715384819382456 -0.8206033706665039 -0.4250504125216559 0.9028121578543574 0.06528670956273713 -1.5125539302825928 -5.2629289362608744e-05 -0.07215113679138979 0.9973937089684636 0.47882017493247986
1690902623424067003 0.9090444319313552 0.4157230358218621 0.028505758394656577 -0.8191335201263428 -0.4166982070364693 0.9067636312929312 0.06436086712474218 -1.5031509399414062 0.0009083100745275446 -0.07038518630728888 0.9975194737554234 0.4784998297691345
1690902623444080110 0.9121592024728963 0.40902346346849633 0.025795264608956453 -0.8177263736724854 -0.4098327944156 0.9100924732696498 0.06139031454091917 -1.4936516284942627 0.0016340029103369038 -0.06656948572858351 0.99778045360907 0.4784427285194397
1690902623464078012 0.9157789215344264 0.4008573268690813 0.025736557046683234 -0.8165159225463867 -0.4016701887918002 0.913363789680659 0.06654056759710081 -1.4840497970581055 0.003166434777834168 -0.07127405696015376 0.997451744444431 0.4785245954990387
1690902623484002637 0.9185330333697582 0.39460647103531327 0.024141243248994387 -0.8148516416549683 -0.3953153342157079 0.9160135111606218 0.06815448558321406 -1.4748362302780151 0.004780496048925229 -0.07214555002386398 0.9973826579950548 0.47895678877830505
