124791000000 0.9983871139896668 -0.019328288317940492 -0.05338153135760205 -0.04492162171195399 0.022833901815792992 0.9975674618704685 0.06586176390879746 0.004600258835591699 0.05197868358520453 -0.06697444503696924 0.9963998395045732 -0.3342220543613796
124825000000 0.998387050268694 -0.01933101014522276 -0.053381737537680704 -0.04492200660500283 0.022836633379019262 0.9975674017177174 0.06586172793113407 0.004600682663502331 0.05197870748382262 -0.06697455544404723 0.9963998308366896 -0.334222100930462
124859000000 0.9983869840292331 -0.019333610752027885 -0.05338203458375 -0.04492237816502017 0.022839253109294556 0.9975673400865893 0.06586175301323542 0.004601078862217434 0.05197882875191773 -0.06697472275310977 0.9963998132645965 -0.33422215040131403
124893000000 0.998386919265915 -0.019336323068062503 -0.05338226343012433 -0.044922755772128 0.022841977842331607 0.9975672786190284 0.06586173909696476 0.0046014964617857555 0.05197887539150984 -0.0669748552729585 0.9963998019240071 -0.3342221971873311
124927000000 0.9983868552295095 -0.019338888264572127 -0.05338253183974157 -0.04492313654966245 0.022844560289005104 0.9975672178013568 0.06586176457750492 0.004601887531459906 0.051978970460491415 -0.06697502048339415 0.9963997858596301 -0.33422224811681345
124961000000 0.9983867896060519 -0.019341486097402372 -0.05338281798168133 -0.04492351632615044 0.022847175902564573 0.9975671570193071 0.06586177791173475 0.004602285509197494 0.051979081305834965 -0.0669751756396457 0.9963997696480265 -0.33422229631300215
124995000000 0.9983867241633202 -0.019344401536634446 -0.053382985525575896 -0.0449238887196915 0.02285009811873705 0.9975670927230488 0.06586173799747776 0.004602735853294633 0.05197905376590152 -0.06697529130413522 0.9963997633100521 -0.3342223418052453
125029000000 0.998386662066387 -0.019346859765853673 -0.05338325603725049 -0.04492427305121178 0.02285257532538846 0.9975670323991935 0.06586179219596255 0.004603108805404925 0.05197915744734321 -0.06697547974794282 0.996399745234611 -0.3342223915149488
125063000000 0.9983865966396404 -0.01934945021547631 -0.05338354078435563 -0.044924663705920735 0.02285518232336276 0.997566973242505 0.06586178358314781 0.004603509031156659 0.05197926789867287 -0.06697561251788861 0.9963997305482232 -0.334222440885507
125097000000 0.9983865251583925 -0.019351925862575694 -0.053383980252135775 -0.04492504101952278 0.022857687167891824 0.997566913681791 0.06586181643958564 0.004603885509880369 0.05197953943125932 -0.06697578437611801 0.996399704831208 -0.3342224902969977
125131000000 0.9983864556005726 -0.019354481416308262 -0.05338435465969385 -0.044925429368799445 0.022860265918595076 0.9975668544022342 0.0658618192898042 0.004604278050190265 0.051979741394675275 -0.06697592886356621 0.9963996845831523 -0.33422253912178335
125165000000 0.9983863898376986 -0.019357147259480997 -0.05338461797954614 -0.04492582582646249 0.022862946409090798 0.9975667940475956 0.06586180300521027 0.004604688792425184 0.05197982558976468 -0.06697605739050971 0.9963996715515723 -0.3342225848177253
125199000000 0.9983863295145913 -0.01935980373906736 -0.0533847828277584 -0.044926225831293826 0.022865611758412164 0.9975667329844873 0.06586180259885391 0.004605096143402515 0.0519798118243583 -0.06697619906983099 0.9963996627462611 -0.3342226350126242
125233000000 0.9983862701210807 -0.019362402676485303 -0.05338495102844898 -0.04492662248099607 0.022868220695563688 0.9975666721221136 0.0658618186313608 0.0046054921995489564 0.05197980488550581 -0.06697635428869585 0.9963996526746984 -0.3342226837813619
125267000000 0.9983862097533956 -0.01936516358300869 -0.05338507856744501 -0.04492701541676178 0.022870986210197546 0.9975666108621336 0.0658617862102885 0.004605919732082561 0.05197974763330346 -0.06697646849782472 0.9963996479844511 -0.33422273063869845
125301000000 0.9983861543085034 -0.01936771476594647 -0.05338518998581879 -0.04492741132394249 0.02287354490036027 0.9975665495154147 0.06586182681645615 0.0046063062751346626 0.05197968669363283 -0.06697664453116921 0.9963996393308144 -0.3342227794825603
125335000000 0.9983860956299185 -0.01937034629008682 -0.053385332605963384 -0.044927802164568355 0.022876184072689563 0.9975664887068405 0.06586183121791807 0.004606710252015943 0.05197965231818737 -0.06697678921616969 0.9963996313985535 -0.33422282827590966
125369000000 0.9983858928106354 -0.019374941789585206 -0.05338745795934482 -0.04492629659587057 0.022880934067683507 0.997566360125993 0.06586212873243777 0.004607458546345578 0.051981457202553934 -0.06697737510255286 0.9963994978578979 -0.3342228587955433
125403000000 0.9983808234904876 -0.019468319703699857 -0.05344825361384886 -0.044753165253582604 0.022979309967153454 0.997562845806871 0.06588110487180908 0.004628256741324107 0.052035397566361094 -0.06700263572137559 0.9963949840331893 -0.3342151609575593
125437000000 0.9983804200740286 -0.01946944204530921 -0.05345537989062149 -0.04453620040877619 0.02298319313536825 0.9975598687595103 0.06592481379428407 0.0046604676960605475 0.05204142240666253 -0.06704661860939008 0.9963917107678779 -0.33420290166967404
125471000000 0.9983793550204347 -0.019504185051220896 -0.05346260594535878 -0.044476620384235825 0.023018929373839134 0.9975583666676294 0.06593507398868882 0.004694647164678614 0.05204605998020586 -0.06705886859244937 0.9963906441670545 -0.33420086605558036
125505000000 0.9983793780444573 -0.01951957642648515 -0.053456558359974864 -0.04449055847229772 0.023033766459838567 0.9975581949690767 0.0659324901145975 0.004726042711317262 0.05203905358705526 -0.06705694435454455 0.9963911396211808 -0.3342041282359248
125539000000 0.998380011777221 -0.01950178150302477 -0.053451217029406375 -0.04449020097647892 0.02301565125729544 0.9975585823907526 0.06593295455047532 0.004756431648166096 0.05203491021342284 -0.06705635851103733 0.9963913954377168 -0.3342065605363913
125573000000 0.9983789134091052 -0.019414344164862648 -0.053503537272808085 -0.04428977688566507 0.02293341691406516 0.9975584366121639 0.06596380774743997 0.004791720223173642 0.052092260929049436 -0.06708389362987076 0.9963865452557839 -0.334197593594546
125607000000 0.9983673317538612 -0.019239403877298555 -0.053782118079547345 -0.043279720906941925 0.022786329983323216 0.9975505094227864 0.06613444122566307 0.0048449096720840495 0.0523779920631489 -0.06725196271326041 0.9963602357875626 -0.33413765745510415
125641000000 0.9983608548148284 -0.01873445459578463 -0.05407979090569647 -0.04203757471861345 0.022312629973323107 0.9975477024638767 0.06633798197650113 0.004909610938194493 0.05270436525638963 -0.06743590675626383 0.9963305919035517 -0.3340635504939885
125675000000 0.998368248196133 -0.018101626967359903 -0.054158767479693164 -0.0415072987990203 0.021689760763188272 0.997556288049391 0.0664154082360143 0.004965798520523177 0.052824192107599525 -0.06748172548368431 0.9963211437352538 -0.33403493240027593
125709000000 0.9983810109401468 -0.01738048877491658 -0.054159723079757756 -0.04134716986869995 0.020969505931766916 0.9975713958014275 0.06641980201543479 0.005031999764920882 0.05287378192553128 -0.06744797171699801 0.9963207988876649 -0.33403168655007615
125743000000 0.9983930470042054 -0.016691221886883937 -0.054154656361030944 -0.04116340690284772 0.020280876880473395 0.9975851039624176 0.06642775312511653 0.005112087957515856 0.05291511812910959 -0.06741931076639063 0.9963205442071177 -0.3340260982704737
125777000000 0.998402027683866 -0.016113753248921562 -0.05416399240249952 -0.041009914416319376 0.019705066068033305 0.9975959422150643 0.06643829052054834 0.005186424685265839 0.05296320881517281 -0.06739942902036494 0.9963193340890909 -0.33402329727271446
125811000000 0.9984131622178971 -0.015395266630956502 -0.05416773278826737 -0.040833953777667464 0.018987750046255834 0.9976094290525505 0.06644465677257552 0.005267815460398603 0.053015307772758334 -0.06736774325154593 0.9963187061934318 -0.3340193540462024
125845000000 0.9984288538049682 -0.014366686920715379 -0.05416107639827739 -0.04059844734857502 0.017960276025576507 0.9976275445159951 0.06645833964275376 0.005375073579221897 0.05307779549663868 -0.06732667175725131 0.9963181554580387 -0.33401393667601786
125879000000 0.9984435283808284 -0.01308727736521526 -0.054214793235869994 -0.04015953955163168 0.01668735534762172 0.9976473512154026 0.06649281753989467 0.005496343628075197 0.05321703492251716 -0.06729402487633987 0.9963129334752202 -0.33400042645486616
125913000000 0.9984464746910109 -0.01174208518069848 -0.05446797786499787 -0.03908132874864109 0.015368121396418025 0.9976588407294026 0.06663826497748526 0.005611378528767971 0.05355798747000894 -0.06737181124234232 0.9962894062610967 -0.3339455042695725
125947000000 0.9984409112695624 -0.010201905050816437 -0.0548786646752628 -0.036993281365299314 0.013874653016855967 0.9976587882882039 0.06696593279403118 0.0057635454683592595 0.05406700201479328 -0.06762294939328642 0.9962448976072527 -0.33382687160915747
125981000000 0.9984274694796857 -0.008411063638314323 -0.055424202266370085 -0.03368660767384656 0.012152170906895533 0.9976444387851516 0.06751221003129358 0.0059785292331959 0.05472579767021106 -0.06807956939884478 0.9961778251395818 -0.3336351005687376
126015000000 0.9984089525305961 -0.006187504475632386 -0.056047107821209904 -0.028890126718491914 0.01001899263047515 0.9976116999566175 0.06834117277555835 0.006266362384756096 0.055490389198750295 -0.06879397428577783 0.9960864449476959 -0.33335334054952426
126049000000 0.9983798243870052 -0.003597313737962233 -0.05678719565926547 -0.022972389575732534 0.007539230915094055 0.9975635649120511 0.06935484090652357 0.00656866681589699 0.05639934622122778 -0.0696706056657395 0.9959744577307128 -0.333001134483336
126083000000 0.998353683183283 0.0001191817198575027 -0.05735772894816192 -0.016812318318133852 0.003922265042259346 0.9975151781707705 0.07034262687641338 0.00685216408741518 0.057223588766446926 -0.07045179284201145 0.995872484695724 -0.33263631022510654
126117000000 0.9982842846984575 0.006856508873477212 -0.058150453224000934 -0.010638049607638742 -0.002690309895106046 0.9974424889983834 0.0714229891097955 0.007376959929999274 0.05849144515873314 -0.0711440048547845 0.9957496077912686 -0.3322735566945709
126151000000 0.9980895196493702 0.01735743783164804 -0.0592961222847652 -0.004566281664458646 -0.013037343467095027 0.9972845470350052 0.07248144535331424 0.008262816159074805 0.06039319863536249 -0.07156990706368815 0.995605549382628 -0.3319492247329458
126185000000 0.9977790324866923 0.026700931203930623 -0.06102509813808797 0.0019052812304029276 -0.02218548670823414 0.9970477621493975 0.07350893940465476 0.009395474004459108 0.06280769466744557 -0.07199180693468808 0.9954257246147697 -0.33160398983792594
126219000000 0.9975777839074582 0.03086153723745276 -0.062338836800394065 0.009206151362803262 -0.026155874116121428 0.9968449836498531 0.07493963451569474 0.010484913773664263 0.06445490907220688 -0.07312758775910508 0.9952376201716996 -0.33119509079588016
126253000000 0.9975231607619275 0.029993393242824497 -0.06362342418728338 0.018190044764532325 -0.025066890211434337 0.9967263677411053 0.076864809013947 0.010904208609285277 0.06572058093673248 -0.07507958584997616 0.995009477859349 -0.3306139515981291
126287000000 0.997624691379851 0.02974795795429037 -0.062129173073584655 0.027670206421892746 -0.024966667352875307 0.9967673799042015 0.07636396977766818 0.010765311271989625 0.0642000052223404 -0.07463142338494907 0.9951424571251035 -0.32954726040085425
126321000000 0.9976226138587099 0.029778309517672796 -0.06214798950879501 0.03778908201730085 -0.024929346599052875 0.996689169808844 0.07739009280199777 0.010503107706659662 0.06424677420586895 -0.07565679789699808 0.9950620085884664 -0.3286578861363313
126355000000 0.9974543330629446 0.029890110257013956 -0.06474129101879522 0.04905185719577218 -0.024626505456106465 0.9964400828942623 0.08062689644713121 0.010198639162203132 0.06692076421393545 -0.07882729546609861 0.9946395672838094 -0.32800958435302685
126389000000 0.9972119791668841 0.029957536304837825 -0.06834335830649896 0.061537191379815254 -0.02414103099626092 0.9961394977422071 0.08439971362712696 0.009893105978528986 0.07060792610255415 -0.08251452633595975 0.9940854458823188 -0.3273276052958274
126423000000 0.9971182441791729 0.03011290918796333 -0.06963059546838128 0.07373777401579909 -0.023920485662262212 0.995822961328952 0.08811606014637038 0.009596189136077703 0.07199317669561049 -0.08619653351657902 0.9936735581261084 -0.32665589726834915
126457000000 0.996735236570896 0.030503950466309604 -0.0747554491920762 0.086455371140569 -0.02354152814584439 0.9954521409686536 0.0923083500745317 0.009241735532657672 0.07723124128562593 -0.09024712763779694 0.9929203348318579 -0.3258805858823428
126491000000 0.9962499974385307 0.03155068532317873 -0.08056361994948705 0.09874388308597001 -0.023526449955508507 0.9948414610215128 0.09867610442793504 0.008895919975188286 0.0832613280954525 -0.09641069281059825 0.991853078613744 -0.32478115113789746
126525000000 0.9960527233299408 0.03151045699752758 -0.08298230803500094 0.11095793414093852 -0.022920652565155474 0.9944685362945224 0.10250353167680651 0.008604128742920478 0.08575322753690527 -0.100196913226095 0.9912653340791084 -0.32411162905946617
126559000000 0.9958957300619223 0.031595117939126054 -0.08481416961123833 0.12309549301087831 -0.022533395915652246 0.9941375546842952 0.10574860961184741 0.008291391949822046 0.08765809097248042 -0.10340343750931665 0.9907692911058142 -0.32352747303475854
126593000000 0.9955865604931131 0.03171499221289976 -0.0883264390453331 0.13541761638451894 -0.021988162411565405 0.9937989949826325 0.10899577186878687 0.007980946446528577 0.09123552640970434 -0.10657258953617349 0.9901102776359303 -0.3229339830245559
126627000000 0.9954835475742266 0.03181157565484832 -0.0894456827543303 0.14723157505445844 -0.021697960292760988 0.9934882315419746 0.1118495968107777 0.007758968902346931 0.09242134508957446 -0.10940364455517755 0.9896914355140587 -0.32233108515571934
126661000000 0.9954223190200345 0.03340825741563357 -0.08954493359887719 0.15843535783374257 -0.023215353567824507 0.9933753618824942 0.11254526984082751 0.007981002660406897 0.09271167216428283 -0.10995125620598677 0.9896035908904273 -0.3214673010131641
126695000000 0.9953865714064901 0.03515927383245871 -0.08927149000216601 0.16862508914403704 -0.02492808851309215 0.9932549802540594 0.11323928030322185 0.008779661456670002 0.09265076290412337 -0.11049149136509286 0.9895491228176607 -0.32072361415891437
126729000000 0.9954488941457837 0.033877879461106354 -0.08907181612134803 0.17825140084845703 -0.023616436767359396 0.9932193002050759 0.11383183041027209 0.009794880707555458 0.09232422790551677 -0.11121021078731205 0.9894991288314973 -0.32005607584222956
126763000000 0.9954979590720044 0.03190108944351171 -0.08925320148762651 0.1878943490575179 -0.021573224524203086 0.9932035864004749 0.11437321340621123 0.010468881116006773 0.09229522992604826 -0.11193282116319359 0.9894203525697995 -0.3193542586532266
126797000000 0.9955107241355623 0.03171349565942071 -0.08917764475555813 0.19790828755903236 -0.021345997018614758 0.9931483093148042 0.11489466530882708 0.010424730996075653 0.09221033858722084 -0.11247528572182428 0.9893667487637859 -0.3185482277974592
126831000000 0.9955453346702602 0.030832860931903634 -0.08910006342889916 0.20790993354672435 -0.020611579327331278 0.99333107067114 0.11343961758116163 0.010318393192902342 0.09200352935574314 -0.11109778902426885 0.9895416271486542 -0.31745312068526477
126865000000 0.9952194368696762 0.03015856414916443 -0.09289097633928436 0.21801913753365124 -0.019616764355991245 0.9934721129254845 0.11237590220138313 0.010154398835665164 0.09567369039086068 -0.11001646171293661 0.9893143702176572 -0.3163952385558285
126899000000 0.9950597302009743 0.030771714528868115 -0.09438874359434235 0.2279237047435815 -0.0198178720081525 0.9931833771102941 0.11486527491309188 0.009982848730776699 0.09727993257313217 -0.11242722542491894 0.9888866131674661 -0.3153022366937909
126933000000 0.9949865832956329 0.03096974187041845 -0.09509245054241876 0.23762213072552468 -0.01978071246544168 0.9930020746983815 0.11642853198022222 0.009805858270807238 0.0980327622585543 -0.11396383081131382 0.9886363450686851 -0.3144756234189841
126967000000 0.9949740830006857 0.030977156692064783 -0.09522074311944974 0.24740490491060152 -0.019647285783361026 0.9928550627638643 0.1176979545510898 0.009625622529591267 0.09818634486674767 -0.1152355852479551 0.9884736726763489 -0.3137046330216826
127001000000 0.9950045645793445 0.030914634203244605 -0.0949220830910755 0.25710981874532707 -0.019536051332391523 0.9927568359879692 0.11854200646815075 0.009444215356592067 0.09789922964256473 -0.11609543484235937 0.9884015332060935 -0.3130148188007886
127035000000 0.9950357585784864 0.029661768880117727 -0.0949948346860958 0.2679467713374105 -0.018184180612525684 0.9926695101366504 0.11948464010287543 0.009386696864315446 0.09784260179281433 -0.1171640862720531 0.9882810339991593 -0.3122253888506033
127069000000 0.9952069524710645 0.028699319633686538 -0.09348513681767832 0.27943475158681225 -0.01739457858683822 0.9926735967438897 0.11956821886829265 0.009327366045563806 0.09623175353823109 -0.11736898815323031 0.9884148775847337 -0.31139881210167003
127103000000 0.9953520135263345 0.028264483631426463 -0.09206241434006096 0.29047989825571546 -0.017126216159680154 0.9926742428167731 0.11960159015748405 0.009206074896688628 0.0947684646342028 -0.11746900277603321 0.9885443700197178 -0.31061124433386256
127137000000 0.9954816918444308 0.028750512921912327 -0.09049645965051212 0.3007494242570291 -0.017789977902106072 0.9926543085666293 0.11967013148797744 0.009262109552336695 0.093272278243819 -0.11751949493949583 0.9886806614981267 -0.3098844485935608
127171000000 0.9955910110479838 0.028653755863862554 -0.08931685728544266 0.31032523786854826 -0.017819329779767717 0.9926356631562193 0.11982033098190409 0.009677229825488097 0.09209240037404744 -0.11770047793151617 0.988769734209153 -0.3092592663516321
127205000000 0.9957438968477956 0.028392241041164123 -0.08768108427150792 0.3191441204598697 -0.017764394830267715 0.992651989187181 0.11969316872339575 0.010662916330803962 0.09043516001357654 -0.1176261408505497 0.9889315309069308 -0.3088009897602707
127239000000 0.9961135644156895 0.026424550262167376 -0.08402088984599389 0.3271755754302478 -0.016342271638256398 0.9928201405769312 0.11849514176751952 0.012374266329406622 0.08654881249775694 -0.11666152582683503 0.9893934462320758 -0.3085457859515591
127273000000 0.9963250258432329 0.021910357499435807 -0.0828032554476463 0.33596110259272416 -0.012119970367469254 0.9930650696196779 0.11693961612540041 0.014283521467353177 0.08479120943100715 -0.11550629305588184 0.9896811340364713 -0.3082922112745893
127307000000 0.9966232125925053 0.017909157723648948 -0.08013385171962939 0.3454748388678878 -0.008603263785169688 0.9933281417664759 0.11500081141888963 0.015600072091334245 0.08165877769129828 -0.113923065462573 0.9901279610139154 -0.3079779232971622
127341000000 0.9970154211971923 0.014638966437536063 -0.07580204849887781 0.355605782851729 -0.006032556195238785 0.9936283186795941 0.112544980268845 0.01606409493814678 0.07696660419127777 -0.11175180078908849 0.990751067049468 -0.3075855904313598
127375000000 0.9972800006189031 0.01294040898139575 -0.0725613270341384 0.36606554887791615 -0.0048233671842613166 0.993815134908207 0.11094238485082383 0.016060266761861133 0.07354818484889183 -0.11029063170902925 0.9911743747003636 -0.30695489006214915
127409000000 0.9977752804046596 0.011773948045381826 -0.06561908229187594 0.37560153404813396 -0.004509894159804743 0.9939470964666298 0.10976716394361187 0.016030824171181554 0.06651428920217592 -0.10922702766706167 0.9917889421439163 -0.3063279675420161
127443000000 0.9978551791587918 0.010730311084874298 -0.0645747771966532 0.38623971948822533 -0.0037711011518582957 0.9942582233296979 0.1069409376121937 0.016082684101042237 0.06535151277574247 -0.10646805044375743 0.9921661826592497 -0.30591390281387165
127477000000 0.9980712768216621 0.009733751073263087 -0.06131052498243108 0.3966728393100809 -0.00331943372425826 0.9945858616215418 0.10386503368451737 0.016164822195230147 0.06198957769922144 -0.10346119056235252 0.9926998913589611 -0.30554050287454376
127511000000 0.9982644151676423 0.008702029731201386 -0.05824458849165818 0.4072214549452972 -0.0027922359202178105 0.994904111343958 0.10078696666462064 0.01624877209734885 0.05882483173432083 -0.10044940970183347 0.9932016689786533 -0.30515756832238394
127545000000 0.9983991103508709 0.007408991669363552 -0.05607426587154825 0.41789422334291737 -0.0018944852697844123 0.9952078412348163 0.09776381575153183 0.016374743806278944 0.05652988038331895 -0.09750107480012819 0.9936286595286328 -0.30476697262256147
127579000000 0.998616275746681 0.005899635632688248 -0.05225636911641306 0.4282327015704427 -0.0009209634213873737 0.9954968674808445 0.09478997131660542 0.016532835347967963 0.052580278053712876 -0.09461068192983248 0.9941248076698251 -0.30438880300374066
127613000000 0.9987193523449159 0.004623242987101023 -0.05038135444819211 0.43867004178631885 2.462495746937722e-05 0.9957714635214456 0.09186507404868438 0.016652772072153932 0.05059302961242404 -0.09174866789573033 0.9944961172845251 -0.3040050891143403
127647000000 0.9988679231369713 0.0021215487449823857 -0.047522322743699864 0.44881669280193925 0.002058769190570375 0.9961409272476656 0.08774402846679223 0.016985002658407005 0.04752508387634543 -0.0877425329762251 0.9950088513724199 -0.3034283009234541
127681000000 0.9987586437835997 -0.003037612412873049 -0.049718652217998434 0.46001922656004673 0.007169053120019135 0.996512886625495 0.0831304484932341 0.0177704286791392 0.049292759558655926 -0.08338368965303146 0.995297635963705 -0.30269807213882977
127715000000 0.998944278966612 -0.00787668562181035 -0.045257986516092426 0.4701634392321297 0.011533588538176135 0.9966378210147211 0.08111738444045705 0.018599778040085644 0.04446688492921098 -0.08155373410607278 0.9956764959554124 -0.302316745637476
127749000000 0.9991279157319157 -0.010612824614458494 -0.040382867145622746 0.47993320728861777 0.013812603179821768 0.9967151077447868 0.07980104001011086 0.019666355128521947 0.03940329933641409 -0.0802892392976872 0.995992478914577 -0.3021606815064344
127783000000 0.9992225177220748 -0.012408105055634212 -0.03742190543099525 0.49002799724473073 0.01531355846290261 0.9968058247591343 0.07838139226541992 0.020976448717836278 0.03632980875756534 -0.0788935146586252 0.9962208381380346 -0.3020384620099795
127817000000 0.9993529535505302 -0.014430511610496877 -0.032945933959912105 0.49993734926952466 0.016929770353349898 0.9968961132332864 0.07688642465448059 0.02191719660186553 0.03173416306781085 -0.07739444266241344 0.9964953803903758 -0.30188908056205915
127851000000 0.9994989343323396 -0.01562513006031736 -0.027526997277504867 0.5098055673834686 0.017616404117432243 0.9971286857618966 0.07364812514059206 0.022559610204802367 0.02629719708426945 -0.07409614930177653 0.996904317416752 -0.301410170580863
127885000000 0.9996785001534846 -0.016097322406039335 -0.019590113379853964 0.5198685578261093 0.0174767358514106 0.9972218350205408 0.07240977463191904 0.022928732696098728 0.01837008532531977 -0.07272886613732756 0.9971825570052453 -0.30049325676556576
127919000000 0.999812002880837 -0.01613846645469951 -0.010747501844598297 0.5307638689743629 0.01687464646589535 0.9972363631226112 0.07235248698309303 0.023225019951106006 0.009550141468070032 -0.07252024521799509 0.9973212164751444 -0.30004158225665534
127953000000 0.9998397715176539 -0.015733390378338062 -0.008537664711660113 0.5428630671443879 0.01629873425055442 0.9973588624645421 0.07077888615445214 0.02343501087680996 0.007401523718513049 -0.07090669848919713 0.9974554915162915 -0.29984916077379486
127987000000 0.9998718292274145 -0.015598241457163578 -0.003608321059552694 0.5536127568244251 0.01581152876175568 0.9974523695967261 0.06956123880504801 0.02363585590866864 0.0025140953921760473 -0.06960937615954312 0.99757115739933 -0.2996592913659275
128021000000 0.9998717172517084 -0.015916597094856905 -0.0017919199312039268 0.5645952498292403 0.016000800639376242 0.997633976481525 0.0668612245517474 0.023861165077121833 0.0007234770340445563 -0.06688131956368867 0.9977606755502049 -0.2995847183636392
128055000000 0.9998491912906625 -0.017330807054435276 0.001112565616225694 0.5750952319701456 0.01722129331527041 0.9977201154689443 0.06525333895814155 0.02406015776220733 -0.002240922122228692 -0.06522433836750378 0.9978681094977251 -0.29934932167541156
128089000000 0.9998352688381026 -0.017956340469400978 0.0026467006604443586 0.5864786787627936 0.017756318083495412 0.997893856283512 0.062390422019242164 0.024346306451463958 -0.003761429988286063 -0.06233314871373302 0.9980483105621064 -0.2993169577416259
128123000000 0.9998235169862563 -0.01820782655919966 0.004627086904685998 0.5988814799828718 0.017902737872430307 0.9980911243498273 0.05910667873234535 0.024589335813977993 -0.005694458526011289 -0.059013409883582724 0.9982409481663271 -0.2992756649610587
128157000000 0.999821512085736 -0.018168237495428792 0.005182578209962892 0.6114657377799831 0.017831987189166697 0.9981070298069559 0.05885896093903031 0.024848150331773757 -0.0062421313249627795 -0.058756039657609636 0.9982528555432615 -0.2987123313693159
128191000000 0.9998287085773286 -0.018135661521027455 0.003694764645571404 0.6240832393876452 0.01789330551825366 0.9981844334248596 0.05751231594991357 0.025122722897183453 -0.004731080449735915 -0.057436353030872134 0.9983379599255412 -0.29822976149587094
128225000000 0.9998338229891758 -0.017681706112633564 0.004436628877461465 0.6360404342727581 0.01740555623393428 0.9982773721772326 0.05602976718769057 0.02540970025291482 -0.00541968809408988 -0.05594323433504638 0.9984192413576058 -0.29774442623626896
128259000000 0.9998643289813107 -0.016198949744362014 0.0029862447878722374 0.6480330099592359 0.016017268046237064 0.9984558836325309 0.05319112298040997 0.026165383016024425 -0.0038432740064238548 -0.05313607500335095 0.9985798850258051 -0.2975347186444357
128293000000 0.9998988315961763 -0.01420013137776804 0.0008263422147549751 0.6598276182250191 0.014140791705331973 0.998640295041881 0.05017568264220857 0.027100122096832813 -0.0015377199186370266 -0.05015892131534871 0.9987400652972388 -0.29739939095076545
128327000000 0.9999144947349202 -0.01307674980643416 -4.2819499156986724e-05 0.6708536664641767 0.013064193384849246 0.9987997961704809 0.04720480929957749 0.0277346240934927 -0.0005745173738408907 -0.04720133244206291 0.998885230717464 -0.29725717277195185
128361000000 0.9999150253349314 -0.01269664006435583 -0.002955916189598807 0.6819142725639958 0.012815032066458806 0.9989385910322998 0.0442432627587472 0.028199039333920237 0.0023910379711268646 -0.0442773833630682 0.9990164144096635 -0.29711956693485586
128395000000 0.9999045372141162 -0.013076230491732573 -0.004464152187329531 0.6930035806644235 0.013249646697593827 0.9990580140078767 0.0413222882840078 0.02855610423169023 0.0039196072524548525 -0.041377491982535514 0.9991358965807515 -0.29695777651507294
128429000000 0.999883711880067 -0.013731340512510045 -0.006634229772083083 0.7050102998060666 0.013975104374029617 0.9991719138300069 0.03821234186773213 0.028886753812592852 0.0061040293801939895 -0.03830061227984426 0.9992476189235153 -0.29677460165270253
128463000000 0.999872917386013 -0.01381053998505774 -0.007963545900180344 0.7173530372719046 0.014080552358475482 0.999291246905164 0.03491048415594825 0.029129464813887528 0.007475769075044275 -0.03501817876537278 0.9993587143927315 -0.29657853293638126
128497000000 0.9998497917963065 -0.014013195014439631 -0.010199225969161965 0.7298255228366184 0.014329120914202296 0.9993981501189313 0.031591356930093045 0.0293798315176508 0.00975039172079327 -0.03173275759125972 0.9994488290837834 -0.29638733539037826
128531000000 0.9998261540884811 -0.01417097846588531 -0.012117960635214005 0.7420357296941823 0.014509439797528157 0.9994937570855079 0.028314408061231616 0.029617716641564495 0.011710583136594328 -0.028485310537458543 0.9995256121411725 -0.29619882692040883
128565000000 0.9997974759500735 -0.014281484518303253 -0.01417907908913722 0.7542723674302814 0.014635849787026098 0.9995750049032808 0.02521113788820544 0.029834477054930267 0.013813000574609128 -0.02541355489812404 0.999581588587228 -0.2959781109156773
128599000000 0.99977848474664 -0.014564474984876856 -0.015193995726185598 0.7662396866200589 0.01484189887414577 0.9997222166208815 0.01830867642515037 0.030086196842046158 0.01492311882691016 -0.018530128522115615 0.9997169273656576 -0.2950172066824568
128633000000 0.9997333588357467 -0.014561909644928386 -0.017920993791905843 0.7785998231585464 0.014786984828615828 0.9998126357464162 0.012491536394004457 0.03024503019632694 0.01773573541398471 -0.012753203099511673 0.9997613712781807 -0.29418516612876555
128667000000 0.9996468444383714 -0.014569212959138435 -0.022224410861891787 0.7915750050098962 0.014838196192190385 0.9998180588497866 0.011986539601030211 0.030407510381002145 0.0220457328789262 -0.012312076656530021 0.9996811483819403 -0.29424999359221926
128701000000 0.9996283392953924 -0.014886072699906345 -0.02283830372661412 0.803922245591841 0.015161273211345448 0.999813953841991 0.011924491496753519 0.03052396113774647 0.022656545900620252 -0.012266317394324634 0.9996680540986768 -0.2943933929893007
128735000000 0.9995119900756386 -0.01578699204215883 -0.026954639253708373 0.8171189630864795 0.016104925411734014 0.9998027950922166 0.011619049155329289 0.03056089591479936 0.02676589383000737 -0.012047481398711016 0.9995691297351218 -0.2945259783148497
128769000000 0.9994982330825616 -0.01572898911827302 -0.027493289474974633 0.8295624776198087 0.016102181830992882 0.9997804797639132 0.013405671311853315 0.030553173547297342 0.027276396483390995 -0.013841646735741137 0.999532094037267 -0.29426869341257517
128803000000 0.9993026466882533 -0.01299099785848853 -0.03500648934830077 0.8427419545841115 0.013512981841513868 0.9998004001846849 0.014715947550019242 0.031269034039939386 0.034808327216384084 -0.015178727390158481 0.9992787331826953 -0.2940813094585813
128837000000 0.9992286495076612 -0.01316201742751117 -0.03699820671780997 0.8546450258702406 0.013612291369065013 0.9998360013309509 0.011944704526228665 0.03220830980474785 0.03683492265201034 -0.012439121342487244 0.999243942555294 -0.29428317386573977
128871000000 0.9993075115710995 -0.01298441612506204 -0.03486979001181323 0.8660140532727164 0.013328715495320713 0.9998645094372298 0.009659612367610279 0.03265777306601054 0.034739641057753 -0.01011769270826708 0.9993451804223802 -0.29494411514658864
128905000000 0.9993964256194545 -0.01279030851781 -0.03229849016714962 0.8782912986472388 0.013034644068026343 0.9998879158004853 0.0073657240093248574 0.03287189160632694 0.03220066013419739 -0.007782277570282103 0.999451126190141 -0.29566771420145055
128939000000 0.9995271995101807 -0.012396565308713508 -0.028137210378475455 0.8910055337513614 0.012552530636384077 0.9999067771424449 0.005373174036997428 0.03301902486866014 0.02806797844445562 -0.0057238267929790474 0.9995896289942617 -0.29633034248325524
128973000000 0.999617638240811 -0.011998009217474728 -0.02491234819683732 0.9036103772716544 0.012140308357570613 0.9999107977136437 0.005568619994911675 0.033208407691272354 0.024843313604392094 -0.0058689343565949395 0.9996741295935749 -0.2966494803070173
129007000000 0.9997287171867443 -0.011763503465851102 -0.02010253760986036 0.9163891440094498 0.011887657880635328 0.9999109289994118 0.006067755569109976 0.03338798054913222 0.020029368993053923 -0.006305081580947665 0.9997795108542673 -0.29692306143313296
129041000000 0.9998179197818033 -0.011566857254091477 -0.01517679466986346 0.929248924273346 0.011667888307714723 0.9999102426294765 0.006585367651121474 0.033556215161932613 0.015099260433094681 -0.006761249731019738 0.9998631395528333 -0.29720011901392096
129075000000 0.999881789216794 -0.011488291220711256 -0.010218941112014674 0.9420734785867776 0.011561087035414103 0.9999080089674773 0.00709329748810934 0.03370019908351152 0.010136511193811953 -0.007210601051463531 0.9999226261932942 -0.2974718013941361
129109000000 0.999920542795295 -0.011444349277717342 -0.005285353873951437 0.9548339633243421 0.011484355374687415 0.9999051554415882 0.007601953891060201 0.03384043881263056 0.005197853171374814 -0.007662048743223158 0.9999571367471036 -0.2977369809969769
129143000000 0.9999354411234467 -0.011356418282356893 -0.0003812467109238844 0.9675310743310019 0.01135914019138126 0.9999025142689221 0.008119845614357019 0.03398679669204842 0.0002889971816247494 -0.008123652041083255 0.9999669608332791 -0.2979975727058434
129177000000 0.999926151774504 -0.011272153727802232 0.00454197619637791 0.9801441409152032 0.011232477145044332 0.9998993405301505 0.008668348433019571 0.03412541456460738 -0.0046392299595650645 -0.00861669064705066 0.9999521139473007 -0.2982520515899777
129211000000 0.9998917434234996 -0.011183566571796028 0.009561865521373959 0.9926367258655376 0.011094818608696424 0.9998953446075085 0.009284655743337667 0.034255734151499004 -0.00966470038618669 -0.009177563454772516 0.9999111790031548 -0.2984938475573854
129245000000 0.9998342585249589 -0.010890385211210149 0.014589550705805492 1.005005416673581 0.010745082465099108 0.999892255674397 0.010001012208007518 0.03441423650499709 -0.014696893639951058 -0.009842588700029634 0.9998435501442304 -0.2987188720566186
129279000000 0.9997694149686558 -0.00883506819569912 0.019571879399003733 1.0172991105904572 0.008628946433863671 0.9999066809905014 0.01059106198646643 0.03493832079854668 -0.019663625725519503 -0.01041973514716227 0.9997523548073242 -0.2989830795813772
129313000000 0.9996959759410446 -0.00508686883182803 0.02412632281908089 1.0295680415710589 0.004817917065415308 0.9999257527451769 0.011192706202815275 0.03567399034060639 -0.0241814673341695 -0.011073064728409028 0.9996462593713275 -0.2992435851700101
129347000000 0.9996017758135023 -0.0026615029316378125 0.028092813896756712 1.0411354266946713 0.0023375949548369284 0.9999304893685289 0.011556473555615445 0.03635235024852976 -0.028121618735770612 -0.011486201868302745 0.999538514378671 -0.2994233892861734
129381000000 0.9994938850827608 -0.0013363159385043795 0.03178345390107105 1.0517245905216133 0.0009578839812848344 0.9999285095548219 0.011918818639070242 0.03682226017508751 -0.03179710899511789 -0.011882341485799398 0.9994237108555948 -0.29956993366834317
129415000000 0.9993721843759146 -0.0005143581907023873 0.035425591475158814 1.061799537226158 7.421074493257194e-05 0.9999228069857019 0.01242475603786137 0.03709049078561033 -0.035429247642005106 -0.012414326622362302 0.9992950779955013 -0.2996729311805266
129449000000 0.9992325262709782 -4.728394688764231e-05 0.039170859147422944 1.0717566022101903 -0.00045314473408820157 0.9999184014989287 0.012766558019973787 0.03725812289073062 -0.03916826651728219 -0.01277451009063579 0.9991509689681413 -0.29967736607229445
129483000000 0.9989354674216796 0.0005390988893362733 0.04612636230420019 1.0811656276934205 -0.00105433170427247 0.999937320785281 0.011146429267344698 0.037405173088811305 -0.046117462112395015 -0.01118319601643774 0.9988734233200772 -0.29926561225911585
129517000000 0.9987135680815531 0.0007758308167365124 0.05070115399433325 1.091301963922806 -0.0013625439977924723 0.9999325015451507 0.011538449961388473 0.03744825552653227 -0.050688779859722144 -0.011592689084124868 0.9986472135624931 -0.2992647742840753
129551000000 0.9986110576093363 0.0008477199785710732 0.05268051813717267 1.1016917052392472 -0.0015454262554838655 0.9999116188060041 0.013204780742046831 0.037452978972559337 -0.052664668213631693 -0.013267853918196461 0.9985241092604393 -0.29954103495325046
129585000000 0.9984820120979817 0.0007980038203084312 0.055072994349946454 1.112197338076919 -0.0016165533157291331 0.9998888703320132 0.014820045261346027 0.037443465629140756 -0.055055047653633594 -0.014886577043555475 0.9983723411392079 -0.2998046060782219
129619000000 0.9983452041290356 0.0006023392642287571 0.05750209196164154 1.1235274502325758 -0.0015544249258748419 0.9998624243883393 0.016514116973747366 0.03743456922349942 -0.05748423397510078 -0.01657617216620171 0.998208792468095 -0.30006428282338854
129653000000 0.997933160835408 0.0003720478638403712 0.06425938130295632 1.1355775760389097 -0.0017157597105119382 0.9997810003816053 0.020856832083806533 0.03745067202956935 -0.06423754878314945 -0.02092397802386844 0.9977152521987369 -0.29975564362015084
129687000000 0.997480052341063 0.00038664290202229277 0.07094642830288764 1.148077519766139 -0.0019124659731651382 0.9997683070169276 0.021440027015093774 0.03747516333729439 -0.07092170087901126 -0.021521681899256413 0.9972496826535747 -0.29965894912895075
129721000000 0.9973764952371775 0.0004532375929547982 0.07238730084820759 1.1609708856576402 -0.0019922063481780353 0.9997734941641303 0.021189419074438203 0.03746311931748416 -0.07236130086082519 -0.021278038972852246 0.9971514865832568 -0.30042822131169006
129755000000 0.9974779975289634 0.0004270793827908895 0.07097508047766077 1.1740247840351707 -0.0019717296942112134 0.9997626992429014 0.02169464183988951 0.03744073950242256 -0.07094897270308143 -0.021779871573287885 0.9972421373300613 -0.30142195432842606
129789000000 0.9975732736478176 0.0004974272500106281 0.06962267065911722 1.1871538770407988 -0.002045068985798182 0.9997523569316015 0.02215947884205662 0.037451118378004154 -0.069594406358703 -0.02224808701527337 0.9973272488144205 -0.30243434448854156
129823000000 0.9976312029019818 0.0013269492718211541 0.06877661086427014 1.200766844812185 -0.0029344257250248987 0.9997247549571557 0.023276672260435595 0.03750649174999065 -0.06872679347975971 -0.023423354402933694 0.9973605036928751 -0.3033396903148741
129857000000 0.9976913159773194 0.003625747265263578 0.06781513090906273 1.2147242527808386 -0.005276066594893576 0.9996938843898862 0.02417231132406361 0.03761944333401918 -0.0677067289472112 -0.02447430224193612 0.9974050367754513 -0.30438496964593814
129891000000 0.9977475482659751 0.0038003974445111437 0.06697303120286459 1.2287011607624254 -0.005495661311695958 0.9996686680963484 0.02514660480503322 0.03753129540049651 -0.06685527380830363 -0.02545802438794387 0.997437848368649 -0.30544730768033224
129925000000 0.9978727346608788 0.001937526700786582 0.06516326734213901 1.241967926624471 -0.003534175173221678 0.9996961277102826 0.024395939147969257 0.03774526691556705 -0.06509619824739632 -0.024574340913851068 0.9975763563469142 -0.3061282771226014
129959000000 0.9980390722707178 0.0013978056136688926 0.06257840170915006 1.2550520348724437 -0.002933733581816012 0.9996965314869518 0.024458907175692855 0.03779434753377625 -0.06252522233688006 -0.0245945333849746 0.9977402996267614 -0.30696658652365305
129993000000 0.9980953663710129 0.0013844933725639694 0.06167432858827779 1.2681168465795132 -0.0029470311576153293 0.9996767849352562 0.02525154785088244 0.037752439883157414 -0.061619433915523575 -0.025385209071636335 0.9977768470576573 -0.30793143336567425
130027000000 0.998149791140562 0.0013569460211190188 0.06078777133230494 1.2811020902588037 -0.002944643526719588 0.9996566497588334 0.026036736881683176 0.03770893874698465 -0.060731569389843476 -0.026167561797791207 0.9978110718913705 -0.3088878251220505
130061000000 0.9981992173512353 0.0013212653127553397 0.059971466026393604 1.2940193062554417 -0.002927031596001966 0.9996393247317554 0.026695560227803474 0.037666422867896794 -0.059914563884063944 -0.026823025702064 0.9978430589660727 -0.3098120158315365
