203158000000 -0.1361954456781982 -0.9897344012160693 -0.043319921814173656 -1.1295933932258477 0.9905520623092198 -0.13533916620569286 -0.02213418048403136 -14.737066385241173 0.016044077769345112 -0.0459252124678482 0.9988160303220581 0.9780218964452556
203192000000 -0.1361980104861824 -0.9897346643383469 -0.043305844255317756 -1.1295882202743424 0.990551235358107 -0.13534068636796137 -0.02216187591287395 -14.737101471545826 0.01607333413247765 -0.04591506093330586 0.9988160266582414 0.9780200174730382
203226000000 -0.13619771321178004 -0.9897352941058828 -0.043292384053362866 -1.12958298595419 0.9905508430227756 -0.13533945470886072 -0.02218691925385568 -14.737138304389136 0.016100009402189613 -0.045905115186113905 0.9988160541846529 0.9780181984213536
203260000000 -0.13619761103157058 -0.9897359290579687 -0.04327818712761264 -1.1295780642934201 0.9905503640767407 -0.1353382669471519 -0.022215528964622575 -14.73717562575712 0.016130312356849308 -0.04589492598862227 0.9988160335075571 0.9780162491086355
203294000000 -0.13619648006589447 -0.9897367203211824 -0.04326364831507338 -1.1295729700526451 0.9905500290086646 -0.1353360696833933 -0.022243836755064025 -14.737213082783928 0.016160409914190245 -0.04588434036271667 0.9988160333419183 0.9780143483311516
203328000000 -0.1361965829967085 -0.9897373494793805 -0.04324892860582073 -1.129567894818921 0.9905494998569001 -0.13533504287038994 -0.02227362800522094 -14.737249966474593 0.01619194593820989 -0.04587379662509339 0.9988160069151544 0.9780123045564884
203362000000 -0.13619597531676064 -0.9897380731375677 -0.043234279101790826 -1.1295628095858739 0.9905490843871371 -0.13533335358896192 -0.022302350238705297 -14.73728747155437 0.016222445170848823 -0.04586316592103328 0.9988160002144434 0.9780103772277757
203396000000 -0.13619783455451245 -0.9897384514932788 -0.04321975819400556 -1.1295580093739583 0.9905483109319708 -0.13533407543541015 -0.022332302520395024 -14.737323196061633 0.01625403249908748 -0.04585286972185449 0.9988159594068315 0.9780083439972758
203430000000 -0.13619711652946564 -0.9897391776141754 -0.043205390227091564 -1.1295529558481194 0.9905479221897621 -0.13533230901686488 -0.022360232147930564 -14.737359301315538 0.016283712555947853 -0.045842408660320993 0.9988159561568968 0.9780064375561071
203464000000 -0.13619706025432587 -0.9897398022312345 -0.0431912567235134 -1.1295480319143196 0.9905474455391132 -0.13533121003807658 -0.022387981721617052 -14.73739547733961 0.016313151566051474 -0.045832166312612076 0.9988159458163832 0.9780045310786274
203498000000 -0.1361972421783768 -0.9897404092626114 -0.04317677032482966 -1.1295431037121353 0.9905469214035278 -0.1353303187799979 -0.02241654114482155 -14.737431442292655 0.016343430514977893 -0.045821688004510024 0.9988159315847036 0.9780026132054158
203532000000 -0.13619704170371477 -0.9897410605219767 -0.043162471523183914 -1.1295381247581917 0.9905464528047323 -0.13532905298054926 -0.022444871471017 -14.737467641620086 0.016373474497471417 -0.04581135815734771 0.9988159133677539 0.9780007217964046
203566000000 -0.13619590485763983 -0.9897418177831657 -0.043148692115565594 -1.1295330854444754 0.9905461365970664 -0.1353269095457797 -0.022471733920967282 -14.7375044691431 0.01640203562473594 -0.04580132840937605 0.9988159047308478 0.9779988587873019
203600000000 -0.13619571723947993 -0.9897424801140329 -0.043134089341811 -1.1295281725833732 0.9905456488274755 -0.1353256213692529 -0.02250097308966121 -14.737540894511675 0.01643302146836296 -0.045790820682199106 0.9988158771999329 0.9779969070815886
203634000000 -0.13619600714111668 -0.9897430812192392 -0.04311937867669233 -1.1295232905651575 0.9905450970575429 -0.13532482059629258 -0.02253006049358888 -14.737577013741618 0.01646384930933351 -0.04578019341623975 0.9988158566806455 0.977994942532898
203668000000 -0.13619644970643896 -0.9897436473587223 -0.043104983475401794 -1.1295184436968908 0.9905445287661486 -0.13532418092090626 -0.02255886942057793 -14.737613137909015 0.016494351118194008 -0.04576984346858835 0.998815827773094 0.9779929905412832
203702000000 -0.13619586345120732 -0.989744347239235 -0.04309076335783649 -1.129513465144152 0.9905441144220989 -0.13532254771640245 -0.0225868427028267 -14.737649563485641 0.01652404800647745 -0.04575953657460845 0.9988158091710189 0.977991087373308
203736000000 -0.13619507486695898 -0.9897450819981907 -0.04307637684831464 -1.1295084467086152 0.9905437158394624 -0.1353206861022596 -0.022615457628885765 -14.737685960225287 0.01655441309541472 -0.04574914833314721 0.9988157822310668 0.9779891973455861
203770000000 -0.13619401972065975 -0.9897458224592961 -0.04306269750840532 -1.129503447909616 0.9905433844805147 -0.13531862972629655 -0.022642259403269804 -14.737722815299302 0.01658289643627059 -0.04573921045852565 0.9988157648797975 0.9779873415874949
203804000000 -0.1361942645297437 -0.9897464504989023 -0.04304748580377527 -1.1294986123412838 0.9905428145852521 -0.1353177449878874 -0.022672458290184522 -14.73775898159268 0.016614896410429576 -0.04572823653080321 0.9988157355593942 0.9779853283779125
203838000000 -0.13619391629838112 -0.989747120769634 -0.04303317431388654 -1.1294936760453005 0.9905423562683018 -0.13531633350610445 -0.022700888196405044 -14.73779536722131 0.01664504736402106 -0.045717904749501825 0.9988157065162548 0.9779834088791726
203872000000 -0.13619355921555037 -0.9897478032309927 -0.04301860559833151 -1.1294887596206404 0.9905418861067344 -0.1353148865312977 -0.02273000992378937 -14.737831854257717 0.016675919654216317 -0.04570741167957866 0.9988156717939702 0.9779814632635384
203906000000 -0.13619286671361042 -0.9897485341453508 -0.043003979042154646 -1.1294838139421073 0.990541463449928 -0.13531311309404204 -0.022758967711081622 -14.7378683485733 0.01670665265107952 -0.04569683339060059 0.9988156422359774 0.977979538920005
203940000000 -0.13619185378195914 -0.9897492709371772 -0.04299022729365363 -1.1294787602882064 0.9905411244006751 -0.13531111083876352 -0.022785612886789035 -14.737905480369774 0.01673498833224099 -0.045686802940306144 0.9988156267312871 0.9779777071590663
203974000000 -0.13619154424443636 -0.9897499438343981 -0.04297571356151817 -1.1294739291001583 0.9905406422825184 -0.13530970516872975 -0.02281490025591444 -14.737941781189095 0.016766015115453912 -0.045676387411411515 0.9988155827629999 0.9779757276457453
204008000000 -0.13619186977651176 -0.9897505651486757 -0.04296037004793367 -1.129469070794095 0.990540045080272 -0.1353088807886892 -0.02284569701465788 -14.737977808721917 0.01679862194201922 -0.0456653650767193 0.9988155388925724 0.9779737440274261
204042000000 -0.13619072886797118 -0.9897513322889367 -0.042946310699358 -1.1294640482322014 0.9905397026287636 -0.13530671011020218 -0.02287338442982783 -14.738015025310418 0.016828038701278407 -0.045655168726320104 0.9988155098325415 0.9779718560294532
204076000000 -0.13618987270514288 -0.9897521094898228 -0.04293111148110131 -1.12945899974641 0.990539287194878 -0.13530476163679878 -0.022902881955596997 -14.738052387373276 0.016859391923195285 -0.0456440931430876 0.9988154872973913 0.9779699008068996
204110000000 -0.13619025948855396 -0.9897525998490535 -0.04291857770803128 -1.1294536781279838 0.9905388452557671 -0.13530438638923886 -0.022924202564178882 -14.738090992736764 0.016882217265878345 -0.04563457149871689 0.9988155368356644 0.9779682735413415
204144000000 -0.13620323895709618 -0.9897516567513484 -0.042899133505901355 -1.129446704286499 0.990536317664595 -0.13531579398517413 -0.022966046364718044 -14.738131178130825 0.01692575212688094 -0.04562119963485082 0.9988154109037448 0.9779658448293136
204178000000 -0.1362083962733872 -0.9897516840670545 -0.04288212530952309 -1.1294416648342986 0.9905349693841633 -0.13531961888142952 -0.02300163413541742 -14.738164796682149 0.01696311326811327 -0.04560926037784871 0.9988153223474493 0.9779635873508179
204212000000 -0.1362122926103035 -0.9897517800902348 -0.042867530253756024 -1.1294365251200602 0.990533919254161 -0.1353224678975415 -0.02303007792236309 -14.738199157046118 0.0169931206326649 -0.04559872246379829 0.998815293415571 0.977961702541855
204246000000 -0.1362155430756284 -0.9897519451010603 -0.04285338951914358 -1.129431380227255 0.9905329719168323 -0.1353247019556298 -0.023057679549951 -14.738233786330882 0.01702226101961433 -0.0455885096190673 0.9988152634098522 0.9779598528999882
204280000000 -0.1362184617716889 -0.9897521549704292 -0.042839262411328 -1.1294262264332617 0.9905320704553512 -0.1353266080536833 -0.023085202016013412 -14.738268543575451 0.0170513363696303 -0.04557829400138286 0.9988152336863578 0.9779580204213734
204314000000 -0.13622218532298824 -0.9897522410551887 -0.042825431136892904 -1.1294210086163399 0.9905310641939535 -0.13532932972614697 -0.023112407548009077 -14.738303470758206 0.01708002027583387 -0.045568342542856737 0.9988151976543377 0.9779561690061069
204348000000 -0.1362265188719735 -0.9897522418560455 -0.04281162572194806 -1.1294156637459094 0.9905299776070225 -0.13533267239530827 -0.02313938729041555 -14.738338401334191 0.017108448727325122 -0.04555839684708514 0.998815164812223 0.977954330334347
204382000000 -0.1362305306198151 -0.9897522729401473 -0.04279813940880992 -1.1294102271620357 0.9905289359314744 -0.1353356908402626 -0.023166308882727554 -14.738373254636695 0.017136791108743957 -0.0455487540400519 0.9988151187261305 0.9779525166401051
204416000000 -0.13623468533978045 -0.9897522872120451 -0.04278458214002491 -1.1294048609775649 0.9905278709702988 -0.1353388469596899 -0.023193389891706797 -14.738408019893214 0.017165294679034413 -0.04553906523137226 0.9988150710699326 0.9779506990737128
204450000000 -0.1362387914317157 -0.9897523178614497 -0.042770796077622936 -1.129399458151238 0.9905268047514612 -0.13534194171130765 -0.023220850171218145 -14.738442698240432 0.017194207689992733 -0.045529200538787874 0.9988150234754245 0.9779488768078743
204484000000 -0.13624299467675727 -0.989752335174236 -0.0427570043227526 -1.1293941017387084 0.9905257237879564 -0.1353451329154961 -0.023248344251402455 -14.73847737488049 0.017223150578628714 -0.045519336695886536 0.9988149743926111 0.9779470577557301
204518000000 -0.13624745678793682 -0.989752315214454 -0.04274324562369484 -1.1293888074388756 0.9905246092414829 -0.13534859015348388 -0.023275687540266397 -14.738512081064025 0.01725192759743572 -0.04550948990147501 0.998814926461895 0.9779452257570378
204552000000 -0.13625163592290251 -0.9897523415265442 -0.04272931255070787 -1.1293834413062225 0.9905235258207304 -0.13535175128442894 -0.02330339502963338 -14.738546734545986 0.017281102511179626 -0.04549951501896832 0.9988148765557294 0.9779433988306308
204586000000 -0.13625561024592991 -0.9897523965617843 -0.0427153623034363 -1.1293780476055524 0.9905224698780077 -0.13535470944197125 -0.023331080100389572 -14.738581380672523 0.017310266990445376 -0.045489516727308915 0.9988148269447322 0.9779415928378827
204620000000 -0.1362598901528878 -0.9897524053279783 -0.042701504458327225 -1.1293727188980816 0.9905213736252376 -0.13535797810511668 -0.023358641973954763 -14.738616084705798 0.017339282773390995 -0.045479598841418195 0.998814775302272 0.9779397667020209
204654000000 -0.13626424888724414 -0.9897524038335457 -0.042687627960721765 -1.1293674082828504 0.9905202663636767 -0.13536132845118326 -0.02338616434478935 -14.738650753873895 0.01736825834750845 -0.045469658736884036 0.9988147244290733 0.9779379355239162
204688000000 -0.13626829087373504 -0.9897524496805772 -0.04267365995140231 -1.129362030583086 0.9905191983849317 -0.13536435636113453 -0.023413856107190732 -14.738685400737573 0.017397428925665075 -0.04545964560170462 0.9988146725436827 0.9779361226587049
204722000000 -0.13624396784841425 -0.9897554948549061 -0.042680693872525696 -1.1293604861208197 0.9905227955103426 -0.1353405562369459 -0.02339926092529638 -14.738681869148868 0.017383118227069352 -0.04546420836211804 0.9988147140279371 0.9779389134327414
204756000000 -0.13613635844602567 -0.989765548198129 -0.042790787666418625 -1.1293986980480426 0.9905392581070295 -0.1352348693303037 -0.023313263735298982 -14.738297046972956 0.01728785868264686 -0.04555973789732511 0.9988120144576237 0.9779564906761762
204790000000 -0.13528936065786773 -0.9898723812021931 -0.04300532322731841 -1.1294751729922559 0.9906595659796226 -0.13439532833436635 -0.023054718713621362 -14.737691978626582 0.01704151477573813 -0.045722692998101444 0.9988088015827403 0.9779897260196633
204824000000 -0.1339530106663126 -0.9900539029510544 -0.043010000985995056 -1.129626334647726 0.9908435423631115 -0.13306710303011815 -0.022852147568520813 -14.737657720520593 0.016901641658498584 -0.04567729570099846 0.9988132554019753 0.9779840246963778
204858000000 -0.13229083369208267 -0.9902797576043559 -0.042955057910706924 -1.1297901298817823 0.9910636226473851 -0.1313997794008947 -0.022956346365176915 -14.737718366420818 0.017088919980369488 -0.045608109503186875 0.9988132303696473 0.9779702117667952
204892000000 -0.13052724118320808 -0.9905147027809921 -0.04293323751808223 -1.129952201311097 0.9912944066591723 -0.1296309920645375 -0.023047889764652038 -14.737668294811568 0.017263795507951953 -0.045567855677519364 0.9988120603464963 0.9779606106604688
204926000000 -0.12850438905125688 -0.9907714153179823 -0.04311176850194112 -1.1301812534359608 0.9915617061075364 -0.1276147752240519 -0.022800265911302055 -14.737049715750636 0.01708815307968051 -0.045677912970235955 0.9988100536593574 0.9779781411436621
204960000000 -0.12620439154552088 -0.9910436943644864 -0.043644557679233115 -1.130603917133218 0.9918681094566363 -0.12533598002573254 -0.02210306661773058 -14.73539400401566 0.016434871388103765 -0.04607914898715286 0.9988025866161325 0.9780549093479567
204994000000 -0.12415008788060711 -0.9912685957107091 -0.04442214354301911 -1.1313099839515857 0.992148713890684 -0.1233304826571685 -0.020749013774441796 -14.732608391160062 0.015089241342746505 -0.04664936446800663 0.9987973526148494 0.9782083740938006
205028000000 -0.12282027993562444 -0.99139006551279 -0.04539732193732452 -1.1323444053510296 0.9923446823823837 -0.1220852752087423 -0.018633757662151324 -14.729636101943555 0.01293097768697151 -0.04733839435122314 0.9987952073554955 0.9783836900308363
205062000000 -0.11991175234256118 -0.9917093428734515 -0.046192541688494175 -1.133484962536261 0.9927212628845298 -0.11924887216305441 -0.016858253313548996 -14.726989417630355 0.011210078816876051 -0.047877821017110675 0.9987902924976659 0.9785334211081016
205096000000 -0.11572686796200643 -0.9921929513003448 -0.04648052733797235 -1.1346395305174206 0.9932320146337835 -0.11512929518190823 -0.01534309282486811 -14.724848419797501 0.009872038199876861 -0.04794155588660726 0.9988013566675564 0.9787178076019918
205130000000 -0.11260963931804313 -0.9925493881608541 -0.04652720918101852 -1.1355641113813089 0.9935983105816631 -0.11205613528635561 -0.014346419551601375 -14.72335512461483 0.009025870701756086 -0.047844901569550805 0.9988139962234586 0.978867479610273
205164000000 -0.11146193485577899 -0.9926778697463653 -0.04654980122432414 -1.1360011898676126 0.9937319334963147 -0.11093251669661214 -0.01381380067293458 -14.722536181671737 0.008548767623568293 -0.047797736925234105 0.998820451791484 0.9789535687215662
205198000000 -0.1113775321479899 -0.9926869440857493 -0.04655831154928066 -1.1361030372360639 0.993742489017108 -0.11085425375083408 -0.013682103180018893 -14.72227831697204 0.008420858311744522 -0.0477908512902008 0.9988218678414342 0.978986250757369
205232000000 -0.11145702131782254 -0.9926783391376587 -0.04655155642788181 -1.1361124420574251 0.9937339259590329 -0.1109357229789334 -0.013643671250400953 -14.722258038353463 0.00837954634846656 -0.04778054388599174 0.9988227084067287 0.978989364905045
205266000000 -0.11239724101576415 -0.9925675240992758 -0.04665372777686999 -1.1359895793249695 0.9936294789649788 -0.1118817777406505 -0.013525026483407358 -14.722117311256378 0.00820480004810819 -0.047876694884105404 0.9988195549463104 0.9790046557595466
205300000000 -0.11320881808280236 -0.9924660571093165 -0.04684964241252975 -1.1359370350756313 0.9935419462564219 -0.11271762254218576 -0.013005329578234349 -14.72143380701622 0.007626567858225505 -0.048019402894291435 0.9988172867989318 0.9790711591710186
205334000000 -0.1132103788268235 -0.9924554988462444 -0.04706902310160908 -1.1361208840358106 0.9935473294751671 -0.11275329698746783 -0.012263690766648266 -14.719691106374487 0.0068639797968242655 -0.048153679281115906 0.9988163539675552 0.9792306204313583
205368000000 -0.1134888746894151 -0.9924056318121541 -0.0474482588642578 -1.136359141668358 0.9935227298819709 -0.11308195444283936 -0.011182879202782128 -14.716580239596848 0.005732410453435952 -0.048410056051475234 0.9988110962256509 0.9795040149346752
205402000000 -0.1148252207152739 -0.9922230632762364 -0.04804749098975635 -1.1365077029743127 0.9933798801361274 -0.1145244529312418 -0.008975712870483443 -14.712434839160856 0.003403296699118409 -0.048760049051676 0.9988047232507746 0.9798705267985237
205436000000 -0.11581540164730247 -0.9920813520684816 -0.04859406979506861 -1.1368858137204807 0.993268952665194 -0.11558330762585783 -0.0075687957863504705 -14.707058203952412 0.0018921978393369766 -0.04914356393506972 0.9987899327241425 0.9803330082957005
205470000000 -0.11605423737103693 -0.9920184547396818 -0.0493031382786267 -1.137429935902862 0.9932418490454711 -0.11598248909896913 -0.004323369882556223 -14.7007839270263 -0.0014294379877842905 -0.049471685622200695 0.9987745035936478 0.9809107002562065
205504000000 -0.11706515869136719 -0.9918826851316245 -0.049643605395298426 -1.138225888534626 0.993120419845797 -0.11705694042481835 -0.003082918047657063 -14.693637870521071 -0.0027532355280798053 -0.0496629805233193 0.9987622380024526 0.9815541269742594
205538000000 -0.11780717985699929 -0.9917412825312067 -0.050702040368196186 -1.1390561610320327 0.9930266317627575 -0.11787985033861803 -0.0015650859586996586 -14.6861357076307 -0.0044245885745131455 -0.050532854733357405 0.998712598102399 0.9821117870839966
205572000000 -0.11809296815756831 -0.9916262781048188 -0.052262562544522564 -1.1402803246786526 0.9929898913800841 -0.11819347126896307 -0.001174293984388227 -14.677065109364701 -0.005012632911408639 -0.05203487216643629 0.9986326880239392 0.9826926497012332
205606000000 -0.11826880346919949 -0.9914610901647636 -0.05493083665175914 -1.1413976047313494 0.9929369475430394 -0.11860709549095932 0.002928327698482173 -14.668210648854261 -0.009418509960450294 -0.05419652745791784 0.9984858677425674 0.9832288921669614
205640000000 -0.11974715434830568 -0.9912689226915432 -0.05519548832495669 -1.1428160125776001 0.9927736924813846 -0.1199956636494221 0.0011984248879940672 -14.658159529390813 -0.007811180599655715 -0.05465312078264292 0.9984748478786822 0.9837334525173571
205674000000 -0.12090431947378799 -0.9913981574759267 -0.05011824903084949 -1.1438771878772862 0.9926635010870328 -0.12069162494400043 -0.007259840081681169 -14.64758311448869 0.0011485391656672894 -0.050628302575879025 0.9987169047513267 0.9833363223257512
205708000000 -0.12290788813576442 -0.9909226094426302 -0.054461299373178895 -1.144747770801806 0.9924179251896328 -0.12275358534043096 -0.006182155641371916 -14.638250851787138 -0.0005592819602275416 -0.05480820542106926 0.9984967440218375 0.9839713194064232
205742000000 -0.12228301826521282 -0.9910666420929575 -0.0532332074417782 -1.1463224355890833 0.9924830955694226 -0.12237117691620147 -0.0016124729703995457 -14.628465417013757 -0.004916142073435166 -0.05303023657059677 0.9985808057219908 0.983933517014387
205776000000 -0.12165274963696038 -0.9912270081768794 -0.05166843104333636 -1.1478241276246173 0.9925670018121896 -0.12166384140374675 -0.0029422114888099475 -14.617427173083021 -0.0033697803085601732 -0.051642307806651425 0.9986599604595526 0.9837956168951152
205810000000 -0.11836020256522967 -0.9916699864883769 -0.05080846727524972 -1.1491611471508678 0.9929702426192892 -0.11825558131079833 -0.005070972434851131 -14.606234980265766 -0.0009796536671935752 -0.05105149740201061 0.998695541640046 0.9835743572999318
205844000000 -0.1118985804760515 -0.9924658075790367 -0.04990319101956808 -1.1502921028912616 0.993719301115443 -0.11171635328154017 -0.006434827123528383 -14.594734806843869 0.0008113433799658322 -0.05030981212412727 0.9987333300365794 0.9833998437468849
205878000000 -0.10462915045504417 -0.9932893333379637 -0.049285303611517825 -1.1517938506860141 0.9945084848167897 -0.10438222027526167 -0.007564768193406211 -14.582990147151426 0.002369494137774087 -0.04980614788789148 0.9987560929126293 0.983225779796211
205912000000 -0.0987617207390723 -0.9939081196532994 -0.048915970846959304 -1.1536447840544937 0.9951045417129752 -0.0984630668322175 -0.00848383947302847 -14.57122212256122 0.0036157404314112046 -0.04951438333693904 0.9987668658219974 0.9831106409944417
205946000000 -0.09703438987729424 -0.9941251926542045 -0.04795235668225753 -1.1551719983541557 0.9952659803736523 -0.09665529111807641 -0.010167743592025328 -14.559629209562619 0.005473161062359292 -0.04871197008047502 0.9987978716831873 0.9830218449740125
205980000000 -0.09734625368321592 -0.9942175197525881 -0.04533464801733503 -1.1563250508648637 0.9952084088571921 -0.09682179097719179 -0.01362951693588587 -14.548537716484068 0.009161322709063363 -0.04644420533265327 0.9988788745174457 0.983463528944416
206014000000 -0.09823108577117134 -0.994270406315897 -0.042154630974995444 -1.1572891564628767 0.9950975766288385 -0.09764835253200432 -0.015672020775845612 -14.538423484192398 0.01146589619828829 -0.04348745074394061 0.9989881755317045 0.9839026552931249
206048000000 -0.09974930834390677 -0.9942825422513634 -0.03810907580981089 -1.1584411423191339 0.9948608761839116 -0.09899209743822285 -0.021269736325611903 -14.527893594873177 0.017375630161000154 -0.04003487003784463 0.9990471944095338 0.9844804600324684
206082000000 -0.10104965657028775 -0.9942738084803574 -0.034764359292131744 -1.1595608431381532 0.9946682371711656 -0.10024302733803958 -0.024216387693276532 -14.517942497153173 0.02059283540052032 -0.03702606163326825 0.9991020998326929 0.9849832501181812
206116000000 -0.10264695703623156 -0.9942159249981102 -0.031595833449278014 -1.1608376769174282 0.9943552799611988 -0.10170023219143237 -0.03024301548283631 -14.507301043012186 0.02685478401492687 -0.03452183732597702 0.9990430738077065 0.9853936838587962
206150000000 -0.10383488870818863 -0.9941953605563396 -0.028176247713422354 -1.1620565075464362 0.9940507659911755 -0.10279980544758965 -0.03598992403847461 -14.496787883844338 0.032884502722643635 -0.031745630379435764 0.9989548660637761 0.9857574320022617
206184000000 -0.10512827451615053 -0.994137252109855 -0.025281808968581405 -1.1632990109256114 0.993765433846354 -0.10407194401013403 -0.039991161049911454 -14.486424619084557 0.03712557594738852 -0.029328389615157612 0.9988801415450987 0.9863026542484634
206218000000 -0.10866162460313722 -0.9938261917198998 -0.022408748071410016 -1.1649531832547722 0.993115853517994 -0.10753681679281801 -0.046440655952453766 -14.475472191479442 0.04374417481028959 -0.02730080009063704 0.9986696718558034 0.9870012473707794
206252000000 -0.11322638979723881 -0.9933500116107122 -0.020869573222318645 -1.166880458086311 0.9923223471733397 -0.11200737421465418 -0.05244718697825759 -14.464074273930704 0.049760867696189 -0.026647749521045982 0.9984056056991997 0.987730274863678
206286000000 -0.11356302093872767 -0.9933276380297972 -0.02009088851730729 -1.1682452993183867 0.9918870863717847 -0.11218923891798699 -0.059779449310736664 -14.452506965825911 0.057126597694613195 -0.026716627727833057 0.9980094055862854 0.9885198313381389
206320000000 -0.11508214659794669 -0.9931939701138833 -0.017939823405806344 -1.169788949935156 0.9912370311421422 -0.11363895996705098 -0.06734489490762366 -14.440510906629223 0.06484788066637659 -0.025532812360368244 0.9975684577341296 0.9892643080076602
206354000000 -0.11685428714608737 -0.9930240760602552 -0.015756266697937903 -1.1715829671654712 0.9905811285153626 -0.11539733299155253 -0.07370538221641508 -14.42847315705103 0.07137298792127789 -0.024220650344561435 0.9971555829919803 0.990034889300045
206388000000 -0.1187840661841551 -0.9928251097370528 -0.013734886106812665 -1.1736201032406472 0.9898447509137369 -0.11731695039053941 -0.08027516577115064 -14.416601254929423 0.07808786531389009 -0.023130815521130915 0.9966781078482898 0.991051047478853
206422000000 -0.11892611960604826 -0.9928417771448728 -0.01103556211794185 -1.1753900397890258 0.9893575204576905 -0.11755568654202131 -0.08574588780486603 -14.405432539250247 0.08383480654989628 -0.02111554208267207 0.9962559204809257 0.9922061123658079
206456000000 -0.11875565960073575 -0.9928908659167455 -0.008051191954600398 -1.1768149081123622 0.989010968233929 -0.11756470108146377 -0.08964287909595939 -14.395139817387049 0.08805905987336513 -0.01860831638600622 0.995941430273637 0.9933412793771572
206490000000 -0.11892913808033206 -0.9928845613034546 -0.0060089966480495124 -1.1778302090938404 0.9886296438776173 -0.11785427268661247 -0.09339056513334633 -14.385316926009468 0.09201786436277207 -0.01704753163236697 0.9956114173227215 0.9945130997019476
206524000000 -0.11878085138258493 -0.9929093826135049 -0.004697580536494501 -1.1789235114828072 0.988052278398885 -0.11772923701477395 -0.09946115775865237 -14.375582530158049 0.098202874171791 -0.016455536150115982 0.9950303567401406 0.9956148850997582
206558000000 -0.1181488784257071 -0.9929894002019464 -0.0035907677906502483 -1.1800326928750702 0.9876709707847269 -0.11714055348420949 -0.10384673417382123 -14.36619324825226 0.10269808175376366 -0.015815872280463585 0.994586829888726 0.9966908566330064
206592000000 -0.11760843327195208 -0.9930590561469776 -0.001402650273780122 -1.1812049010458294 0.9872807164959265 -0.11677170631387318 -0.1078941863115725 -14.356847762287584 0.10698150895648542 -0.014074075778546975 0.994161393905624 0.9977695918446625
206626000000 -0.11668298010274997 -0.9931691536182329 -0.0003383128497397164 -1.1822590486572995 0.98669651070889 -0.11588369803561788 -0.11402177109873046 -14.346789571639885 0.11320370095205722 -0.013638212156759637 0.9934781936509349 0.9992618189217577
206660000000 -0.11624733322759018 -0.9932199839938286 0.0007879801853744525 -1.1833885348019393 0.9862569777925471 -0.11552608366930306 -0.11811391851744035 -14.33748820995442 0.11740413652416579 -0.012953277088525485 0.9929997388416993 1.0005797136057855
206694000000 -0.11565960982378248 -0.9932880522348116 0.00130381861641371 -1.1847768754481056 0.9851576386319746 -0.1148803102705464 -0.1275419199997198 -14.327597899961363 0.12683564838199998 -0.01346698183399312 0.9918323238833269 1.0018299703636624
206728000000 -0.11584619554564302 -0.993266647973637 0.0010124232396777344 -1.1859497328214832 0.9842829731273124 -0.11493507998813135 -0.13407817197359395 -14.31829415428304 0.13329173938867867 -0.014535935172442123 0.99097024112705 1.0029365820124618
206762000000 -0.1154208485378791 -0.9933150444062501 0.0018028530182847835 -1.1871146401595738 0.9834609631439687 -0.11453049102226548 -0.14031144143702756 -14.308659661623247 0.1395799473231511 -0.014421830064465277 0.9901057767344144 1.0038836334477401
206796000000 -0.11538092634181002 -0.9933196062053584 0.001844387306905837 -1.1882255672044792 0.9824431221023724 -0.11439119718031693 -0.14737763005760776 -14.298616339188229 0.14660407112440305 -0.015192561853944825 0.9890785774619049 1.00510390884688
206830000000 -0.11524268319392761 -0.9933349937968166 0.0021711906739420445 -1.189445591160736 0.9814065640910625 -0.11419600080837389 -0.15427387775754248 -14.288590081325655 0.15349358269725594 -0.015648114840211155 0.9880257367967235 1.0061417416098235
206864000000 -0.11479527002040846 -0.9933853633634807 0.0027506065053340134 -1.1907127656628462 0.9803028015308618 -0.113730544817215 -0.1614675833916013 -14.278560914927011 0.16071236197531838 -0.015839287571893762 0.9868741833068334 1.007211500352829
206898000000 -0.11625547732029684 -0.993210009558971 0.004305915105849892 -1.1921460061177285 0.9786969963219773 -0.1152932208654851 -0.16988131919902882 -14.268198061421474 0.1692242694868848 -0.01553544767077207 0.9854551214957985 1.0086008178391486
206932000000 -0.11878086573252167 -0.9929016668620128 0.006114399273004598 -1.1935131682924516 0.9769943266348791 -0.11797194833934743 -0.17766458602737303 -14.258416758528572 0.17712479120408914 -0.015129419937835509 0.984072105586401 1.0100216687718764
206966000000 -0.11950028936734575 -0.992802484265417 0.007931461248548571 -1.194567803693006 0.975394481026539 -0.11888821100312014 -0.18566421213428896 -14.248909196036665 0.18527084828458393 -0.014450623546897648 0.982581239519164 1.0114029887784235
207000000000 -0.11882914208789841 -0.9928422727931484 0.01199401290600885 -1.1956684584774906 0.9744087527750803 -0.11892721039435306 -0.19074564514853187 -14.240216823756276 0.19080675435100924 -0.010979070213490441 0.9815662191168157 1.0127886710724148
207034000000 -0.11928663032432768 -0.992748631038814 0.01486120440703767 -1.1961476392886803 0.9734746087358898 -0.11988785104913352 -0.19486941606452013 -14.23192845330736 0.1952380238897471 -0.008778310850120957 0.9807166029420757 1.0144158448713292
207068000000 -0.11976944751567492 -0.9926339691811479 0.018250552579851434 -1.1967627481801224 0.9727452752325965 -0.12100642523329047 -0.19779806511925294 -14.223931614615472 0.19854951260189524 -0.005937026186567856 0.9800728762523785 1.0158644094477596
207102000000 -0.11894649739211216 -0.9926587763976781 0.021915391824303243 -1.1974616341895306 0.972016795204132 -0.1209194431475149 -0.2013996973929788 -14.215703467032634 0.20257117415673132 -0.002653659654024046 0.9792639467943277 1.0174788880351182
207136000000 -0.1191564229447119 -0.9925497256106324 0.025432047917521045 -1.1981096821233979 0.971181505983415 -0.12183988586248978 -0.20484512356607704 -14.207678845094824 0.206417609003706 0.00029052241497921905 0.9784639422533257 1.0191767493825334
207170000000 -0.1183412850665076 -0.9925412188573461 0.02927915842338928 -1.1989856459857229 0.9702705994178591 -0.12185448231130486 -0.20910870150702207 -14.199758515386414 0.2111168021596494 0.003662514138982609 0.9774539793954833 1.0208060895623412
207204000000 -0.11778641575562782 -0.9924656717345257 0.033737971070877476 -1.200016266499468 0.9690192017679573 -0.12229825488904983 -0.2145808086854096 -14.19052795607752 0.21709018141876832 0.007418037451373621 0.9761233661028388 1.0227184757997656
207238000000 -0.11773731233437168 -0.9923249359658917 0.037804057250090256 -1.2011872358819344 0.968002325412038 -0.1231804247057875 -0.21862772231853245 -14.18111814372302 0.22160646037777446 0.010853774900527816 0.9750757777164003 1.0246719351440956
207272000000 -0.11809598311765301 -0.9921668014505067 0.04072317363548547 -1.2024657623521287 0.9671755673476623 -0.12421999161695652 -0.22167727806072207 -14.171953193068093 0.22499946821537706 0.013207262477671733 0.9742693711292802 1.026594595542623
207306000000 -0.11880922008500677 -0.9919937835247802 0.04281007674583351 -1.2037343795454798 0.966179327389045 -0.12544062382733595 -0.22530458765826672 -14.162555226006367 0.22887087308970797 0.014593948814510094 0.9733473892239883 1.028639413913236
207340000000 -0.11887704637161062 -0.9919345797054877 0.04397769241853784 -1.2048379264531437 0.9655442362263564 -0.1258141304012081 -0.2278050317298762 -14.153982794950515 0.23150070353246016 0.015381618116616022 0.9727131283621551 1.0305846247232322
207374000000 -0.11524241401900892 -0.9922823440971015 0.04577046650661537 -1.2055303505226405 0.965245497881326 -0.12274499217867518 -0.23072666884191853 -14.144329274991705 0.23456409535754336 0.01759023843553134 0.9719414944742707 1.0326823499678572
207408000000 -0.11176914201969318 -0.9925611466151303 0.048270375203011154 -1.2060874007157973 0.9646115778254472 -0.12003901063342398 -0.23476613863854 -14.133310578214871 0.23881407583574954 0.020322552895896975 0.9708526309520464 1.0350376049403482
207442000000 -0.11166892818790103 -0.9924819123224841 0.05009694791173318 -1.20688760171813 0.964120667068865 -0.12041962063155237 -0.23658075639755688 -14.123431422303538 0.24083477699047645 0.02188078334197631 0.970319453330855 1.0370526794959245
207476000000 -0.11155060493552926 -0.9924697689146473 0.05059861983319451 -1.2073646694982685 0.9634325508974197 -0.1204887013685847 -0.23933280743308666 -14.115016610755559 0.24362713808155362 0.022050637927703995 0.9696182686795732 1.0390565010711608
207510000000 -0.11000679766908428 -0.9926223824640058 0.050983431603557575 -1.207564740660811 0.9626459563043045 -0.11917225486219951 -0.24312699661294412 -14.107604904895414 0.2474091091240675 0.022333371947389505 0.9686536807445143 1.0407538619117032
207544000000 -0.1076050561064591 -0.9928693178644599 0.05129980062035648 -1.2075599143748585 0.9622378970765268 -0.11698482829117574 -0.24579011245253052 -14.101048252174113 0.25003875965551675 0.022914353428509504 0.9679646435055799 1.0422472806217264
207578000000 -0.1067031467567916 -0.9929530349177338 0.05156266982866818 -1.2073069234893044 0.9619944810735761 -0.11620829058168103 -0.24710777321659586 -14.095551708742114 0.2513584230857991 0.023235826814323374 0.9676151298404109 1.0435324046234071
207612000000 -0.10631314889792304 -0.9929695172996469 0.05204855507230667 -1.2069900204128083 0.9615120020894781 -0.1160009155665292 -0.24907520435726013 -14.090619327493874 0.25336176548424194 0.023565341105824006 0.9670845312015257 1.0446863146752874
207646000000 -0.10579756339072066 -0.9929982939623279 0.052547728480810296 -1.2068577098727145 0.961073512505296 -0.11567404766209433 -0.25091277021746045 -14.085526869002644 0.2552343612081238 0.02395627027260383 0.9665823906803326 1.045888343703152
207680000000 -0.10559364166851004 -0.9930121851053394 0.05269519021221561 -1.207029979531599 0.9605304703132719 -0.11556706958921026 -0.2530325434135451 -14.079287095503634 0.2573542275521179 0.023896708118105153 0.9660216089209241 1.0473822705688864
207714000000 -0.10515139334776946 -0.9930871214798576 0.05216467797153014 -1.2076519589266697 0.9601874939680062 -0.11503986347884387 -0.2545698455006197 -14.072327630579611 0.25881105251604514 0.023319497456415025 0.9656464364009829 1.0491145182267112
207748000000 -0.10400468550044778 -0.9932411405746887 0.051527294357888456 -1.2083866930789824 0.9597656572097549 -0.11381653106548845 -0.2567015397245327 -14.065000685955154 0.2608311880022788 0.022755964627108605 0.9651161885696506 1.0508946992724435
207782000000 -0.10083576210366113 -0.9936072046832528 0.050762898681088756 -1.2089702785878387 0.9595422783397692 -0.11060729402464325 -0.25892980243122066 -14.05676616206679 0.2628892640628344 0.02259976349608024 0.9645612917437765 1.0528727424796414
207816000000 -0.09880940560316626 -0.9937968702306096 0.05103412666240488 -1.2097069394317783 0.9590454126704736 -0.10878445642518003 -0.26152980418300237 -14.047735143594151 0.2654592205971954 0.02310244056638837 0.9638452569991753 1.054998871030999
207850000000 -0.0988965001461119 -0.9938128502070445 0.050551963584030274 -1.210561585644081 0.9585284235539668 -0.10878448424769543 -0.2634182932639846 -14.039525666387892 0.2672877541115526 0.022404346683487883 0.9633562693789295 1.0570567486030997
207884000000 -0.09858425084607264 -0.9938862572103265 0.04971170097237909 -1.2113843411608678 0.9580232177395546 -0.10830393388181264 -0.2654463640317458 -14.031409765514368 0.26920746601286666 0.02145613278698158 0.9628431723851807 1.0591567849504977
207918000000 -0.09802423677809524 -0.9940194252963538 0.048131394511054706 -1.2121592670856023 0.9576786287365319 -0.10737200021907722 -0.26706347116419904 -14.023648605927798 0.2706342422262719 0.01991571496234444 0.9624762185281 1.061269050844985
207952000000 -0.09729240606091755 -0.9941626049163489 0.0466358521828162 -1.212877848424229 0.9573529382544864 -0.10629274553330009 -0.2686581542825285 -14.01635671625344 0.2720469432623335 0.0185085718771886 0.9621059678791564 1.0632702988117473
207986000000 -0.09650209140636073 -0.9943022989175081 0.04528006980513083 -1.2136034406665568 0.957111659779037 -0.10518596508610395 -0.2699503351802373 -14.009276165377448 0.27317506670488056 0.01728731084535845 0.9618089892564534 1.0652344005002417
208020000000 -0.09517953207091956 -0.9944606366098626 0.044597072866591064 -1.2141194635741377 0.9566705490790374 -0.10376315476681752 -0.2720563695958082 -14.002224963130034 0.27517688347601854 0.016770508231557346 0.9612473317799541 1.0670956672081708
208054000000 -0.09457462055232341 -0.9945429083371391 0.04404593765251612 -1.214869844263155 0.9560603357583952 -0.10307010548167866 -0.274454345466674 -13.994615384602225 0.27749644238607607 0.016154158359410947 0.9605908429871537 1.069042398840771
208088000000 -0.09446347724837773 -0.9945890875123419 0.04323422796249146 -1.21555653066661 0.9556094127566023 -0.10276468559664537 -0.27613415153726417 -13.986900471783533 0.2790829656520214 0.015230443052981074 0.9601462033915893 1.0709320960172641
208122000000 -0.08986640505917443 -0.9951238448493243 0.04065172387536102 -1.2156297953437847 0.9563067771014548 -0.0976189216736012 -0.27558645503927015 -13.979994881556555 0.27821103017595966 0.014109555045483752 0.9604163384412251 1.072407151832589
208156000000 -0.08399825911135295 -0.9957323889605252 0.03822698054028849 -1.215434272753831 0.9574436142052922 -0.09127991896503207 -0.27380595685858455 -13.973791112326648 0.2761268152204162 0.013600954698209905 0.961024971552523 1.0736562845656632
208190000000 -0.08057879651859556 -0.9960625660268129 0.03696514725652095 -1.215403815225167 0.958596652898228 -0.08760348958867237 -0.27095771932942214 -13.968835412660093 0.27312911709286747 0.013601219503002887 0.9618812256324073 1.0748304631044512
208224000000 -0.0788425853245307 -0.9962496288053386 0.035644408321212934 -1.2151303356624876 0.9586855993884895 -0.0855761896953493 -0.27129068779145105 -13.963883649303698 0.2733235596586526 0.012782521756321968 0.9618372205696099 1.0759226828261417
208258000000 -0.07815529557224277 -0.9963385195966685 0.03465983470725448 -1.2148090628963062 0.9586631195880788 -0.08465024833739243 -0.2716603736249929 -13.958780810978125 0.27359965810590536 0.011995408468936486 0.961768858541383 1.0770928660911265
208292000000 -0.07863797727415434 -0.9963307097050177 0.033781436158420636 -1.2146233013897976 0.958830503107949 -0.08486670525815732 -0.2710013074661868 -13.95295950800328 0.2728738441844275 0.011079676769695374 0.9619860216877852 1.0784542372154868
208326000000 -0.07964317413662164 -0.9962851590524251 0.03275433811463943 -1.2147282540602833 0.9592735875880503 -0.08553537386320959 -0.2692171687950686 -13.94645402324947 0.27101872438891605 0.00997906157738826 0.9625223474603795 1.0799835319341686
208360000000 -0.0797055120865009 -0.9963244046719872 0.03138012106476187 -1.2151355862954973 0.9593458046037728 -0.08522150270717077 -0.26905932926674697 -13.938944172841595 0.27074463712540775 0.008658875870581229 0.9626122611604785 1.0817568095139396
208394000000 -0.07915368153274593 -0.9964173812015067 0.029784175989001252 -1.2157069317944118 0.9600966327273079 -0.08423981996565877 -0.2666797865565328 -13.930198739539243 0.26823338816317616 0.007487000179281195 0.9633248643644667 1.083772685468169
208428000000 -0.07960744375562812 -0.9964196661127136 0.028469349878826475 -1.2163054506295492 0.9612526041251992 -0.08429685943468745 -0.2624642271852909 -13.92210247862209 0.2639243944034313 0.0064721305052559686 0.9645216563486303 1.0855598916830822
208462000000 -0.08019323321373362 -0.9964041266449263 0.027347061116128654 -1.2169476617960235 0.9614471415770799 -0.08456140564922232 -0.26166536382924266 -13.914046279857684 0.26303695424785845 0.00530896219512067 0.9647711519424804 1.0873584582430749
