1686751363951989248 0.99900 -0.00453 0.04452 4627551.49600 -0.02913 0.68926 0.72392 119249.14330 -0.03397 -0.72450 0.68844 4373301.25370
1686751363976989184 0.99898 -0.00503 0.04491 4627551.49580 -0.02910 0.68864 0.72452 119249.14290 -0.03457 -0.72509 0.68779 4373301.25380
1686751364001989120 0.99896 -0.00560 0.04530 4627551.49550 -0.02903 0.68780 0.72532 119249.14210 -0.03522 -0.72588 0.68692 4373301.25400
1686751364026989312 0.99893 -0.00628 0.04578 4627551.49490 -0.02897 0.68682 0.72625 119249.14080 -0.03600 -0.72680 0.68590 4373301.25460
1686751364051988992 0.99890 -0.00695 0.04633 4627551.49400 -0.02897 0.68561 0.72739 119249.13870 -0.03682 -0.72793 0.68466 4373301.25560
1686751364076989184 0.99888 -0.00729 0.04670 4627551.49260 -0.02907 0.68428 0.72864 119249.13580 -0.03727 -0.72918 0.68330 4373301.25700
1686751364101989376 0.99889 -0.00722 0.04660 4627551.49070 -0.02911 0.68298 0.72986 119249.13210 -0.03710 -0.73040 0.68201 4373301.25870
1686751364126989056 0.99889 -0.00688 0.04649 4627551.48870 -0.02932 0.68192 0.73084 119249.12790 -0.03673 -0.73139 0.68097 4373301.26090
1686751364151989248 0.99889 -0.00670 0.04654 4627551.48650 -0.02950 0.68137 0.73135 119249.12310 -0.03661 -0.73191 0.68042 4373301.26360
1686751364176989184 0.99890 -0.00686 0.04636 4627551.48390 -0.02928 0.68122 0.73149 119249.11800 -0.03660 -0.73204 0.68028 4373301.26680
1686751364201989120 0.99892 -0.00666 0.04602 4627551.48090 -0.02917 0.68097 0.73173 119249.11250 -0.03621 -0.73228 0.68004 4373301.27020
1686751364226989312 0.99895 -0.00643 0.04538 4627551.47750 -0.02890 0.68013 0.73252 119249.10640 -0.03558 -0.73306 0.67923 4373301.27380
1686751364251989248 0.99895 -0.00632 0.04545 4627551.47390 -0.02909 0.67887 0.73368 119249.09960 -0.03549 -0.73423 0.67797 4373301.27750
1686751364276989184 0.99893 -0.00616 0.04584 4627551.47040 -0.02954 0.67773 0.73472 119249.09230 -0.03560 -0.73528 0.67683 4373301.28140
1686751364301989120 0.99898 -0.00519 0.04493 4627551.46670 -0.02957 0.67656 0.73579 119249.08460 -0.03422 -0.73637 0.67572 4373301.28550
1686751364326989056 0.99905 -0.00319 0.04340 4627551.46260 -0.02989 0.67461 0.73757 119249.07700 -0.03163 -0.73817 0.67387 4373301.28950
1686751364351989248 0.99911 -0.00206 0.04215 4627551.45870 -0.02984 0.67175 0.74018 119249.06990 -0.02984 -0.74078 0.67109 4373301.29320
1686751364376989184 0.99912 -0.00204 0.04179 4627551.45520 -0.02972 0.66842 0.74319 119249.06370 -0.02945 -0.74379 0.66777 4373301.29670
1686751364401989120 0.99912 -0.00224 0.04182 4627551.45230 -0.02976 0.66468 0.74654 119249.05820 -0.02947 -0.74713 0.66403 4373301.29990
1686751364426989056 0.99914 -0.00260 0.04146 4627551.44960 -0.02942 0.66041 0.75033 119249.05340 -0.02933 -0.75090 0.65976 4373301.30280
1686751364451989248 0.99912 -0.00317 0.04191 4627551.44730 -0.02956 0.65591 0.75426 119249.04940 -0.02988 -0.75483 0.65524 4373301.30550
1686751364476989184 0.99908 -0.00371 0.04270 4627551.44510 -0.03002 0.65046 0.75894 119249.04570 -0.03059 -0.75953 0.64976 4373301.30780
1686751364501989120 0.99911 -0.00410 0.04208 4627551.44290 -0.02957 0.64357 0.76482 119249.04250 -0.03022 -0.76538 0.64287 4373301.31000
1686751364526989312 0.99908 -0.00475 0.04268 4627551.44070 -0.02990 0.63637 0.77080 119249.03960 -0.03082 -0.77137 0.63564 4373301.31190
1686751364551988992 0.99905 -0.00691 0.04301 4627551.43860 -0.02904 0.63019 0.77590 119249.03700 -0.03247 -0.77641 0.62939 4373301.31420
1686751364576989184 0.99909 -0.00904 0.04166 4627551.43660 -0.02686 0.62530 0.77992 119249.03390 -0.03310 -0.78033 0.62449 4373301.31670
1686751364601989376 0.99911 -0.01054 0.04086 4627551.43480 -0.02553 0.62005 0.78415 119249.02940 -0.03360 -0.78449 0.61923 4373301.31870
1686751364626989056 0.99907 -0.01148 0.04163 4627551.43340 -0.02581 0.61425 0.78869 119249.02340 -0.03463 -0.78903 0.61338 4373301.32020
1686751364651989248 0.99903 -0.01038 0.04289 4627551.43210 -0.02771 0.60891 0.79275 119249.01560 -0.03435 -0.79317 0.60803 4373301.32160
1686751364676989184 0.99906 -0.00808 0.04250 4627551.43070 -0.02903 0.60314 0.79711 119249.00700 -0.03208 -0.79759 0.60234 4373301.32300
1686751364701989120 0.99908 -0.00586 0.04259 4627551.42890 -0.03070 0.59638 0.80212 119248.99840 -0.03010 -0.80268 0.59564 4373301.32460
1686751364726989312 0.99907 -0.00448 0.04300 4627551.42660 -0.03209 0.58950 0.80713 119248.99110 -0.02896 -0.80776 0.58880 4373301.32680
1686751364751989248 0.99907 -0.00417 0.04291 4627551.42380 -0.03241 0.58363 0.81137 119248.98520 -0.02843 -0.81201 0.58295 4373301.32980
1686751364776989184 0.99910 -0.00502 0.04224 4627551.42070 -0.03156 0.57832 0.81520 119248.98030 -0.02852 -0.81580 0.57764 4373301.33350
1686751364801989120 0.99915 -0.00728 0.04053 4627551.41720 -0.02908 0.57225 0.81957 119248.97590 -0.02916 -0.82005 0.57155 4373301.33730
1686751364826989056 0.99919 -0.00953 0.03914 4627551.41400 -0.02694 0.56423 0.82518 119248.97090 -0.02994 -0.82556 0.56351 4373301.34060
1686751364851989248 0.99919 -0.00980 0.03907 4627551.41140 -0.02704 0.55569 0.83095 119248.96430 -0.02986 -0.83133 0.55497 4373301.34330
1686751364876989184 0.99918 -0.00957 0.03924 4627551.40920 -0.02758 0.54811 0.83595 119248.95670 -0.02951 -0.83635 0.54740 4373301.34570
1686751364901989120 0.99921 -0.00830 0.03898 4627551.40720 -0.02829 0.54118 0.84043 119248.94820 -0.02807 -0.84087 0.54051 4373301.34790
1686751364926989056 0.99917 -0.00612 0.04034 4627551.40550 -0.03082 0.53449 0.84461 119248.93920 -0.02673 -0.84515 0.53385 4373301.34990
1686751364951989248 0.99916 -0.00512 0.04057 4627551.40320 -0.03181 0.52627 0.84972 119248.93090 -0.02570 -0.85030 0.52566 4373301.35200
1686751364976989184 0.99916 -0.00449 0.04083 4627551.40060 -0.03263 0.51712 0.85529 119248.92330 -0.02495 -0.85590 0.51653 4373301.35440
1686751365001989120 0.99916 -0.00567 0.04054 4627551.39770 -0.03200 0.50937 0.85995 119248.91640 -0.02552 -0.86053 0.50876 4373301.35740
1686751365026989312 0.99923 -0.00812 0.03851 4627551.39480 -0.02923 0.50201 0.86437 119248.90970 -0.02635 -0.86482 0.50139 4373301.36080
1686751365051988992 0.99920 -0.00876 0.03910 4627551.39260 -0.02965 0.49460 0.86861 119248.90220 -0.02695 -0.86908 0.49394 4373301.36410
1686751365076989184 0.99921 -0.00867 0.03878 4627551.39030 -0.02965 0.48691 0.87295 119248.89420 -0.02645 -0.87341 0.48627 4373301.36710
1686751365101989376 0.99919 -0.00779 0.03936 4627551.38780 -0.03087 0.47753 0.87807 119248.88570 -0.02564 -0.87858 0.47691 4373301.36950
1686751365126989056 0.99918 -0.00758 0.03989 4627551.38520 -0.03172 0.46762 0.88336 119248.87730 -0.02535 -0.88390 0.46699 4373301.37190
1686751365151989248 0.99918 -0.00832 0.03953 4627551.38260 -0.03129 0.45951 0.88762 119248.86900 -0.02555 -0.88814 0.45887 4373301.37490
1686751365176989184 0.99917 -0.00808 0.03981 4627551.38030 -0.03182 0.45360 0.89064 119248.86060 -0.02525 -0.89117 0.45297 4373301.37830
1686751365201989120 0.99921 -0.00828 0.03898 4627551.37770 -0.03121 0.44582 0.89458 119248.85210 -0.02478 -0.89508 0.44521 4373301.38110
1686751365226989312 0.99920 -0.00837 0.03909 4627551.37510 -0.03157 0.43455 0.90009 119248.84300 -0.02453 -0.90061 0.43394 4373301.38290
1686751365251989248 0.99918 -0.00810 0.03974 4627551.37330 -0.03252 0.42545 0.90440 119248.83370 -0.02423 -0.90494 0.42484 4373301.38480
1686751365276989184 0.99920 -0.00727 0.03938 4627551.37200 -0.03271 0.41912 0.90734 119248.82440 -0.02310 -0.90790 0.41854 4373301.38710
1686751365301989120 0.99918 -0.00594 0.03997 4627551.37080 -0.03397 0.41205 0.91053 119248.81490 -0.02188 -0.91114 0.41151 4373301.38900
1686751365326989056 0.99914 -0.00531 0.04117 4627551.36910 -0.03556 0.40231 0.91481 119248.80600 -0.02142 -0.91549 0.40178 4373301.39050
1686751365351989248 0.99914 -0.00544 0.04102 4627551.36690 -0.03561 0.39182 0.91935 119248.79790 -0.02107 -0.92003 0.39129 4373301.39230
1686751365376989184 0.99911 -0.00608 0.04175 4627551.36490 -0.03624 0.38288 0.92309 119248.79040 -0.02160 -0.92378 0.38232 4373301.39460
1686751365401989120 0.99919 -0.00804 0.03939 4627551.36250 -0.03352 0.37452 0.92661 119248.78340 -0.02220 -0.92719 0.37394 4373301.39740
1686751365426989056 0.99921 -0.00953 0.03863 4627551.36080 -0.03245 0.36653 0.92984 119248.77590 -0.02301 -0.93036 0.36593 4373301.39980
1686751365451989248 0.99919 -0.01101 0.03881 4627551.36000 -0.03226 0.35947 0.93260 119248.76740 -0.02422 -0.93309 0.35882 4373301.40150
1686751365476989184 0.99921 -0.01166 0.03803 4627551.35960 -0.03151 0.35132 0.93572 119248.75790 -0.02427 -0.93618 0.35068 4373301.40240
1686751365501989120 0.99917 -0.01058 0.03943 4627551.35960 -0.03346 0.34136 0.93934 119248.74740 -0.02339 -0.93987 0.34072 4373301.40230
1686751365526989312 0.99918 -0.00902 0.03954 4627551.35940 -0.03432 0.33142 0.94286 119248.73650 -0.02161 -0.94344 0.33083 4373301.40240
1686751365551988992 0.99910 -0.00683 0.04189 4627551.35930 -0.03743 0.32345 0.94551 119248.72580 -0.02001 -0.94622 0.32290 4373301.40310
1686751365576989184 0.99906 -0.00479 0.04300 4627551.35820 -0.03928 0.31660 0.94775 119248.71610 -0.01815 -0.94855 0.31611 4373301.40460
1686751365601989376 0.99913 -0.00371 0.04165 4627551.35560 -0.03847 0.30902 0.95028 119248.70770 -0.01640 -0.95105 0.30860 4373301.40650
1686751365626989056 0.99919 -0.00511 0.03992 4627551.35270 -0.03653 0.30134 0.95282 119248.70070 -0.01690 -0.95350 0.30091 4373301.40890
1686751365651989248 0.99924 -0.00940 0.03783 4627551.35040 -0.03340 0.29384 0.95527 119248.69460 -0.02009 -0.95581 0.29330 4373301.41210
1686751365676989184 0.99927 -0.01407 0.03543 4627551.34930 -0.02993 0.28586 0.95780 119248.68780 -0.02361 -0.95817 0.28523 4373301.41480
1686751365701989120 0.99921 -0.01695 0.03582 4627551.34920 -0.02970 0.27813 0.96008 119248.67930 -0.02624 -0.96039 0.27741 4373301.41590
1686751365726989312 0.99923 -0.01600 0.03573 4627551.34980 -0.03010 0.26986 0.96243 119248.66870 -0.02504 -0.96277 0.26917 4373301.41530
1686751365751989248 0.99915 -0.01176 0.03955 4627551.35100 -0.03512 0.26075 0.96477 119248.65650 -0.02166 -0.96533 0.26012 4373301.41320
1686751365776989184 0.99909 -0.00793 0.04187 4627551.35210 -0.03853 0.25139 0.96712 119248.64400 -0.01820 -0.96785 0.25085 4373301.41200
1686751365801989120 0.99899 -0.00451 0.04466 4627551.35250 -0.04223 0.24285 0.96915 119248.63230 -0.01522 -0.97005 0.24241 4373301.41230
1686751365826989056 0.99909 -0.00291 0.04263 4627551.35100 -0.04074 0.23599 0.97090 119248.62220 -0.01289 -0.97175 0.23566 4373301.41430
1686751365851989248 0.99916 -0.00446 0.04082 4627551.34770 -0.03869 0.23055 0.97229 119248.61400 -0.01375 -0.97305 0.23018 4373301.41720
1686751365876989184 0.99924 -0.00920 0.03778 4627551.34430 -0.03474 0.22486 0.97377 119248.60730 -0.01745 -0.97435 0.22437 4373301.42090
1686751365901989120 0.99934 -0.01305 0.03401 4627551.34240 -0.03033 0.21859 0.97535 119248.60070 -0.02016 -0.97573 0.21805 4373301.42460
1686751365926989056 0.99936 -0.01572 0.03226 4627551.34180 -0.02821 0.21177 0.97691 119248.59310 -0.02219 -0.97719 0.21119 4373301.42680
1686751365951989248 0.99930 -0.01737 0.03328 4627551.34180 -0.02904 0.20379 0.97858 119248.58370 -0.02378 -0.97886 0.20314 4373301.42670
1686751365976989184 0.99924 -0.01640 0.03544 4627551.34250 -0.03157 0.19473 0.98035 119248.57270 -0.02297 -0.98072 0.19406 4373301.42490
1686751366001989120 0.99915 -0.01350 0.03885 4627551.34390 -0.03566 0.18603 0.98190 119248.56030 -0.02048 -0.98245 0.18539 4373301.42300
1686751366026989312 0.99914 -0.01145 0.03997 4627551.34500 -0.03730 0.17821 0.98328 119248.54770 -0.01838 -0.98393 0.17763 4373301.42240
1686751366051988992 0.99909 -0.00962 0.04152 4627551.34520 -0.03927 0.17057 0.98456 119248.53560 -0.01656 -0.98530 0.17004 4373301.42280
1686751366076989184 0.99919 -0.00782 0.03949 4627551.34380 -0.03771 0.16149 0.98615 119248.52460 -0.01408 -0.98684 0.16106 4373301.42420
1686751366101989376 0.99924 -0.00727 0.03839 4627551.34180 -0.03683 0.15275 0.98758 119248.51490 -0.01305 -0.98824 0.15237 4373301.42630
1686751366126989056 0.99929 -0.00941 0.03656 4627551.33970 -0.03482 0.14445 0.98890 119248.50640 -0.01459 -0.98947 0.14402 4373301.42930
1686751366151989248 0.99931 -0.01168 0.03513 4627551.33820 -0.03322 0.13610 0.99014 119248.49830 -0.01635 -0.99063 0.13562 4373301.43220
1686751366176989184 0.99934 -0.01403 0.03362 4627551.33720 -0.03159 0.12634 0.99148 119248.48980 -0.01815 -0.99189 0.12582 4373301.43400
1686751366201989120 0.99938 -0.01456 0.03218 4627551.33700 -0.03028 0.11592 0.99280 119248.48030 -0.01819 -0.99315 0.11540 4373301.43420
1686751366226989312 0.99934 -0.01392 0.03347 4627551.33790 -0.03179 0.10670 0.99378 119248.46970 -0.01740 -0.99419 0.10619 4373301.43310
1686751366251989248 0.99932 -0.01199 0.03496 4627551.34000 -0.03361 0.09900 0.99452 119248.45840 -0.01539 -0.99501 0.09853 4373301.43140
1686751366276989184 0.99918 -0.01073 0.03897 4627551.34220 -0.03781 0.09210 0.99503 119248.44730 -0.01427 -0.99569 0.09162 4373301.42990
1686751366301989120 0.99913 -0.00990 0.04054 4627551.34310 -0.03957 0.08400 0.99568 119248.43700 -0.01326 -0.99642 0.08354 4373301.42940
1686751366326989056 0.99917 -0.00908 0.03976 4627551.34260 -0.03896 0.07514 0.99641 119248.42780 -0.01203 -0.99713 0.07472 4373301.42980
1686751366351989248 0.99920 -0.01114 0.03829 4627551.34160 -0.03745 0.06742 0.99702 119248.41970 -0.01369 -0.99766 0.06695 4373301.43120
1686751366376989184 0.99931 -0.01440 0.03433 4627551.34040 -0.03342 0.05955 0.99767 119248.41190 -0.01641 -0.99812 0.05903 4373301.43320
1686751366401989120 0.99933 -0.01715 0.03249 4627551.34060 -0.03158 0.05074 0.99821 119248.40320 -0.01876 -0.99856 0.05017 4373301.43400
1686751366426989056 0.99932 -0.01808 0.03220 4627551.34200 -0.03143 0.04137 0.99865 119248.39320 -0.01938 -0.99898 0.04077 4373301.43300
1686751366451989248 0.99930 -0.01698 0.03347 4627551.34450 -0.03293 0.03088 0.99898 119248.38180 -0.01799 -0.99938 0.03030 4373301.43020
1686751366476989184 0.99921 -0.01475 0.03697 4627551.34770 -0.03667 0.02016 0.99912 119248.36960 -0.01548 -0.99969 0.01961 4373301.42670
1686751366501989120 0.99913 -0.01276 0.03980 4627551.35070 -0.03966 0.01071 0.99916 119248.35750 -0.01317 -0.99986 0.01020 4373301.42440
1686751366526989312 0.99907 -0.01129 0.04162 4627551.35260 -0.04159 0.00330 0.99913 119248.34600 -0.01141 -0.99993 0.00283 4373301.42360
1686751366551988992 0.99906 -0.01104 0.04197 4627551.35240 -0.04202 -0.00411 0.99911 119248.33560 -0.01086 -0.99993 -0.00457 4373301.42390
1686751366576989184 0.99916 -0.01277 0.03884 4627551.35090 -0.03900 -0.01205 0.99917 119248.32640 -0.01229 -0.99985 -0.01254 4373301.42530
1686751366601989376 0.99925 -0.01607 0.03532 4627551.35000 -0.03564 -0.02009 0.99916 119248.31820 -0.01535 -0.99967 -0.02065 4373301.42710
1686751366626989056 0.99926 -0.02018 0.03286 4627551.35030 -0.03343 -0.02876 0.99903 119248.31010 -0.01921 -0.99938 -0.02941 4373301.42830
1686751366651989248 0.99923 -0.02318 0.03174 4627551.35200 -0.03262 -0.03829 0.99873 119248.30100 -0.02194 -0.99900 -0.03901 4373301.42760
1686751366676989184 0.99921 -0.02312 0.03230 4627551.35470 -0.03340 -0.04871 0.99825 119248.29060 -0.02151 -0.99855 -0.04944 4373301.42440
1686751366701989120 0.99916 -0.01948 0.03602 4627551.35850 -0.03710 -0.05867 0.99759 119248.27880 -0.01732 -0.99809 -0.05935 4373301.41980
1686751366726989312 0.99905 -0.01709 0.04013 4627551.36240 -0.04118 -0.06675 0.99692 119248.26660 -0.01436 -0.99762 -0.06739 4373301.41560
1686751366751989248 0.99890 -0.01558 0.04419 4627551.36570 -0.04522 -0.07366 0.99626 119248.25460 -0.01227 -0.99716 -0.07428 4373301.41290
1686751366776989184 0.99900 -0.01311 0.04278 4627551.36680 -0.04371 -0.08152 0.99571 119248.24350 -0.00957 -0.99659 -0.08201 4373301.41180
1686751366801989120 0.99904 -0.01419 0.04147 4627551.36640 -0.04258 -0.08920 0.99510 119248.23360 -0.01042 -0.99591 -0.08971 4373301.41220
1686751366826989056 0.99922 -0.01717 0.03562 4627551.36500 -0.03711 -0.09606 0.99468 119248.22480 -0.01366 -0.99523 -0.09663 4373301.41440
1686751366851989248 0.99929 -0.01979 0.03199 4627551.36460 -0.03386 -0.10240 0.99417 119248.21660 -0.01640 -0.99455 -0.10300 4373301.41650
1686751366876989184 0.99934 -0.02217 0.02874 4627551.36510 -0.03101 -0.10981 0.99347 119248.20820 -0.01887 -0.99371 -0.11043 4373301.41690
1686751366901989120 0.99933 -0.02372 0.02786 4627551.36680 -0.03047 -0.11777 0.99257 119248.19900 -0.02026 -0.99276 -0.11842 4373301.41480
1686751366926989056 0.99923 -0.02393 0.03114 4627551.37040 -0.03390 -0.12483 0.99160 119248.18900 -0.01984 -0.99189 -0.12554 4373301.41070
1686751366951989248 0.99919 -0.02211 0.03362 4627551.37460 -0.03624 -0.13144 0.99066 119248.17810 -0.01748 -0.99108 -0.13213 4373301.40620
1686751366976989184 0.99906 -0.02095 0.03794 4627551.37880 -0.04049 -0.13872 0.98950 119248.16690 -0.01547 -0.99011 -0.13944 4373301.40210
1686751367001989120 0.99903 -0.01950 0.03960 4627551.38150 -0.04206 -0.14802 0.98809 119248.15600 -0.01340 -0.98879 -0.14870 4373301.39930
1686751367026989312 0.99907 -0.01805 0.03913 4627551.38240 -0.04148 -0.15712 0.98671 119248.14570 -0.01166 -0.98741 -0.15772 4373301.39800
1686751367051988992 0.99914 -0.01939 0.03661 4627551.38190 -0.03931 -0.16470 0.98556 119248.13620 -0.01308 -0.98615 -0.16532 4373301.39860
1686751367076989184 0.99922 -0.02234 0.03260 4627551.38130 -0.03595 -0.17176 0.98448 119248.12720 -0.01639 -0.98489 -0.17243 4373301.40020
1686751367101989376 0.99926 -0.02557 0.02878 4627551.38170 -0.03292 -0.17979 0.98315 119248.11830 -0.01996 -0.98337 -0.18050 4373301.40120
1686751367126989056 0.99930 -0.02698 0.02574 4627551.38320 -0.03039 -0.18929 0.98145 119248.10870 -0.02161 -0.98155 -0.18998 4373301.40020
1686751367151989248 0.99931 -0.02675 0.02573 4627551.38630 -0.03055 -0.19903 0.97952 119248.09820 -0.02108 -0.97963 -0.19971 4373301.39690
1686751367176989184 0.99925 -0.02531 0.02935 4627551.39070 -0.03397 -0.20722 0.97770 119248.08700 -0.01866 -0.97797 -0.20793 4373301.39190
1686751367201989120 0.99908 -0.02460 0.03520 4627551.39550 -0.03966 -0.21410 0.97601 119248.07540 -0.01647 -0.97650 -0.21488 4373301.38720
1686751367226989312 0.99903 -0.02288 0.03764 4627551.39920 -0.04179 -0.22215 0.97412 119248.06390 -0.01392 -0.97474 -0.22289 4373301.38370
1686751367251989248 0.99903 -0.02165 0.03845 4627551.40080 -0.04241 -0.23015 0.97223 119248.05260 -0.01220 -0.97291 -0.23085 4373301.38180
1686751367276989184 0.99911 -0.02193 0.03600 4627551.40120 -0.04018 -0.23738 0.97059 119248.04190 -0.01274 -0.97117 -0.23805 4373301.38140
1686751367301989120 0.99915 -0.02349 0.03374 4627551.40150 -0.03846 -0.24414 0.96898 119248.03170 -0.01452 -0.96946 -0.24483 4373301.38190
1686751367326989056 0.99919 -0.02547 0.03119 4627551.40220 -0.03662 -0.25275 0.96684 119248.02190 -0.01674 -0.96720 -0.25348 4373301.38200
1686751367351989248 0.99922 -0.02621 0.02959 4627551.40380 -0.03546 -0.26310 0.96412 119248.01190 -0.01749 -0.96441 -0.26382 4373301.38100
1686751367376989184 0.99923 -0.02581 0.02954 4627551.40660 -0.03547 -0.27314 0.96132 119248.00170 -0.01674 -0.96163 -0.27385 4373301.37890
1686751367401989120 0.99918 -0.02563 0.03149 4627551.41010 -0.03745 -0.28255 0.95852 119247.99130 -0.01567 -0.95891 -0.28327 4373301.37560
1686751367426989056 0.99908 -0.02596 0.03422 4627551.41360 -0.04032 -0.29213 0.95553 119247.98080 -0.01481 -0.95603 -0.29291 4373301.37210
1686751367451989248 0.99907 -0.02559 0.03471 4627551.41620 -0.04082 -0.30173 0.95252 119247.97030 -0.01390 -0.95305 -0.30249 4373301.36940
1686751367476989184 0.99911 -0.02536 0.03382 4627551.41810 -0.04002 -0.30969 0.95000 119247.95970 -0.01362 -0.95050 -0.31042 4373301.36740
1686751367501989120 0.99914 -0.02545 0.03264 4627551.42000 -0.03904 -0.31709 0.94759 119247.94920 -0.01376 -0.94805 -0.31781 4373301.36580
1686751367526989312 0.99912 -0.02663 0.03228 4627551.42220 -0.03919 -0.32559 0.94470 119247.93890 -0.01465 -0.94514 -0.32634 4373301.36390
1686751367551988992 0.99914 -0.02723 0.03119 4627551.42470 -0.03853 -0.33626 0.94098 119247.92860 -0.01513 -0.94137 -0.33703 4373301.36120
1686751367576989184 0.99916 -0.02678 0.03109 4627551.42810 -0.03846 -0.34693 0.93710 119247.91820 -0.01431 -0.93751 -0.34767 4373301.35780
1686751367601989376 0.99916 -0.02608 0.03174 4627551.43220 -0.03896 -0.35648 0.93349 119247.90760 -0.01303 -0.93394 -0.35719 4373301.35400
1686751367626989056 0.99907 -0.02704 0.03357 4627551.43640 -0.04114 -0.36504 0.93008 119247.89710 -0.01290 -0.93060 -0.36581 4373301.34990
1686751367651989248 0.99904 -0.02801 0.03374 4627551.44040 -0.04178 -0.37417 0.92642 119247.88680 -0.01332 -0.92694 -0.37498 4373301.34530
1686751367676989184 0.99911 -0.02716 0.03216 4627551.44410 -0.04011 -0.38273 0.92299 119247.87640 -0.01276 -0.92346 -0.38348 4373301.34140
1686751367701989120 0.99915 -0.02648 0.03173 4627551.44780 -0.03956 -0.39044 0.91978 119247.86610 -0.01197 -0.92025 -0.39115 4373301.33780
1686751367726989312 0.99913 -0.02634 0.03240 4627551.45160 -0.04021 -0.39760 0.91668 119247.85600 -0.01126 -0.91718 -0.39832 4373301.33460
1686751367751989248 0.99911 -0.02635 0.03293 4627551.45480 -0.04080 -0.40605 0.91294 119247.84610 -0.01069 -0.91347 -0.40677 4373301.33100
1686751367776989184 0.99911 -0.02668 0.03263 4627551.45740 -0.04078 -0.41617 0.90837 119247.83640 -0.01066 -0.90889 -0.41689 4373301.32730
1686751367801989120 0.99915 -0.02694 0.03123 4627551.46010 -0.03972 -0.42395 0.90481 119247.82680 -0.01114 -0.90528 -0.42466 4373301.32420
1686751367826989056 0.99914 -0.02754 0.03106 4627551.46360 -0.03987 -0.42829 0.90276 119247.81710 -0.01155 -0.90322 -0.42902 4373301.32150
1686751367851989248 0.99916 -0.02774 0.03000 4627551.46740 -0.03904 -0.43149 0.90127 119247.80760 -0.01206 -0.90169 -0.43221 4373301.31800
1686751367876989184 0.99917 -0.02829 0.02942 4627551.47140 -0.03882 -0.43656 0.89884 119247.79820 -0.01258 -0.89923 -0.43729 4373301.31350
1686751367901989120 0.99909 -0.02976 0.03054 4627551.47560 -0.04057 -0.44265 0.89578 119247.78870 -0.01313 -0.89620 -0.44345 4373301.30850
1686751367926989056 0.99909 -0.03018 0.03018 4627551.47980 -0.04051 -0.44794 0.89314 119247.77880 -0.01343 -0.89355 -0.44876 4373301.30390
1686751367951989248 0.99908 -0.03000 0.03054 4627551.48450 -0.04079 -0.45075 0.89172 119247.76850 -0.01299 -0.89215 -0.45156 4373301.29950
1686751367976989184 0.99911 -0.02940 0.03010 4627551.48880 -0.04015 -0.45201 0.89111 119247.75800 -0.01259 -0.89153 -0.45279 4373301.29500
1686751368001989120 0.99908 -0.02988 0.03092 4627551.49300 -0.04112 -0.45372 0.89019 119247.74740 -0.01257 -0.89064 -0.45453 4373301.28970
1686751368026989312 0.99904 -0.03015 0.03191 4627551.49770 -0.04216 -0.45615 0.88890 119247.73680 -0.01225 -0.88939 -0.45698 4373301.28450
1686751368051988992 0.99907 -0.02985 0.03120 4627551.50230 -0.04143 -0.45875 0.88760 119247.72610 -0.01218 -0.88806 -0.45956 4373301.27980
1686751368076989184 0.99906 -0.03035 0.03082 4627551.50660 -0.04135 -0.46078 0.88655 119247.71530 -0.01271 -0.88700 -0.46160 4373301.27540
1686751368101989376 0.99911 -0.02952 0.03018 4627551.51080 -0.04042 -0.46193 0.88599 119247.70420 -0.01221 -0.88642 -0.46271 4373301.27160
1686751368126989056 0.99915 -0.02832 0.02998 4627551.51480 -0.03969 -0.46249 0.88573 119247.69310 -0.01122 -0.88617 -0.46323 4373301.26720
1686751368151989248 0.99913 -0.02824 0.03083 4627551.51880 -0.04041 -0.46334 0.88526 119247.68250 -0.01072 -0.88573 -0.46408 4373301.26240
1686751368176989184 0.99911 -0.02882 0.03070 4627551.52320 -0.04058 -0.46495 0.88441 119247.67230 -0.01121 -0.88487 -0.46571 4373301.25770
1686751368201989120 0.99908 -0.02989 0.03073 4627551.52770 -0.04114 -0.46677 0.88342 119247.66230 -0.01206 -0.88387 -0.46757 4373301.25300
1686751368226989312 0.99906 -0.03051 0.03075 4627551.53210 -0.04146 -0.46791 0.88280 119247.65220 -0.01254 -0.88325 -0.46873 4373301.24850
1686751368251989248 0.99910 -0.03000 0.03012 4627551.53620 -0.04067 -0.46818 0.88269 119247.64180 -0.01238 -0.88312 -0.46898 4373301.24440
1686751368276989184 0.99910 -0.02969 0.03043 4627551.54010 -0.04079 -0.46810 0.88273 119247.63120 -0.01197 -0.88318 -0.46889 4373301.24020
1686751368301989120 0.99909 -0.02994 0.03044 4627551.54410 -0.04093 -0.46869 0.88241 119247.62080 -0.01215 -0.88285 -0.46949 4373301.23550
1686751368326989056 0.99910 -0.03017 0.02983 4627551.54850 -0.04052 -0.47034 0.88155 119247.61050 -0.01257 -0.88197 -0.47114 4373301.23090
1686751368351989248 0.99906 -0.03138 0.02984 4627551.55310 -0.04113 -0.47204 0.88062 119247.60030 -0.01355 -0.88102 -0.47288 4373301.22630
1686751368376989184 0.99905 -0.03186 0.02972 4627551.55760 -0.04127 -0.47292 0.88014 119247.58980 -0.01399 -0.88053 -0.47378 4373301.22180
1686751368401989120 0.99908 -0.03120 0.02934 4627551.56190 -0.04062 -0.47311 0.88007 119247.57890 -0.01357 -0.88045 -0.47394 4373301.21730
1686751368426989056 0.99908 -0.03059 0.03005 4627551.56610 -0.04095 -0.47312 0.88005 119247.56800 -0.01270 -0.88047 -0.47394 4373301.21250
1686751368451989248 0.99908 -0.03033 0.03020 4627551.57030 -0.04097 -0.47377 0.87970 119247.55720 -0.01237 -0.88013 -0.47457 4373301.20760
1686751368476989184 0.99907 -0.03099 0.02994 4627551.57480 -0.04108 -0.47521 0.87891 119247.54670 -0.01301 -0.87932 -0.47604 4373301.20280
1686751368501989120 0.99905 -0.03232 0.02936 4627551.57930 -0.04122 -0.47658 0.87816 119247.53640 -0.01439 -0.87854 -0.47746 4373301.19810
1686751368526989312 0.99905 -0.03276 0.02873 4627551.58370 -0.04089 -0.47731 0.87778 119247.52580 -0.01504 -0.87812 -0.47820 4373301.19380
1686751368551988992 0.99908 -0.03197 0.02864 4627551.58780 -0.04044 -0.47744 0.87773 119247.51510 -0.01439 -0.87808 -0.47830 4373301.18920
1686751368576989184 0.99908 -0.03154 0.02902 4627551.59180 -0.04057 -0.47747 0.87771 119247.50440 -0.01382 -0.87808 -0.47831 4373301.18440
1686751368601989376 0.99910 -0.03150 0.02847 4627551.59610 -0.04007 -0.47806 0.87741 119247.49390 -0.01403 -0.87776 -0.47889 4373301.17970
1686751368626989056 0.99909 -0.03228 0.02774 4627551.60050 -0.03983 -0.47921 0.87680 119247.48350 -0.01501 -0.87711 -0.48006 4373301.17510
1686751368651989248 0.99908 -0.03299 0.02749 4627551.60490 -0.03996 -0.48004 0.87634 119247.47300 -0.01571 -0.87663 -0.48092 4373301.17040
1686751368676989184 0.99911 -0.03271 0.02676 4627551.60930 -0.03920 -0.48033 0.87621 119247.46220 -0.01581 -0.87648 -0.48118 4373301.16580
1686751368701989120 0.99912 -0.03232 0.02659 4627551.61350 -0.03886 -0.48022 0.87629 119247.45120 -0.01555 -0.87655 -0.48105 4373301.16100
1686751368726989312 0.99912 -0.03231 0.02683 4627551.61780 -0.03906 -0.48009 0.87635 119247.44030 -0.01543 -0.87662 -0.48093 4373301.15590
1686751368751989248 0.99912 -0.03243 0.02649 4627551.62230 -0.03882 -0.48046 0.87616 119247.42950 -0.01568 -0.87642 -0.48130 4373301.15070
1686751368776989184 0.99909 -0.03289 0.02710 4627551.62700 -0.03959 -0.48108 0.87578 119247.41880 -0.01577 -0.87606 -0.48194 4373301.14550
1686751368801989120 0.99909 -0.03295 0.02712 4627551.63180 -0.03965 -0.48161 0.87549 119247.40800 -0.01578 -0.87577 -0.48247 4373301.14060
1686751368826989056 0.99912 -0.03271 0.02633 4627551.63620 -0.03885 -0.48210 0.87526 119247.39710 -0.01594 -0.87551 -0.48294 4373301.13580
1686751368851989248 0.99911 -0.03275 0.02648 4627551.64040 -0.03900 -0.48247 0.87504 119247.38620 -0.01588 -0.87530 -0.48332 4373301.13070
1686751368876989184 0.99913 -0.03235 0.02634 4627551.64480 -0.03871 -0.48341 0.87454 119247.37540 -0.01556 -0.87479 -0.48424 4373301.12570
1686751368901989120 0.99913 -0.03226 0.02652 4627551.64950 -0.03886 -0.48524 0.87352 119247.36470 -0.01531 -0.87379 -0.48607 4373301.12030
1686751368926989056 0.99910 -0.03227 0.02742 4627551.65450 -0.03968 -0.48749 0.87222 119247.35420 -0.01479 -0.87253 -0.48834 4373301.11480
1686751368951989248 0.99912 -0.03219 0.02680 4627551.65950 -0.03914 -0.48972 0.87100 119247.34340 -0.01492 -0.87128 -0.49055 4373301.10960
1686751368976989184 0.99911 -0.03279 0.02664 4627551.66430 -0.03933 -0.49181 0.86981 119247.33230 -0.01542 -0.87008 -0.49266 4373301.10420
1686751369001989120 0.99914 -0.03248 0.02594 4627551.66900 -0.03861 -0.49400 0.86861 119247.32080 -0.01540 -0.86886 -0.49482 4373301.09880
1686751369026989312 0.99915 -0.03227 0.02570 4627551.67370 -0.03834 -0.49623 0.86734 119247.30930 -0.01524 -0.86759 -0.49705 4373301.09300
1686751369051988992 0.99912 -0.03242 0.02654 4627551.67920 -0.03917 -0.49822 0.86617 119247.29780 -0.01486 -0.86644 -0.49905 4373301.08710
1686751369076989184 0.99912 -0.03273 0.02629 4627551.68470 -0.03914 -0.50009 0.86509 119247.28650 -0.01516 -0.86536 -0.50093 4373301.08110
1686751369101989376 0.99912 -0.03296 0.02613 4627551.69010 -0.03916 -0.50207 0.86394 119247.27510 -0.01535 -0.86420 -0.50292 4373301.07520
1686751369126989056 0.99915 -0.03219 0.02586 4627551.69530 -0.03856 -0.50378 0.86297 119247.26330 -0.01475 -0.86323 -0.50459 4373301.06960
1686751369151989248 0.99917 -0.03160 0.02576 4627551.70040 -0.03820 -0.50466 0.86247 119247.25150 -0.01425 -0.86274 -0.50545 4373301.06380
1686751369176989184 0.99913 -0.03231 0.02641 4627551.70570 -0.03912 -0.50476 0.86237 119247.23990 -0.01454 -0.86265 -0.50559 4373301.05780
1686751369201989120 0.99912 -0.03276 0.02627 4627551.71130 -0.03923 -0.50496 0.86225 119247.22840 -0.01498 -0.86252 -0.50580 4373301.05160
1686751369226989312 0.99908 -0.03303 0.02752 4627551.71730 -0.04046 -0.50594 0.86162 119247.21690 -0.01454 -0.86193 -0.50681 4373301.04530
1686751369251989248 0.99910 -0.03236 0.02750 4627551.72300 -0.04013 -0.50768 0.86061 119247.20510 -0.01389 -0.86094 -0.50852 4373301.03950
1686751369276989184 0.99909 -0.03224 0.02807 4627551.72830 -0.04059 -0.50898 0.85982 119247.19330 -0.01343 -0.86017 -0.50983 4373301.03330
1686751369301989120 0.99906 -0.03272 0.02845 4627551.73360 -0.04116 -0.50926 0.85963 119247.18160 -0.01364 -0.85999 -0.51013 4373301.02720
1686751369326989056 0.99907 -0.03266 0.02824 4627551.73920 -0.04095 -0.50927 0.85963 119247.16990 -0.01369 -0.85999 -0.51014 4373301.02120
1686751369351989248 0.99904 -0.03257 0.02922 4627551.74500 -0.04175 -0.50987 0.85924 119247.15840 -0.01308 -0.85963 -0.51074 4373301.01540
1686751369376989184 0.99910 -0.03150 0.02846 4627551.75050 -0.04058 -0.51133 0.85843 119247.14670 -0.01249 -0.85881 -0.51214 4373301.00990
1686751369401989120 0.99909 -0.03140 0.02871 4627551.75570 -0.04076 -0.51275 0.85757 119247.13500 -0.01220 -0.85796 -0.51357 4373301.00410
1686751369426989056 0.99908 -0.03161 0.02914 4627551.76090 -0.04126 -0.51401 0.85679 119247.12350 -0.01211 -0.85720 -0.51484 4373300.99810
1686751369451989248 0.99907 -0.03158 0.02952 4627551.76640 -0.04159 -0.51577 0.85572 119247.11220 -0.01180 -0.85615 -0.51660 4373300.99190
1686751369476989184 0.99901 -0.03207 0.03077 4627551.77230 -0.04296 -0.51890 0.85375 119247.10120 -0.01141 -0.85423 -0.51977 4373300.98570
1686751369501989120 0.99907 -0.03114 0.02982 4627551.77780 -0.04172 -0.52364 0.85092 119247.09010 -0.01088 -0.85137 -0.52446 4373300.97990
1686751369526989312 0.99904 -0.03143 0.03038 4627551.78330 -0.04240 -0.52806 0.84815 119247.07910 -0.01061 -0.84863 -0.52888 4373300.97430
1686751369551988992 0.99907 -0.03125 0.02981 4627551.78840 -0.04187 -0.53103 0.84632 119247.06810 -0.01062 -0.84678 -0.53184 4373300.96890
1686751369576989184 0.99905 -0.03168 0.03001 4627551.79330 -0.04229 -0.53349 0.84475 119247.05730 -0.01075 -0.84521 -0.53432 4373300.96310
1686751369601989376 0.99905 -0.03195 0.02973 4627551.79850 -0.04223 -0.53575 0.84332 119247.04660 -0.01102 -0.84377 -0.53659 4373300.95730
1686751369626989056 0.99906 -0.03187 0.02924 4627551.80390 -0.04179 -0.53735 0.84232 119247.03590 -0.01114 -0.84276 -0.53818 4373300.95160
1686751369651989248 0.99904 -0.03237 0.02966 4627551.80980 -0.04243 -0.53795 0.84191 119247.02520 -0.01130 -0.84235 -0.53881 4373300.94600
1686751369676989184 0.99907 -0.03189 0.02901 4627551.81540 -0.04162 -0.53803 0.84190 119247.01430 -0.01124 -0.84232 -0.53886 4373300.94050
1686751369701989120 0.99904 -0.03201 0.02985 4627551.82060 -0.04240 -0.53827 0.84171 119247.00330 -0.01088 -0.84216 -0.53911 4373300.93430
1686751369726989312 0.99904 -0.03172 0.03025 4627551.82600 -0.04258 -0.53921 0.84109 119246.99260 -0.01037 -0.84157 -0.54005 4373300.92810
1686751369751989248 0.99903 -0.03179 0.03048 4627551.83160 -0.04283 -0.54049 0.84026 119246.98210 -0.01024 -0.84075 -0.54132 4373300.92230
1686751369776989184 0.99900 -0.03239 0.03075 4627551.83730 -0.04339 -0.54123 0.83975 119246.97180 -0.01055 -0.84025 -0.54210 4373300.91680
1686751369801989120 0.99905 -0.03207 0.02958 4627551.84260 -0.04224 -0.54140 0.83970 119246.96140 -0.01092 -0.84015 -0.54224 4373300.91170
1686751369826989056 0.99905 -0.03233 0.02938 4627551.84750 -0.04221 -0.54114 0.83987 119246.95100 -0.01126 -0.84031 -0.54199 4373300.90630
1686751369851989248 0.99903 -0.03265 0.02965 4627551.85250 -0.04261 -0.54106 0.83990 119246.94080 -0.01138 -0.84035 -0.54193 4373300.90060
1686751369876989184 0.99903 -0.03286 0.02926 4627551.85780 -0.04240 -0.54155 0.83960 119246.93080 -0.01174 -0.84003 -0.54242 4373300.89490
1686751369901989120 0.99898 -0.03414 0.02949 4627551.86350 -0.04331 -0.54232 0.83905 119246.92090 -0.01265 -0.83948 -0.54325 4373300.88920
1686751369926989056 0.99898 -0.03454 0.02907 4627551.86930 -0.04318 -0.54301 0.83861 119246.91080 -0.01318 -0.83901 -0.54395 4373300.88380
1686751369951989248 0.99900 -0.03449 0.02834 4627551.87470 -0.04254 -0.54354 0.83831 119246.90020 -0.01351 -0.83868 -0.54446 4373300.87820
1686751369976989184 0.99898 -0.03474 0.02867 4627551.88000 -0.04296 -0.54371 0.83817 119246.88940 -0.01353 -0.83855 -0.54465 4373300.87220
1686751370001989120 0.99900 -0.03491 0.02804 4627551.88550 -0.04253 -0.54406 0.83797 119246.87830 -0.01399 -0.83832 -0.54500 4373300.86600
1686751370026989312 0.99898 -0.03594 0.02752 4627551.89150 -0.04267 -0.54480 0.83748 119246.86700 -0.01510 -0.83779 -0.54578 4373300.85970
1686751370051988992 0.99895 -0.03708 0.02678 4627551.89820 -0.04269 -0.54571 0.83688 119246.85520 -0.01642 -0.83715 -0.54672 4373300.85360
1686751370076989184 0.99899 -0.03747 0.02484 4627551.90470 -0.04130 -0.54679 0.83625 119246.84270 -0.01775 -0.83643 -0.54779 4373300.84730
1686751370101989376 0.99897 -0.03791 0.02499 4627551.91130 -0.04169 -0.54776 0.83560 119246.82950 -0.01799 -0.83578 -0.54877 4373300.84020
1686751370126989056 0.99900 -0.03725 0.02452 4627551.91800 -0.04096 -0.54883 0.83493 119246.81550 -0.01764 -0.83510 -0.54981 4373300.83250
1686751370151989248 0.99899 -0.03700 0.02551 4627551.92570 -0.04167 -0.54976 0.83428 119246.80110 -0.01685 -0.83450 -0.55075 4373300.82440
1686751370176989184 0.99900 -0.03701 0.02524 4627551.93390 -0.04146 -0.55063 0.83372 119246.78610 -0.01696 -0.83393 -0.55161 4373300.81640
1686751370201989120 0.99897 -0.03787 0.02512 4627551.94240 -0.04185 -0.55137 0.83321 119246.77060 -0.01770 -0.83340 -0.55239 4373300.80790
1686751370226989312 0.99897 -0.03824 0.02463 4627551.95060 -0.04167 -0.55232 0.83259 119246.75440 -0.01823 -0.83276 -0.55334 4373300.79880
1686751370251989248 0.99895 -0.03819 0.02530 4627551.95960 -0.04222 -0.55306 0.83207 119246.73770 -0.01778 -0.83226 -0.55410 4373300.78970
1686751370276989184 0.99896 -0.03725 0.02628 4627551.96880 -0.04251 -0.55328 0.83191 119246.72060 -0.01645 -0.83216 -0.55429 4373300.78060
1686751370301989120 0.99896 -0.03709 0.02660 4627551.97760 -0.04269 -0.55328 0.83190 119246.70360 -0.01614 -0.83217 -0.55429 4373300.77120
1686751370326989056 0.99895 -0.03728 0.02654 4627551.98620 -0.04275 -0.55358 0.83170 119246.68680 -0.01631 -0.83196 -0.55460 4373300.76190
1686751370351989248 0.99899 -0.03625 0.02642 4627551.99490 -0.04210 -0.55451 0.83111 119246.67010 -0.01548 -0.83139 -0.55548 4373300.75330
1686751370376989184 0.99900 -0.03571 0.02673 4627552.00340 -0.04208 -0.55537 0.83054 119246.65390 -0.01481 -0.83084 -0.55632 4373300.74480
1686751370401989120 0.99902 -0.03594 0.02597 4627552.01120 -0.04158 -0.55586 0.83024 119246.63820 -0.01540 -0.83050 -0.55681 4373300.73630
1686751370426989056 0.99903 -0.03600 0.02535 4627552.01910 -0.04111 -0.55616 0.83005 119246.62290 -0.01578 -0.83029 -0.55711 4373300.72820
1686751370451989248 0.99905 -0.03530 0.02562 4627552.02730 -0.04093 -0.55611 0.83010 119246.60790 -0.01506 -0.83036 -0.55703 4373300.72040
1686751370476989184 0.99905 -0.03535 0.02556 4627552.03520 -0.04091 -0.55576 0.83033 119246.59330 -0.01515 -0.83059 -0.55668 4373300.71240
1686751370501989120 0.99902 -0.03653 0.02489 4627552.04280 -0.04101 -0.55554 0.83048 119246.57890 -0.01651 -0.83068 -0.55650 4373300.70420
1686751370526989312 0.99898 -0.03775 0.02474 4627552.05090 -0.04157 -0.55588 0.83022 119246.56460 -0.01759 -0.83041 -0.55688 4373300.69620
1686751370551988992 0.99899 -0.03756 0.02474 4627552.05920 -0.04148 -0.55662 0.82973 119246.54990 -0.01739 -0.82992 -0.55762 4373300.68830
1686751370576989184 0.99897 -0.03775 0.02509 4627552.06730 -0.04188 -0.55730 0.82925 119246.53520 -0.01732 -0.82945 -0.55831 4373300.68000
1686751370601989376 0.99895 -0.03797 0.02553 4627552.07550 -0.04239 -0.55781 0.82889 119246.52020 -0.01723 -0.82910 -0.55883 4373300.67150
1686751370626989056 0.99899 -0.03753 0.02475 4627552.08390 -0.04151 -0.55836 0.82856 119246.50490 -0.01728 -0.82875 -0.55935 4373300.66340
1686751370651989248 0.99899 -0.03767 0.02441 4627552.09200 -0.04131 -0.55861 0.82840 119246.48940 -0.01757 -0.82857 -0.55960 4373300.65540
1686751370676989184 0.99899 -0.03771 0.02457 4627552.10000 -0.04146 -0.55859 0.82841 119246.47360 -0.01752 -0.82859 -0.55959 4373300.64700
1686751370701989120 0.99900 -0.03728 0.02487 4627552.10860 -0.04147 -0.55856 0.82843 119246.45770 -0.01699 -0.82862 -0.55955 4373300.63890
1686751370726989312 0.99901 -0.03693 0.02461 4627552.11730 -0.04106 -0.55891 0.82821 119246.44180 -0.01683 -0.82841 -0.55987 4373300.63080
1686751370751989248 0.99901 -0.03738 0.02403 4627552.12570 -0.04085 -0.55941 0.82789 119246.42590 -0.01751 -0.82805 -0.56038 4373300.62240
1686751370776989184 0.99898 -0.03819 0.02396 4627552.13380 -0.04125 -0.55968 0.82768 119246.40990 -0.01820 -0.82783 -0.56069 4373300.61370
1686751370801989120 0.99897 -0.03829 0.02429 4627552.14250 -0.04158 -0.55977 0.82761 119246.39390 -0.01810 -0.82776 -0.56079 4373300.60520
1686751370826989056 0.99897 -0.03788 0.02489 4627552.15150 -0.04185 -0.55976 0.82760 119246.37780 -0.01742 -0.82779 -0.56077 4373300.59680
1686751370851989248 0.99895 -0.03845 0.02483 4627552.16020 -0.04212 -0.56005 0.82739 119246.36180 -0.01790 -0.82756 -0.56109 4373300.58800
1686751370876989184 0.99891 -0.03937 0.02501 4627552.16900 -0.04280 -0.56080 0.82684 119246.34580 -0.01853 -0.82701 -0.56188 4373300.57930
1686751370901989120 0.99891 -0.03965 0.02470 4627552.17810 -0.04273 -0.56192 0.82609 119246.32950 -0.01888 -0.82624 -0.56300 4373300.57070
1686751370926989056 0.99889 -0.04011 0.02456 4627552.18710 -0.04290 -0.56289 0.82542 119246.31300 -0.01929 -0.82556 -0.56399 4373300.56180
1686751370951989248 0.99887 -0.04042 0.02492 4627552.19620 -0.04338 -0.56339 0.82505 119246.29610 -0.01931 -0.82520 -0.56451 4373300.55260
1686751370976989184 0.99888 -0.04019 0.02511 4627552.20570 -0.04341 -0.56353 0.82495 119246.27900 -0.01901 -0.82512 -0.56464 4373300.54340
1686751371001989120 0.99887 -0.03973 0.02597 4627552.21530 -0.04386 -0.56357 0.82490 119246.26160 -0.01813 -0.82511 -0.56468 4373300.53400
1686751371026989312 0.99887 -0.03980 0.02598 4627552.22450 -0.04392 -0.56383 0.82472 119246.24400 -0.01817 -0.82493 -0.56494 4373300.52420
1686751371051988992 0.99885 -0.03997 0.02634 4627552.23410 -0.04432 -0.56413 0.82449 119246.22650 -0.01810 -0.82472 -0.56526 4373300.51460
1686751371076989184 0.99885 -0.03961 0.02695 4627552.24410 -0.04462 -0.56416 0.82446 119246.20880 -0.01746 -0.82472 -0.56528 4373300.50520
1686751371101989376 0.99885 -0.03965 0.02700 4627552.25350 -0.04468 -0.56408 0.82451 119246.19120 -0.01746 -0.82477 -0.56521 4373300.49540
1686751371126989056 0.99884 -0.03962 0.02729 4627552.26320 -0.04490 -0.56409 0.82449 119246.17380 -0.01727 -0.82476 -0.56522 4373300.48590
1686751371151989248 0.99885 -0.03897 0.02788 4627552.27290 -0.04502 -0.56418 0.82442 119246.15630 -0.01640 -0.82473 -0.56528 4373300.47660
