%YAML:1.0

cam_model: stereo

Kl: !!opencv-matrix
   rows: 3
   cols: 3
   dt: d
   data: [ 668.78072978, 0 , 325.51895786,
           0, 668.68576858, 265.98302861,
           0, 0, 1 ]
   # data: [1337.56145956, 0, 651.03791573,
   #         0, 1337.37153716, 531.96605721,
   #         0, 0, 1 ]

Kr: !!opencv-matrix
   rows: 3
   cols: 3
   dt: d
   data: [670.13340606, 0, 317.33933493,
           0, 670.16870158, 253.60671119,
           0, 0, 1 ]
   # data: [1340.26681212, 0, 634.67866987,
   #         0, 1340.33740316, 507.21342239,
   #         0, 0, 1 ]

Dl: !!opencv-matrix
   rows: 1
   cols: 4
   dt: d
   data: [-0.0145082037911079, 0.010914051034528183, -0.000291112010802642, -0.0012987783725973206]

Dr: !!opencv-matrix
   rows: 1
   cols: 4
   dt: d
   data: [-0.013882761530017612, 0.01431382389765768, -0.00024336018305284431, -0.0009464025290176084]

Rl: !!opencv-matrix
   rows: 3
   cols: 3
   dt: d
   data:     [ 1, 0, 0,
               0, 1, 0,
               0, 0, 1 ]


Rr: !!opencv-matrix
   rows: 3
   cols: 3
   dt: d
   data:[ 0.9998298552980036, 0.001994480135277447, -0.018338007082363775, 
          -0.0020238390969457842, 0.9999966997667006, -0.001582571011545036,
           0.01833479015621706, 0.0016194149211652532, 0.9998305921331024 ]

   



xil: !!opencv-matrix
   rows: 1
   cols: 1
   dt: d
   data: [ 1.6703608663627745 ]


xir: !!opencv-matrix
   rows: 1
   cols: 1
   dt: d
   data: [ 1.6772505997326728 ]


T: !!opencv-matrix
   rows: 3
   cols: 1
   dt: d
   data: [ -0.12590042424663594,  -0.00034968726160697903, 0.0020518389909762007 ]

cap_size: [ 640, 512 ]
