1548808065207383296 72 0.0332762 -0.999446 -0.000419285 0.0995755 0.00194186 0.00048417 -0.999998 0.00581948 0.999444 0.0332753 0.00195689 -0.00212125
1548808065240720384 73 0.0379677 -0.999279 -0.000274445 0.104717 0.00205168 0.000352596 -0.999998 0.00452125 0.999277 0.0379671 0.00206359 -0.000110616
1548808065640773376 85 0.0858507 -0.996308 0.000796724 0.153149 0.00282043 -0.00055664 -0.999996 0.00719262 0.996304 0.0858526 0.00276223 0.0031714
1548808065774124288 89 0.0869539 -0.996209 -0.00257232 0.168636 0.00270305 0.00281802 -0.999992 0.00595538 0.996209 0.0869463 0.00293784 0.00201208
1548808066607567360 114 0.036638 -0.999328 0.000983926 0.22855 0.00176503 -0.000919875 -0.999998 0.00749041 0.999327 0.0366397 0.00173014 -0.00668795
1548808067007620352 126 -0.0176353 -0.999842 0.00211666 0.271441 -0.000544628 -0.00210738 -0.999998 0.00876163 0.999844 -0.0176364 -0.000507378 -0.0119836
1548808067941076480 154 0.0413458 -0.999145 0.000114822 0.27985 0.00153199 -5.15245e-05 -0.999999 0.00920193 0.999144 0.0413459 0.00152855 -0.00462419
1548808068107765504 159 0.0919702 -0.995762 2.756e-05 0.279906 0.00205804 0.000162406 -0.999998 0.00861564 0.99576 0.0919701 0.00206425 0.00147855
1548808068474480384 170 0.142652 -0.989771 -0.00184902 0.281314 0.00397007 0.0024403 -0.999989 0.00886539 0.989765 0.142643 0.00427757 0.00835275
1548808069341260288 196 0.0897806 -0.995959 -0.002401 0.301565 0.00106429 0.00250667 -0.999996 0.00912123 0.995961 0.0897777 0.00128504 0.0016825
1548808069574625280 203 0.0340249 -0.999421 0.000866411 0.322609 -0.000555343 -0.000885819 -0.999999 0.00998227 0.999421 0.0340244 -0.000585161 -0.00346485
1548808070908134400 243 0.0862359 -0.996264 -0.00456185 0.4433 0.00166738 0.00472322 -0.999987 0.0122022 0.996273 0.0862272 0.00206847 0.00270618
1548808071241511424 253 0.123209 -0.992379 -0.00169206 0.515936 -0.00156194 0.00151113 -0.999998 0.0141954 0.992379 0.123211 -0.00136385 0.00373003
1548808071508213504 261 0.120919 -0.992644 -0.00607395 0.604667 -0.00171119 0.0059104 -0.999981 0.0143065 0.992661 0.120927 -0.00098392 -0.00671696
1548808071908265472 273 0.0657774 -0.997833 -0.00133932 0.712157 -0.00300525 0.00114411 -0.999995 0.0140473 0.99783 0.0657811 -0.00292348 -0.02597
1548808072174967296 281 0.0109302 -0.99994 0.000564225 0.760726 -0.00608641 -0.000630778 -0.999981 0.0162845 0.999922 0.0109266 -0.00609294 -0.0338335
1548808072675033344 296 -0.0098443 -0.99995 0.00145509 0.858743 -0.00754911 -0.0013808 -0.999971 0.0172226 0.999923 -0.00985499 -0.00753514 -0.034642
1548808073141761280 310 -0.011618 -0.999932 0.00133109 0.957128 -0.009567 -0.00121996 -0.999953 0.0212486 0.999887 -0.0116302 -0.00955218 -0.0310359
1548808073875191296 332 -0.0131919 -0.99991 0.00239123 1.15353 -0.00701197 -0.00229887 -0.999973 0.0244336 0.999888 -0.0132084 -0.00698101 -0.0276437
1548808074175231488 341 -0.0118343 -0.999928 0.0019622 1.232 -0.0100112 -0.00184375 -0.999948 0.0290861 0.99988 -0.0118534 -0.00998866 -0.0258912
1548808074841985280 361 -0.0130978 -0.999904 0.00444483 1.40689 -0.0115077 -0.00429418 -0.999925 0.0349836 0.999848 -0.0131479 -0.0114503 -0.018695
1548808074875323392 362 -0.014944 -0.999886 0.00209566 1.4176 -0.0122017 -0.00191338 -0.999924 0.0333716 0.999814 -0.0149684 -0.0121717 -0.0182007
1548808075142025472 370 -0.0177733 -0.999821 0.00649534 1.48646 -0.0102037 -0.00631465 -0.999928 0.0354987 0.99979 -0.0178383 -0.0100896 -0.0165028
1548808075408726272 378 -0.0165296 -0.999844 0.0062484 1.56104 -0.01061 -0.0060735 -0.999925 0.0373615 0.999807 -0.0165947 -0.010508 -0.0154369
1548808075908792320 393 -0.0159159 -0.999865 0.00408597 1.70616 -0.010804 -0.00391427 -0.999934 0.0422805 0.999815 -0.015959 -0.0107402 -0.00969686
1548808076075481344 398 -0.0169139 -0.999852 0.00311119 1.7596 -0.0119015 -0.00291009 -0.999925 0.0437921 0.999786 -0.0169497 -0.0118505 -0.0089867
1548808076675560448 416 -0.0149654 -0.999881 -0.00376186 1.95816 -0.00801971 0.00388219 -0.99996 0.0534179 0.999856 -0.0149346 -0.00807686 -0.00463408
1548808076708898304 417 -0.0157787 -0.999874 -0.00191976 1.9671 -0.0081084 0.00204789 -0.999965 0.0525852 0.999843 -0.0157626 -0.00813969 -0.00400254
1548808076942262272 424 -0.0165446 -0.999854 -0.00423224 2.049 -0.0118414 0.00442846 -0.99992 0.0550493 0.999793 -0.0164932 -0.0119129 0.000603888
1548808077142288384 430 -0.0181436 -0.999803 -0.00798919 2.11658 -0.0120109 0.00820788 -0.999894 0.055869 0.999763 -0.0180458 -0.0121574 0.00381091
1548808077709029376 447 -0.0185802 -0.999827 -0.00104707 2.30121 -0.013183 0.00129215 -0.999912 0.0633932 0.99974 -0.0185647 -0.0132047 0.0103036
1548808077742367488 448 -0.0207932 -0.999783 0.000995158 2.31008 -0.0117715 -0.000750485 -0.99993 0.0639458 0.999714 -0.0208034 -0.0117533 0.00970457
1548808077942393344 454 -0.0201259 -0.999791 0.00362731 2.3745 -0.0114813 -0.00339669 -0.999928 0.0653878 0.999732 -0.0201661 -0.0114105 0.0123492
1548808077975731456 455 -0.0172504 -0.99985 0.00130646 2.38616 -0.0116404 -0.00110573 -0.999932 0.065224 0.999783 -0.0172644 -0.0116196 0.0106876
1548808078075744512 458 -0.0194261 -0.999804 0.00391272 2.4182 -0.0110648 -0.00369824 -0.999932 0.0675815 0.99975 -0.0194681 -0.0109907 0.0110485
1548808078509135360 471 -0.0162476 -0.999844 0.00696282 2.55956 -0.00938573 -0.00681092 -0.999933 0.0692526 0.999824 -0.0163118 -0.00927361 0.0154385
1548808083909846272 633 -0.030988 -0.999472 0.00981376 2.68917 -0.00987448 -0.00951187 -0.999906 0.0737548 0.999471 -0.031082 -0.00957451 0.017087
1548808084576601344 653 -0.0207292 -0.999753 0.0080002 2.85061 -0.0111145 -0.00777099 -0.999908 0.0786202 0.999723 -0.0208163 -0.0109507 0.0272404
1548808084609938432 654 -0.0195647 -0.999759 0.0099509 2.86117 -0.0113794 -0.00972949 -0.999888 0.0790644 0.999744 -0.0196758 -0.0111863 0.0263398
1548808084843303424 661 0.00357781 -0.999989 0.00306976 2.94316 -0.00831503 -0.00309942 -0.999961 0.0806006 0.999959 0.00355215 -0.00832602 0.0313359
1548808084876640512 662 0.0050734 -0.999979 0.00407284 2.95508 -0.00986621 -0.00412275 -0.999943 0.0821667 0.999938 0.00503292 -0.00988692 0.0312402
1548808085176680448 671 0.037955 -0.999277 0.00228602 3.05719 -0.00687617 -0.00254878 -0.999973 0.0841817 0.999256 0.0379383 -0.00696794 0.0321031
1548808085376706304 677 0.0597332 -0.998214 -0.000135767 3.12698 -0.00933531 -0.000422621 -0.999956 0.0866314 0.998171 0.0597318 -0.00934388 0.0331978
1548808085576733440 683 0.0818925 -0.996625 -0.00567945 3.19665 -0.0102029 0.00485995 -0.999936 0.0883093 0.996589 0.0819452 -0.00977047 0.0327313
1548808085876772352 692 0.0828064 -0.996558 -0.00400112 3.26286 -0.00996699 0.00318654 -0.999945 0.0900496 0.996516 0.0828417 -0.00966882 0.0277864
1548808086410176512 708 0.0820417 -0.996618 -0.00461522 3.3397 -0.0113646 0.00369502 -0.999929 0.0915179 0.996564 0.0820883 -0.011023 0.0226549
1548808087343632384 736 0.0527598 -0.998592 -0.00559241 3.48427 -0.0132395 0.00490023 -0.9999 0.0930488 0.998519 0.0528286 -0.0129624 0.0117748
1548808087677009408 746 0.00113841 -0.999991 -0.00396824 3.54623 -0.0143174 0.00395154 -0.99989 0.094312 0.999897 0.0011951 -0.0143128 0.00584487
1548808087710347264 747 -0.00238512 -0.999979 -0.006063 3.55058 -0.014466 0.00609688 -0.999877 0.0941612 0.999893 -0.00229712 -0.0144802 0.00511033
1548808087743685376 748 -0.0085905 -0.999948 -0.00548099 3.55733 -0.0145415 0.00560554 -0.999879 0.0946206 0.999857 -0.00850975 -0.0145889 0.00299869
1548808087810360320 750 -0.0078962 -0.99996 -0.00422392 3.57337 -0.0119261 0.00431792 -0.99992 0.0940236 0.999898 -0.00784519 -0.0119597 0.00437164
1548808087843698432 751 -0.0109546 -0.999919 -0.0065097 3.58337 -0.0127016 0.00664871 -0.999897 0.0946675 0.999859 -0.0108708 -0.0127734 0.00425709
1548808087977049344 755 -0.0108861 -0.999932 -0.00426474 3.62338 -0.012019 0.00439553 -0.999918 0.0950893 0.999869 -0.0108339 -0.0120661 0.00349731
1548808088277088512 764 -0.009144 -0.999948 -0.00461448 3.71411 -0.0134083 0.00473687 -0.999899 0.097369 0.999868 -0.0090812 -0.013451 0.0061199
1548808088543790336 772 -0.0118197 -0.99992 -0.00448873 3.79531 -0.013191 0.00464458 -0.999902 0.0999288 0.999843 -0.0117594 -0.0132448 0.0073687
1548808088910505472 783 -0.0288919 -0.999576 -0.00356261 3.91091 -0.0171968 0.00406063 -0.999844 0.101694 0.999435 -0.0288261 -0.0173068 0.00882888
1548808088943843328 784 -0.0347402 -0.999392 -0.00304342 3.92239 -0.0179203 0.00366769 -0.999833 0.101263 0.999236 -0.0346798 -0.0180368 0.0114298
1548808089043856384 787 -0.0533282 -0.998573 -0.00277323 3.95759 -0.0177127 0.00372268 -0.999836 0.100701 0.99842 -0.0532704 -0.0178859 0.00951752
1548808089077194496 788 -0.0626708 -0.998029 -0.00314121 3.96739 -0.0178138 0.00426549 -0.999832 0.10214 0.997875 -0.0626044 -0.018046 0.0104584
1548808089110531328 789 -0.0689124 -0.997621 -0.00168875 3.97759 -0.0197601 0.0030574 -0.9998 0.102366 0.997427 -0.0688653 -0.0199238 0.0107581
1548808089210545408 792 -0.0962884 -0.995353 -0.000769748 4.00699 -0.0185769 0.0025703 -0.999824 0.102996 0.99518 -0.0962572 -0.0187381 0.0102199
1548808089310558464 795 -0.11522 -0.993339 0.00152589 4.03808 -0.0174354 0.000486496 -0.999848 0.104504 0.993187 -0.115229 -0.0173754 0.00932663
1548808089543922432 802 -0.133137 -0.991092 0.00344609 4.1117 -0.0170097 -0.00119159 -0.999855 0.105898 0.990952 -0.133176 -0.0166995 0.0181414
1548808089777286400 809 -0.135823 -0.990718 0.0055143 4.18533 -0.0196656 -0.0028688 -0.999802 0.107497 0.990538 -0.135905 -0.0190934 0.0291495
1548808090210676480 822 -0.131455 -0.991235 0.0131602 4.31681 -0.0187438 -0.0107877 -0.999766 0.113104 0.991145 -0.13167 -0.0171615 0.0498198
1548808090244014336 823 -0.127877 -0.991753 0.008572 4.33202 -0.0195645 -0.00611882 -0.99979 0.112869 0.991597 -0.128018 -0.0186206 0.0506609
1548808090510716416 831 -0.100622 -0.994888 0.00858277 4.42486 -0.0157577 -0.00703187 -0.999851 0.114854 0.9948 -0.100742 -0.0149696 0.0616158
1548808090577391360 833 -0.0903777 -0.995889 0.00613621 4.44865 -0.0156852 -0.00473727 -0.999866 0.115347 0.995784 -0.0904618 -0.0151925 0.0646308
1548808090744080384 838 -0.0747192 -0.997185 0.00626705 4.50338 -0.0150679 -0.00515491 -0.999873 0.114837 0.997091 -0.0748041 -0.0146403 0.0704417
1548808091044119296 847 -0.0762773 -0.997066 0.00641036 4.60601 -0.0194411 -0.00494065 -0.999799 0.116169 0.996897 -0.0763866 -0.0190072 0.0819591
1548808091277483520 854 -0.0723334 -0.99738 0.00120015 4.68712 -0.0167585 1.22501e-05 -0.99986 0.118395 0.99724 -0.0723433 -0.0167154 0.0854274
1548808091410834432 858 -0.0731368 -0.997321 0.00165336 4.73605 -0.0188298 -0.00027666 -0.999823 0.118499 0.997144 -0.0731549 -0.0187591 0.0900283
1548808091544185344 862 -0.0710998 -0.997461 -0.00404964 4.78391 -0.0174966 0.00530644 -0.999833 0.119522 0.997316 -0.0710171 -0.0178295 0.0917465
1548808091844225280 871 -0.0697093 -0.997533 -0.008323 4.88642 -0.0150414 0.0093934 -0.999843 0.12196 0.997454 -0.0695732 -0.0156591 0.0993895
1548808092244278272 883 -0.0691587 -0.997596 -0.00434998 5.01667 -0.0168725 0.00552947 -0.999842 0.125237 0.997463 -0.0690744 -0.0172144 0.111169
1548808092444304384 889 -0.0553241 -0.998466 -0.00197737 5.0739 -0.0186796 0.00301507 -0.999821 0.127688 0.998294 -0.0552773 -0.0188178 0.117172
1548808092577655296 893 -0.0445746 -0.999006 -0.00102101 5.11532 -0.0154386 0.00171075 -0.999879 0.128211 0.998887 -0.0445535 -0.0154995 0.120142
1548808092844357376 901 -0.0239796 -0.999706 0.0035342 5.19814 -0.0132954 -0.00321599 -0.999906 0.127802 0.999624 -0.0240244 -0.0132144 0.126672
1548808093177734400 911 -0.0127093 -0.999876 0.00928383 5.3025 -0.00853392 -0.00917578 -0.999921 0.129022 0.999883 -0.0127875 -0.00841625 0.129785
1548808093544449280 922 -0.01053 -0.999848 0.0138688 5.41653 -0.01074 -0.0137557 -0.999848 0.130942 0.999887 -0.0106773 -0.0105936 0.135211
1548808093944501504 934 -0.0102648 -0.999904 0.0092946 5.54925 -0.00930404 -0.00919919 -0.999914 0.138877 0.999904 -0.0103504 -0.00920872 0.141644
1548808094277879296 944 -0.0101295 -0.999867 0.0127934 5.65707 -0.0122922 -0.0126686 -0.999844 0.144088 0.999873 -0.0102852 -0.0121622 0.146957
1548808094711269376 957 -0.0114993 -0.999858 0.0123453 5.80171 -0.0115877 -0.012212 -0.999858 0.149372 0.999867 -0.0116407 -0.0114456 0.15312
1548808094977971456 965 -0.00625309 -0.999919 0.0110477 5.89492 -0.0141676 -0.0109582 -0.99984 0.152652 0.99988 -0.00640861 -0.0140979 0.15558
1548808095111322368 969 0.00354268 -0.999948 0.00952828 5.94442 -0.0116787 -0.00956906 -0.999886 0.158054 0.999926 0.00343099 -0.011712 0.157164
1548808095144660480 970 0.0108512 -0.999891 0.0100155 5.95885 -0.0126566 -0.0101526 -0.999868 0.157696 0.999861 0.010723 -0.0127654 0.156778
1548808095244673280 973 0.0198596 -0.9997 0.014328 5.98668 -0.010451 -0.0145376 -0.99984 0.158932 0.999748 0.0197067 -0.0107366 0.156359
1548808095278010368 974 0.0259154 -0.999562 0.0143185 5.99565 -0.011735 -0.0146265 -0.999824 0.159301 0.999595 0.0257428 -0.012109 0.1549
1548808095311348480 975 0.0281994 -0.999528 0.0122269 6.00799 -0.011703 -0.012561 -0.999853 0.159549 0.999534 0.0280521 -0.0120516 0.155961
1548808095344686336 976 0.0328503 -0.999417 0.00933699 6.02124 -0.0109124 -0.00970013 -0.999893 0.158457 0.999401 0.0327449 -0.0112247 0.154886
1548808095578050304 983 0.0649612 -0.997809 0.0125221 6.0949 -0.0128992 -0.0133872 -0.999827 0.160764 0.997804 0.0647885 -0.0137406 0.158572
1548808095744739328 988 0.0602058 -0.998111 0.0122451 6.1482 -0.0136197 -0.0130876 -0.999822 0.161549 0.998093 0.0600283 -0.0143819 0.153564
1548808096144791296 1000 0.052422 -0.998548 0.0123651 6.27352 -0.016393 -0.0132409 -0.999778 0.165475 0.99849 0.0522076 -0.0170633 0.152747
1548808096211467264 1002 0.0513812 -0.998625 0.0104291 6.29663 -0.0175088 -0.011342 -0.999782 0.165842 0.998526 0.0511874 -0.0180675 0.154569
1548808096411493376 1008 0.0419286 -0.999078 0.00917546 6.36048 -0.0200084 -0.0100213 -0.99975 0.16877 0.99892 0.0417346 -0.0204101 0.154427
1548808096711533312 1017 0.0284292 -0.999577 0.00614939 6.45903 -0.0202967 -0.00672785 -0.999771 0.173768 0.99939 0.0282979 -0.0204794 0.150969
1548808096978234368 1025 0.0167154 -0.999856 0.00275774 6.54471 -0.0191344 -0.00307751 -0.999812 0.177342 0.999677 0.0166595 -0.0191831 0.147624
1548808097244936448 1033 0.00452566 -0.999972 0.00597744 6.62525 -0.0210812 -0.00607158 -0.999759 0.179746 0.999768 0.00439856 -0.0211081 0.148654
1548808097444963328 1039 -0.00613612 -0.999955 0.00724426 6.68831 -0.023027 -0.00710118 -0.99971 0.178615 0.999716 -0.00630116 -0.0229824 0.150256
1548808097778340352 1049 -0.0178925 -0.999776 0.0113443 6.79078 -0.0246252 -0.010902 -0.999637 0.184623 0.999537 -0.0181654 -0.0244246 0.154183
1548808098145055488 1060 -0.0169333 -0.999738 0.0153838 6.90326 -0.0263287 -0.0149348 -0.999542 0.186736 0.99951 -0.0173306 -0.0260689 0.158499
1548808098645121280 1075 -0.0183575 -0.999709 0.0156391 7.04528 -0.0224514 -0.0152256 -0.999632 0.189952 0.999579 -0.0187018 -0.0221654 0.158612
1548808098711796480 1077 -0.016041 -0.999747 0.0157764 7.06481 -0.0217967 -0.015425 -0.999643 0.192624 0.999634 -0.0163792 -0.0215437 0.160121
1548808099111849472 1089 0.00160373 -0.999854 0.0169899 7.18816 -0.0237251 -0.0170232 -0.999574 0.196682 0.999717 0.00119996 -0.023749 0.165134
1548808099245200384 1093 0.0184373 -0.999711 0.0154148 7.22868 -0.020658 -0.015795 -0.999662 0.199238 0.999617 0.0181126 -0.0209433 0.165588
1548808099611915264 1104 0.0636338 -0.997896 0.0124403 7.33815 -0.0196731 -0.0137175 -0.999712 0.205112 0.997779 0.0633708 -0.0205046 0.169675
1548808099711928320 1107 0.0687934 -0.997565 0.011454 7.37073 -0.0180789 -0.0127258 -0.999756 0.205522 0.997467 0.0685695 -0.0189103 0.168835
1548808100145318400 1120 0.072851 -0.997264 0.0125202 7.5027 -0.0173847 -0.0138214 -0.999753 0.21127 0.997191 0.0726154 -0.018344 0.162704
1548808100245332480 1123 0.0735459 -0.99723 0.0111357 7.53224 -0.0178289 -0.0124788 -0.999763 0.210587 0.997132 0.0733299 -0.0186973 0.160337
1548808100612046336 1134 0.0733757 -0.997257 0.00976566 7.64606 -0.0151704 -0.010907 -0.999825 0.213935 0.997189 0.0732148 -0.0159291 0.153897
1548808100645384448 1135 0.0730303 -0.9973 0.00765714 7.6578 -0.0161449 -0.00885882 -0.99983 0.215236 0.997199 0.0728943 -0.0167483 0.153516
1548808100778735360 1139 0.0742429 -0.997209 0.00790398 7.69761 -0.0147597 -0.00902379 -0.99985 0.217835 0.997131 0.0741151 -0.0153885 0.148357
1548808100912086272 1143 0.0721262 -0.997353 0.00916732 7.7377 -0.0161304 -0.0103565 -0.999816 0.216772 0.997265 0.0719651 -0.0168346 0.146715
1548808101245463296 1153 0.072104 -0.997357 0.00897265 7.84055 -0.0117816 -0.00984712 -0.999882 0.220448 0.997328 0.0719898 -0.0124605 0.13883
1548808101445490432 1159 0.0711375 -0.997353 0.0150459 7.90054 -0.0152082 -0.0161669 -0.999754 0.222055 0.997351 0.0708912 -0.0163181 0.134382
1548808101578841344 1163 0.0702736 -0.99742 0.0146936 7.94055 -0.0151883 -0.0157982 -0.99976 0.224329 0.997412 0.0700336 -0.0162593 0.133965
1548808101645516288 1165 0.0696342 -0.997461 0.014936 7.96239 -0.0145464 -0.015986 -0.999766 0.224443 0.997467 0.0694007 -0.0156227 0.132526
1548808101778867456 1169 0.0706665 -0.997434 0.0114993 8.00271 -0.0165691 -0.0127003 -0.999782 0.226285 0.997362 0.0704606 -0.0174241 0.131381
1548808102045569280 1177 0.0703585 -0.997472 0.010012 8.09015 -0.0141455 -0.0110336 -0.999839 0.229002 0.997421 0.0702056 -0.0148861 0.126366
1548808102178920448 1181 0.0708635 -0.997435 0.0100987 8.13249 -0.0157028 -0.0112384 -0.999814 0.231892 0.997362 0.0706917 -0.016459 0.123674
1548808102412284416 1188 0.0701622 -0.997509 0.00730047 8.2081 -0.0134424 -0.0082633 -0.999876 0.234638 0.997445 0.0700554 -0.0139887 0.11672
1548808102578972416 1193 0.07145 -0.997405 0.00886696 8.26098 -0.0125808 -0.00979014 -0.999873 0.23558 0.997365 0.0713294 -0.0132477 0.113519
1548808102778999296 1199 0.0711167 -0.997446 0.00664599 8.32376 -0.0121252 -0.00752684 -0.999898 0.23856 0.997394 0.0710289 -0.0126296 0.108868
1548808102912350464 1203 0.0712478 -0.997437 0.00650208 8.36453 -0.0125261 -0.00741285 -0.999894 0.240624 0.99738 0.0711588 -0.0130221 0.106851
1548808103212389376 1212 0.0725386 -0.997328 0.00865812 8.46119 -0.012204 -0.0095679 -0.99988 0.244397 0.997291 0.0724242 -0.0128654 0.102267
1548808103379078400 1217 0.0729587 -0.997308 0.00736531 8.51333 -0.011307 -0.00821164 -0.999902 0.246169 0.997271 0.0728683 -0.0118757 0.0986521
1548808103679117312 1226 0.0698476 -0.997512 0.00950986 8.6056 -0.0096955 -0.0102115 -0.999901 0.249503 0.997511 0.0697484 -0.0103846 0.0925463
1548808103845806336 1231 0.0695913 -0.997549 0.00728041 8.65906 -0.00748183 -0.00781982 -0.999941 0.250694 0.997548 0.0695327 -0.00800768 0.0888788
1548808104012494336 1236 0.070277 -0.997498 0.00761869 8.71028 -0.00918171 -0.0082841 -0.999924 0.252208 0.997485 0.0702017 -0.00974092 0.087922
1548808104345872384 1246 0.0699858 -0.997499 0.00990358 8.81422 -0.0106226 -0.0106726 -0.999887 0.257277 0.997491 0.0698726 -0.011343 0.0835189
1548808104579236352 1253 0.0702407 -0.997485 0.00945573 8.88533 -0.0123396 -0.0103473 -0.99987 0.258962 0.997454 0.0701149 -0.0130354 0.0790007
1548808104712587264 1257 0.0691344 -0.997549 0.0108244 8.92694 -0.00994392 -0.0115389 -0.999884 0.259564 0.997558 0.0690187 -0.0107173 0.0759833
1548808105045964288 1267 0.0672072 -0.997664 0.0122315 9.02736 -0.0116923 -0.0130459 -0.999847 0.263032 0.997671 0.0670539 -0.0125418 0.0725306
1548808105112639488 1269 0.0649827 -0.997838 0.00986469 9.04578 -0.0116511 -0.0106436 -0.999875 0.263675 0.997818 0.0648596 -0.0123175 0.0718753
1548808105212653312 1272 0.062586 -0.997956 0.0129238 9.07433 -0.0105863 -0.0136123 -0.999851 0.264124 0.997983 0.0624398 -0.0114166 0.0686628
1548808105346003456 1276 0.0556592 -0.998343 0.0146107 9.11562 -0.0112722 -0.0152608 -0.99982 0.265812 0.998386 0.0554845 -0.0121029 0.0680746
1548808105546030336 1282 0.0436589 -0.998997 0.00997409 9.1752 -0.0114796 -0.0104846 -0.999879 0.267953 0.998981 0.0435391 -0.0119259 0.0651894
1548808105612705280 1284 0.0406778 -0.999107 0.0114466 9.19815 -0.0125188 -0.0119648 -0.99985 0.268549 0.999094 0.0405284 -0.0129943 0.0650207
1548808105812732416 1290 0.0373508 -0.999266 0.00855851 9.2621 -0.0144931 -0.00910528 -0.999854 0.270897 0.999197 0.0372213 -0.0148225 0.0641871
1548808105912745472 1293 0.0358697 -0.999324 0.00802405 9.29446 -0.0148917 -0.00856282 -0.999852 0.271671 0.999246 0.0357449 -0.0151887 0.0637846
1548808106179447296 1301 0.0361519 -0.999312 0.00823307 9.37775 -0.0141607 -0.00874989 -0.999861 0.275723 0.999246 0.0360303 -0.0144672 0.0605016
1548808106212784384 1302 0.0368169 -0.999297 0.00704636 9.38763 -0.0129191 -0.0075265 -0.999888 0.276475 0.999239 0.0367217 -0.0131871 0.0602464
1548808106346135296 1306 0.0342736 -0.999375 0.0086752 9.42842 -0.012452 -0.00910663 -0.999881 0.276102 0.999335 0.0341615 -0.0127563 0.0588189
1548808106512824320 1311 0.0343055 -0.999374 0.00864861 9.48039 -0.0124219 -0.00907941 -0.999882 0.279122 0.999334 0.034194 -0.0127256 0.0581525
1548808106612837376 1314 0.0348727 -0.99934 0.0101975 9.51156 -0.0122874 -0.0106317 -0.999868 0.27871 0.999316 0.0347428 -0.01265 0.0581103
1548808106812863488 1320 0.0336932 -0.999392 0.00898518 9.57505 -0.014038 -0.00946264 -0.999857 0.282942 0.999334 0.0335623 -0.0143483 0.0573966
1548808106912877312 1323 0.0333927 -0.999425 0.00586308 9.60971 -0.0146953 -0.0063567 -0.999872 0.281686 0.999334 0.0333023 -0.0148991 0.0579188
1548808106946214400 1324 0.0364464 -0.999312 0.00691357 9.61985 -0.0145067 -0.0074465 -0.999867 0.283958 0.99923 0.0363412 -0.0147681 0.055933
1548808106979552512 1325 0.0336249 -0.999405 0.00772595 9.63075 -0.0150876 -0.00823703 -0.999852 0.283705 0.999321 0.0335033 -0.0153555 0.0544159
1548808107112903424 1329 0.0355046 -0.999354 0.00562446 9.66921 -0.0148037 -0.00615332 -0.999871 0.287008 0.99926 0.0354167 -0.0150126 0.0537408
1548808107146241280 1330 0.0354136 -0.999334 0.00878456 9.67885 -0.0147121 -0.00931043 -0.999848 0.288132 0.999264 0.035279 -0.015032 0.0527493
1548808107179578368 1331 0.0343287 -0.999396 0.0054316 9.69066 -0.0155192 -0.00596721 -0.999862 0.285892 0.99929 0.0342396 -0.0157147 0.0532255
1548808107346267392 1336 0.0348901 -0.999368 0.00681231 9.74197 -0.0156403 -0.00736163 -0.999851 0.288349 0.999269 0.0347783 -0.0158873 0.0532237
1548808107512956416 1341 0.032884 -0.999426 0.00809276 9.79436 -0.0162543 -0.00863084 -0.999831 0.289297 0.999327 0.0327469 -0.0165288 0.0514713
1548808107646306304 1345 0.0328209 -0.999439 0.00673921 9.83865 -0.0183771 -0.00734516 -0.999804 0.289258 0.999292 0.0326906 -0.0186079 0.0505508
1548808107779657472 1349 0.0322678 -0.999459 0.00635513 9.8801 -0.0171328 -0.00691062 -0.999829 0.291183 0.999332 0.0321534 -0.0173465 0.0485211
1548808107846333440 1351 0.0330464 -0.999438 0.00567408 9.90144 -0.0164848 -0.00622146 -0.999845 0.291349 0.999318 0.0329477 -0.0166811 0.0480156
1548808108146372352 1360 0.0311958 -0.999506 0.00385053 9.9969 -0.0161807 -0.00435691 -0.99986 0.294326 0.999382 0.0311291 -0.0163087 0.0460769
1548808108246386432 1363 0.0322062 -0.999465 0.00569682 10.03 -0.014664 -0.00617168 -0.999873 0.296917 0.999374 0.0321186 -0.0148549 0.0464077
1548808108646438400 1375 0.0290193 -0.999572 0.00374446 10.1579 -0.0150167 -0.00418157 -0.999878 0.301356 0.999466 0.0289596 -0.0151316 0.0444902
1548808108846465280 1381 0.0282716 -0.9996 0.00122912 10.223 -0.0124479 -0.00158158 -0.999921 0.303859 0.999523 0.028254 -0.0124876 0.0430452
1548808109213180416 1392 0.0293912 -0.999561 0.00360256 10.3395 -0.0116415 -0.00394617 -0.999924 0.307005 0.9995 0.029347 -0.0117524 0.0394796
1548808109246517504 1393 0.0286315 -0.999587 0.00253962 10.3621 -0.0122377 -0.00289099 -0.999921 0.307983 0.999515 0.0285981 -0.0123154 0.0405346
1548808109413206272 1398 0.0283999 -0.999592 0.00296447 10.4201 -0.0130477 -0.00333611 -0.999909 0.307468 0.999511 0.0283586 -0.0131371 0.0398374
1548808109679908352 1406 0.0292056 -0.999554 0.00619689 10.5082 -0.0123451 -0.00655976 -0.999902 0.31167 0.999497 0.0291262 -0.0125312 0.0380009
1548808109913272320 1413 0.0281955 -0.999533 0.0118218 10.5876 -0.0127994 -0.0121865 -0.999844 0.3134 0.99952 0.0280398 -0.013137 0.0352805
1548808110146636288 1420 0.0279417 -0.999568 0.0091182 10.6678 -0.015341 -0.00954949 -0.999837 0.316787 0.999492 0.0277973 -0.0156012 0.0353227
1548808110380000512 1427 0.0249716 -0.99957 0.0153563 10.7468 -0.0147332 -0.0157274 -0.999768 0.320521 0.99958 0.0247395 -0.0151196 0.0324727
1548808110413338368 1428 0.0257376 -0.999582 0.0131504 10.7588 -0.0138132 -0.0135091 -0.999813 0.319384 0.999573 0.0255512 -0.0141551 0.0332159
1548808110580026368 1433 0.0247891 -0.999568 0.0157727 10.8129 -0.0142536 -0.0161294 -0.999768 0.32167 0.999591 0.0245585 -0.0146472 0.0319209
1548808110646702336 1435 0.0253214 -0.999581 0.0140231 10.8354 -0.0138406 -0.0143768 -0.999801 0.322354 0.999584 0.0251223 -0.0141989 0.0307484
1548808111113430272 1449 0.0236548 -0.999623 0.0139114 10.9885 -0.0123788 -0.0142071 -0.999822 0.328842 0.999644 0.0234784 -0.0127103 0.0287978
1548808111346794496 1456 0.0248821 -0.99964 0.0100122 11.0631 -0.010379 -0.010273 -0.999893 0.331386 0.999637 0.0247755 -0.0106309 0.027411
1548808111846860288 1471 0.0224113 -0.999574 0.0187098 11.2255 -0.012728 -0.0189983 -0.999738 0.336253 0.999668 0.0221673 -0.0131483 0.0292335
1548808111913535488 1473 0.0226351 -0.999608 0.0164536 11.2461 -0.0127834 -0.0167459 -0.999778 0.336972 0.999662 0.0224197 -0.0131574 0.0294289
1548808112413601280 1488 0.0222306 -0.999618 0.0164458 11.4105 -0.011697 -0.0167088 -0.999792 0.34327 0.999684 0.0220336 -0.0120639 0.0259168
1548808112546952448 1492 0.02238 -0.999696 0.0103041 11.4516 -0.0100165 -0.0105303 -0.999894 0.345284 0.999699 0.0222745 -0.0102492 0.0269926
1548808113047018496 1507 0.0214321 -0.999737 0.00810175 11.615 -0.00967086 -0.00831054 -0.999919 0.352098 0.999724 0.021352 -0.00984643 0.0258651
1548808113147031296 1510 0.0214908 -0.99974 0.00763877 11.6434 -0.00953475 -0.00784513 -0.999924 0.354569 0.999724 0.0214164 -0.00970087 0.0267328
1548808113680435456 1526 0.0188147 -0.999808 0.00545093 11.8141 -0.0108113 -0.00565502 -0.999926 0.357335 0.999765 0.0187543 -0.0109156 0.0260972
1548808113713772288 1527 0.0183764 -0.999783 0.00981905 11.8185 -0.0122641 -0.0100454 -0.999874 0.358456 0.999756 0.0182537 -0.0124461 0.0246174
1548808114080487424 1538 0.0191 -0.999791 0.00726297 11.9377 -0.0068517 -0.00739502 -0.999949 0.363304 0.999794 0.0190493 -0.00699151 0.0228854
1548808114247176448 1543 0.0201429 -0.999756 0.00907496 11.9906 -0.00753997 -0.00922845 -0.999929 0.363935 0.999769 0.020073 -0.00772401 0.0210561
1548808114713904384 1557 0.0237655 -0.999702 0.00555331 12.1388 -0.0115943 -0.00583012 -0.999916 0.370877 0.99965 0.0236991 -0.0117294 0.0225631
1548808114780580352 1559 0.0225534 -0.99973 0.00551662 12.1603 -0.0121969 -0.00579275 -0.999909 0.369754 0.999671 0.0224841 -0.0123242 0.0221425
1548808115080619520 1568 0.0265071 -0.999644 0.00295694 12.2576 -0.012647 -0.00329309 -0.999915 0.373706 0.999569 0.0264675 -0.0127298 0.0227937
1548808115247308288 1573 0.0295431 -0.999563 -0.000132608 12.3165 -0.0137895 -0.000274908 -0.999905 0.373088 0.999468 0.0295421 -0.0137916 0.0227527
1548808115413996288 1578 0.0391716 -0.999226 0.00348037 12.3711 -0.0130875 -0.00399579 -0.999906 0.376459 0.999147 0.0391224 -0.0132339 0.0245834
1548808115447334400 1579 0.0419243 -0.999121 0.000537909 12.385 -0.0111652 -0.00100685 -0.999937 0.376828 0.999058 0.0419157 -0.0111976 0.022967
1548808115580685312 1583 0.0550891 -0.998465 0.00566311 12.4308 -0.0132858 -0.00640423 -0.999891 0.377758 0.998393 0.0550079 -0.0136182 0.0236399
1548808115614023424 1584 0.0585289 -0.998284 0.00188148 12.4404 -0.0112325 -0.00254315 -0.999934 0.378083 0.998223 0.0585039 -0.0113621 0.0221608
1548808115814049280 1590 0.0808129 -0.996714 0.00555898 12.5004 -0.0103304 -0.00641447 -0.999926 0.381152 0.996676 0.0807495 -0.0108148 0.0190353
1548808115880725504 1592 0.0903178 -0.995897 0.00569752 12.5239 -0.0111225 -0.00672921 -0.999916 0.380626 0.995851 0.0902468 -0.0116846 0.0187713
1548808116147426304 1600 0.108833 -0.994023 0.00854584 12.6086 -0.0115214 -0.00985768 -0.999885 0.382855 0.993993 0.108722 -0.0125254 0.015844
1548808116214102272 1602 0.111108 -0.993766 0.00918187 12.63 -0.0100168 -0.0103584 -0.999896 0.383998 0.993758 0.111005 -0.0111052 0.0139293
1548808116580817408 1613 0.119754 -0.992746 0.0107245 12.7512 -0.00784059 -0.0117476 -0.9999 0.387639 0.992773 0.119658 -0.00919053 0.00261112
1548808116680830464 1616 0.120088 -0.992738 0.00712817 12.7856 -0.00555017 -0.00785137 -0.999954 0.386283 0.992748 0.120043 -0.00645272 -0.00133421
1548808116947532288 1624 0.119503 -0.992785 0.00980667 12.8765 -0.00492574 -0.0104702 -0.999933 0.388444 0.992822 0.119447 -0.00614142 -0.0130295
1548808116980869376 1625 0.121865 -0.992491 0.0105287 12.8861 -0.00588316 -0.0113299 -0.999919 0.389382 0.992529 0.121793 -0.0072197 -0.0118058
1548808117047545344 1627 0.122391 -0.992444 0.00871028 12.9074 -0.00702177 -0.00964192 -0.999929 0.390964 0.992457 0.122321 -0.0081488 -0.0132681
1548808117247571456 1633 0.120458 -0.992669 0.00987344 12.9747 -0.0094582 -0.011093 -0.999894 0.394839 0.992673 0.120351 -0.0107251 -0.0184187
1548808117314247424 1635 0.118519 -0.99288 0.0119748 12.9976 -0.00927792 -0.0131666 -0.99987 0.394953 0.992908 0.118392 -0.0107723 -0.0207208
1548808117547611392 1642 0.121997 -0.992496 0.00822506 13.0765 -0.00783111 -0.00924923 -0.999927 0.397557 0.9925 0.121924 -0.00890073 -0.0298873
1548808117580949504 1643 0.121262 -0.992579 0.00905933 13.0881 -0.00709797 -0.00999353 -0.999925 0.398369 0.992595 0.121188 -0.00825713 -0.0316298
1548808117880988416 1652 0.120389 -0.992701 0.00717567 13.1854 -0.0063103 -0.00799333 -0.999948 0.40021 0.992707 0.120337 -0.00722654 -0.0430454
1548808118014339328 1656 0.12103 -0.992631 0.00591838 13.2311 -0.00684081 -0.00679612 -0.999954 0.401922 0.992625 0.120984 -0.00761294 -0.0460864
1548808118381054464 1667 0.120545 -0.99267 0.00862358 13.3555 -0.00894712 -0.00977298 -0.999912 0.40723 0.992668 0.120457 -0.0100596 -0.0591379
1548808118447729408 1669 0.120259 -0.992723 0.00629877 13.3772 -0.00677049 -0.00716481 -0.999951 0.408256 0.992719 0.12021 -0.00758285 -0.0612565
1548808118681093376 1676 0.1215 -0.992567 0.00692311 13.4603 -0.00813966 -0.00797087 -0.999935 0.410951 0.992558 0.121435 -0.00904762 -0.0691181
1548808118714431488 1677 0.120537 -0.992697 0.00474948 13.4721 -0.00821135 -0.00578123 -0.99995 0.412235 0.992675 0.120492 -0.00884824 -0.0702868
1548808119014471424 1686 0.121506 -0.992583 0.00390843 13.5719 -0.00681798 -0.00477211 -0.999965 0.418091 0.992567 0.121476 -0.00734725 -0.0815517
1548808119047808512 1687 0.118756 -0.992897 0.00717502 13.5827 -0.00791531 -0.0081726 -0.999935 0.417401 0.992892 0.118692 -0.00882964 -0.0828709
1548808119347848448 1696 0.11839 -0.992911 0.0106004 13.68 -0.00793915 -0.0116217 -0.999901 0.417467 0.992935 0.118294 -0.00925876 -0.0925106
1548808119381186304 1697 0.120375 -0.992688 0.00899354 13.6914 -0.00669169 -0.00987058 -0.999929 0.41952 0.992706 0.120306 -0.00783092 -0.0932975
1548808119414523392 1698 0.120276 -0.992679 0.011094 13.7025 -0.0057741 -0.0118744 -0.999913 0.420402 0.992724 0.120201 -0.00716003 -0.0939679
1548808119481199360 1700 0.11955 -0.992782 0.00962468 13.7223 -0.00706457 -0.0105446 -0.999919 0.423319 0.992803 0.119472 -0.00827418 -0.0941281
1548808119547874304 1702 0.118958 -0.992857 0.00917554 13.7436 -0.00707408 -0.0100884 -0.999924 0.423687 0.992874 0.118885 -0.00822365 -0.0981165
1548808119714563328 1707 0.118773 -0.992856 0.011434 13.7984 -0.00940616 -0.0126401 -0.999876 0.425937 0.992877 0.11865 -0.0108403 -0.101331
1548808119747901440 1708 0.120755 -0.992643 0.008796 13.8076 -0.00857776 -0.00990391 -0.999914 0.426957 0.992645 0.120669 -0.0097106 -0.102777
1548808119781238272 1709 0.119914 -0.992714 0.0118006 13.8169 -0.00927595 -0.0130061 -0.999872 0.426985 0.992741 0.119789 -0.010768 -0.103224
1548808119881252352 1712 0.11973 -0.992732 0.0121777 13.85 -0.0101809 -0.013493 -0.999857 0.427727 0.992754 0.119589 -0.0117224 -0.106968
1548808119914589440 1713 0.119198 -0.992821 0.00991516 13.8622 -0.00927714 -0.0110996 -0.999895 0.428053 0.992827 0.119094 -0.0105336 -0.108834
1548808119981265408 1715 0.12032 -0.992672 0.0112227 13.8856 -0.00811038 -0.0122873 -0.999892 0.428302 0.992702 0.120216 -0.00952936 -0.113196
1548808120014602496 1716 0.120479 -0.992674 0.00915168 13.8955 -0.0087223 -0.010277 -0.999909 0.429405 0.992678 0.120388 -0.00989656 -0.112646
1548808120114616320 1719 0.120748 -0.992645 0.00873864 13.9259 -0.00777902 -0.00974897 -0.999922 0.431093 0.992653 0.120671 -0.00889897 -0.116525
1548808120147953408 1720 0.120574 -0.992656 0.00976335 13.9388 -0.00682011 -0.0106632 -0.99992 0.431956 0.992681 0.120497 -0.00805572 -0.119339
1548808120481331456 1730 0.120176 -0.992697 0.0104991 14.0451 -0.00948652 -0.0117236 -0.999886 0.436021 0.992707 0.120063 -0.0108261 -0.127955
1548808120614681344 1734 0.12012 -0.992674 0.0130487 14.0883 -0.0108571 -0.0144566 -0.999837 0.438282 0.9927 0.119959 -0.012514 -0.129646
1548808120781370368 1739 0.119421 -0.992766 0.0124211 14.1403 -0.00996855 -0.0137089 -0.999856 0.441122 0.992794 0.11928 -0.0115336 -0.135049
1548808120814708480 1740 0.119827 -0.992663 0.0161702 14.1479 -0.0100251 -0.0174966 -0.999797 0.440555 0.992744 0.119641 -0.0120481 -0.136352
1548808120848046336 1741 0.119023 -0.992823 0.0116315 14.1589 -0.0101387 -0.0129294 -0.999865 0.440225 0.99284 0.118889 -0.0116048 -0.13724
1548808120914721280 1743 0.118752 -0.992835 0.0132793 14.1804 -0.0094089 -0.0144985 -0.999851 0.440709 0.992879 0.118609 -0.0110632 -0.141609
1548808120981396480 1745 0.119865 -0.99267 0.0154415 14.2008 -0.00870494 -0.016604 -0.999824 0.442593 0.992752 0.11971 -0.0106314 -0.145064
1548808121081410304 1748 0.119583 -0.992697 0.0159074 14.2349 -0.00894361 -0.0170988 -0.999814 0.444027 0.992784 0.119419 -0.010923 -0.147794
1548808121181423360 1751 0.119725 -0.992662 0.0169501 14.2683 -0.00828034 -0.0180707 -0.999802 0.444701 0.992773 0.119561 -0.0103831 -0.151849
1548808121348111360 1756 0.119877 -0.992653 0.0164262 14.3266 -0.00827937 -0.0175445 -0.999812 0.449949 0.992754 0.119718 -0.0103217 -0.159557
1548808121381449472 1757 0.118598 -0.992816 0.0158576 14.3387 -0.00783394 -0.0169054 -0.999826 0.450181 0.992911 0.118453 -0.00978261 -0.161933
1548808121514800384 1761 0.118145 -0.992925 0.0119036 14.3831 -0.00665142 -0.0127786 -0.999896 0.451217 0.992974 0.118054 -0.00811409 -0.16607
1548808121581476352 1763 0.117699 -0.992948 0.0141567 14.4062 -0.00650235 -0.0150261 -0.999866 0.451322 0.993028 0.117591 -0.00822505 -0.169732
1548808121614813440 1764 0.118479 -0.992865 0.0134991 14.4172 -0.00668956 -0.0143927 -0.999874 0.452331 0.992934 0.118374 -0.00834707 -0.171187
1548808121681489408 1766 0.115155 -0.993266 0.0127482 14.4405 -0.00807881 -0.0137696 -0.999873 0.453366 0.993315 0.115038 -0.00961005 -0.173412
1548808121714826496 1767 0.113838 -0.993397 0.0142335 14.4501 -0.00936584 -0.015399 -0.999838 0.452155 0.993455 0.113686 -0.011057 -0.17482
1548808121748164352 1768 0.1133 -0.993398 0.0179644 14.4598 -0.00918812 -0.0191276 -0.999775 0.452751 0.993518 0.11311 -0.0112946 -0.175646
1548808121781502464 1769 0.113237 -0.993485 0.0128087 14.4709 -0.00818212 -0.0138237 -0.999871 0.453237 0.993534 0.113118 -0.00969417 -0.176732
1548808121814840320 1770 0.112306 -0.993552 0.0155469 14.4807 -0.00721982 -0.0164614 -0.999838 0.454902 0.993647 0.112175 -0.00902198 -0.177749
1548808121881515520 1772 0.108852 -0.99396 0.0139496 14.5031 -0.00830985 -0.0149423 -0.999854 0.45549 0.994023 0.10872 -0.00988616 -0.180408
1548808121948190464 1774 0.105427 -0.9943 0.0158809 14.5261 -0.0085028 -0.0168706 -0.999822 0.456775 0.994391 0.105273 -0.0102329 -0.185312
1548808122014866432 1776 0.101386 -0.994691 0.0176174 14.5465 -0.00850655 -0.0185748 -0.999791 0.458093 0.994811 0.101215 -0.0103446 -0.186295
1548808122048204288 1777 0.0980927 -0.995051 0.0158262 14.5584 -0.00689574 -0.0165821 -0.999839 0.458166 0.995153 0.0979678 -0.0084882 -0.189374
1548808122081541376 1778 0.0978103 -0.995067 0.016594 14.5699 -0.00849943 -0.0175085 -0.999811 0.459466 0.995169 0.0976508 -0.01017 -0.189204
1548808122181555456 1781 0.0900076 -0.9958 0.0167866 14.6021 -0.011403 -0.0178843 -0.999775 0.461074 0.995876 0.0897959 -0.0129648 -0.191684
1548808122248230400 1783 0.0854447 -0.996161 0.0190138 14.623 -0.0118826 -0.0201011 -0.999727 0.461943 0.996272 0.0851955 -0.0135545 -0.193881
1548808122314905344 1785 0.0801642 -0.996664 0.0153032 14.6432 -0.0127305 -0.0163751 -0.999785 0.461122 0.9967 0.0799522 -0.0140007 -0.194209
1548808122348243456 1786 0.0775181 -0.996851 0.016698 14.6546 -0.0131484 -0.0177691 -0.999756 0.461888 0.996904 0.0772796 -0.0144844 -0.195702
1548808122514932480 1791 0.0677114 -0.997566 0.0166266 14.7113 -0.0140053 -0.0176136 -0.999747 0.463335 0.997607 0.0674614 -0.0151638 -0.200096
1548808122681620480 1796 0.0574298 -0.998194 0.0176378 14.763 -0.0129232 -0.0184088 -0.999747 0.467656 0.998266 0.0571874 -0.0139571 -0.203289
1548808122814971392 1800 0.0526111 -0.998497 0.0153276 14.8052 -0.0119025 -0.0159748 -0.999802 0.468627 0.998544 0.0524183 -0.012725 -0.206505
1548808122914985472 1803 0.0526642 -0.998496 0.0152269 14.8364 -0.0152784 -0.016052 -0.999754 0.470464 0.998495 0.0524186 -0.0161008 -0.205232
1548808123048335360 1807 0.0507778 -0.998578 0.0162572 14.8811 -0.0135651 -0.0169663 -0.999764 0.472855 0.998618 0.0505453 -0.0144073 -0.208684
1548808123381713408 1817 0.0497614 -0.99862 0.0167804 14.988 -0.0134008 -0.0174673 -0.999758 0.479506 0.998671 0.0495244 -0.0142515 -0.213845
1548808123648414464 1825 0.048534 -0.9987 0.0156052 15.0738 -0.014929 -0.0163472 -0.999755 0.481986 0.99871 0.0482891 -0.0157029 -0.217338
1548808123681752320 1826 0.048917 -0.998634 0.0183621 15.0875 -0.0139034 -0.0190631 -0.999722 0.482557 0.998706 0.0486481 -0.0148169 -0.217741
1548808123981792512 1835 0.0485537 -0.99872 0.0142037 15.1835 -0.0151186 -0.0149537 -0.999774 0.483769 0.998706 0.0483279 -0.0158253 -0.220178
1548808124081805312 1838 0.0493214 -0.998687 0.0138723 15.2149 -0.0153085 -0.0146434 -0.999776 0.484184 0.998666 0.049098 -0.0160106 -0.222642
1548808124215156480 1842 0.0478448 -0.998742 0.0149817 15.2598 -0.0137417 -0.0156556 -0.999783 0.486718 0.99876 0.0476286 -0.0144735 -0.225775
1548808124248494336 1843 0.0477302 -0.998695 0.018194 15.2697 -0.0139917 -0.0188814 -0.999724 0.487934 0.998762 0.0474624 -0.0148747 -0.227313
1548808124548533504 1852 0.0492245 -0.998645 0.0168643 15.3655 -0.0119981 -0.0174747 -0.999775 0.492112 0.998716 0.0490111 -0.012842 -0.229362
1548808124615208448 1854 0.046602 -0.998728 0.019252 15.3866 -0.0122251 -0.0198417 -0.999728 0.494075 0.998839 0.046354 -0.0131342 -0.228998
1548808124948586496 1864 0.0457352 -0.998841 0.0150035 15.4949 -0.0160508 -0.015752 -0.999747 0.499947 0.998825 0.0454828 -0.0167526 -0.229654
1548808125015261440 1866 0.0459652 -0.998802 0.0167698 15.5164 -0.0144996 -0.0174529 -0.999743 0.499696 0.998838 0.0457102 -0.0152844 -0.23294
1548808125248625408 1873 0.043429 -0.998939 0.0153036 15.5958 -0.0145355 -0.0159482 -0.999767 0.504019 0.998951 0.0431965 -0.0152127 -0.23429
1548808125415314432 1878 0.0359112 -0.999218 0.016523 15.6489 -0.0135897 -0.0170204 -0.999763 0.50671 0.999263 0.0356781 -0.0141903 -0.238089
1548808125615340288 1884 0.0273765 -0.999481 0.0169538 15.713 -0.0157862 -0.0173903 -0.999724 0.508724 0.999501 0.0271014 -0.0162541 -0.237022
1548808125648678400 1885 0.0252555 -0.999581 0.0141482 15.7238 -0.0166768 -0.0145721 -0.999755 0.508662 0.999542 0.0250134 -0.0170379 -0.238472
1548808125815367424 1890 0.021118 -0.999616 0.0179191 15.7761 -0.0166867 -0.0182731 -0.999694 0.511377 0.999638 0.0208126 -0.0170662 -0.238082
1548808126182082304 1901 0.0183696 -0.999584 0.022231 15.8932 -0.0183509 -0.0225681 -0.999577 0.516844 0.999663 0.0179538 -0.0187578 -0.238575
