1548808065340733440 76 0.0492677 -0.998785 -0.000694694 0.124001 0.00120792 0.000755122 -0.999999 0.00322 0.998785 0.0492669 0.00124366 0.00503262
1548808065374071296 77 0.0534601 -0.99857 -0.00084397 0.127969 0.000864455 0.000891458 -0.999999 0.0032717 0.99857 0.0534593 0.000910876 0.00572323
1548808066407541504 108 0.0642219 -0.997934 -0.00194849 0.22244 0.00190453 0.00207508 -0.999996 0.00425467 0.997934 0.0642179 0.00203387 0.0019487
1548808066574229504 113 0.0406291 -0.999173 -0.00145118 0.235878 0.00110976 0.00149751 -0.999998 0.00402934 0.999174 0.0406274 0.00116968 -0.00325629
1548808066974282496 125 -0.0116688 -0.999928 -0.00267614 0.279943 -0.00216194 0.00270154 -0.999994 0.00523268 0.99993 -0.011663 -0.00219331 -0.00793822
1548808067941076480 154 0.0413379 -0.999144 -0.00180359 0.289677 0.00029425 0.00181731 -0.999998 0.0052795 0.999145 0.0413373 0.000369122 -0.00290527
1548808068107765504 159 0.0925678 -0.995704 -0.00219148 0.290217 0.000210298 0.00222048 -0.999998 0.00435279 0.995706 0.0925671 0.000414939 0.00201157
1548808068407804416 168 0.137802 -0.990457 -0.00246338 0.289403 0.00169382 0.00272276 -0.999995 0.00545845 0.990458 0.137797 0.00205286 0.0100781
1548808069374598400 197 0.0821321 -0.996618 -0.00251313 0.312848 -0.000472268 0.00248273 -0.999997 0.00512189 0.996621 0.082133 -0.00026676 0.00182006
1548808069607962368 204 0.0255105 -0.999673 -0.00151603 0.334203 -0.00257414 0.00145083 -0.999996 0.00599254 0.999671 0.0255143 -0.00253628 -0.00313246
1548808069841326336 211 0.00713645 -0.999964 -0.00459039 0.350964 -0.00157653 0.00457925 -0.999988 0.00690382 0.999973 0.0071436 -0.00154379 -0.00421979
1548808070574756352 233 0.0192936 -0.999813 -0.0015163 0.375916 -0.00152977 0.00148706 -0.999998 0.00682691 0.999813 0.0192959 -0.00150079 -0.00381425
1548808070841458432 241 0.0721503 -0.997383 -0.00455834 0.434938 -0.00185719 0.0044359 -0.999988 0.00809896 0.997392 0.0721579 -0.00153228 0.00322785
1548808071141498368 250 0.122246 -0.992483 -0.005827 0.492548 -0.0010049 0.00574726 -0.999983 0.00969049 0.992499 0.12225 -0.000294766 0.0074515
1548808071241511424 253 0.12365 -0.992322 -0.00296604 0.518117 -0.00182089 0.00276208 -0.999995 0.0112979 0.992324 0.123654 -0.00146538 0.00476278
1548808071608226304 264 0.111946 -0.993698 -0.00568491 0.633412 -0.00357037 0.00531863 -0.999979 0.0122637 0.993708 0.111964 -0.00295248 -0.00798146
1548808071708239360 267 0.103246 -0.994654 -0.00207852 0.662944 -0.00362739 0.00171315 -0.999992 0.0126729 0.994649 0.103252 -0.00343112 -0.0112575
1548808072008278272 276 0.0423093 -0.999102 -0.00226126 0.730596 -0.00332241 0.00212258 -0.999992 0.0122656 0.999099 0.0423164 -0.00322962 -0.0261425
1548808072108292352 279 0.0246846 -0.999695 0.000543867 0.750295 -0.00502923 -0.000668209 -0.999987 0.0120342 0.999683 0.0246816 -0.00504419 -0.0308853
1548808072374993408 287 -0.00734702 -0.999973 0.000761126 0.797934 -0.00428587 -0.00072965 -0.999991 0.0141308 0.999964 -0.00735021 -0.00428039 -0.0331112
1548808072841722368 301 -0.0108379 -0.999941 -0.000884856 0.892043 -0.00752149 0.000966405 -0.999971 0.0154539 0.999913 -0.0108309 -0.00753152 -0.0294641
1548808073441801472 319 -0.0102989 -0.999947 -0.00077652 1.03818 -0.0022229 0.000799454 -0.999997 0.0169978 0.999944 -0.0102972 -0.00223102 -0.0295129
1548808073475138304 320 -0.0114304 -0.999933 -0.00189418 1.04655 -0.00252078 0.00192311 -0.999995 0.0184801 0.999931 -0.0114255 -0.0025426 -0.0304078
1548808073808516352 330 -0.0131931 -0.999913 0.000524845 1.12983 -0.00464117 -0.000463649 -0.999989 0.0202676 0.999902 -0.0131954 -0.00463465 -0.0259853
1548808074175231488 341 -0.0126994 -0.999919 0.000744894 1.22521 -0.00771665 -0.000646927 -0.99997 0.0245241 0.99989 -0.0127048 -0.00770781 -0.0191682
1548808074741972480 358 -0.0135103 -0.999907 0.00205761 1.37407 -0.0110748 -0.00190803 -0.999937 0.0294164 0.999847 -0.0135323 -0.011048 -0.0141015
1548808074808647424 360 -0.0128437 -0.999915 0.00200851 1.38983 -0.00935531 -0.00188842 -0.999954 0.0297989 0.999874 -0.0128619 -0.00933027 -0.0151509
1548808075342051328 376 -0.0176207 -0.999813 0.00791452 1.52699 -0.00719981 -0.00778867 -0.999944 0.0336237 0.999819 -0.0176766 -0.00706123 -0.010987
1548808075575415296 383 -0.0178894 -0.99983 0.00452722 1.59319 -0.00946432 -0.0043584 -0.999946 0.0321927 0.999795 -0.0179313 -0.00938474 -0.00897352
1548808075942130432 394 -0.0144684 -0.999892 0.00247938 1.69978 -0.00918084 -0.00234669 -0.999955 0.0406543 0.999853 -0.0144905 -0.0091459 -0.00639031
1548808076242170368 403 -0.0182307 -0.999831 -0.00240677 1.79646 -0.00653864 0.00252634 -0.999975 0.0407803 0.999812 -0.0182145 -0.00658359 -0.00240233
1548808076475534336 410 -0.0164038 -0.999861 -0.00297319 1.87893 -0.0035856 0.0030324 -0.999989 0.043069 0.999859 -0.016393 -0.00363484 -0.000669311
1548808076775573504 419 -0.0165538 -0.99984 -0.00677246 1.97812 -0.0072701 0.00689357 -0.99995 0.0488426 0.999837 -0.0165037 -0.00738305 0.00544391
1548808076975599360 425 -0.0169033 -0.99982 -0.00859616 2.04883 -0.00819872 0.00873569 -0.999928 0.0512416 0.999824 -0.0168316 -0.00834491 0.0109919
1548808077509003264 441 -0.0174336 -0.999825 -0.00684599 2.22072 -0.00898283 0.00700338 -0.999935 0.0566255 0.999808 -0.0173709 -0.00910335 0.0150021
1548808077542341376 442 -0.0199904 -0.999794 -0.00354859 2.23125 -0.00900467 0.0037292 -0.999953 0.0571862 0.99976 -0.0199575 -0.00907736 0.0160401
1548808077709029376 447 -0.0184411 -0.999827 -0.00228812 2.28826 -0.0087372 0.00244957 -0.999959 0.0593881 0.999792 -0.0184204 -0.00878086 0.017188
1548808077775705344 449 -0.018149 -0.999833 -0.00225382 2.31385 -0.00663681 0.00237462 -0.999975 0.0581673 0.999813 -0.0181336 -0.00667879 0.0215291
1548808077909056512 453 -0.0191263 -0.99981 0.00369922 2.358 -0.00757178 -0.00355494 -0.999965 0.0610394 0.999788 -0.0191537 -0.00750235 0.019606
1548808078075744512 458 -0.0195468 -0.999805 0.00274917 2.41274 -0.00796499 -0.00259389 -0.999965 0.0616025 0.999777 -0.019568 -0.00791274 0.0208821
1548808078175758336 461 -0.0182586 -0.999821 0.00496366 2.44384 -0.00801042 -0.00481805 -0.999956 0.0627174 0.999801 -0.0182975 -0.00792101 0.0225618
1548808078542473472 472 -0.0172591 -0.999824 0.0074092 2.56235 -0.00558974 -0.0073137 -0.999958 0.0650427 0.999835 -0.0172998 -0.00546252 0.0250978
1548808078775837440 479 -0.0190631 -0.999802 0.00573984 2.63739 -0.00625519 -0.0056215 -0.999965 0.0674248 0.999799 -0.0190983 -0.00614679 0.0277822
1548808084343237376 646 -0.0294368 -0.999547 0.00619106 2.77097 -0.00459143 -0.00605846 -0.999971 0.0692357 0.999556 -0.0294644 -0.00441101 0.0300465
1548808084409912320 648 -0.0291954 -0.999528 0.00959525 2.78969 -0.00593575 -0.00942581 -0.999938 0.0708974 0.999556 -0.0292505 -0.00565775 0.0310046
1548808084776627456 659 -0.00315076 -0.999978 0.00586802 2.91241 -0.0081811 -0.00584207 -0.999949 0.0743519 0.999962 -0.00319861 -0.00816251 0.0375548
1548808084809965312 660 -0.000991152 -0.999984 0.00548337 2.92445 -0.00779659 -0.00547548 -0.999955 0.0747097 0.999969 -0.00103386 -0.00779104 0.0385872
1548808085110004480 669 0.0315735 -0.999497 0.003136 3.02228 -0.00374796 -0.00325594 -0.999988 0.0785382 0.999494 0.0315614 -0.00384887 0.0388125
1548808085143342336 670 0.0343564 -0.999407 0.00212707 3.03377 -0.00240125 -0.00221087 -0.999995 0.0785408 0.999407 0.0343511 -0.00247578 0.0404057
1548808085443382272 679 0.0696474 -0.997571 -0.000604171 3.13522 -0.00483349 0.000268175 -0.999988 0.0806906 0.99756 0.0696495 -0.00480307 0.041077
1548808085576733440 683 0.0820572 -0.996608 -0.00626195 3.18011 -0.00643997 0.00575279 -0.999963 0.0812683 0.996607 0.0820945 -0.00594607 0.0412143
1548808085743421440 688 0.0837605 -0.996471 -0.00551769 3.21582 -0.00568675 0.00505906 -0.999971 0.081449 0.99647 0.0837895 -0.00524293 0.0383632
1548808085943447296 694 0.0794613 -0.996825 -0.00498817 3.25049 -0.00742328 0.00441213 -0.999963 0.0818896 0.99681 0.0794954 -0.00704912 0.037488
1548808086343500288 706 0.0807225 -0.996721 -0.00562466 3.29981 -0.00647349 0.00511869 -0.999966 0.0825279 0.996716 0.0807561 -0.00603907 0.0356126
1548808086776891392 719 0.0798422 -0.996783 -0.00697912 3.35672 -0.00432812 0.00665474 -0.999968 0.0830217 0.996798 0.0798699 -0.00378287 0.0330082
1548808086976917504 725 0.0758703 -0.997105 -0.00495681 3.38185 -0.00619765 0.00449947 -0.999971 0.0840198 0.997098 0.0758988 -0.00583833 0.0298418
1548808087010255360 726 0.0753625 -0.997126 -0.00771629 3.38848 -0.00682989 0.00722194 -0.999951 0.0844187 0.997133 0.0754115 -0.006266 0.0283139
1548808087343632384 736 0.0514671 -0.998656 -0.00612813 3.44605 -0.00856971 0.0056944 -0.999947 0.0865795 0.998638 0.0515169 -0.00826512 0.0243719
1548808087510321408 741 0.02719 -0.999605 -0.00715113 3.4767 -0.0111393 0.00685035 -0.999914 0.0865171 0.999568 0.0272673 -0.0109486 0.0204206
1548808087677009408 746 0.000184238 -0.999988 -0.00482422 3.50713 -0.00982261 0.00482218 -0.99994 0.0870424 0.999952 0.000231614 -0.00982161 0.0182923
1548808087710347264 747 -0.00301909 -0.999975 -0.00644748 3.51821 -0.00956095 0.00647608 -0.999933 0.0879069 0.99995 -0.00295725 -0.00958026 0.016291
1548808087910373376 753 -0.0110108 -0.99989 -0.00995327 3.57698 -0.00694053 0.0100301 -0.999926 0.0874146 0.999915 -0.0109409 -0.0070502 0.0133679
1548808087943711488 754 -0.0109101 -0.999903 -0.00866321 3.59085 -0.00612978 0.00873044 -0.999943 0.0882843 0.999922 -0.0108564 -0.00622443 0.0147445
1548808088210413312 762 -0.0103267 -0.999921 -0.0071159 3.67591 -0.00793336 0.00719799 -0.999943 0.088577 0.999915 -0.0102697 -0.00800707 0.0176803
1548808088510452480 771 -0.013644 -0.999892 -0.00550616 3.7679 -0.0100282 0.00564323 -0.999934 0.090737 0.999857 -0.0135879 -0.0101041 0.0193624
1548808088777154304 779 -0.0151486 -0.999885 -0.000401499 3.84887 -0.0103991 0.000559075 -0.999946 0.0933119 0.999831 -0.0151437 -0.0104064 0.022298
1548808088910505472 783 -0.0304028 -0.999529 -0.00421006 3.89152 -0.0128802 0.00460343 -0.999906 0.0941641 0.999455 -0.0303458 -0.0130141 0.0217931
1548808089010518272 786 -0.0474592 -0.998873 -0.000999316 3.92464 -0.0139598 0.00166361 -0.999901 0.0946357 0.998776 -0.0474405 -0.014023 0.0218115
1548808089043856384 787 -0.0542189 -0.998524 -0.00323183 3.93566 -0.0150891 0.00405553 -0.999878 0.0939976 0.998415 -0.0541636 -0.0152867 0.0205321
1548808089110531328 789 -0.0694767 -0.997581 -0.00222174 3.95692 -0.017022 0.00341229 -0.999849 0.0952216 0.997438 -0.0694284 -0.0172179 0.0206096
1548808089177207296 791 -0.0866263 -0.996241 0.00022711 3.97663 -0.0169549 0.00124635 -0.999855 0.0955051 0.996097 -0.0866177 -0.0169991 0.0215527
1548808089277220352 794 -0.111343 -0.993781 0.00127825 4.00666 -0.0154082 0.000440235 -0.999881 0.0968009 0.993663 -0.11135 -0.0153614 0.0222225
1548808089343895296 796 -0.126021 -0.992027 0.000795025 4.0271 -0.0142979 0.00101499 -0.999897 0.0977355 0.991925 -0.126019 -0.0143118 0.0236568
1548808089377233408 797 -0.130268 -0.991478 0.00122546 4.03765 -0.0160294 0.000870227 -0.999871 0.0972695 0.991349 -0.130271 -0.0160061 0.0240683
1548808089477246464 800 -0.133346 -0.991061 0.00403229 4.06708 -0.0151008 -0.00203639 -0.999884 0.0973013 0.990954 -0.133391 -0.0146943 0.0281943
1548808089710610432 807 -0.136295 -0.990654 0.00535169 4.14374 -0.0143992 -0.00342053 -0.99989 0.0997457 0.990564 -0.136357 -0.0137984 0.0373491
1548808089910637312 813 -0.138646 -0.990305 0.00852467 4.21033 -0.0174359 -0.00616557 -0.999829 0.103682 0.990188 -0.138771 -0.016412 0.0468894
1548808090043988480 817 -0.138118 -0.990377 0.00873727 4.25165 -0.0184974 -0.00624083 -0.999809 0.106266 0.990243 -0.138253 -0.0174575 0.056116
1548808090177339392 821 -0.133405 -0.991019 0.00919312 4.29341 -0.0181273 -0.0068345 -0.999812 0.108124 0.990896 -0.133547 -0.0170528 0.0612567
1548808090444040448 829 -0.114411 -0.993401 0.00807223 4.3811 -0.0164496 -0.00623008 -0.999845 0.109724 0.993297 -0.114526 -0.0156283 0.0776419
1548808090710742272 837 -0.0815068 -0.996642 0.00787052 4.46599 -0.0098211 -0.00709327 -0.999927 0.111796 0.996624 -0.0815781 -0.00920997 0.0857323
1548808090744080384 838 -0.0780163 -0.996928 0.00697854 4.47723 -0.0118576 -0.00607149 -0.999911 0.112118 0.996882 -0.0780921 -0.0113475 0.0867339
1548808091110795264 849 -0.0767504 -0.997021 0.00769861 4.59946 -0.0141389 -0.00663226 -0.999878 0.112886 0.99695 -0.0768499 -0.0135877 0.0976506
1548808091277483520 854 -0.075377 -0.997155 0.00106639 4.65677 -0.0136347 -3.86571e-05 -0.999907 0.11336 0.997062 -0.0753845 -0.013593 0.101648
1548808091610861312 864 -0.075825 -0.997108 -0.0051857 4.77054 -0.0153082 0.00636414 -0.999863 0.113864 0.997004 -0.0757352 -0.0157465 0.114039
1548808091644198400 865 -0.0744183 -0.9972 -0.0073941 4.78018 -0.0129745 0.00838223 -0.999881 0.116097 0.997143 -0.0743135 -0.0135619 0.113751
1548808091944238336 874 -0.0752858 -0.997128 -0.00827163 4.88398 -0.0134822 0.00931229 -0.999866 0.1178 0.997071 -0.0751642 -0.0141446 0.122673
1548808091977576448 875 -0.0755018 -0.997129 -0.00572995 4.89395 -0.013799 0.00679061 -0.999882 0.117987 0.99705 -0.0754138 -0.0142721 0.123374
1548808092210940416 882 -0.0726156 -0.997338 -0.00659599 4.97134 -0.0160546 0.00778147 -0.999841 0.118467 0.997231 -0.0724981 -0.016577 0.129252
1548808092310953472 885 -0.0690544 -0.997601 -0.00483034 5.00321 -0.0150551 0.00588345 -0.999869 0.119091 0.997499 -0.0689727 -0.0154253 0.132728
1548808092677668352 896 -0.0386201 -0.999252 -0.00174872 5.11908 -0.0158265 0.00236148 -0.999872 0.116588 0.999129 -0.0385875 -0.0159058 0.139712
1548808092711006464 897 -0.0361835 -0.999344 -0.00158024 5.12736 -0.0140982 0.00209157 -0.999898 0.12111 0.999246 -0.0361576 -0.0141646 0.14241
1548808093077721344 908 -0.0156714 -0.999864 0.00513079 5.23867 -0.0101126 -0.00497266 -0.999937 0.119944 0.999826 -0.0157223 -0.0100333 0.14683
1548808093211072512 912 -0.0143794 -0.999879 0.00592133 5.27802 -0.00684907 -0.00582331 -0.99996 0.12125 0.999873 -0.0144194 -0.0067645 0.145387
1548808093644462336 925 -0.00944997 -0.999864 0.0135356 5.41042 -0.0111892 -0.0134296 -0.999847 0.124458 0.999893 -0.00959997 -0.0110607 0.145503
1548808093777813504 929 -0.00960282 -0.999909 0.00945187 5.45081 -0.00934129 -0.00936219 -0.999913 0.12738 0.99991 -0.00969027 -0.00925054 0.144741
1548808094111190272 939 -0.0101908 -0.999905 0.00927451 5.55065 -0.011252 -0.00915974 -0.999895 0.129107 0.999885 -0.0102941 -0.0111575 0.150398
1548808094144528384 940 -0.0103004 -0.999923 0.00691589 5.55684 -0.00988252 -0.00681412 -0.999928 0.129864 0.999898 -0.010368 -0.00981157 0.149554
1548808094411230464 948 -0.00959631 -0.999929 0.00708503 5.63896 -0.0127894 -0.00696205 -0.999894 0.132815 0.999872 -0.0096859 -0.0127217 0.152023
1548808094611256320 954 -0.00931155 -0.99991 0.00962845 5.69882 -0.01325 -0.00950464 -0.999867 0.133695 0.999869 -0.00943789 -0.0131603 0.150778
1548808094811282432 960 -0.00931764 -0.999887 0.0118189 5.7589 -0.0143388 -0.0116846 -0.999829 0.136142 0.999854 -0.00948552 -0.0142283 0.150827
1548808094844620288 961 -0.00963243 -0.999922 0.00801115 5.768 -0.013887 -0.00787698 -0.999873 0.1377 0.999857 -0.00974245 -0.0138101 0.150942
1548808094977971456 965 -0.00477463 -0.999932 0.0106615 5.80987 -0.0166509 -0.0105806 -0.999805 0.139564 0.99985 -0.00495122 -0.0165992 0.154285
1548808095044646400 967 -0.00140009 -0.999961 0.00877307 5.83409 -0.0135887 -0.00875324 -0.999869 0.14041 0.999907 -0.00151912 -0.0135759 0.155063
1548808095111322368 969 0.00592719 -0.999949 0.00818301 5.85796 -0.0155485 -0.00827432 -0.999845 0.142134 0.999862 0.00579904 -0.0155967 0.154689
1548808095144660480 970 0.0125967 -0.999875 0.00957278 5.87029 -0.0157514 -0.00977077 -0.999828 0.143789 0.999797 0.0124438 -0.0158725 0.156311
1548808095244673280 973 0.0215328 -0.999677 0.0135279 5.90058 -0.0136195 -0.0138231 -0.999812 0.144455 0.999675 0.0213445 -0.0139127 0.155583
1548808095278010368 974 0.0273292 -0.999545 0.0127417 5.9116 -0.0146896 -0.0131466 -0.999806 0.143122 0.999519 0.0271368 -0.0150422 0.155658
1548808095311348480 975 0.0300506 -0.999493 0.0105014 5.92275 -0.0142381 -0.0109331 -0.999839 0.142907 0.999447 0.0298963 -0.0145595 0.15613
1548808095478037504 980 0.0523995 -0.998566 0.010949 5.97506 -0.0169995 -0.0118544 -0.999785 0.144778 0.998482 0.0522021 -0.0175963 0.157612
1548808095678063360 986 0.0617385 -0.998031 0.0110377 6.03819 -0.0143241 -0.0119437 -0.999826 0.146608 0.99799 0.0615696 -0.0150333 0.156727
1548808095978103296 995 0.0601794 -0.998149 0.00883148 6.12899 -0.0169621 -0.00986882 -0.999807 0.149894 0.998043 0.060018 -0.0175246 0.15344
1548808096411493376 1008 0.044522 -0.998974 0.00825537 6.26401 -0.0232282 -0.00929648 -0.999687 0.154427 0.998738 0.0443163 -0.0236183 0.151031
1548808096478169344 1010 0.0395258 -0.999206 0.00503826 6.28291 -0.0220304 -0.00591241 -0.99974 0.155435 0.998976 0.0394046 -0.0222466 0.150565
1548808096844884480 1021 0.024316 -0.999698 0.00368203 6.3933 -0.02434 -0.00427405 -0.999695 0.159908 0.999408 0.0242189 -0.0244366 0.148097
1548808096944897280 1024 0.0205147 -0.999788 0.00195279 6.42233 -0.0218484 -0.00240104 -0.999758 0.161339 0.999551 0.020467 -0.0218931 0.146956
1548808097178261504 1031 0.00936778 -0.999945 0.00466224 6.4954 -0.0231514 -0.00487808 -0.99972 0.16307 0.999688 0.00925722 -0.0231959 0.145127
1548808097444963328 1039 -0.00353524 -0.99997 0.00692014 6.57666 -0.0262826 -0.00682488 -0.999631 0.165205 0.999648 -0.00371582 -0.0262577 0.147134
1548808097945028352 1054 -0.0138439 -0.999837 0.0115968 6.7245 -0.0273312 -0.0112152 -0.999564 0.169271 0.999531 -0.0141548 -0.0271715 0.15273
1548808097978366464 1055 -0.0150968 -0.999813 0.0120763 6.73483 -0.0296401 -0.0116249 -0.999493 0.169954 0.999447 -0.015447 -0.029459 0.152099
1548808098278406400 1064 -0.0134391 -0.999848 0.0111369 6.82582 -0.0274907 -0.0107643 -0.999564 0.1731 0.999532 -0.0137394 -0.0273418 0.151029
1548808098478432512 1070 -0.0130717 -0.999851 0.0112689 6.89022 -0.0242078 -0.0109502 -0.999647 0.175946 0.999621 -0.0133398 -0.024061 0.149086
1548808098978498304 1085 -0.00616134 -0.999919 0.01113 7.044 -0.0265286 -0.0109629 -0.999588 0.180433 0.999629 -0.00645406 -0.0264589 0.156413
1548808099078511360 1088 0.00373154 -0.999925 0.0116312 7.08124 -0.0265917 -0.0117264 -0.999578 0.181949 0.999639 0.00342067 -0.0266335 0.158384
1548808099578577408 1103 0.0643448 -0.997838 0.0133763 7.23863 -0.0243062 -0.0149672 -0.999593 0.189938 0.997632 0.0639935 -0.0252167 0.160974
1548808099611915264 1104 0.0680261 -0.99762 0.0112701 7.24979 -0.0247738 -0.0129819 -0.999609 0.190458 0.997376 0.0677203 -0.025598 0.162024
1548808099978630400 1115 0.0759477 -0.997011 0.0142059 7.36741 -0.0234314 -0.0160276 -0.999597 0.193929 0.996836 0.0755842 -0.0245786 0.154493
1548808100011967488 1116 0.0772057 -0.996947 0.0116464 7.38402 -0.0230752 -0.0134649 -0.999643 0.196594 0.996748 0.0769094 -0.0240444 0.152117
1548808100278669312 1124 0.0795541 -0.99678 0.0100482 7.47022 -0.0222413 -0.0118525 -0.999682 0.198958 0.996582 0.0793054 -0.0231126 0.142842
1548808100312007424 1125 0.0789433 -0.99685 0.00766036 7.48384 -0.0208777 -0.00933592 -0.999738 0.202135 0.99666 0.0787628 -0.0215489 0.144558
1548808100512033280 1131 0.0788576 -0.996854 0.00800475 7.55284 -0.0206208 -0.00965917 -0.999741 0.20421 0.996673 0.0786721 -0.0213176 0.143029
1548808100745397504 1138 0.0771485 -0.997004 0.0056353 7.62839 -0.019498 -0.00715978 -0.999784 0.205569 0.996829 0.077022 -0.0199919 0.139116
1548808100912086272 1143 0.0764693 -0.997035 0.0086257 7.67744 -0.0186514 -0.0100799 -0.999775 0.208531 0.996897 0.0762913 -0.0193669 0.136833
1548808101212126464 1152 0.077596 -0.996948 0.00851983 7.76425 -0.0131171 -0.00956573 -0.999868 0.214164 0.996899 0.077474 -0.0138193 0.123727
1548808101245463296 1153 0.0767496 -0.997014 0.00853166 7.77452 -0.0145562 -0.00967644 -0.999847 0.212697 0.996944 0.0766137 -0.0152554 0.127167
1548808101512165376 1161 0.074553 -0.997148 0.0117669 7.85224 -0.0146681 -0.012895 -0.999809 0.215791 0.997109 0.0743662 -0.0155876 0.125897
1548808101712191488 1167 0.0751252 -0.997102 0.0119586 7.91681 -0.0157936 -0.0131808 -0.999788 0.218128 0.997049 0.0749204 -0.0167381 0.121278
1548808101812205312 1170 0.0747148 -0.997131 0.0121154 7.94325 -0.0176704 -0.0134712 -0.999753 0.219778 0.997048 0.0744823 -0.0186262 0.121401
1548808102012231424 1176 0.0735601 -0.997239 0.0102093 8.00472 -0.0172609 -0.0115086 -0.999785 0.221102 0.997141 0.073368 -0.0180598 0.118002
1548808102378946304 1187 0.0749396 -0.997158 0.00778155 8.11613 -0.0156827 -0.00898107 -0.999837 0.225138 0.997065 0.0748053 -0.0163112 0.111334
1548808102512297472 1191 0.0749567 -0.997175 0.00479699 8.16039 -0.0149582 -0.00593435 -0.999871 0.224565 0.997075 0.0748753 -0.0153608 0.109154
1548808102778999296 1199 0.0734103 -0.997288 0.00525275 8.24514 -0.0130811 -0.00622937 -0.999895 0.229002 0.997216 0.0733338 -0.0135029 0.103825
1548808102845674496 1201 0.0739947 -0.997229 0.00762318 8.2715 -0.0139634 -0.00867942 -0.999865 0.229528 0.997161 0.0738783 -0.014567 0.101938
1548808103145714432 1210 0.0746039 -0.99719 0.00674336 8.36914 -0.0144944 -0.00784583 -0.999864 0.233157 0.997108 0.0744961 -0.015039 0.0980912
1548808103179051520 1211 0.0755437 -0.997134 0.00421253 8.38306 -0.0126319 -0.00518125 -0.999907 0.232424 0.997062 0.0754835 -0.0129871 0.0967411
1548808103479091456 1220 0.0726089 -0.997347 0.00514248 8.48158 -0.012253 -0.00604772 -0.999907 0.235827 0.997285 0.0725391 -0.0126597 0.0909039
1548808103712455424 1227 0.0721854 -0.997379 0.00496905 8.55403 -0.0081052 -0.00556848 -0.999952 0.239121 0.997358 0.0721417 -0.00848591 0.0866911
1548808103912481280 1233 0.0729403 -0.99733 0.00360837 8.6158 -0.00580198 -0.00404227 -0.999975 0.239542 0.997319 0.0729175 -0.00608133 0.0820132
1548808104112508416 1239 0.0729068 -0.997324 0.00541426 8.67826 -0.00924848 -0.00610454 -0.999939 0.243437 0.997296 0.0728522 -0.00966879 0.0800443
1548808104379209472 1247 0.0721196 -0.997389 0.00384135 8.76098 -0.0102813 -0.00459459 -0.999937 0.247558 0.997343 0.0720755 -0.0105858 0.0784014
1548808104412547328 1248 0.0708857 -0.997464 0.00644381 8.77016 -0.00971047 -0.00714981 -0.999927 0.246119 0.997437 0.070818 -0.0101927 0.0775891
1548808104612573440 1254 0.0690652 -0.997589 0.00683703 8.83475 -0.00963644 -0.00752019 -0.999925 0.247182 0.997566 0.0689941 -0.0101326 0.0760054
1548808104645911296 1255 0.0702932 -0.997504 0.0066482 8.84463 -0.00895 -0.00729509 -0.999933 0.248507 0.997486 0.070229 -0.00944046 0.0758223
1548808104879275520 1262 0.0679204 -0.997639 0.0101323 8.91373 -0.00899845 -0.0107679 -0.999902 0.251177 0.99765 0.0678225 -0.00970857 0.0721908
1548808105045964288 1267 0.0676855 -0.997653 0.0103719 8.96392 -0.0103204 -0.0110953 -0.999885 0.252641 0.997653 0.0675706 -0.0110472 0.0703457
1548808105145977344 1270 0.0640272 -0.997871 0.0124024 8.99576 -0.0113436 -0.0131548 -0.999849 0.254146 0.997884 0.0638769 -0.0121617 0.0682699
1548808105245990400 1273 0.061373 -0.998055 0.0109405 9.02844 -0.0100511 -0.0115786 -0.999882 0.254264 0.998064 0.0612558 -0.0107422 0.0674702
1548808105512692480 1281 0.0483104 -0.998768 0.0113254 9.11322 -0.00981148 -0.0118126 -0.999882 0.254909 0.998784 0.0481936 -0.0103701 0.060913
1548808105546030336 1282 0.0450956 -0.998949 0.00825283 9.12442 -0.00961936 -0.00869506 -0.999916 0.258632 0.998936 0.0450124 -0.0100014 0.0606063
1548808105579368448 1283 0.0433452 -0.999023 0.00859041 9.13425 -0.00980275 -0.00902337 -0.999911 0.257504 0.999012 0.0432572 -0.0101843 0.0615157
1548808105679381504 1286 0.0400101 -0.999145 0.0103838 9.1673 -0.0110064 -0.0108322 -0.999881 0.258533 0.999139 0.039891 -0.0114304 0.0590463
1548808105979420416 1295 0.0363326 -0.999316 0.00688045 9.266 -0.0145551 -0.00741342 -0.999867 0.261821 0.999234 0.0362276 -0.0148145 0.0613899
1548808106012758272 1296 0.0375159 -0.999286 0.00445904 9.27659 -0.0139672 -0.0049861 -0.99989 0.260498 0.999198 0.0374495 -0.0141443 0.0599812
1548808106279460352 1304 0.0358816 -0.999344 0.00487543 9.36196 -0.0114082 -0.00528786 -0.999921 0.264015 0.999291 0.0358231 -0.0115905 0.0550755
1548808106412811264 1308 0.0359123 -0.99934 0.00550461 9.40137 -0.00796714 -0.00579428 -0.999951 0.262974 0.999323 0.0358667 -0.00816996 0.0540867
1548808106546162432 1312 0.0361789 -0.999327 0.00605748 9.44113 -0.0109813 -0.00645863 -0.999919 0.264666 0.999285 0.0361094 -0.0112076 0.0533419
1548808106679512320 1316 0.0331374 -0.999442 0.0041829 9.48453 -0.013052 -0.00461759 -0.999904 0.265044 0.999366 0.0330797 -0.0131978 0.0534569
1548808106879539456 1322 0.0339119 -0.999419 0.00345254 9.54631 -0.0122087 -0.00386853 -0.999918 0.266814 0.99935 0.033867 -0.0123328 0.0529354
1548808107112903424 1329 0.0356645 -0.999362 0.00169595 9.61604 -0.0122758 -0.00213499 -0.999922 0.269355 0.999288 0.0356409 -0.0123441 0.0527809
1548808107146241280 1330 0.0352399 -0.99937 0.00416226 9.62821 -0.0123391 -0.00459963 -0.999913 0.268037 0.999303 0.0351855 -0.0124934 0.0536267
1548808107179578368 1331 0.0348126 -0.999392 0.00167915 9.63913 -0.0127905 -0.00212557 -0.999916 0.269059 0.999312 0.0347882 -0.0128567 0.0514192
1548808107279591424 1334 0.0362114 -0.999344 0.000491083 9.67199 -0.0143923 -0.00101286 -0.999896 0.269692 0.999241 0.0362005 -0.0144195 0.0515325
1548808107312929280 1335 0.0348306 -0.999392 0.0014971 9.68448 -0.0128006 -0.00194401 -0.999916 0.269213 0.999311 0.0348085 -0.0128606 0.0517432
1548808107446280448 1339 0.0327082 -0.99946 0.00320867 9.73056 -0.0155771 -0.00371977 -0.999872 0.270286 0.999344 0.0326541 -0.0156904 0.0546021
1548808107712982272 1347 0.0313093 -0.999499 0.00463816 9.82081 -0.0107595 -0.0049772 -0.99993 0.272219 0.999452 0.0312572 -0.0109099 0.0494388
1548808107746320384 1348 0.033442 -0.999439 0.00182974 9.83313 -0.0106231 -0.00218612 -0.999941 0.274336 0.999384 0.0334206 -0.0106903 0.0501227
1548808108013021440 1356 0.0314489 -0.999502 0.00253454 9.92121 -0.0135619 -0.00296228 -0.999904 0.276253 0.999413 0.0314115 -0.0136483 0.0490329
1548808108079697408 1358 0.0314901 -0.999501 0.00253284 9.94233 -0.0103972 -0.00286153 -0.999942 0.27635 0.99945 0.031462 -0.0104821 0.0467759
1548808108279723520 1364 0.0322057 -0.999478 0.00235883 10.0042 -0.0115253 -0.00273127 -0.99993 0.279198 0.999415 0.0321763 -0.0116073 0.0411697
1548808108313061376 1365 0.0317764 -0.999493 -0.0020334 10.0165 -0.0127654 0.00162842 -0.999917 0.277058 0.999413 0.0317997 -0.0127072 0.0437648
1548808108546425344 1372 0.0287114 -0.999587 -0.00134061 10.0924 -0.0125116 0.000981689 -0.999921 0.279143 0.999509 0.0287259 -0.0124782 0.0444005
1548808108813127424 1380 0.0287105 -0.999587 0.000934015 10.177 -0.0100853 -0.00122403 -0.999948 0.281197 0.999537 0.0286996 -0.0101163 0.0420429
1548808108979815424 1385 0.0297587 -0.999556 -0.0014863 10.2313 -0.00699416 0.0012787 -0.999975 0.281448 0.999533 0.0297683 -0.006953 0.039537
1548808109179842304 1391 0.0297416 -0.999556 0.00166682 10.2946 -0.0074343 -0.00188872 -0.999971 0.282891 0.99953 0.0297283 -0.00748718 0.038543
1548808109413206272 1398 0.0279788 -0.999607 -0.00151081 10.3687 -0.0105196 0.00121687 -0.999944 0.284302 0.999553 0.0279931 -0.0104814 0.0370835
1548808109646570496 1405 0.0275402 -0.999617 0.00265 10.4358 -0.0106967 -0.00294555 -0.999938 0.28538 0.999563 0.0275102 -0.0107737 0.0352914
1548808110013285376 1416 0.0272353 -0.999599 0.00771246 10.5475 -0.0125601 -0.00805691 -0.999889 0.289404 0.99955 0.0271354 -0.0127745 0.0341819
1548808110380000512 1427 0.0239946 -0.999659 0.0103033 10.6609 -0.00968831 -0.0105383 -0.999898 0.293005 0.999665 0.0238923 -0.00993787 0.0343866
1548808110413338368 1428 0.025519 -0.999642 0.00802831 10.6733 -0.00946047 -0.00827206 -0.999921 0.291689 0.99963 0.0254411 -0.00966818 0.0330689
1548808110480013312 1430 0.0255572 -0.99962 0.010346 10.6958 -0.00919136 -0.0105839 -0.999902 0.292117 0.999631 0.0254596 -0.00945836 0.0319074
1548808110646702336 1435 0.0246366 -0.999659 0.0086798 10.7512 -0.00864592 -0.00889518 -0.999923 0.293934 0.999659 0.0245597 -0.00886212 0.0318683
1548808110880066304 1442 0.0249994 -0.999667 0.00638565 10.8319 -0.00773346 -0.00658084 -0.999948 0.295483 0.999658 0.0249487 -0.0078954 0.0303092
1548808110980079360 1445 0.0265653 -0.999627 0.00640919 10.8641 -0.00745872 -0.00660948 -0.99995 0.296487 0.999619 0.0265162 -0.00763152 0.03024
1548808111146768384 1450 0.0242212 -0.999686 0.00648553 10.9215 -0.00813055 -0.0066842 -0.999945 0.299255 0.999674 0.0241671 -0.00828989 0.0304371
1548808111380132352 1457 0.0249786 -0.999646 0.00921626 10.9995 -0.00491003 -0.0093417 -0.999944 0.301583 0.999676 0.024932 -0.00514163 0.0257515
1548808111413469440 1458 0.025463 -0.999644 0.00801943 11.0133 -0.00504546 -0.00815044 -0.999954 0.300763 0.999663 0.0254214 -0.0052512 0.0228418
1548808111446807296 1459 0.0255953 -0.999665 0.00374829 11.0245 -0.00372211 -0.00384479 -0.999986 0.300803 0.999665 0.025581 -0.00381928 0.0236252
1548808111546820352 1462 0.0262528 -0.999646 0.00436479 11.0572 -0.00372554 -0.00446411 -0.999983 0.301661 0.999648 0.0262361 -0.00384141 0.0226482
1548808111846860288 1471 0.0241444 -0.99963 0.0125229 11.1535 -0.00847672 -0.0127308 -0.999883 0.304294 0.999673 0.0240355 -0.00878096 0.0227669
1548808112146899456 1480 0.0248457 -0.999634 0.0106776 11.2542 -0.00664307 -0.0108458 -0.999919 0.306613 0.999669 0.0247728 -0.00691011 0.0192411
1548808112613627392 1494 0.0238359 -0.999679 0.00854885 11.4071 -0.00744695 -0.00872859 -0.999934 0.313376 0.999688 0.0237707 -0.00765261 0.0167226
1548808112646965504 1495 0.0260323 -0.999653 0.00401794 11.4182 -0.00734433 -0.00421044 -0.999964 0.313741 0.999634 0.0260019 -0.00745139 0.0155815
1548808113080356352 1508 0.0249638 -0.999683 0.00317037 11.5583 -0.00613374 -0.00332447 -0.999976 0.318614 0.99967 0.0249437 -0.00621479 0.010268
1548808113280382464 1514 0.0245132 -0.999698 0.00193442 11.6183 -0.00719748 -0.00211144 -0.999972 0.322683 0.999674 0.0244986 -0.00724706 0.00872362
1548808113547084288 1522 0.0237939 -0.999713 0.00266339 11.7025 -0.00830314 -0.00286167 -0.999961 0.322456 0.999682 0.0237708 -0.00836885 0.00900959
1548808113647097344 1525 0.0230103 -0.999735 0.00071445 11.7348 -0.00771075 -0.000892092 -0.99997 0.322512 0.999705 0.0230041 -0.00772924 0.0089492
1548808113880461312 1532 0.0216234 -0.999762 0.00290928 11.8034 -0.00681113 -0.00305721 -0.999972 0.323962 0.999743 0.021603 -0.00687561 0.00664593
1548808114113825280 1539 0.0222745 -0.999752 0.000793186 11.8753 -0.00332522 -0.000867464 -0.999994 0.32518 0.999746 0.0222717 -0.00334371 0.00303864
1548808114480540416 1550 0.0235068 -0.999723 0.000861666 11.9883 -0.00590358 -0.0010007 -0.999982 0.328572 0.999706 0.0235013 -0.00592547 0.00382874
1548808114813917440 1560 0.0251599 -0.999683 -0.000989615 12.0874 -0.00748845 0.000801433 -0.999972 0.330778 0.999655 0.0251666 -0.00746591 0.00630562
1548808115080619520 1568 0.0284461 -0.999588 -0.00378415 12.1649 -0.00807416 0.00355579 -0.999961 0.332609 0.999563 0.0284756 -0.00796969 0.00879549
1548808115313983488 1575 0.0341339 -0.999409 -0.00406648 12.2349 -0.00897532 0.00376214 -0.999953 0.333665 0.999377 0.0341688 -0.0088416 0.00768549
1548808115547347456 1582 0.0527946 -0.998601 -0.00300653 12.3028 -0.00841783 0.00256559 -0.999961 0.335621 0.99857 0.0528179 -0.0082706 0.0066946
1548808115680698368 1586 0.0688263 -0.997627 -0.00181923 12.3423 -0.0076565 0.00129528 -0.99997 0.336238 0.997599 0.0688382 -0.00754918 0.00605593
1548808115780711424 1589 0.080081 -0.996786 -0.0021595 12.375 -0.00794856 0.00152781 -0.999967 0.338728 0.996757 0.0800955 -0.00780066 0.0041017
1548808115880725504 1592 0.0926517 -0.995698 -0.00096704 12.4054 -0.00719733 0.000301467 -0.999974 0.33802 0.995673 0.0926562 -0.00713844 0.00448534
1548808115914062336 1593 0.0956265 -0.995417 0.000488617 12.413 -0.0086756 -0.00132429 -0.999961 0.339284 0.995379 0.0956186 -0.00876248 0.0070488
1548808115980738304 1595 0.102202 -0.994763 -0.000940405 12.4334 -0.00706899 0.000219067 -0.999975 0.340694 0.994739 0.102206 -0.00700958 0.00465383
1548808116147426304 1600 0.111313 -0.993783 0.00218488 12.4816 -0.00876237 -0.00317992 -0.999957 0.341175 0.993747 0.111289 -0.00906186 0.000259851
1548808116180764416 1601 0.112669 -0.993631 0.00150788 12.4925 -0.00835852 -0.00246528 -0.999962 0.34091 0.993597 0.112653 -0.00858305 -0.000449349
1548808116280777472 1604 0.116331 -0.993208 0.00243739 12.5258 -0.00812197 -0.00340526 -0.999961 0.342648 0.993177 0.116307 -0.00846294 -0.00346603
1548808116547479296 1612 0.121211 -0.992602 0.00694257 12.6089 -0.00536423 -0.00764906 -0.999956 0.347085 0.992612 0.121169 -0.0062517 -0.0124901
1548808116614154496 1614 0.122282 -0.99249 0.00341153 12.6338 -0.00440974 -0.0039806 -0.999982 0.345588 0.992486 0.122265 -0.00486338 -0.0150688
1548808116814181376 1620 0.123474 -0.992332 0.00557448 12.6958 -0.00371277 -0.00607939 -0.999975 0.347474 0.992341 0.123451 -0.00443495 -0.0233213
1548808116947532288 1624 0.121647 -0.992562 0.00472967 12.7395 -0.00419164 -0.00527873 -0.999977 0.349102 0.992565 0.121624 -0.00480261 -0.0277748
1548808116980869376 1625 0.124441 -0.992216 0.00467443 12.7518 -0.00505238 -0.00534463 -0.999973 0.347758 0.992214 0.124414 -0.00567814 -0.0286126
1548808117080883456 1628 0.123434 -0.992335 0.00592399 12.7848 -0.00684304 -0.00682066 -0.999953 0.349575 0.992329 0.123388 -0.00763249 -0.0311348
1548808117247571456 1633 0.123497 -0.992339 0.00332409 12.8391 -0.00622744 -0.00412466 -0.999972 0.350102 0.992325 0.123473 -0.00668912 -0.0351713
1548808117480935424 1640 0.123134 -0.992371 0.00619088 12.9154 -0.00684897 -0.007088 -0.999951 0.351667 0.992366 0.123085 -0.00766949 -0.041518
1548808117514273280 1641 0.122496 -0.992465 0.00286013 12.9275 -0.00577711 -0.00359483 -0.999977 0.351929 0.992452 0.122476 -0.00617393 -0.0442082
1548808117647624448 1645 0.12362 -0.992324 0.00342596 12.9692 -0.0053396 -0.00411757 -0.999977 0.355739 0.992315 0.123599 -0.00580763 -0.0478492
1548808117747637504 1648 0.123088 -0.992396 0.000132388 13.0017 -0.00268247 -0.000466111 -0.999996 0.355555 0.992392 0.123087 -0.00271944 -0.0533138
1548808117947663360 1654 0.122659 -0.992448 -0.00116533 13.0663 -0.00256788 0.00085682 -0.999996 0.35628 0.992446 0.122662 -0.00244339 -0.0589372
1548808118114352384 1659 0.123051 -0.9924 0.0010024 13.1216 -0.00606324 -0.00176186 -0.99998 0.357604 0.992382 0.123042 -0.00623395 -0.0641986
1548808118447729408 1669 0.122247 -0.9925 -9.74875e-05 13.2256 -0.00329318 -0.000307399 -0.999995 0.361156 0.992494 0.122246 -0.00330606 -0.0747646
1548808118481067520 1670 0.123347 -0.992361 0.00223016 13.2385 -0.00438759 -0.00279266 -0.999986 0.361435 0.992354 0.123336 -0.00469854 -0.0739575
1548808118514405376 1671 0.121876 -0.992545 -0.000431114 13.2506 -0.00494458 -0.000172805 -0.999988 0.361686 0.992533 0.121877 -0.00492878 -0.0769768
1548808118581080320 1673 0.122289 -0.992487 0.00380412 13.2738 -0.00537427 -0.00449501 -0.999975 0.362748 0.99248 0.122266 -0.00588359 -0.0792985
1548808118781107456 1679 0.122066 -0.99252 0.0019473 13.3394 -0.00424471 -0.00248399 -0.999988 0.36388 0.992513 0.122056 -0.00451617 -0.0875166
1548808118981133312 1685 0.121254 -0.992621 -0.00134095 13.4085 -0.00225909 0.00107496 -0.999997 0.36468 0.992619 0.121257 -0.00211207 -0.0968271
1548808119014471424 1686 0.124203 -0.992249 -0.0038985 13.4188 -0.00163129 0.00372473 -0.999992 0.366262 0.992255 0.124208 -0.00115602 -0.0973748
1548808119047808512 1687 0.121668 -0.992571 -0.000227727 13.4316 -0.00265196 -9.56416e-05 -0.999996 0.36688 0.992567 0.121668 -0.00264389 -0.0994705
1548808119181159424 1691 0.121219 -0.992626 -0.000367063 13.4764 -0.00175211 0.000155823 -0.999998 0.367588 0.992624 0.121219 -0.0017203 -0.104971
1548808119314510336 1695 0.123098 -0.992388 0.00359272 13.5186 -0.0017338 -0.00383531 -0.999991 0.368612 0.992393 0.123091 -0.00219272 -0.109938
1548808119447861504 1699 0.124367 -0.992232 0.00279167 13.5626 -7.55332e-05 -0.00282299 -0.999996 0.369308 0.992236 0.124366 -0.000426032 -0.116673
1548808119514537472 1701 0.123113 -0.992378 0.00541513 13.5842 -0.00187891 -0.00568971 -0.999982 0.369373 0.992391 0.1231 -0.00256507 -0.117906
1548808119647887360 1705 0.124431 -0.992228 0.000229906 13.6272 -0.00350815 -0.000671649 -0.999994 0.370905 0.992222 0.12443 -0.00356446 -0.120381
1548808119847914496 1711 0.124087 -0.992271 -0.000921063 13.6941 -0.00482007 0.000325459 -0.999988 0.371746 0.99226 0.12409 -0.00474243 -0.127247
1548808119914589440 1713 0.122491 -0.992468 0.0015675 13.7162 -0.00374905 -0.00204209 -0.999991 0.372161 0.992463 0.122484 -0.00397095 -0.129353
1548808119947927296 1714 0.125561 -0.992085 -0.00109541 13.7277 -0.00283707 0.00074508 -0.999996 0.372549 0.992082 0.125564 -0.00272106 -0.132066
1548808120047940352 1717 0.124262 -0.992249 0.000628748 13.7589 -0.00386412 -0.00111757 -0.999992 0.373028 0.992242 0.124259 -0.00397304 -0.134121
1548808120147953408 1720 0.122985 -0.992407 0.00151376 13.7911 -0.00131737 -0.00168859 -0.999998 0.374828 0.992408 0.122983 -0.00151504 -0.139003
1548808120214629376 1722 0.122545 -0.992463 0.000152029 13.8146 -0.00307806 -0.000533248 -0.999995 0.376284 0.992458 0.122544 -0.00312021 -0.140297
1548808120314642432 1725 0.122762 -0.992435 0.0014511 13.8471 -0.00326909 -0.00186653 -0.999993 0.377988 0.992431 0.122756 -0.0034735 -0.143604
1548808120614681344 1734 0.122391 -0.99247 0.00489772 13.9467 -0.00720007 -0.00582258 -0.999957 0.380626 0.992456 0.122351 -0.00785848 -0.151982
1548808120648019456 1735 0.121369 -0.992599 0.00404798 13.9574 -0.00676559 -0.00490527 -0.999965 0.380867 0.992584 0.121337 -0.00731087 -0.153624
1548808120781370368 1739 0.121808 -0.992548 0.00343636 14.001 -0.00615729 -0.0042177 -0.999972 0.381122 0.992535 0.121783 -0.00662515 -0.158725
1548808120814708480 1740 0.121838 -0.99252 0.00764988 14.0118 -0.00606062 -0.00845109 -0.999946 0.381419 0.992531 0.121785 -0.00704496 -0.159163
1548808120848046336 1741 0.122054 -0.992515 0.00420384 14.0252 -0.00613773 -0.00499019 -0.999969 0.383955 0.992504 0.122024 -0.00670086 -0.16296
1548808120881383424 1742 0.122107 -0.992501 0.00557603 14.0349 -0.00619461 -0.00638006 -0.99996 0.383662 0.992498 0.122068 -0.00692721 -0.163967
1548808120914721280 1743 0.120967 -0.992641 0.00563025 14.0461 -0.00490021 -0.00626898 -0.999968 0.383704 0.992644 0.120936 -0.00562249 -0.164907
1548808121048072448 1747 0.121733 -0.992558 0.00321692 14.0863 -0.00317818 -0.0036308 -0.999988 0.385046 0.992558 0.121722 -0.00359652 -0.16884
1548808121081410304 1748 0.121735 -0.992534 0.00754543 14.0993 -0.00396166 -0.00808778 -0.999959 0.384553 0.992555 0.121701 -0.00491665 -0.170548
1548808121248098304 1753 0.122184 -0.992495 0.0050199 14.1536 -0.00356834 -0.00549705 -0.999979 0.386365 0.992501 0.122164 -0.00421321 -0.176311
1548808121481462272 1760 0.120526 -0.992697 0.00516569 14.2298 -0.00215001 -0.00546465 -0.999983 0.389568 0.992708 0.120513 -0.00279294 -0.184996
1548808121581476352 1763 0.119691 -0.992796 0.00553813 14.2655 -0.00129806 -0.00573471 -0.999983 0.389769 0.99281 0.119682 -0.0019751 -0.190886
1548808121614813440 1764 0.120032 -0.992757 0.00507954 14.2762 -0.0014551 -0.00529246 -0.999985 0.390971 0.992769 0.120023 -0.00207983 -0.190795
1548808121714826496 1767 0.115188 -0.993323 0.00648048 14.3086 -0.00385077 -0.00697038 -0.999968 0.39228 0.993336 0.115159 -0.00462796 -0.193865
1548808121748164352 1768 0.114872 -0.993331 0.00990989 14.3183 -0.00343597 -0.0103732 -0.99994 0.391647 0.993374 0.114831 -0.00460465 -0.195636
1548808121814840320 1770 0.113925 -0.993461 0.00748741 14.3395 -0.00127614 -0.00768281 -0.99997 0.393668 0.993489 0.113912 -0.00214306 -0.198148
1548808121848177408 1771 0.111244 -0.993768 0.00706824 14.3482 -0.00208892 -0.00734619 -0.999971 0.39473 0.993791 0.111226 -0.00289312 -0.198662
1548808121881515520 1772 0.110156 -0.993898 0.00572676 14.3598 -0.00245159 -0.00603352 -0.999979 0.393525 0.993911 0.110139 -0.00310125 -0.199511
1548808121914853376 1773 0.107584 -0.994156 0.00889397 14.3697 -0.00355377 -0.00933038 -0.99995 0.394399 0.99419 0.107547 -0.0045368 -0.200836
