1548808065340733440 76 0.0499267 -0.998753 0.000517835 0.118852 0.00169973 -0.000433513 -0.999998 0.00556589 0.998751 0.0499275 0.00167597 0.00250554
1548808065474084352 80 0.0654955 -0.997853 -0.000777892 0.135953 0.00333515 0.000998468 -0.999994 0.00547935 0.997847 0.0654925 0.00339338 0.00300422
1548808066707580416 117 0.022529 -0.999746 0.000839332 0.243855 0.000545785 -0.000827246 -1 0.00687368 0.999746 0.0225295 0.000527009 -0.00727831
1548808067040957440 127 -0.0212895 -0.999771 0.00209298 0.274083 0.000322507 -0.00210032 -0.999998 0.0081021 0.999773 -0.0212888 0.000367148 -0.0103088
1548808067841063424 151 0.011667 -0.999932 -0.000648113 0.281563 0.00224444 0.000674343 -0.999997 0.00859157 0.999929 0.0116655 0.00225216 -0.0063734
1548808068041089280 157 0.071654 -0.99743 -0.000101892 0.281497 0.00168217 0.000223 -0.999999 0.00864734 0.997428 0.0716537 0.00169383 -0.0026499
1548808068207778304 162 0.124975 -0.992159 -0.00146247 0.2827 0.00220137 0.00175132 -0.999996 0.00845618 0.992157 0.124972 0.00240298 0.000887261
1548808068274453504 164 0.135374 -0.990789 -0.00332118 0.282874 0.00260508 0.00370796 -0.99999 0.0075256 0.990791 0.135364 0.00308305 -0.000353816
1548808068441142272 169 0.141314 -0.989963 -0.00167518 0.282278 0.00258382 0.00206098 -0.999995 0.00845351 0.989961 0.141309 0.00284913 0.00125016
1548808069307923456 195 0.0966486 -0.995317 -0.00162518 0.29923 0.00125977 0.00175515 -0.999998 0.00853301 0.995318 0.0966463 0.0014235 -0.000742598
1548808069541287424 202 0.0424884 -0.999097 0.000464294 0.319317 -9.89562e-05 -0.000468922 -1 0.00894487 0.999097 0.0424884 -0.000118791 -0.00547908
1548808070608094464 234 0.0254457 -0.999675 -0.00161747 0.37471 0.000209491 0.00162333 -0.999999 0.0107717 0.999676 0.0254453 0.000250729 -0.00723189
1548808070741445376 238 0.0458753 -0.998938 -0.00416768 0.408286 -0.000217163 0.0041621 -0.999991 0.0111301 0.998947 0.0458758 -2.5995e-05 -0.00481306
1548808070974809344 245 0.102211 -0.994753 -0.00435339 0.45244 -0.00103836 0.00426962 -0.99999 0.011247 0.994762 0.102215 -0.000596512 0.00196218
1548808071441537280 259 0.121757 -0.992546 -0.00524082 0.576802 -0.00151839 0.00509384 -0.999986 0.0125815 0.992559 0.121763 -0.000886859 -0.00504603
1548808071708239360 267 0.103734 -0.994605 -0.000720374 0.658561 -0.00249529 0.000464029 -0.999997 0.0152944 0.994602 0.103735 -0.00243369 -0.0151346
1548808072008278272 276 0.0418416 -0.999124 -0.000178079 0.721384 -0.00326369 4.15566e-05 -0.999995 0.0172636 0.999119 0.041842 -0.00325909 -0.026488
1548808072341656320 286 -0.00999244 -0.999944 0.00344919 0.779709 -0.00417841 -0.00340758 -0.999985 0.0196647 0.999941 -0.0100067 -0.00414413 -0.0335129
1548808072941735424 304 -0.0115252 -0.999926 0.00400624 0.895684 -0.0102318 -0.00388837 -0.99994 0.0230191 0.999881 -0.0115655 -0.0101863 -0.025086
1548808073541814272 322 -0.0125988 -0.99992 0.000577953 1.0505 -0.0037537 -0.000530699 -0.999993 0.0240787 0.999914 -0.0126008 -0.00374671 -0.0225603
1548808073941866496 334 -0.0153649 -0.999876 0.00340465 1.15332 -0.00705854 -0.0032965 -0.99997 0.0288863 0.999857 -0.0153885 -0.00700702 -0.0175341
1548808074541946368 352 -0.0163305 -0.999859 0.00401314 1.31552 -0.00941393 -0.00385974 -0.999948 0.0361897 0.999822 -0.0163674 -0.00934956 -0.00795238
1548808075008674304 366 -0.0190986 -0.999809 0.00408679 1.43828 -0.0118042 -0.00386177 -0.999923 0.0372223 0.999748 -0.0191454 -0.0117282 -0.0053438
1548808075508740352 381 -0.0187487 -0.999794 0.00783609 1.58056 -0.0092468 -0.00766374 -0.999928 0.0448318 0.999781 -0.0188198 -0.00910121 -0.0022767
1548808075942130432 394 -0.017347 -0.999837 0.00499218 1.70726 -0.00985335 -0.00482174 -0.99994 0.0494528 0.999801 -0.0173951 -0.00976811 0.00191008
1548808076242170368 403 -0.0209148 -0.999781 0.000926004 1.8042 -0.00677508 -0.000784455 -0.999977 0.0526489 0.999758 -0.0209205 -0.00675719 0.00494245
1548808076508871424 411 -0.0175067 -0.999847 -0.000395596 1.89633 -0.00411697 0.000467739 -0.999991 0.0558815 0.999838 -0.0175049 -0.00412452 0.00408855
1548808076975599360 425 -0.0185235 -0.999807 -0.00651951 2.05479 -0.00939907 0.00669447 -0.999933 0.0591802 0.999784 -0.018461 -0.00952126 0.0138301
1548808077208964352 432 -0.0186986 -0.999813 -0.00496794 2.13403 -0.0104434 0.00516385 -0.999932 0.0611079 0.999771 -0.0186455 -0.010538 0.0168357
1548808077775705344 449 -0.0191358 -0.999817 -0.000121404 2.32087 -0.00817906 0.000277963 -0.999967 0.0666962 0.999783 -0.0191342 -0.00818288 0.0207014
1548808077875718400 452 -0.0218597 -0.999761 0.00050612 2.35555 -0.00835786 -0.000323479 -0.999965 0.0695186 0.999726 -0.0218632 -0.00834879 0.0229104
1548808078275771392 464 -0.0211133 -0.999732 0.00944269 2.48028 -0.00784216 -0.0092789 -0.999926 0.0728287 0.999746 -0.0211858 -0.00764416 0.0264421
1548808078475797504 470 -0.0204095 -0.99976 0.00791876 2.54514 -0.0066562 -0.00778436 -0.999948 0.0723743 0.99977 -0.0204612 -0.00649572 0.0276133
1548808084176548352 641 -0.0321032 -0.999422 0.0111774 2.7299 -0.0064149 -0.0109769 -0.999919 0.0780884 0.999464 -0.0321723 -0.0060588 0.0295621
1548808084376574464 647 -0.0323979 -0.999401 0.0121867 2.77996 -0.00764691 -0.0119449 -0.999899 0.0780082 0.999446 -0.0324878 -0.00725534 0.0335285
1548808084543263488 652 -0.0268457 -0.99961 0.00766851 2.8413 -0.00794282 -0.00745773 -0.999941 0.0814944 0.999608 -0.026905 -0.00773952 0.0374715
1548808084709952512 657 -0.0131198 -0.999873 0.00910123 2.89408 -0.00911019 -0.00898211 -0.999918 0.0824683 0.999872 -0.0132016 -0.00899119 0.0410522
1548808084976653312 665 0.0147349 -0.999868 0.00689192 2.98207 -0.00601946 -0.00698124 -0.999958 0.0831994 0.999873 0.0146928 -0.00612153 0.0455529
1548808085076667392 668 0.0246567 -0.999694 0.00200572 3.01161 -0.00502581 -0.00213026 -0.999985 0.0816427 0.999683 0.0246462 -0.0050768 0.0415911
1548808085110004480 669 0.0287174 -0.99958 0.00389023 3.02458 -0.00608488 -0.00406658 -0.999973 0.0835365 0.999569 0.0286929 -0.00619911 0.0448995
1548808085343368448 676 0.0539095 -0.998546 0.000525252 3.10294 -0.0037839 -0.000730299 -0.999993 0.0862912 0.998539 0.0539071 -0.00381777 0.0451672
1548808085610070272 684 0.0796201 -0.99681 -0.00560114 3.18768 -0.00776254 0.00499879 -0.999957 0.0914431 0.996795 0.0796602 -0.00733977 0.0462675
1548808085810097408 690 0.0799447 -0.996795 -0.00305742 3.23271 -0.00788863 0.00243447 -0.999966 0.090977 0.996768 0.0799661 -0.00766872 0.0432142
1548808086076798464 698 0.0795329 -0.996824 -0.00393219 3.27722 -0.0072186 0.00336865 -0.999968 0.0932625 0.996806 0.0795587 -0.00692776 0.0402726
1548808086776891392 719 0.0797025 -0.996806 -0.00505414 3.36999 -0.00625843 0.00456977 -0.99997 0.0938301 0.996799 0.0797317 -0.00587422 0.0330383
1548808087410307328 738 0.0423183 -0.999099 -0.00313033 3.47515 -0.00961199 0.00272587 -0.99995 0.0954753 0.999058 0.0423462 -0.00948797 0.0264355
1548808087510321408 741 0.0251273 -0.999667 -0.00595005 3.49588 -0.0116598 0.00565846 -0.999916 0.0960304 0.999616 0.0251946 -0.0115137 0.0262015
1548808087643671296 745 0.00515516 -0.99998 -0.00368424 3.51722 -0.0111597 0.00362653 -0.999931 0.0964818 0.999924 0.00519592 -0.0111407 0.0214793
1548808087677009408 746 -0.00148895 -0.999994 -0.00323752 3.5242 -0.0109732 0.00325367 -0.999934 0.0971315 0.999939 -0.00145332 -0.0109779 0.0217921
1548808087810360320 750 -0.0103489 -0.999941 -0.00325884 3.55218 -0.00927319 0.00335485 -0.999951 0.0980326 0.999903 -0.0103181 -0.00930736 0.0203018
1548808087910373376 753 -0.0128404 -0.999883 -0.00829901 3.5843 -0.00809453 0.00840336 -0.999932 0.097654 0.999885 -0.0127724 -0.00820149 0.0187399
1548808088110400512 759 -0.0121022 -0.999899 -0.00749391 3.6449 -0.00855837 0.00759776 -0.999935 0.0988233 0.99989 -0.0120373 -0.00864945 0.0191563
1548808088477115392 770 -0.013661 -0.999906 -0.000946768 3.75562 -0.0109923 0.00109698 -0.999939 0.101432 0.999846 -0.0136498 -0.0110063 0.0237524
1548808088843830272 781 -0.0218173 -0.999762 0.000581799 3.86801 -0.0127872 -0.000302842 -0.999918 0.104764 0.99968 -0.0218229 -0.0127776 0.0268019
1548808088977180416 785 -0.0451435 -0.99898 -0.00107135 3.91229 -0.0146757 0.00173551 -0.999891 0.105807 0.998873 -0.0451229 -0.0147391 0.029829
1548808089043856384 787 -0.0577444 -0.99833 -0.0014638 3.93425 -0.0153921 0.00235636 -0.999879 0.105997 0.998213 -0.0577148 -0.0155025 0.0299261
1548808089077194496 788 -0.0662252 -0.997802 -0.0021495 3.94526 -0.0159059 0.00320965 -0.999868 0.106596 0.997678 -0.0661823 -0.0160835 0.0288452
1548808089110531328 789 -0.0725835 -0.997362 -0.000381874 3.95596 -0.0171405 0.00163023 -0.999852 0.107707 0.997215 -0.0725662 -0.0172136 0.0293035
1548808089210545408 792 -0.100038 -0.994984 8.40627e-05 3.98748 -0.0160811 0.00153235 -0.99987 0.107552 0.994854 -0.100026 -0.0161538 0.0291518
1548808089377233408 797 -0.132404 -0.991193 0.00254921 4.03941 -0.0167907 -0.000328574 -0.999859 0.108203 0.991054 -0.132429 -0.0165994 0.0309813
1548808089643935488 805 -0.140094 -0.990097 0.00897888 4.12368 -0.0162288 -0.00677097 -0.999845 0.111507 0.990005 -0.140218 -0.0151195 0.0427836
1548808089777286400 809 -0.139335 -0.990226 0.00620592 4.16263 -0.0167618 -0.0039077 -0.999852 0.111984 0.990103 -0.139418 -0.0160535 0.0483513
1548808090144001280 820 -0.135326 -0.990755 0.00956567 4.2752 -0.0167757 -0.00736193 -0.999832 0.116689 0.990659 -0.135464 -0.0156243 0.0643192
1548808090177339392 821 -0.134884 -0.990817 0.00937822 4.28899 -0.0172525 -0.00711484 -0.999826 0.116622 0.990711 -0.135022 -0.0161344 0.0676773
1548808090444040448 829 -0.114487 -0.993393 0.00789088 4.38266 -0.0156179 -0.0061423 -0.999859 0.117854 0.993302 -0.114594 -0.0148115 0.0813705
1548808090477378304 830 -0.110512 -0.993841 0.00819397 4.39417 -0.0123391 -0.00687185 -0.9999 0.119877 0.993798 -0.110602 -0.0115037 0.0816184
1548808090710742272 837 -0.0807108 -0.996705 0.00805025 4.46867 -0.0108206 -0.00719996 -0.999916 0.119204 0.996679 -0.0807911 -0.0102039 0.0870139
1548808090910769408 843 -0.0799312 -0.996766 0.00830436 4.53352 -0.0151 -0.00711927 -0.999861 0.121632 0.996686 -0.0800455 -0.0144821 0.0964314
1548808091144133376 850 -0.0764825 -0.99705 0.00648817 4.6094 -0.0151189 -0.00534678 -0.999871 0.123784 0.996956 -0.0765707 -0.0146654 0.103173
1548808091177470464 851 -0.0762895 -0.997075 0.00466871 4.62223 -0.0154772 -0.0034976 -0.999874 0.123983 0.996966 -0.0763522 -0.0151651 0.10443
1548808091377497344 857 -0.0770791 -0.997023 0.00180691 4.69319 -0.0170602 -0.000493128 -0.999854 0.125313 0.996879 -0.0770987 -0.0169714 0.110783
1548808091610861312 864 -0.0753878 -0.99715 -0.00296239 4.77173 -0.0149451 0.0041004 -0.99988 0.129554 0.997042 -0.0753344 -0.0152116 0.113369
1548808091710874368 867 -0.0730631 -0.99731 -0.00580211 4.80455 -0.0161762 0.00700192 -0.999845 0.127488 0.997196 -0.0729579 -0.0166443 0.115655
1548808091944238336 874 -0.0748931 -0.997166 -0.00718627 4.88055 -0.0147561 0.00831394 -0.999857 0.129027 0.997082 -0.0747763 -0.015337 0.121174
1548808092277615360 884 -0.0708827 -0.997465 -0.00633544 4.985 -0.0152977 0.00743772 -0.999855 0.133563 0.997367 -0.0707756 -0.0157861 0.131091
1548808092711006464 897 -0.0371619 -0.999309 -0.00032867 5.11968 -0.0143927 0.000864095 -0.999896 0.134088 0.999206 -0.0371534 -0.0144149 0.142999
1548808092877694464 902 -0.022843 -0.999737 0.00212107 5.17188 -0.012473 -0.00183646 -0.999921 0.133894 0.999661 -0.0228676 -0.0124278 0.148036
1548808093177734400 911 -0.0162259 -0.999809 0.0108616 5.26693 -0.00773357 -0.0107372 -0.999912 0.136421 0.999838 -0.0163085 -0.00755787 0.148467
1548808093211072512 912 -0.016199 -0.999841 0.0074571 5.27802 -0.00514401 -0.00737465 -0.99996 0.137037 0.999856 -0.0162367 -0.00502373 0.149364
1548808093444436480 919 -0.0122752 -0.999843 0.0127629 5.34598 -0.00829496 -0.0126616 -0.999885 0.13922 0.99989 -0.0123797 -0.00813823 0.150793
1548808093744475392 928 -0.0129696 -0.999824 0.0135731 5.43985 -0.00927114 -0.0134534 -0.999867 0.144159 0.999873 -0.0130937 -0.00909502 0.153077
1548808093944501504 934 -0.0122301 -0.99987 0.010553 5.50742 -0.00924177 -0.0104403 -0.999903 0.144774 0.999883 -0.0123264 -0.00911288 0.15307
1548808094311216384 945 -0.0124933 -0.999881 0.00907599 5.62615 -0.0115049 -0.00893236 -0.999894 0.148753 0.999856 -0.0125964 -0.0113919 0.158124
1548808094711269376 957 -0.0121059 -0.999832 0.0137923 5.75379 -0.013339 -0.0136307 -0.999818 0.155272 0.999838 -0.0122877 -0.0131718 0.159481
1548808094977971456 965 -0.00830649 -0.999904 0.0111299 5.83944 -0.0144719 -0.0110089 -0.999835 0.156527 0.999861 -0.00846619 -0.0143791 0.165706
1548808095111322368 969 0.00214413 -0.999956 0.00910796 5.88298 -0.0124833 -0.00913404 -0.99988 0.15999 0.99992 0.00203018 -0.0125023 0.165446
1548808095144660480 970 0.00933842 -0.999908 0.00986989 5.89104 -0.0129864 -0.00999076 -0.999866 0.160071 0.999872 0.009209 -0.0130785 0.165589
1548808095244673280 973 0.0180491 -0.999742 0.0137966 5.91609 -0.0107058 -0.0139913 -0.999845 0.160621 0.99978 0.0178986 -0.0109555 0.166181
1548808095278010368 974 0.0238383 -0.999625 0.0134579 5.92685 -0.0119519 -0.0137457 -0.999834 0.160615 0.999644 0.0236735 -0.0122751 0.166919
1548808095344686336 976 0.031487 -0.999466 0.00877554 5.94351 -0.0105211 -0.00911083 -0.999903 0.160588 0.999449 0.0313916 -0.0108023 0.166046
1548808095511375360 981 0.0537595 -0.998492 0.0111116 5.99271 -0.0122502 -0.0117863 -0.999855 0.16352 0.998479 0.0536156 -0.0128654 0.169634
1548808095778076416 989 0.0581087 -0.998259 0.0100799 6.07495 -0.0143494 -0.0109311 -0.999837 0.163844 0.998207 0.0579546 -0.0149596 0.165819
1548808096211467264 1002 0.0505517 -0.99867 0.0101331 6.20108 -0.0162092 -0.0109652 -0.999808 0.169009 0.99859 0.0503778 -0.016742 0.163256
1548808096578182400 1013 0.0340523 -0.999407 0.00516629 6.31299 -0.0185278 -0.00579968 -0.999812 0.172278 0.999248 0.0339501 -0.0187143 0.162404
1548808097011572480 1026 0.0128087 -0.999914 0.0027342 6.44371 -0.0202631 -0.00299343 -0.99979 0.177304 0.999713 0.0127506 -0.0202997 0.160012
1548808097311612416 1035 0.000145274 -0.99999 0.0043735 6.53437 -0.0185319 -0.00437544 -0.999819 0.18149 0.999828 6.41986e-05 -0.0185323 0.159656
1548808097778340352 1049 -0.0179757 -0.999792 0.00964526 6.67684 -0.0237431 -0.00921725 -0.999676 0.183468 0.999556 -0.0181989 -0.0235725 0.162562
1548808098211730432 1062 -0.0187274 -0.999774 0.010029 6.80614 -0.0232155 -0.00959328 -0.999684 0.18867 0.999555 -0.0189543 -0.0230307 0.166964
1548808098711796480 1077 -0.0162477 -0.999773 0.0137876 6.95066 -0.020819 -0.0134481 -0.999693 0.19297 0.999651 -0.0165298 -0.0205958 0.169336
1548808099045173504 1087 -0.00299216 -0.999893 0.0143155 7.05665 -0.0224536 -0.0142448 -0.999646 0.194779 0.999743 -0.00331254 -0.0224086 0.175931
1548808099511902464 1101 0.0521026 -0.998558 0.0129049 7.20051 -0.0209318 -0.0140116 -0.999683 0.201444 0.998422 0.0518159 -0.0216316 0.179737
1548808099978630400 1115 0.0719747 -0.997337 0.0117743 7.34829 -0.017362 -0.0130559 -0.999764 0.203546 0.997255 0.0717533 -0.0182555 0.171333
1548808100245332480 1123 0.0747356 -0.997173 0.0078403 7.43055 -0.0163158 -0.00908399 -0.999826 0.207787 0.99707 0.0745947 -0.0169486 0.165283
1548808100712060416 1137 0.0750656 -0.997161 0.00590608 7.57468 -0.0158093 -0.00711212 -0.99985 0.210719 0.997053 0.074961 -0.0162983 0.153448
1548808100945424384 1144 0.0739263 -0.997262 0.00200213 7.649 -0.0119429 -0.00289279 -0.999924 0.212894 0.997192 0.0738968 -0.012124 0.150871
1548808101012099328 1146 0.073869 -0.99725 0.00604932 7.66963 -0.012016 -0.00695548 -0.999904 0.213954 0.997196 0.0737892 -0.0124968 0.145657
1548808101045437440 1147 0.0752741 -0.997159 0.00265552 7.68066 -0.0116572 -0.00354287 -0.999926 0.213276 0.997095 0.0752376 -0.0118907 0.147676
1548808101112112384 1149 0.0731899 -0.997297 0.00652511 7.70881 -0.0120449 -0.00742609 -0.9999 0.213795 0.997245 0.073104 -0.0125559 0.145353
1548808101145450496 1150 0.0744195 -0.997221 0.00345409 7.72151 -0.00932287 -0.00415927 -0.999948 0.214381 0.997183 0.0743834 -0.0096065 0.145336
1548808101212126464 1152 0.0734523 -0.997287 0.00478274 7.74179 -0.00983352 -0.0055197 -0.999936 0.214585 0.99725 0.0734006 -0.0102123 0.144507
1548808101312139264 1155 0.0729127 -0.99732 0.00601667 7.77274 -0.00848645 -0.00665292 -0.999942 0.216494 0.997302 0.0728574 -0.00894879 0.142348
1548808101512165376 1161 0.0724604 -0.997331 0.00900932 7.83954 -0.00992848 -0.00975391 -0.999903 0.219949 0.997322 0.072364 -0.0106087 0.14098
1548808101545503488 1162 0.0732238 -0.997224 0.0135279 7.84813 -0.0105419 -0.0143375 -0.999842 0.21863 0.99726 0.0730696 -0.0115624 0.140696
1548808101578841344 1163 0.0709041 -0.997422 0.0110387 7.85943 -0.0118226 -0.0119061 -0.999859 0.220517 0.997413 0.0707636 -0.0126363 0.143205
1548808101712191488 1167 0.0727452 -0.997317 0.00817911 7.90538 -0.0108126 -0.00898899 -0.999901 0.219889 0.997292 0.0726495 -0.0114375 0.137636
1548808101878880512 1172 0.0728596 -0.997313 0.00760412 7.96093 -0.0111819 -0.00844076 -0.999902 0.219991 0.99728 0.0727674 -0.0117668 0.134731
1548808102145582336 1180 0.0722908 -0.997374 0.00439555 8.04908 -0.0119787 -0.00527498 -0.999914 0.223992 0.997312 0.072232 -0.0123286 0.131993
1548808102478959360 1190 0.0726228 -0.997344 0.00549484 8.16059 -0.00939853 -0.00619348 -0.999937 0.226712 0.997315 0.0725666 -0.00982336 0.121401
1548808102612310272 1194 0.0734193 -0.997301 -0.000108682 8.20533 -0.00853995 -0.000519722 -0.999963 0.227493 0.997265 0.0734175 -0.00855506 0.11858
1548808102845674496 1201 0.0725599 -0.997356 0.00399467 8.27974 -0.00833562 -0.00461151 -0.999955 0.232107 0.997329 0.0725233 -0.00864819 0.115068
1548808103079038464 1208 0.0738447 -0.99727 -0.00065922 8.35294 -0.00824353 5.05947e-05 -0.999966 0.23351 0.997236 0.0738476 -0.00821728 0.112299
1548808103379078400 1217 0.0739731 -0.99726 0.0011654 8.44953 -0.0062198 -0.00162994 -0.999979 0.234949 0.997241 0.0739643 -0.00632333 0.105504
1548808103479091456 1220 0.0713635 -0.99745 0.000944889 8.4817 -0.00686949 -0.00143877 -0.999975 0.235759 0.997427 0.0713552 -0.00695465 0.102932
1548808103879144448 1232 0.0715208 -0.997435 0.00302337 8.60656 -0.001521 -0.00314019 -0.999994 0.237015 0.997438 0.0715158 -0.00174169 0.0926615
1548808103945819392 1234 0.0732189 -0.997309 0.00364733 8.62811 -0.0030411 -0.00388039 -0.999988 0.237778 0.997311 0.0732069 -0.00331704 0.0928643
1548808104145845504 1240 0.0709891 -0.99746 0.00577719 8.69013 -0.00557615 -0.00618855 -0.999965 0.240461 0.997462 0.0709544 -0.00600131 0.0919115
1548808104212521472 1242 0.0716922 -0.997426 0.00132373 8.71104 -0.00424888 -0.00163253 -0.99999 0.241526 0.997418 0.0716858 -0.00435499 0.089476
1548808104312534272 1245 0.0724789 -0.997365 0.00300833 8.74196 -0.00488951 -0.00337154 -0.999982 0.242615 0.997358 0.0724629 -0.005121 0.0872909
1548808104512560384 1251 0.0708621 -0.99748 0.00352296 8.8042 -0.00421755 -0.00383142 -0.999984 0.242258 0.997477 0.0708461 -0.00447842 0.0849596
1548808104612573440 1254 0.069526 -0.997577 0.00240074 8.83692 -0.00577457 -0.00280898 -0.999979 0.243361 0.997563 0.0695107 -0.00595588 0.0824034
1548808104712587264 1257 0.0703413 -0.997513 0.00451594 8.86862 -0.00431946 -0.0048317 -0.999979 0.244865 0.997514 0.0703204 -0.00464859 0.0812156
1548808104945951488 1264 0.069147 -0.997598 0.00420056 8.94041 -0.00787715 -0.00475649 -0.999958 0.247818 0.997575 0.069111 -0.00818713 0.0757062
1548808104979288320 1265 0.0688624 -0.997603 0.00682792 8.95108 -0.00763527 -0.00737099 -0.999944 0.246957 0.997597 0.0688064 -0.00812455 0.077342
1548808105079302400 1268 0.0659472 -0.997803 0.00631285 8.98193 -0.00574873 -0.00670645 -0.999961 0.247342 0.997807 0.0659084 -0.00617837 0.0755842
1548808105212653312 1272 0.0632098 -0.997979 0.00651263 9.02461 -0.00573918 -0.00688907 -0.99996 0.248317 0.997984 0.0631699 -0.00616304 0.0731162
1548808105412679424 1278 0.0537147 -0.998525 0.00792816 9.08815 -0.00791165 -0.00836495 -0.999934 0.25105 0.998525 0.0536484 -0.0083493 0.0693228
1548808105546030336 1282 0.0451519 -0.99897 0.00448407 9.13327 -0.00808842 -0.00485408 -0.999956 0.253825 0.998947 0.0451136 -0.00829926 0.0643733
1548808105579368448 1283 0.0435112 -0.99904 0.00507748 9.14464 -0.00833604 -0.00544516 -0.99995 0.253337 0.999018 0.0434667 -0.00856496 0.0644946
1548808105612705280 1284 0.0418474 -0.999106 0.00595313 9.15533 -0.0092794 -0.00634675 -0.999937 0.254019 0.999081 0.0417895 -0.00953671 0.0641939
1548808105812732416 1290 0.0380986 -0.999271 0.00251499 9.21961 -0.0118639 -0.00296897 -0.999925 0.25454 0.999204 0.0380659 -0.0119684 0.0637192
1548808105912745472 1293 0.0363846 -0.999336 0.00198068 9.25445 -0.0111121 -0.00238645 -0.999935 0.255548 0.999276 0.0363602 -0.0111915 0.0643612
1548808105979420416 1295 0.0362743 -0.999337 0.0031478 9.27629 -0.0132546 -0.00363071 -0.999906 0.25645 0.999254 0.0362291 -0.0133775 0.0643398
1548808106312797440 1305 0.0354488 -0.999371 0.000372676 9.3806 -0.00958315 -0.000712818 -0.999954 0.257155 0.999326 0.0354436 -0.0096024 0.058132
1548808106379473408 1307 0.0378054 -0.999285 0.000677908 9.4005 -0.00734481 -0.000956246 -0.999973 0.259587 0.999258 0.0377993 -0.00737571 0.0579177
1548808106479486464 1310 0.0352357 -0.999379 0.000646879 9.43153 -0.00908447 -0.000967551 -0.999958 0.258537 0.999338 0.0352284 -0.00911292 0.0588025
1548808106846201344 1321 0.0334923 -0.999433 -0.0033865 9.54757 -0.010703 0.00302954 -0.999938 0.262447 0.999382 0.0335265 -0.0105955 0.0569024
1548808107079565312 1328 0.0342646 -0.999412 -0.000930203 9.6177 -0.0112212 0.000545976 -0.999937 0.263521 0.99935 0.0342729 -0.0111959 0.0568371
1548808107212916480 1332 0.0352553 -0.999374 -0.00279176 9.65795 -0.012665 0.00234649 -0.999917 0.26299 0.999298 0.0352877 -0.0125743 0.0569118
1548808107479618304 1340 0.0366924 -0.99932 -0.00352724 9.73704 -0.0133953 0.00303747 -0.999906 0.264809 0.999237 0.0367362 -0.0132747 0.0546168
1548808107512956416 1341 0.0330943 -0.999452 0.0002638 9.74582 -0.0126152 -0.000681643 -0.99992 0.264194 0.999373 0.0330883 -0.0126308 0.0533883
1548808107546293504 1342 0.0339196 -0.999423 -0.00150138 9.75527 -0.0119889 0.00109524 -0.999928 0.264467 0.999353 0.0339352 -0.0119449 0.0544119
1548808107612969472 1344 0.0330008 -0.999454 0.00164243 9.7754 -0.0136601 -0.00209421 -0.999905 0.265429 0.999362 0.0329752 -0.0137218 0.0560617
1548808107746320384 1348 0.0332033 -0.999447 -0.00197849 9.81947 -0.010422 0.00163324 -0.999944 0.265725 0.999394 0.033222 -0.010362 0.0540126
1548808107879671296 1352 0.0335543 -0.999437 -0.000210058 9.86148 -0.0103604 -0.000137668 -0.999946 0.266424 0.999383 0.0335547 -0.0103592 0.0494132
1548808108213048320 1362 0.0316683 -0.999486 -0.00507073 9.96911 -0.011136 0.00472013 -0.999927 0.268566 0.999436 0.0317224 -0.0109808 0.0491501
1548808108246386432 1363 0.0323093 -0.999473 -0.00306797 9.98244 -0.0113085 0.00270382 -0.999932 0.268127 0.999414 0.0323418 -0.0112152 0.0481393
1548808108546425344 1372 0.0287925 -0.999573 -0.00502359 10.08 -0.0123881 0.00466846 -0.999912 0.270509 0.999509 0.0288522 -0.0122484 0.0471564
1548808108879802368 1382 0.0285642 -0.999568 -0.00695916 10.1885 -0.00932451 0.00669525 -0.999934 0.271242 0.999548 0.0286272 -0.00912924 0.0443847
1548808109213180416 1392 0.028765 -0.99957 -0.00568753 10.2928 -0.00868567 0.00543973 -0.999947 0.27197 0.999548 0.0288128 -0.00852546 0.0429167
1548808109246517504 1393 0.0283283 -0.999576 -0.00676344 10.3039 -0.00943024 0.00649861 -0.999934 0.272409 0.999554 0.0283902 -0.00924215 0.0426103
1548808109579895296 1403 0.0288109 -0.999581 -0.00265333 10.4077 -0.00993977 0.00236781 -0.999948 0.273107 0.999535 0.0288358 -0.0098674 0.0425285
1548808109879934464 1412 0.0289688 -0.999577 -0.00256616 10.5001 -0.010089 0.00227472 -0.999947 0.275669 0.999529 0.0289931 -0.0100188 0.0416147
1548808110380000512 1427 0.024778 -0.999678 0.00542528 10.6592 -0.00929461 -0.00565708 -0.999941 0.280039 0.99965 0.0247261 -0.00943179 0.0384241
1548808110413338368 1428 0.0259201 -0.999658 0.00340339 10.6724 -0.00946549 -0.00364981 -0.999949 0.278807 0.999619 0.0258866 -0.00955686 0.0376189
1548808110480013312 1430 0.0257112 -0.999654 0.00550691 10.6938 -0.0093304 -0.00574846 -0.99994 0.278491 0.999626 0.0256583 -0.00947498 0.0372862
1548808110646702336 1435 0.0255986 -0.999664 0.00397383 10.7488 -0.00895699 -0.00420434 -0.999951 0.280457 0.999632 0.0255618 -0.00906161 0.035178
1548808111046754304 1447 0.0255776 -0.999667 0.00343258 10.878 -0.00813976 -0.00364185 -0.99996 0.284068 0.99964 0.0255487 -0.0082302 0.0315583
1548808111146768384 1450 0.0256978 -0.999669 0.00150441 10.9134 -0.00803734 -0.00171146 -0.999966 0.284232 0.999637 0.0256848 -0.00807865 0.0304472
1548808111446807296 1459 0.0259888 -0.999662 -0.00014478 11.0103 -0.00408626 3.85946e-05 -0.999992 0.287454 0.999654 0.0259891 -0.00408387 0.0261326
1548808111713509376 1467 0.0265346 -0.999635 0.00512356 11.0948 -0.00522572 -0.00526401 -0.999972 0.290937 0.999634 0.0265071 -0.00536349 0.0247088
1548808111880198400 1472 0.0235652 -0.99968 0.00917234 11.1506 -0.00841167 -0.00937283 -0.999921 0.291586 0.999687 0.0234861 -0.00862985 0.0243169
1548808112313588480 1485 0.0253862 -0.999663 0.00535469 11.2941 -0.0057699 -0.00550285 -0.999968 0.293601 0.999661 0.0253545 -0.00590765 0.0185446
1548808112780316416 1499 0.0240117 -0.999708 0.00286155 11.4459 -0.00503486 -0.00298327 -0.999983 0.300582 0.999699 0.0239969 -0.00510502 0.0166426
1548808113080356352 1508 0.0247485 -0.999692 -0.00158474 11.5439 -0.00535046 0.00145275 -0.999985 0.301858 0.999679 0.0247566 -0.00531286 0.0150081
1548808113647097344 1525 0.0231991 -0.999726 -0.00326315 11.7278 -0.00739584 0.00309232 -0.999968 0.307029 0.999704 0.0232225 -0.00732207 0.0139231
1548808113680435456 1526 0.0222823 -0.999744 -0.00383285 11.7397 -0.0077758 0.00366039 -0.999963 0.309315 0.999721 0.0223113 -0.00769225 0.0136864
1548808114080487424 1538 0.0223681 -0.999746 -0.00257643 11.8716 -0.00339657 0.00250106 -0.999991 0.31195 0.999744 0.0223767 -0.00333977 0.010543
1548808114380527360 1547 0.0249591 -0.999686 -0.00209479 11.9676 -0.00576898 0.00195138 -0.999981 0.315119 0.999672 0.0249707 -0.00571847 0.00865851
1548808114747242496 1558 0.0267551 -0.999631 -0.00463469 12.0966 -0.00920675 0.00438974 -0.999948 0.316096 0.9996 0.0267964 -0.00908591 0.00857438
1548808114780580352 1559 0.0255242 -0.999664 -0.00461512 12.1059 -0.0089661 0.00438751 -0.99995 0.314043 0.999634 0.0255643 -0.0088511 0.0103046
1548808115113957376 1569 0.0284917 -0.999575 -0.0060879 12.2148 -0.00969213 0.00581384 -0.999936 0.318615 0.999547 0.0285489 -0.00952237 0.0106192
1548808115247308288 1573 0.0323309 -0.999437 -0.00895221 12.2616 -0.0116842 0.00857834 -0.999895 0.321293 0.999409 0.0324321 -0.0114003 0.0106775
1548808115413996288 1578 0.0427921 -0.999067 -0.00584768 12.3164 -0.0118813 0.00534374 -0.999915 0.321484 0.999013 0.0428579 -0.0116416 0.010683
1548808115547347456 1582 0.0541154 -0.998515 -0.00621877 12.3622 -0.0104219 0.00566275 -0.99993 0.320923 0.99848 0.0541764 -0.0101 0.00796818
1548808115680698368 1586 0.0700323 -0.997531 -0.00519732 12.4074 -0.0102825 0.00448796 -0.999937 0.320312 0.997492 0.0700814 -0.00994282 0.00679785
1548808115814049280 1590 0.0837454 -0.996476 -0.00479742 12.4477 -0.00813973 0.00413011 -0.999958 0.322176 0.996454 0.0837809 -0.00776516 0.00712905
1548808116114089472 1599 0.110923 -0.993829 -4.97556e-05 12.5399 -0.0115187 -0.00123556 -0.999933 0.326554 0.993762 0.110916 -0.0115847 0.00352274
1548808116147426304 1600 0.111981 -0.99371 -0.0010325 12.5505 -0.0105081 -0.000145169 -0.999945 0.325348 0.993655 0.111985 -0.0104582 0.00241376
1548808116414128384 1608 0.120731 -0.992685 6.4636e-05 12.6341 -0.00805672 -0.00104497 -0.999967 0.327879 0.992653 0.120727 -0.00812395 -0.00693112
1548808116447466496 1609 0.121594 -0.99258 0.000534136 12.6458 -0.0087167 -0.00160593 -0.999961 0.327069 0.992542 0.121584 -0.00884729 -0.0080832
1548808116747505408 1618 0.121712 -0.992561 0.0031098 12.7429 -0.00746416 -0.00404828 -0.999964 0.328479 0.992537 0.121684 -0.00790135 -0.0188081
1548808116780843520 1619 0.123566 -0.992336 -0.000297617 12.7529 -0.00624161 -0.000477295 -0.99998 0.329378 0.992317 0.123565 -0.00625275 -0.0205283
1548808116914194432 1623 0.123484 -0.992342 0.00292881 12.7977 -0.00553047 -0.00363954 -0.999978 0.329575 0.992331 0.123465 -0.00593754 -0.0262143
1548808116947532288 1624 0.12218 -0.992508 0.000453036 12.8038 -0.00588633 -0.00118107 -0.999982 0.329748 0.99249 0.122176 -0.00598653 -0.0271307
1548808116980869376 1625 0.124706 -0.992193 0.000954514 12.8155 -0.0064594 -0.00177386 -0.999978 0.329536 0.992173 0.124697 -0.00663018 -0.0267738
1548808117080883456 1628 0.123594 -0.99233 0.00220578 12.8494 -0.00772458 -0.00318484 -0.999965 0.331774 0.992303 0.123572 -0.00805897 -0.0288743
1548808117214234368 1632 0.122837 -0.992421 0.00328813 12.8936 -0.00776349 -0.00427403 -0.999961 0.33285 0.992397 0.122806 -0.00822966 -0.0337543
1548808117314247424 1635 0.12189 -0.992541 0.00228449 12.9226 -0.00877296 -0.00337893 -0.999956 0.333537 0.992505 0.121864 -0.00911938 -0.0370984
1548808117447598336 1639 0.124784 -0.992184 -0.000139967 12.9652 -0.00929967 -0.00102853 -0.999956 0.334516 0.99214 0.12478 -0.00935533 -0.0412333
1548808117747637504 1648 0.12438 -0.992229 -0.00339379 13.0567 -0.00641187 0.00261654 -0.999976 0.336252 0.992214 0.124399 -0.0060366 -0.0551103
1548808117814313472 1650 0.124471 -0.992214 -0.00427703 13.0792 -0.00645956 0.00350014 -0.999973 0.336876 0.992202 0.124495 -0.0059736 -0.0566546
1548808118081014272 1658 0.124376 -0.992228 -0.00385633 13.162 -0.00846363 0.00282546 -0.99996 0.337922 0.992199 0.124404 -0.00804642 -0.063789
1548808118381054464 1667 0.123989 -0.992283 -0.00136171 13.2583 -0.00840213 0.000322377 -0.999965 0.340031 0.992248 0.123996 -0.00829732 -0.0745683
1548808118814444288 1680 0.125632 -0.992063 -0.00528238 13.3954 -0.00825525 0.00427899 -0.999957 0.343528 0.992043 0.12567 -0.00765215 -0.0906484
1548808118947795456 1684 0.124812 -0.992177 -0.00273987 13.4371 -0.00765488 0.00179844 -0.999969 0.344545 0.992151 0.124829 -0.00737053 -0.096296
1548808119047808512 1687 0.124021 -0.992273 -0.00353103 13.4695 -0.00761261 0.00260693 -0.999968 0.345159 0.99225 0.124044 -0.00723048 -0.101672
1548808119281172480 1694 0.124723 -0.992189 -0.00219509 13.5428 -0.0070484 0.0013263 -0.999974 0.346283 0.992167 0.124736 -0.00682792 -0.110985
1548808119514537472 1701 0.126181 -0.992005 0.00219059 13.6159 -0.00733956 -0.00314176 -0.999968 0.347258 0.99198 0.126161 -0.00767731 -0.121397
1548808119547874304 1702 0.126562 -0.991955 -0.00257824 13.6279 -0.00612213 0.00181798 -0.99998 0.347286 0.99194 0.126575 -0.00584279 -0.123706
1548808119581212416 1703 0.128574 -0.991699 -0.00120673 13.6355 -0.00710154 0.000296077 -0.999975 0.349316 0.991674 0.12858 -0.00700453 -0.122968
1548808119614550272 1704 0.127537 -0.991834 0.000258356 13.6459 -0.00859168 -0.00136526 -0.999962 0.348604 0.991797 0.12753 -0.00869564 -0.124654
1548808119681225472 1706 0.127259 -0.991868 0.00140967 13.6672 -0.00996692 -0.00269993 -0.999947 0.350647 0.991819 0.127238 -0.0102295 -0.126451
1548808119881252352 1712 0.127731 -0.991808 0.00161187 13.736 -0.00981866 -0.00288961 -0.999948 0.353203 0.99176 0.127708 -0.0101073 -0.134868
1548808119914589440 1713 0.127533 -0.991834 -0.0010217 13.7475 -0.008663 -8.38372e-05 -0.999962 0.3528 0.991797 0.127537 -0.00860294 -0.137835
1548808119981265408 1715 0.127864 -0.991791 0.000756537 13.7702 -0.00749758 -0.00172938 -0.99997 0.353852 0.991763 0.127855 -0.00765717 -0.140346
1548808120047940352 1717 0.129097 -0.99163 -0.00179214 13.7925 -0.00926826 0.000600591 -0.999957 0.353862 0.991589 0.129108 -0.00911315 -0.142157
1548808120114616320 1719 0.128568 -0.991699 -0.00210554 13.8159 -0.00717208 0.00119329 -0.999974 0.354619 0.991675 0.128579 -0.00695912 -0.145906
1548808120147953408 1720 0.127916 -0.991784 -0.000984504 13.8262 -0.00651344 0.000152562 -0.999979 0.355514 0.991764 0.12792 -0.00644042 -0.147399
1548808120314642432 1725 0.128791 -0.991671 -0.00107124 13.8799 -0.00722577 0.00014178 -0.999974 0.357613 0.991645 0.128796 -0.00714732 -0.15331
1548808120548006400 1732 0.127711 -0.991811 0.00128245 13.9583 -0.00979078 -0.00255369 -0.999949 0.360497 0.991763 0.127692 -0.0100367 -0.160457
1548808120681357312 1736 0.129509 -0.991578 0.00110521 13.9995 -0.0115065 -0.00261737 -0.99993 0.362535 0.991512 0.129487 -0.0117486 -0.165538
1548808120748032512 1738 0.128453 -0.991713 0.00229664 14.0205 -0.00993701 -0.00360281 -0.999944 0.362222 0.991666 0.128423 -0.0103175 -0.168747
1548808120848046336 1741 0.12835 -0.991728 0.00101332 14.0497 -0.00988241 -0.00230071 -0.999949 0.362332 0.99168 0.128334 -0.010096 -0.17285
1548808120914721280 1743 0.12631 -0.991987 0.00279944 14.0693 -0.00865721 -0.00392426 -0.999955 0.36266 0.991953 0.12628 -0.00908351 -0.172348
1548808120948059392 1744 0.127661 -0.991818 -0.000517109 14.0785 -0.00830392 -0.000547478 -0.999965 0.361394 0.991783 0.127661 -0.00830587 -0.174152
1548808120981396480 1745 0.127226 -0.991864 0.00440482 14.0877 -0.00832637 -0.00550875 -0.99995 0.362852 0.991839 0.127183 -0.00895949 -0.175582
1548808121014734336 1746 0.127763 -0.991797 0.00386759 14.0987 -0.00833521 -0.00497314 -0.999953 0.363362 0.99177 0.127725 -0.00890222 -0.178154
1548808121081410304 1748 0.12756 -0.991822 0.0042683 14.1195 -0.00865246 -0.00541608 -0.999948 0.362651 0.991793 0.127516 -0.00927257 -0.180355
1548808121248098304 1753 0.128864 -0.991658 0.00272946 14.1739 -0.00893732 -0.00391368 -0.999952 0.366461 0.991622 0.128834 -0.0093671 -0.188694
1548808121281436416 1754 0.12767 -0.991806 0.00459975 14.1843 -0.00776135 -0.00563661 -0.999954 0.366005 0.991786 0.127628 -0.00841738 -0.188817
1548808121348111360 1756 0.12777 -0.99179 0.00517903 14.2053 -0.00829899 -0.00629076 -0.999946 0.368336 0.991769 0.12772 -0.00903463 -0.192027
1548808121381449472 1757 0.126041 -0.992014 0.00461942 14.2149 -0.00783219 -0.00565152 -0.999953 0.368548 0.991994 0.125999 -0.00848197 -0.192566
1548808121414787328 1758 0.128135 -0.991756 0.00097248 14.2256 -0.00796934 -0.00201017 -0.999966 0.369084 0.991725 0.128122 -0.00816122 -0.194161
1548808121514800384 1761 0.125731 -0.992063 0.00152255 14.2565 -0.00723413 -0.00245151 -0.999971 0.371496 0.992038 0.125716 -0.00748495 -0.197333
1548808121614813440 1764 0.127578 -0.991826 0.0020599 14.2881 -0.00598199 -0.00284629 -0.999978 0.369744 0.99181 0.127563 -0.00629622 -0.204981
1548808121648151296 1765 0.124857 -0.992158 0.00573177 14.2991 -0.00665031 -0.00661372 -0.999956 0.372071 0.992153 0.124813 -0.00742393 -0.204723
1548808121681489408 1766 0.123319 -0.992365 0.0018123 14.3092 -0.00694598 -0.00268936 -0.999972 0.371784 0.992343 0.123303 -0.0072246 -0.20435
1548808121714826496 1767 0.121543 -0.992577 0.00420384 14.3196 -0.00816174 -0.0052345 -0.999953 0.372894 0.992553 0.121503 -0.00873737 -0.2048
1548808121781502464 1769 0.120806 -0.992671 0.00315873 14.3407 -0.00694868 -0.00402759 -0.999968 0.374696 0.992652 0.12078 -0.00738431 -0.206845
1548808121814840320 1770 0.120833 -0.992658 0.00535824 14.3515 -0.0067759 -0.00622245 -0.999958 0.374069 0.99265 0.120792 -0.00747803 -0.211473
1548808121848177408 1771 0.11784 -0.993022 0.00456516 14.3619 -0.0073624 -0.00547072 -0.999958 0.374113 0.993005 0.117801 -0.00795569 -0.211582
1548808121914853376 1773 0.113811 -0.99348 0.00662178 14.3842 -0.00908308 -0.0077053 -0.999929 0.374756 0.993461 0.113743 -0.00990081 -0.213535
1548808121981528320 1775 0.111466 -0.993759 0.00420171 14.4061 -0.00668913 -0.00497824 -0.999965 0.375834 0.993746 0.111434 -0.00720229 -0.21553
1548808122014866432 1776 0.109549 -0.993956 0.00713223 14.4179 -0.00793142 -0.00804931 -0.999936 0.376693 0.99395 0.109486 -0.00876528 -0.219833
1548808122048204288 1777 0.105115 -0.994444 0.00568647 14.4285 -0.0061094 -0.0063638 -0.999961 0.377754 0.994441 0.105077 -0.00674439 -0.219209
1548808122181555456 1781 0.0963534 -0.995319 0.00755537 14.472 -0.0112104 -0.00867539 -0.9999 0.382556 0.995284 0.096259 -0.0119938 -0.220503
1548808122314905344 1785 0.086291 -0.996245 0.00701182 14.513 -0.0124087 -0.00811226 -0.99989 0.384742 0.996193 0.0861945 -0.0130621 -0.221868
1548808122481594368 1790 0.0791455 -0.996846 0.00583326 14.5664 -0.0113082 -0.00674903 -0.999913 0.381964 0.996799 0.0790727 -0.0118067 -0.2321
1548808122514932480 1791 0.0752221 -0.997143 0.00689969 14.5764 -0.0134552 -0.00793365 -0.999878 0.382843 0.997076 0.07512 -0.0140135 -0.232172
1548808122614945280 1794 0.0693424 -0.997552 0.009077 14.6062 -0.0114032 -0.00989091 -0.999886 0.385024 0.997528 0.069231 -0.0120611 -0.234832
1548808122714958336 1797 0.06166 -0.998076 0.00654993 14.6386 -0.0142416 -0.00744154 -0.999871 0.385495 0.997996 0.0615588 -0.0146731 -0.235343
1548808122948322304 1804 0.0559487 -0.998412 0.00653344 14.7141 -0.0137124 -0.00731145 -0.999879 0.387325 0.998339 0.0558524 -0.0140997 -0.241188
1548808122981660416 1805 0.0597269 -0.998192 0.00676893 14.7252 -0.012601 -0.00753444 -0.999892 0.386705 0.998135 0.0596352 -0.0130282 -0.241441
1548808123315037440 1815 0.0559542 -0.998412 0.00650739 14.8331 -0.01262 -0.00722431 -0.999894 0.390139 0.998354 0.0558662 -0.0130042 -0.244893
1548808123348375296 1816 0.0549806 -0.998462 0.00719172 14.8429 -0.0119385 -0.00785946 -0.999898 0.389351 0.998416 0.0548891 -0.0123523 -0.245247
1548808123648414464 1825 0.0551752 -0.998468 0.00415162 14.9381 -0.0136081 -0.00490953 -0.999895 0.391212 0.998384 0.0551129 -0.0138582 -0.249112
1548808123681752320 1826 0.0558063 -0.998415 0.00729774 14.9489 -0.0129435 -0.00803195 -0.999884 0.392283 0.998358 0.0557053 -0.0133712 -0.250648
1548808124081805312 1838 0.0560233 -0.998421 0.00402289 15.078 -0.0133877 -0.00478006 -0.999899 0.396011 0.99834 0.0559638 -0.0136344 -0.254733
1548808124115143424 1839 0.0552073 -0.998467 0.00388134 15.088 -0.0122279 -0.00456307 -0.999915 0.397639 0.9984 0.0551551 -0.012461 -0.255578
1548808124415182336 1848 0.0546866 -0.998469 0.00832415 15.1831 -0.0115914 -0.00897089 -0.999893 0.398606 0.998436 0.0545842 -0.0120642 -0.261107
1548808124548533504 1852 0.0563164 -0.998394 0.00609882 15.2241 -0.0109577 -0.00672621 -0.999917 0.400323 0.998353 0.056245 -0.0113189 -0.263796
1548808124881910272 1862 0.0539823 -0.998514 0.00744899 15.3269 -0.0147036 -0.00825393 -0.999858 0.403232 0.998434 0.0538651 -0.0151273 -0.265207
1548808124915248384 1863 0.0529271 -0.998569 0.00764354 15.3346 -0.0147575 -0.00843558 -0.999856 0.404501 0.998489 0.0528066 -0.0151829 -0.264932
1548808125181950464 1871 0.0505456 -0.998705 0.00585425 15.4178 -0.0137942 -0.0065593 -0.999883 0.40636 0.998626 0.050459 -0.0141079 -0.267639
1548808125381976320 1877 0.0439672 -0.999021 0.0049881 15.4788 -0.0132555 -0.00557586 -0.999897 0.408532 0.998945 0.0438966 -0.0134877 -0.270123
1548808125615340288 1884 0.0331858 -0.999441 0.00411276 15.5474 -0.0141365 -0.004584 -0.99989 0.408938 0.999349 0.033124 -0.0142807 -0.269875
1548808125648678400 1885 0.0310692 -0.999514 0.00243571 15.5588 -0.0150105 -0.0029032 -0.999883 0.411147 0.999405 0.031029 -0.0150934 -0.271424
1548808125748691456 1888 0.0265711 -0.999634 0.00504593 15.5884 -0.0147783 -0.00543997 -0.999876 0.412107 0.999538 0.0264933 -0.0149175 -0.272224
1548808125948717312 1894 0.024947 -0.999665 0.00690005 15.6544 -0.0141976 -0.00725579 -0.999873 0.413747 0.999588 0.0248459 -0.0143738 -0.273494
1548808126282095360 1904 0.0228399 -0.999682 0.0107027 15.7623 -0.0161343 -0.0110727 -0.999809 0.417467 0.999609 0.0226629 -0.016382 -0.273618
1548808126615472384 1914 0.0221047 -0.999647 0.0147335 15.8693 -0.0195893 -0.0151673 -0.999693 0.421129 0.999564 0.0218093 -0.0199177 -0.26999
1548808126648810496 1915 0.0209391 -0.999657 0.0157318 15.8799 -0.0193169 -0.0161368 -0.999683 0.421352 0.999594 0.0206285 -0.0196482 -0.270785
1548808126848836352 1921 0.0190815 -0.999688 0.016117 15.9415 -0.0171159 -0.0164442 -0.999718 0.422455 0.999671 0.0188002 -0.0174243 -0.27064
1548808126915512320 1923 0.0200448 -0.999666 0.0163359 15.9628 -0.0190422 -0.0167179 -0.999679 0.423505 0.999618 0.0197273 -0.019371 -0.273139
