1548808065374071296 77 0.0532988 -0.998578 -0.000516645 0.128842 0.000913732 0.00056615 -0.999999 0.00386104 0.998578 0.0532982 0.000942608 0.00581208
1548808065440747520 79 0.0615927 -0.998101 -0.00105889 0.137722 0.00199697 0.00118413 -0.999997 0.00399553 0.998099 0.0615905 0.00206611 0.00552539
1548808066507554304 111 0.0513903 -0.998672 -0.00376839 0.2315 0.00161405 0.00385643 -0.999991 0.0042463 0.998677 0.0513837 0.00181009 -0.00330203
1548808066674242304 116 0.0273506 -0.999626 -0.000731397 0.245942 -0.000305391 0.000723315 -1 0.00475555 0.999626 0.0273508 -0.000285493 -0.00612741
1548808067074295296 128 -0.0251318 -0.999684 -0.000339201 0.286392 -0.00239154 0.00039943 -0.999997 0.00581069 0.999681 -0.0251309 -0.00240083 -0.0116477
1548808067907738368 153 0.0329833 -0.999455 -0.000964659 0.29205 -2.84933e-05 0.000964244 -1 0.00603593 0.999456 0.0329833 3.32616e-06 -0.00588828
1548808068107765504 159 0.0924004 -0.995721 -0.0015901 0.291787 0.000483268 0.00164178 -0.999999 0.00524619 0.995722 0.0923995 0.000632901 0.00167514
1548808068474480384 170 0.142913 -0.989729 -0.0035567 0.291989 0.00269705 0.00398301 -0.999988 0.00551213 0.989732 0.142902 0.00323857 0.0091503
1548808069341260288 196 0.0901272 -0.995922 -0.0040066 0.31211 -0.000195624 0.00400527 -0.999992 0.00572797 0.99593 0.0901272 0.000166157 0.00194961
1548808069574625280 203 0.0343185 -0.999411 -0.000696842 0.330968 -0.00203898 0.000627235 -0.999998 0.00682226 0.999409 0.0343199 -0.00201625 -0.00297645
1548808070841458432 241 0.0727844 -0.997337 -0.00457387 0.435497 -0.00281057 0.00438091 -0.999986 0.00819389 0.997344 0.0727963 -0.00248423 0.00141386
1548808071141498368 250 0.122955 -0.992396 -0.00571046 0.491576 -0.00170159 0.0055433 -0.999983 0.0102728 0.992411 0.122963 -0.00100708 0.00562829
1548808071441537280 259 0.121567 -0.992566 -0.00582547 0.583722 -0.00310678 0.00548848 -0.99998 0.0119463 0.992578 0.121582 -0.00241647 -0.00257376
1548808071774914304 269 0.0937597 -0.995575 -0.00623617 0.686659 -0.00326397 0.00595636 -0.999977 0.013976 0.99559 0.0937779 -0.00269106 -0.0144895
1548808072008278272 276 0.0426716 -0.999089 -0.00113574 0.732009 -0.00471741 0.000935279 -0.999988 0.0147551 0.999078 0.0426765 -0.0046732 -0.0265128
1548808072341656320 286 -0.00877418 -0.99996 0.00174004 0.791336 -0.00617449 -0.00168589 -0.99998 0.0158164 0.999942 -0.00878475 -0.00615945 -0.034175
1548808072875059456 302 -0.0103866 -0.999946 0.000950186 0.896293 -0.00899723 -0.000856744 -0.999959 0.0187273 0.999906 -0.0103947 -0.00898784 -0.0275703
1548808073475138304 320 -0.0111923 -0.999937 -0.00100856 1.04911 -0.00520154 0.00106683 -0.999986 0.0213229 0.999924 -0.0111869 -0.00521315 -0.0282673
1548808073908529408 333 -0.0113706 -0.999931 0.00284389 1.15942 -0.00767902 -0.00275667 -0.999967 0.0242355 0.999906 -0.0113921 -0.00764715 -0.0241191
1548808074308581376 345 -0.0143919 -0.999896 0.00131311 1.26469 -0.00914913 -0.0011815 -0.999957 0.0269641 0.999855 -0.0144033 -0.00913117 -0.0175767
1548808074841985280 361 -0.0138385 -0.999898 0.00349441 1.40425 -0.0122702 -0.00332466 -0.999919 0.0306687 0.999829 -0.0138803 -0.0122229 -0.0103277
1548808075042011392 367 -0.016641 -0.999848 0.00518188 1.45802 -0.0114016 -0.0049925 -0.999923 0.0313172 0.999797 -0.0166988 -0.0113168 -0.00870361
1548808075475402496 380 -0.0175774 -0.999819 0.00731647 1.57652 -0.0116258 -0.00711272 -0.999907 0.0325017 0.999778 -0.0176608 -0.0114986 -0.0059636
1548808075875455488 392 -0.018066 -0.999831 0.00328711 1.69065 -0.0122065 -0.00306685 -0.999921 0.0345089 0.999762 -0.0181047 -0.012149 -0.000725361
1548808076242170368 403 -0.0197289 -0.999801 -0.00283785 1.81096 -0.00968183 0.00302932 -0.999949 0.0390271 0.999758 -0.0197004 -0.00973967 0.00240531
1548808076642222336 415 -0.018856 -0.999809 -0.00518718 1.94763 -0.00820675 0.0053427 -0.999952 0.042047 0.999789 -0.0188125 -0.00830593 0.00883646
1548808077142288384 430 -0.0215378 -0.999709 -0.0108847 2.11464 -0.0118173 0.011141 -0.999868 0.0450169 0.999698 -0.0214063 -0.0120538 0.0211782
1548808077408990464 438 -0.0179546 -0.999792 -0.00965568 2.20162 -0.0135252 0.00989922 -0.99986 0.0443877 0.999747 -0.0178215 -0.0137001 0.0196245
1548808077709029376 447 -0.0208606 -0.999772 -0.00449663 2.2994 -0.0136753 0.00478253 -0.999895 0.0506745 0.999689 -0.0207969 -0.013772 0.0221501
1548808077809043456 450 -0.0218766 -0.999752 -0.00408898 2.33338 -0.011533 0.00434205 -0.999924 0.0502763 0.999694 -0.0218278 -0.0116251 0.0221852
1548808078209095424 462 -0.021629 -0.999759 0.00380387 2.46571 -0.0119879 -0.00354514 -0.999922 0.0515301 0.999694 -0.0216729 -0.0119083 0.0282854
1548808078275771392 464 -0.0214876 -0.999762 0.003646 2.48978 -0.0120757 -0.00338704 -0.999921 0.0508528 0.999696 -0.0215299 -0.012 0.0270022
1548808078742499328 478 -0.0221825 -0.999738 0.00555974 2.64032 -0.0121263 -0.00529164 -0.999912 0.0514914 0.99968 -0.0222479 -0.0120057 0.031664
1548808078775837440 479 -0.0212753 -0.999771 0.00221614 2.65065 -0.0119064 -0.00196311 -0.999927 0.0549986 0.999703 -0.0213001 -0.0118619 0.0315625
1548808084143210496 640 -0.0339135 -0.999415 0.0043356 2.73932 -0.00998128 -0.00399918 -0.999942 0.0565657 0.999375 -0.0339548 -0.00983982 0.031284
1548808084309899264 645 -0.0329191 -0.999448 0.00448999 2.77652 -0.00889863 -0.00419916 -0.999952 0.0555864 0.999418 -0.0329575 -0.00875548 0.0324925
1548808084743289344 658 -0.0105879 -0.999943 -0.000977066 2.91618 -0.0110079 0.00109362 -0.999939 0.0580535 0.999883 -0.0105765 -0.0110189 0.0404674
1548808084909978368 663 0.00774529 -0.99997 -0.000407168 2.97427 -0.00972529 0.000331834 -0.999953 0.0618866 0.999923 0.00774888 -0.00972243 0.0432191
1548808085276693504 674 0.0486995 -0.998811 -0.00201969 3.09544 -0.0107348 0.00149857 -0.999941 0.0625362 0.998756 0.0487183 -0.0106491 0.04236
1548808085310031360 675 0.0518195 -0.998642 -0.00546321 3.10864 -0.00970923 0.0049665 -0.999941 0.0632481 0.998609 0.0518694 -0.00943868 0.0427564
1548808085610070272 684 0.0806984 -0.996677 -0.0110599 3.21201 -0.0132325 0.0100238 -0.999862 0.0672058 0.996651 0.0808337 -0.0123796 0.0452304
1548808085643408384 685 0.081986 -0.99661 -0.00681808 3.22209 -0.0161176 0.00551436 -0.999855 0.0644187 0.996503 0.082084 -0.0156109 0.0447943
1548808085910110464 693 0.0803675 -0.996722 -0.00927313 3.27754 -0.0131486 0.00824231 -0.99988 0.0656991 0.996679 0.0804797 -0.0124431 0.0402868
1548808086410176512 708 0.0800998 -0.996745 -0.00913454 3.34547 -0.0149422 0.00796228 -0.999857 0.0673046 0.996675 0.0802248 -0.0142558 0.0357637
1548808086976917504 725 0.0761547 -0.997068 -0.00745538 3.42194 -0.0151339 0.0063204 -0.999866 0.0695359 0.996981 0.0762573 -0.0146082 0.027601
1548808087076930304 728 0.0729563 -0.997297 -0.00877361 3.4399 -0.0148949 0.00770653 -0.999859 0.0699072 0.997224 0.0730767 -0.0142924 0.0249419
1548808087510321408 741 0.0284752 -0.999534 -0.0109894 3.51203 -0.0195093 0.010436 -0.999755 0.0694356 0.999404 0.0286826 -0.019203 0.0160448
1548808087543658496 742 0.0199108 -0.999775 -0.00728226 3.51634 -0.0170947 0.00694221 -0.99983 0.0696854 0.999656 0.0200319 -0.0169527 0.0151129
1548808087610334464 744 0.0118629 -0.999892 -0.00864891 3.5296 -0.0180767 0.00843366 -0.999801 0.0696529 0.999766 0.0120168 -0.0179747 0.0143404
1548808087710347264 747 -0.00270967 -0.999943 -0.0103243 3.54926 -0.0171278 0.0103693 -0.9998 0.0701066 0.99985 -0.0025323 -0.0171549 0.01451
1548808087743685376 748 -0.00955446 -0.999906 -0.00986286 3.55535 -0.0171958 0.0100262 -0.999802 0.0705364 0.999806 -0.00938296 -0.01729 0.0143875
1548808087877036288 752 -0.0109783 -0.99992 -0.00629529 3.58995 -0.0157729 0.00646805 -0.999855 0.0702219 0.999815 -0.0108774 -0.0158427 0.0146679
1548808087910373376 753 -0.0108231 -0.999855 -0.0131617 3.60088 -0.0145442 0.0133184 -0.999806 0.0707015 0.999836 -0.0106296 -0.0146863 0.0131206
1548808088110400512 759 -0.0101499 -0.999867 -0.0127428 3.66152 -0.014998 0.0128943 -0.999804 0.0701611 0.999836 -0.0099568 -0.0151269 0.0139713
1548808088243751424 763 -0.0111872 -0.999891 -0.00965336 3.7008 -0.0161766 0.00983367 -0.999821 0.0716449 0.999807 -0.011029 -0.0162848 0.0154877
1548808088510452480 771 -0.0130166 -0.999878 -0.00868812 3.77926 -0.0160148 0.00889621 -0.999832 0.0738058 0.999787 -0.0128752 -0.0161286 0.019168
1548808088643803392 775 -0.0137026 -0.999893 -0.0050685 3.8188 -0.0172325 0.00530438 -0.999837 0.0750665 0.999758 -0.013613 -0.0173034 0.0217106
1548808088910505472 783 -0.0299047 -0.999523 -0.00768348 3.90048 -0.0193933 0.00826567 -0.999778 0.0762958 0.999365 -0.0297491 -0.0196312 0.0220407
1548808088943843328 784 -0.035971 -0.999328 -0.00708695 3.91212 -0.0194959 0.00779192 -0.99978 0.0767592 0.999163 -0.0358249 -0.0197631 0.0241266
1548808089043856384 787 -0.0546164 -0.99849 -0.00582773 3.94511 -0.0181222 0.00682671 -0.999812 0.0790365 0.998343 -0.0545005 -0.0184677 0.0237152
1548808089077194496 788 -0.0641002 -0.997919 -0.00695357 3.9579 -0.0197744 0.00823665 -0.999771 0.0781908 0.997748 -0.063948 -0.0202612 0.0244119
1548808089110531328 789 -0.0697315 -0.997549 -0.00577388 3.96673 -0.0212509 0.0072721 -0.999748 0.0780885 0.997339 -0.0695912 -0.0217059 0.0233749
1548808089210545408 792 -0.0975776 -0.995215 -0.00497896 3.99458 -0.020445 0.00700629 -0.999766 0.0784916 0.995018 -0.097453 -0.0210308 0.0232193
1548808089310558464 795 -0.11707 -0.99312 -0.0027212 4.02611 -0.0187565 0.00495057 -0.999812 0.0799184 0.992947 -0.116996 -0.0192071 0.0242601
1548808089510584320 801 -0.135209 -0.990817 0.000415767 4.08928 -0.0183939 0.00209053 -0.999829 0.0806795 0.990646 -0.135194 -0.0185077 0.0308524
1548808089643935488 805 -0.138003 -0.990424 0.00395652 4.13113 -0.0206512 -0.00111645 -0.999786 0.081986 0.990217 -0.138055 -0.0202994 0.0368225
1548808089910637312 813 -0.138617 -0.990337 0.004218 4.21699 -0.0210171 -0.00131644 -0.999778 0.0839584 0.990123 -0.138675 -0.0206315 0.0477824
1548808089943974400 814 -0.137442 -0.990506 0.00266623 4.22787 -0.0218557 0.000341536 -0.999761 0.0846426 0.990269 -0.137467 -0.0216952 0.0507156
1548808090144001280 820 -0.133927 -0.990982 0.0041918 4.29171 -0.0224884 -0.00118966 -0.999746 0.0857892 0.990736 -0.133987 -0.0221263 0.0600872
1548808090310689280 825 -0.12589 -0.992029 0.00550416 4.35138 -0.0219237 -0.00276487 -0.999756 0.086266 0.991802 -0.12598 -0.0214009 0.0700598
1548808090577391360 833 -0.0928616 -0.995678 0.00144389 4.4395 -0.0205042 0.000462469 -0.99979 0.0859192 0.995468 -0.0928717 -0.0204585 0.0816209
1548808090677404416 836 -0.0846502 -0.99641 0.00130699 4.47615 -0.01749 0.000174366 -0.999847 0.0870584 0.996257 -0.0846601 -0.017442 0.0854272
1548808090910769408 843 -0.0785184 -0.996909 0.00284636 4.55461 -0.0209783 -0.00120227 -0.999779 0.088113 0.996692 -0.0785608 -0.020819 0.0931796
1548808091010782464 846 -0.0761538 -0.997091 0.00306629 4.5892 -0.0200299 -0.00154481 -0.999798 0.0890642 0.996895 -0.0761999 -0.019854 0.0951978
1548808091277483520 854 -0.0747277 -0.997198 -0.00334499 4.68369 -0.0200355 0.00485509 -0.999787 0.0913824 0.997003 -0.0746448 -0.0203422 0.103606
1548808091444172288 859 -0.074191 -0.997218 -0.00724103 4.73775 -0.0193198 0.00869696 -0.999776 0.0916532 0.997057 -0.0740345 -0.0199113 0.104275
1548808091710874368 867 -0.0715182 -0.997371 -0.0117123 4.82621 -0.0210467 0.0132488 -0.999691 0.0928372 0.997217 -0.0712495 -0.0219389 0.111972
1548808091844225280 871 -0.0713172 -0.997368 -0.0130744 4.86597 -0.0198691 0.0145257 -0.999697 0.092718 0.997256 -0.0710358 -0.0208527 0.112798
1548808092144264448 880 -0.0723585 -0.99733 -0.00981774 4.96205 -0.020135 0.0113022 -0.999733 0.0950526 0.997175 -0.0721415 -0.0208991 0.121643
1548808092277615360 884 -0.0692865 -0.997514 -0.0128729 5.00782 -0.0221711 0.0144405 -0.99965 0.093752 0.99735 -0.0689769 -0.0231165 0.128059
1548808092677668352 896 -0.0386623 -0.999234 -0.00602981 5.13623 -0.0192343 0.00677739 -0.999792 0.0966953 0.999067 -0.0385382 -0.0194816 0.140378
1548808092877694464 902 -0.0221398 -0.999746 -0.00428161 5.19885 -0.0185393 0.00469247 -0.999817 0.09568 0.999583 -0.0220564 -0.0186385 0.148276
1548808093144396288 910 -0.0170075 -0.999854 0.00175874 5.28198 -0.012355 -0.00154871 -0.999922 0.0984695 0.999779 -0.0170279 -0.0123268 0.150226
1548808093411098368 918 -0.0133386 -0.999903 0.00395267 5.36562 -0.0113642 -0.00380117 -0.999928 0.0987352 0.999846 -0.0133826 -0.0113124 0.155454
1548808093744475392 928 -0.0146936 -0.999873 0.00621443 5.47464 -0.0120255 -0.00603794 -0.999909 0.102362 0.99982 -0.014767 -0.0119352 0.163042
1548808093977839360 935 -0.0121045 -0.99992 0.00378688 5.55284 -0.00977743 -0.00366862 -0.999945 0.105358 0.999879 -0.0121408 -0.00973223 0.165423
1548808094477905408 950 -0.0148468 -0.999884 0.00353916 5.71218 -0.0166109 -0.00329241 -0.999857 0.11051 0.999752 -0.0149034 -0.0165601 0.17117
1548808094577918464 953 -0.0138806 -0.999902 0.00164398 5.74247 -0.0147628 -0.00143902 -0.99989 0.109795 0.999795 -0.0139034 -0.0147414 0.167554
1548808094844620288 961 -0.0135868 -0.999905 0.00240904 5.82799 -0.0140549 -0.00221805 -0.999899 0.114659 0.999809 -0.0136193 -0.0140234 0.168902
1548808094977971456 965 -0.00872671 -0.999952 0.00443506 5.86943 -0.0171727 -0.00428471 -0.999843 0.114503 0.999814 -0.00880151 -0.0171344 0.172857
1548808095111322368 969 0.000732352 -0.999998 0.00159811 5.90721 -0.0159549 -0.00160959 -0.999871 0.115052 0.999872 0.00070676 -0.0159561 0.174072
1548808095144660480 970 0.0082267 -0.999963 0.00250101 5.91618 -0.016038 -0.00263272 -0.999868 0.115779 0.999838 0.0081855 -0.016059 0.174549
1548808095244673280 973 0.0167924 -0.999835 0.00697527 5.94128 -0.0141217 -0.00721272 -0.999874 0.116871 0.999759 0.0166917 -0.0142405 0.17573
1548808095311348480 975 0.0249411 -0.999678 0.00465788 5.95776 -0.0151461 -0.00503667 -0.999873 0.11637 0.999574 0.0248674 -0.0152669 0.176215
1548808095411361280 978 0.0406427 -0.999157 0.00586204 5.98635 -0.0148903 -0.00647191 -0.999868 0.11779 0.999063 0.04055 -0.0151408 0.176385
1548808095578050304 983 0.0625398 -0.998027 0.00554848 6.03469 -0.0160136 -0.00656209 -0.99985 0.119143 0.997914 0.0624416 -0.0163924 0.177067
1548808095778076416 989 0.0568827 -0.998376 0.00326564 6.09496 -0.0186756 -0.0043344 -0.999816 0.117911 0.998206 0.0568112 -0.0188919 0.173766
1548808096211467264 1002 0.0493178 -0.998777 0.00355037 6.22007 -0.0223953 -0.00465963 -0.999738 0.121863 0.998532 0.0492254 -0.0225977 0.172286
1548808096478169344 1010 0.0356444 -0.999363 -0.0016256 6.29891 -0.023468 0.000789148 -0.999724 0.122837 0.999089 0.0356727 -0.0234249 0.168544
1548808096911559424 1023 0.0185663 -0.999826 -0.00156191 6.42587 -0.0255233 0.00108772 -0.999674 0.127987 0.999502 0.0186001 -0.0254987 0.164466
1548808096944897280 1024 0.017216 -0.999842 -0.00441325 6.43858 -0.0229492 0.00401759 -0.999729 0.128751 0.999588 0.0173126 -0.0228764 0.163588
1548808097178261504 1031 0.0063518 -0.999978 -0.00170751 6.51543 -0.0250141 0.00154812 -0.999686 0.129484 0.999667 0.00639251 -0.0250038 0.162148
1548808097411625472 1038 -0.00719061 -0.999974 -0.00111012 6.58276 -0.0259332 0.00129625 -0.999663 0.130796 0.999638 -0.0071594 -0.0259418 0.165734
1548808097878353408 1052 -0.0182848 -0.999825 0.00383473 6.7199 -0.0274949 -0.0033311 -0.999616 0.136249 0.999455 -0.0183832 -0.0274292 0.170683
1548808098111717376 1059 -0.0188785 -0.999812 0.00435303 6.78762 -0.0282235 -0.00381916 -0.999594 0.137992 0.999423 -0.0189937 -0.0281461 0.174679
1548808098678458368 1076 -0.0182369 -0.999812 0.00659019 6.95577 -0.0235447 -0.00616001 -0.999704 0.144446 0.999556 -0.0183867 -0.023428 0.180558
1548808098711796480 1077 -0.0173616 -0.999819 0.0077914 6.96805 -0.0242328 -0.00736951 -0.999679 0.142021 0.999556 -0.0175448 -0.0241005 0.179487
1548808099178524416 1091 0.0101071 -0.999935 0.00521634 7.11003 -0.0249533 -0.0054672 -0.999674 0.144534 0.999638 0.00997367 -0.0250069 0.182527
1548808099245200384 1093 0.0170944 -0.999829 0.00710841 7.13729 -0.0245276 -0.00752665 -0.999671 0.145456 0.999553 0.0169144 -0.0246521 0.185475
1548808099611915264 1104 0.0639442 -0.997944 0.00434734 7.25719 -0.0257014 -0.00600162 -0.999652 0.149575 0.997622 0.0638102 -0.0260323 0.185315
1548808099645252352 1105 0.0678428 -0.997666 0.00777893 7.26934 -0.0253678 -0.00951931 -0.999633 0.150127 0.997373 0.0676206 -0.0259544 0.185688
1548808099678590464 1106 0.0722114 -0.997373 0.00571369 7.28038 -0.0256139 -0.00758118 -0.999643 0.150409 0.99706 0.0720392 -0.0260941 0.18792
1548808099911954432 1113 0.0711441 -0.997456 0.00445384 7.35134 -0.0247353 -0.006228 -0.999675 0.151313 0.997159 0.0710107 -0.0251154 0.181827
1548808100211994368 1122 0.0738584 -0.997267 0.00195968 7.44346 -0.0240501 -0.00374564 -0.999704 0.152888 0.996979 0.0737894 -0.024261 0.173411
1548808100412020480 1128 0.0749536 -0.997187 -0.000123987 7.50121 -0.0217716 -0.00151216 -0.999762 0.155996 0.996949 0.0749385 -0.0218237 0.167831
1548808100845411328 1141 0.0735841 -0.997287 -0.00180575 7.63207 -0.0213739 0.000233191 -0.999772 0.160574 0.99706 0.0736058 -0.0212988 0.160433
1548808100878748416 1142 0.0713756 -0.997448 -0.00144126 7.63996 -0.0206965 -3.63724e-05 -0.999786 0.162138 0.997235 0.0713902 -0.0206463 0.163547
1548808100978761472 1145 0.0730854 -0.997325 0.00082042 7.67095 -0.0186498 -0.00218916 -0.999824 0.162309 0.997151 0.0730572 -0.0187599 0.160467
1548808101145450496 1150 0.0723942 -0.997376 -0.000541353 7.71525 -0.0169671 -0.000688851 -0.999856 0.162758 0.997232 0.072393 -0.0169724 0.155638
1548808101378814464 1157 0.0719072 -0.99739 0.00656323 7.78486 -0.0176349 -0.00785058 -0.999814 0.165424 0.997255 0.0717781 -0.0181533 0.150533
1548808101412152320 1158 0.0732324 -0.997308 0.0037456 7.79805 -0.0182213 -0.00509303 -0.999821 0.164601 0.997148 0.0731511 -0.0185452 0.150466
1548808101578841344 1163 0.0696369 -0.997551 0.00649111 7.85352 -0.0213085 -0.00799286 -0.999741 0.165883 0.997345 0.0694806 -0.0218129 0.149713
1548808101678854400 1166 0.0703423 -0.997506 0.00573048 7.88914 -0.0191768 -0.00709592 -0.999791 0.165613 0.997339 0.0702177 -0.0196282 0.147239
1548808101712191488 1167 0.0708129 -0.997481 0.00413244 7.90878 -0.0202764 -0.00558142 -0.999779 0.166503 0.997284 0.0707134 -0.0206206 0.145641
1548808101745529344 1168 0.0708613 -0.997457 0.00761563 7.9236 -0.0207527 -0.0091074 -0.999743 0.165962 0.99727 0.0706851 -0.0213453 0.14568
1548808101778867456 1169 0.0700425 -0.997539 0.00311486 7.93484 -0.0231234 -0.00474529 -0.999721 0.165958 0.997276 0.069951 -0.0233989 0.145171
1548808101812205312 1170 0.0703029 -0.997518 0.00383306 7.94499 -0.0220903 -0.00539848 -0.999741 0.165686 0.997281 0.0702 -0.022415 0.145589
1548808101978893312 1175 0.0701711 -0.997528 0.00360918 7.99897 -0.0229976 -0.00523488 -0.999722 0.166921 0.99727 0.0700686 -0.0233081 0.142838
1548808102345608448 1186 0.0707474 -0.997493 -0.00127269 8.12045 -0.0206648 -0.000190038 -0.999786 0.171161 0.99728 0.0707586 -0.0206264 0.136235
1548808102678985472 1196 0.0707632 -0.997491 -0.00206061 8.22953 -0.0190578 0.000713426 -0.999818 0.173076 0.997311 0.0707896 -0.0189595 0.12748
1548808102812336384 1200 0.0728013 -0.997342 -0.00292299 8.27262 -0.0165651 0.0017212 -0.999861 0.174754 0.997209 0.0728397 -0.0163958 0.123582
1548808103145714432 1210 0.0715045 -0.99744 -0.000641708 8.37858 -0.0185046 -0.000683312 -0.999829 0.179251 0.997269 0.0715041 -0.0185061 0.119204
1548808103279064320 1214 0.0709017 -0.997477 -0.00351217 8.4244 -0.018429 0.0022105 -0.999828 0.176992 0.997313 0.0709542 -0.0182257 0.115181
1548808103512429312 1221 0.0711211 -0.997465 -0.00241133 8.50143 -0.0160006 0.00127627 -0.999871 0.179175 0.997339 0.0711505 -0.0158693 0.109157
1548808103845806336 1231 0.0693985 -0.997586 -0.00228468 8.60435 -0.0122262 0.00143951 -0.999924 0.181812 0.997514 0.0694211 -0.0120968 0.102819
1548808104079170304 1238 0.0704092 -0.997517 -0.00124382 8.6792 -0.0131191 0.000320806 -0.999914 0.185827 0.997432 0.0704195 -0.0130639 0.100083
1548808104379209472 1247 0.0706348 -0.997494 -0.00408583 8.77515 -0.0159299 0.00296752 -0.999869 0.18779 0.997375 0.0706907 -0.0156804 0.0972535
1548808104545898496 1252 0.0691479 -0.997605 -0.00154084 8.82405 -0.0148911 0.000512207 -0.999889 0.189615 0.997495 0.0691632 -0.01482 0.0979471
1548808104779262464 1259 0.067285 -0.997732 0.00203026 8.89475 -0.0157879 -0.00309932 -0.999871 0.190617 0.997609 0.0672442 -0.0159606 0.0948197
1548808104879275520 1262 0.0663296 -0.997795 0.00231039 8.92668 -0.0135776 -0.00321786 -0.999903 0.191152 0.997705 0.0662918 -0.0137611 0.09238
1548808104979288320 1265 0.0660666 -0.99781 0.00335883 8.95861 -0.0161786 -0.00443694 -0.999859 0.191789 0.997684 0.066003 -0.0164363 0.0923327
1548808105045964288 1267 0.0660369 -0.997815 0.00225548 8.97906 -0.0152533 -0.00326963 -0.999878 0.191313 0.997701 0.0659945 -0.0154359 0.0899093
1548808105145977344 1270 0.0615524 -0.998095 0.00422026 9.01238 -0.0162295 -0.00522857 -0.999855 0.192799 0.997972 0.0614749 -0.0165204 0.0898948
1548808105179315456 1271 0.0596646 -0.998211 0.00389292 9.02538 -0.014718 -0.00477915 -0.99988 0.19335 0.99811 0.0596001 -0.0149769 0.0883277
1548808105312666368 1275 0.0546796 -0.998499 0.00303811 9.07088 -0.0171117 -0.00397928 -0.999846 0.193444 0.998357 0.0546192 -0.0173036 0.0872634
1548808105546030336 1282 0.0420238 -0.999115 0.00191357 9.14724 -0.0167023 -0.00261751 -0.999857 0.199879 0.998977 0.0419858 -0.0167975 0.0812257
1548808105579368448 1283 0.0401279 -0.999194 0.000918469 9.15915 -0.016114 -0.00156623 -0.999869 0.195446 0.999065 0.0401078 -0.0161638 0.0827335
1548808105712718336 1287 0.0348449 -0.99939 0.00222496 9.20179 -0.0171077 -0.00282247 -0.99985 0.197605 0.999246 0.0348016 -0.0171956 0.0830005
1548808105912745472 1293 0.0330981 -0.999451 -0.00119916 9.26343 -0.0196832 0.000547751 -0.999806 0.200207 0.999258 0.0331153 -0.0196542 0.0820655
1548808105979420416 1295 0.0333606 -0.999443 -0.000180635 9.28483 -0.0208449 -0.000515091 -0.999783 0.200785 0.999226 0.0333572 -0.0208505 0.0815631
1548808106079433472 1298 0.0326757 -0.999466 8.45446e-05 9.31867 -0.0190068 -0.000705967 -0.999819 0.200965 0.999285 0.0326682 -0.0190197 0.079257
1548808106179447296 1301 0.0344697 -0.999403 -0.00236714 9.34962 -0.0179472 0.00174917 -0.999837 0.200219 0.999245 0.0345065 -0.0178762 0.0772694
1548808106212784384 1302 0.0344674 -0.999398 -0.00395506 9.35929 -0.0166178 0.00338376 -0.999856 0.199159 0.999268 0.0345282 -0.0164911 0.0785932
1548808106279460352 1304 0.0338598 -0.999423 -0.00280001 9.37955 -0.017071 0.00222285 -0.999852 0.201042 0.999281 0.0339026 -0.0169859 0.0746612
1548808106312797440 1305 0.0329548 -0.999452 -0.0029985 9.38912 -0.0166 0.00245237 -0.999859 0.200752 0.999319 0.0329999 -0.0165101 0.0759711
1548808106346135296 1306 0.0323475 -0.999476 -0.00141798 9.39887 -0.0165523 0.000882819 -0.999863 0.200404 0.99934 0.0323666 -0.0165151 0.0762094
1548808106479486464 1310 0.0326767 -0.999461 -0.00303867 9.43951 -0.01724 0.0024762 -0.999848 0.200581 0.999317 0.0327242 -0.0171498 0.0758755
1548808106512824320 1311 0.0327744 -0.999461 -0.00182837 9.4487 -0.017236 0.00126388 -0.999851 0.201209 0.999314 0.032801 -0.0171853 0.0748408
1548808106712850432 1317 0.0316817 -0.999497 -0.0015157 9.5119 -0.0185446 0.000928378 -0.999828 0.202446 0.999326 0.0317043 -0.0185058 0.0755245
1548808106912877312 1323 0.0313737 -0.999498 -0.00440429 9.57544 -0.0185573 0.0038232 -0.99982 0.204582 0.999335 0.0314498 -0.0184281 0.0761351
1548808106979552512 1325 0.0312083 -0.999508 -0.00311618 9.59705 -0.0180358 0.00255405 -0.999834 0.204783 0.99935 0.0312593 -0.0179473 0.0748746
1548808107079565312 1328 0.0310878 -0.999508 -0.00415378 9.62923 -0.0180671 0.00359318 -0.99983 0.207055 0.999353 0.0311576 -0.0179465 0.0763872
1548808107146241280 1330 0.0324889 -0.999468 -0.00283562 9.64937 -0.0175871 0.00226499 -0.999843 0.20624 0.999317 0.0325337 -0.0175041 0.0753742
1548808107246254336 1333 0.0306722 -0.999521 -0.0040021 9.68042 -0.019962 0.00339063 -0.999795 0.207298 0.99933 0.0307458 -0.0198484 0.075928
1548808107279591424 1334 0.0332559 -0.999424 -0.00675953 9.69145 -0.0195973 0.0061099 -0.999789 0.206759 0.999255 0.0333814 -0.0193828 0.0748593
1548808107346267392 1336 0.0329256 -0.999449 -0.00428731 9.71115 -0.018727 0.00367195 -0.999818 0.208275 0.999282 0.0329999 -0.0185958 0.0729665
1548808107479618304 1340 0.0345706 -0.99938 -0.00663475 9.75058 -0.0193265 0.00596896 -0.999795 0.209989 0.999215 0.0346918 -0.0191082 0.0730993
1548808107679644416 1346 0.0325746 -0.999459 -0.00445096 9.80751 -0.0176706 0.00387671 -0.999836 0.21238 0.999313 0.0326479 -0.0175348 0.0712302
1548808107712982272 1347 0.0291858 -0.999573 -0.00154915 9.81677 -0.0168512 0.00105756 -0.999857 0.211196 0.999432 0.0292077 -0.0168131 0.0699683
1548808107846333440 1351 0.0301861 -0.999531 -0.00521372 9.85934 -0.0175502 0.00468529 -0.999835 0.212032 0.99939 0.0302726 -0.0174005 0.0714897
1548808107913008384 1353 0.029007 -0.999575 -0.00284053 9.87989 -0.016473 0.00236331 -0.999862 0.211016 0.999443 0.0290498 -0.0163974 0.0707959
1548808108113035264 1359 0.028941 -0.999556 -0.00714436 9.94239 -0.0168326 0.006659 -0.999836 0.211721 0.999439 0.0290565 -0.0166324 0.0694485
1548808108279723520 1364 0.0288732 -0.99957 -0.00502961 9.99327 -0.0175674 0.0045235 -0.999835 0.211775 0.999429 0.0289568 -0.0174292 0.0680235
1548808108579763456 1373 0.0276076 -0.999566 -0.0102944 10.0851 -0.0179025 0.00980226 -0.999792 0.212246 0.999459 0.0277862 -0.0176241 0.0677816
1548808108913140480 1383 0.0261253 -0.999619 -0.00893238 10.1869 -0.0138169 0.0085735 -0.999868 0.214039 0.999563 0.0262452 -0.0135877 0.0639291
1548808109246517504 1393 0.0266216 -0.999594 -0.0101543 10.2936 -0.0131746 0.00980615 -0.999865 0.215968 0.999559 0.0267518 -0.0129082 0.0620627
1548808109446544384 1399 0.0266642 -0.999592 -0.0102449 10.3656 -0.0131349 0.00989735 -0.999865 0.216295 0.999558 0.0267952 -0.0128657 0.0604164
1548808109679908352 1406 0.0274102 -0.999603 -0.00653622 10.4345 -0.0133535 0.00617195 -0.999892 0.217915 0.999535 0.0274945 -0.013179 0.0597503
1548808109813259264 1410 0.0260726 -0.999654 -0.00341676 10.4751 -0.0150109 0.00302604 -0.999883 0.218009 0.999547 0.0261208 -0.0149268 0.0597385
1548808110246649344 1423 0.0260511 -0.999658 -0.00230951 10.6078 -0.015321 0.00191076 -0.999881 0.221016 0.999543 0.0260834 -0.015266 0.0578687
1548808110279987456 1424 0.0266975 -0.999643 -0.00120992 10.6226 -0.0141461 0.00083243 -0.9999 0.220831 0.999543 0.0267119 -0.0141188 0.0566293
1548808110646702336 1435 0.0240267 -0.999711 0.000480441 10.7568 -0.0118871 -0.000766237 -0.999929 0.220408 0.999641 0.0240193 -0.0119021 0.0537336
1548808110680039424 1436 0.0233295 -0.999727 0.000851229 10.7673 -0.011315 -0.00111545 -0.999935 0.221593 0.999664 0.0233183 -0.011338 0.0546997
1548808110780053504 1439 0.0240212 -0.999711 3.17027e-05 10.7999 -0.0104974 -0.000283944 -0.999945 0.223998 0.999656 0.0240196 -0.0105012 0.0543795
1548808111146768384 1450 0.023258 -0.999728 -0.00163488 10.9229 -0.0117434 0.00136201 -0.99993 0.225524 0.999661 0.0232755 -0.0117086 0.0525641
1548808111446807296 1459 0.0234152 -0.999722 -0.00281369 11.023 -0.00772191 0.00263352 -0.999967 0.230163 0.999696 0.0234362 -0.0076581 0.0492423
1548808111746847488 1468 0.0239698 -0.99969 0.00675371 11.117 -0.0101545 -0.00699877 -0.999924 0.233544 0.999661 0.0238994 -0.0103191 0.0485471
1548808111946873344 1474 0.0236435 -0.999702 0.00601451 11.1816 -0.0130583 -0.0063245 -0.999895 0.234972 0.999635 0.0235625 -0.0132039 0.0481615
1548808112113562368 1479 0.0246669 -0.999695 0.00148435 11.2384 -0.0113419 -0.00176457 -0.999934 0.235104 0.999631 0.0246484 -0.011382 0.0443489
1548808112446939392 1489 0.022146 -0.999755 0.000536 11.3462 -0.0128844 -0.000821495 -0.999917 0.237519 0.999672 0.0221373 -0.0128994 0.0411746
1548808112513614336 1491 0.0219306 -0.999757 0.00241405 11.3659 -0.0105141 -0.00264513 -0.999941 0.238625 0.999704 0.0219039 -0.0105696 0.0418742
1548808112780316416 1499 0.0209198 -0.999781 0.000268198 11.452 -0.0107503 -0.000493184 -0.999942 0.240378 0.999723 0.0209157 -0.0107583 0.0421729
1548808112880329472 1502 0.0216395 -0.999764 -0.00207361 11.482 -0.00869226 0.00188587 -0.99996 0.240907 0.999728 0.0216567 -0.0086494 0.0433177
1548808113280382464 1514 0.0200738 -0.999781 -0.00590897 11.6067 -0.01078 0.00569338 -0.999926 0.243521 0.99974 0.0201361 -0.0106633 0.044259
1548808113513746432 1521 0.0193461 -0.999803 -0.0043887 11.6769 -0.0106984 0.00418227 -0.999934 0.243828 0.999756 0.0193918 -0.0106154 0.045338
1548808113813786368 1530 0.0172784 -0.999839 -0.00475627 11.7709 -0.0106609 0.00457248 -0.999933 0.246055 0.999794 0.0173279 -0.0105802 0.0454407
1548808114113825280 1539 0.0176786 -0.999824 -0.00624168 11.8622 -0.00613786 0.00613401 -0.999962 0.246999 0.999825 0.0177163 -0.00602834 0.0419851
1548808114580553472 1553 0.0201507 -0.999768 -0.00758781 12.0064 -0.0111396 0.00736437 -0.999911 0.249786 0.999735 0.0202335 -0.0109886 0.0427749
1548808114613891328 1554 0.0197422 -0.999767 -0.00871956 12.0161 -0.0105328 0.0085128 -0.999908 0.248254 0.99975 0.0198322 -0.0103622 0.0421991
1548808114813917440 1560 0.0226071 -0.999709 -0.00836058 12.0802 -0.0117424 0.00809662 -0.999898 0.248347 0.999675 0.022703 -0.0115559 0.0399132
1548808114880593408 1562 0.0236359 -0.999682 -0.00874096 12.0979 -0.0124342 0.00844876 -0.999887 0.249858 0.999643 0.0237419 -0.0122306 0.0427077
1548808115147295488 1570 0.025119 -0.999627 -0.0107353 12.1791 -0.0123858 0.0104267 -0.999869 0.250663 0.999608 0.0252487 -0.0121193 0.0428484
1548808115413996288 1578 0.0390077 -0.999196 -0.00928027 12.2595 -0.0139781 0.00874079 -0.999864 0.254608 0.999141 0.0391322 -0.0136259 0.0427132
1548808115514010368 1581 0.0470921 -0.99884 -0.0100484 12.2902 -0.0106779 0.00955564 -0.999897 0.254613 0.998833 0.0471945 -0.0102156 0.0413663
1548808115680698368 1586 0.0658017 -0.997798 -0.00836872 12.3398 -0.0120098 0.00759433 -0.999899 0.254363 0.99776 0.0658956 -0.0114837 0.0412647
1548808115880725504 1592 0.0892938 -0.995977 -0.00753683 12.4002 -0.0106637 0.00661063 -0.999921 0.256612 0.995948 0.0893671 -0.0100305 0.0410398
1548808116014075392 1596 0.101422 -0.994826 -0.00586664 12.4371 -0.0119731 0.00467601 -0.999917 0.255938 0.994771 0.101484 -0.0114369 0.0388622
1548808116214102272 1602 0.110197 -0.993899 -0.00461624 12.495 -0.0113617 0.00338454 -0.99993 0.255136 0.993845 0.110242 -0.0109194 0.0346875
1548808116414128384 1608 0.117873 -0.993021 -0.00394349 12.5558 -0.0105283 0.00272124 -0.999941 0.255994 0.992973 0.117908 -0.0101341 0.0254473
1548808116680830464 1616 0.119683 -0.992794 -0.00592671 12.6375 -0.0092127 0.0048588 -0.999946 0.257095 0.992769 0.119731 -0.0085648 0.0183524
1548808116880856320 1622 0.120739 -0.992667 -0.00579876 12.6975 -0.00672549 0.00502336 -0.999965 0.257073 0.992662 0.120774 -0.00606966 0.0114182
1548808116947532288 1624 0.119256 -0.992859 -0.00307117 12.7187 -0.00770588 0.00216758 -0.999968 0.258647 0.992834 0.119276 -0.00739236 0.00829212
1548808117114220288 1629 0.119729 -0.992806 0.000918202 12.7669 -0.0103563 -0.00217374 -0.999944 0.25951 0.992753 0.119713 -0.0105421 0.00541017
1548808117347584512 1636 0.122071 -0.992513 -0.00414814 12.8398 -0.0108509 0.0028446 -0.999937 0.259996 0.992462 0.122108 -0.0104224 -0.00390904
1548808117647624448 1645 0.121902 -0.992534 -0.00393118 12.927 -0.0105164 0.00266891 -0.999941 0.263628 0.992486 0.121936 -0.0101126 -0.0123542
1548808117714299392 1647 0.122461 -0.992449 -0.00688144 12.9482 -0.00959792 0.00574904 -0.999937 0.263948 0.992427 0.12252 -0.00882142 -0.0157965
1548808117880988416 1652 0.120859 -0.99265 -0.00623735 12.9983 -0.00824872 0.00527892 -0.999952 0.263076 0.992635 0.120905 -0.00755009 -0.0214316
1548808117947663360 1654 0.121766 -0.992526 -0.00802827 13.0198 -0.00907999 0.00697423 -0.999934 0.264485 0.992517 0.121831 -0.0081629 -0.0253564
1548808118181028352 1661 0.122388 -0.992456 -0.00720495 13.0884 -0.0107424 0.00593443 -0.999925 0.264515 0.992424 0.122456 -0.00993505 -0.0302818
1548808118447729408 1669 0.121275 -0.992593 -0.00719071 13.169 -0.00950105 0.00608307 -0.999936 0.266835 0.992573 0.121336 -0.00869295 -0.0390879
1548808118881120512 1682 0.12166 -0.992527 -0.00941512 13.3019 -0.00973277 0.00829223 -0.999918 0.27039 0.992524 0.121741 -0.00865121 -0.0532577
1548808118914458368 1683 0.121189 -0.992566 -0.0112113 13.3128 -0.00933433 0.0101545 -0.999905 0.26944 0.992586 0.121282 -0.00803433 -0.0542243
1548808119214497280 1692 0.122227 -0.992479 -0.00674913 13.4123 -0.00943591 0.0056378 -0.99994 0.271978 0.992457 0.122283 -0.00867585 -0.0646516
1548808119247835392 1693 0.119909 -0.992775 -0.0043592 13.4277 -0.00853249 0.00336017 -0.999958 0.27181 0.992748 0.119941 -0.00806793 -0.0662528
1548808119414523392 1698 0.122349 -0.992482 -0.00308977 13.4852 -0.00818926 0.00210353 -0.999964 0.27245 0.992453 0.12237 -0.00787033 -0.0741581
1548808119481199360 1700 0.121793 -0.992542 -0.00515937 13.5107 -0.00942455 0.0040414 -0.999947 0.273489 0.992511 0.121835 -0.00886205 -0.0749971
1548808119514537472 1701 0.120531 -0.992709 -0.000686848 13.5226 -0.00969456 -0.000485221 -0.999953 0.274618 0.992662 0.120532 -0.00968237 -0.0754911
1548808119547874304 1702 0.120683 -0.992676 -0.0054346 13.5355 -0.00894662 0.00438675 -0.99995 0.274476 0.992651 0.120726 -0.00835169 -0.0775749
1548808119581212416 1703 0.123414 -0.992344 -0.00472282 13.5466 -0.00972201 0.00354991 -0.999946 0.274594 0.992308 0.123453 -0.00920947 -0.0785058
1548808119614550272 1704 0.122372 -0.99248 -0.00302414 13.5593 -0.0107478 0.00172168 -0.999941 0.2744 0.992426 0.122398 -0.0104563 -0.0801037
1548808119781238272 1709 0.122383 -0.992479 -0.00262684 13.6138 -0.0111216 0.00127517 -0.999937 0.276914 0.992421 0.122405 -0.0108819 -0.0848003
1548808119847914496 1711 0.122274 -0.992473 -0.0068604 13.6366 -0.0128663 0.00532662 -0.999903 0.277318 0.992413 0.12235 -0.0121182 -0.0866735
1548808120047940352 1717 0.123176 -0.992373 -0.0048686 13.7009 -0.0116108 0.00346449 -0.999927 0.27957 0.992317 0.123224 -0.0110955 -0.094547
1548808120181291520 1721 0.121952 -0.992529 -0.00374682 13.7452 -0.00940487 0.00261927 -0.999952 0.278492 0.992491 0.121981 -0.00901518 -0.100179
1548808120514668288 1731 0.121514 -0.992584 -0.00329442 13.8534 -0.0130533 0.00172074 -0.999913 0.283244 0.992504 0.121546 -0.0127474 -0.108307
1548808120781370368 1739 0.121359 -0.992607 -0.00209231 13.9372 -0.0125537 0.000572881 -0.999921 0.286409 0.992529 0.121375 -0.0123914 -0.118141
1548808120814708480 1740 0.121532 -0.992586 0.00162923 13.9483 -0.012211 -0.00313639 -0.999921 0.285127 0.992512 0.121502 -0.0125017 -0.119185
1548808121014734336 1746 0.121095 -0.992641 0.000383582 14.0133 -0.00998221 -0.00160417 -0.999949 0.288624 0.992591 0.121085 -0.010103 -0.126193
1548808121048072448 1747 0.121198 -0.992624 -0.00304372 14.0248 -0.00910266 0.00195478 -0.999957 0.288904 0.992587 0.121221 -0.0087986 -0.127142
1548808121181423360 1751 0.120836 -0.992669 0.00243488 14.0674 -0.00989254 -0.00365693 -0.999944 0.289031 0.992623 0.120806 -0.0102619 -0.131777
1548808121348111360 1756 0.120903 -0.992664 0.000943141 14.1223 -0.00886884 -0.00203027 -0.999959 0.290975 0.992625 0.12089 -0.00904924 -0.137398
1548808121514800384 1761 0.119271 -0.992857 -0.00303152 14.176 -0.00785261 0.00210989 -0.999967 0.292681 0.992831 0.119291 -0.00754487 -0.143443
1548808121581476352 1763 0.11879 -0.992919 -0.000695635 14.1984 -0.00732107 -0.000175294 -0.999973 0.293399 0.992892 0.118792 -0.00729005 -0.146202
1548808121648151296 1765 0.117376 -0.993086 0.00154535 14.2211 -0.00878823 -0.00259475 -0.999958 0.294709 0.993049 0.117357 -0.00903204 -0.149097
1548808121814840320 1770 0.112966 -0.993598 0.00126632 14.2769 -0.00844985 -0.00223513 -0.999962 0.296948 0.993563 0.112951 -0.00864825 -0.153517
1548808121948190464 1774 0.104731 -0.9945 0.00112289 14.3164 -0.00961346 -0.00214144 -0.999951 0.29754 0.994454 0.104715 -0.00978486 -0.156152
1548808122014866432 1776 0.101118 -0.994869 0.00335383 14.3373 -0.00900526 -0.00428624 -0.99995 0.300133 0.994834 0.101082 -0.00939247 -0.158379
1548808122181555456 1781 0.0898273 -0.995956 0.00185444 14.3903 -0.0118312 -0.00292892 -0.999926 0.300482 0.995887 0.0897987 -0.0120464 -0.163458
1548808122281568512 1784 0.0845488 -0.996416 0.00265838 14.4207 -0.012353 -0.00371592 -0.999917 0.30089 0.996343 0.084509 -0.0126229 -0.16544
1548808122348243456 1786 0.0773855 -0.996998 0.00268222 14.4417 -0.0140213 -0.00377832 -0.999895 0.302686 0.996903 0.0773398 -0.0142716 -0.168172
1548808122414919424 1788 0.0759398 -0.997103 0.00441913 14.4576 -0.0119064 -0.00533839 -0.999915 0.303277 0.997041 0.0758807 -0.0122773 -0.170163
1548808122548270336 1792 0.0642445 -0.997934 0.000455357 14.5017 -0.014566 -0.00139397 -0.999893 0.304642 0.997828 0.0642309 -0.0146255 -0.172684
1548808122581607424 1793 0.063366 -0.997982 0.00407366 14.5135 -0.013482 -0.00493751 -0.999897 0.304955 0.997899 0.0633046 -0.0137677 -0.173168
1548808122814971392 1800 0.0521897 -0.998637 0.000945832 14.5861 -0.0112673 -0.0015359 -0.999935 0.305838 0.998574 0.0521757 -0.0113321 -0.17683
1548808122881647360 1802 0.0509392 -0.998699 0.00226274 14.6076 -0.0138774 -0.00297328 -0.999899 0.308707 0.998605 0.0509027 -0.0140108 -0.180663
1548808123048335360 1807 0.0514432 -0.998674 0.00212855 14.6603 -0.012383 -0.00276907 -0.999919 0.310234 0.998599 0.0514127 -0.012509 -0.182371
1548808123281699328 1814 0.0488433 -0.998804 0.0021884 14.7338 -0.0151906 -0.00293361 -0.99988 0.309922 0.998691 0.0488042 -0.0153157 -0.184782
1548808123581739520 1823 0.0487035 -0.998812 0.00168887 14.8286 -0.0142697 -0.00238651 -0.999895 0.311266 0.998711 0.0486743 -0.014369 -0.189494
1548808123715090432 1827 0.0487963 -0.998808 0.00098167 14.872 -0.0140015 -0.00166678 -0.999901 0.314403 0.998711 0.0487777 -0.0140661 -0.19141
1548808123948454400 1834 0.0490334 -0.998796 0.00149071 14.9474 -0.0153299 -0.00224491 -0.99988 0.314673 0.998679 0.0490046 -0.0154215 -0.192429
1548808124048467456 1837 0.0471797 -0.998881 0.00314372 14.9802 -0.0161909 -0.00391154 -0.999861 0.315536 0.998755 0.0471223 -0.0163573 -0.194132
1548808124348507392 1846 0.0482355 -0.998827 0.0041261 15.0752 -0.0148032 -0.00484532 -0.999879 0.318954 0.998726 0.0481685 -0.0150195 -0.198744
1548808124415182336 1848 0.0463884 -0.998907 0.00568566 15.0987 -0.0150629 -0.00639062 -0.999866 0.320086 0.99881 0.0462966 -0.0153429 -0.197021
1548808124448520448 1849 0.0463264 -0.998918 0.00399128 15.1077 -0.0149426 -0.0046881 -0.999877 0.320282 0.998815 0.0462611 -0.0151436 -0.197932
1548808124515195392 1851 0.0463426 -0.998905 0.00635746 15.1286 -0.0139281 -0.00700982 -0.999878 0.319943 0.998828 0.0462484 -0.0142377 -0.199472
1548808124681884416 1856 0.0470709 -0.998887 0.00311466 15.1792 -0.014829 -0.00381656 -0.999883 0.321202 0.998781 0.0470192 -0.0149921 -0.20146
1548808124715222272 1857 0.0470033 -0.998873 0.00653281 15.1879 -0.0159764 -0.00729096 -0.999846 0.321759 0.998767 0.0468917 -0.0163011 -0.202744
1548808124948586496 1864 0.0455905 -0.99896 0.000484461 15.2624 -0.0183129 -0.00132065 -0.999831 0.324056 0.998792 0.045574 -0.018354 -0.203315
1548808125148612352 1870 0.0450656 -0.998984 0.000806997 15.327 -0.0182067 -0.00162901 -0.999833 0.324821 0.998818 0.0450434 -0.0182616 -0.203229
1548808125381976320 1877 0.0361499 -0.999344 0.00217478 15.401 -0.0164673 -0.00277159 -0.999861 0.326599 0.999211 0.036109 -0.0165567 -0.20552
1548808125615340288 1884 0.0248212 -0.999691 0.00141845 15.4674 -0.0182288 -0.00187125 -0.999832 0.326474 0.999526 0.0247912 -0.0182696 -0.203209
1548808125648678400 1885 0.0225541 -0.999746 0.000166253 15.4735 -0.0184207 -0.000581836 -0.99983 0.329549 0.999576 0.0225472 -0.0184292 -0.203043
1548808125682016512 1886 0.0211789 -0.999772 0.0028267 15.4838 -0.0189506 -0.00322826 -0.999815 0.330574 0.999596 0.0211214 -0.0190147 -0.205042
1548808125782029312 1889 0.0167512 -0.999847 0.00506934 15.5162 -0.0190119 -0.00538765 -0.999805 0.330523 0.999679 0.0166515 -0.0190992 -0.203587
