0.961457 0.268538 -0.0590561 619.552 -0.269506 0.962957 -0.00892414 4115.89 0.054472 0.0244961 0.998215 0.220369
0.957347 0.282698 -0.059732 619.552 -0.283613 0.958911 -0.00725801 4115.89 0.0552259 0.0238892 0.998188 0.220373
0.950874 0.304 -0.0585009 619.552 -0.304765 0.952417 -0.00440813 4115.89 0.0543772 0.0220206 0.998278 0.22038
0.942862 0.328307 -0.0567996 619.552 -0.329002 0.944324 -0.00308124 4115.89 0.0526257 0.0215924 0.998381 0.220387
0.931996 0.358321 -0.0546744 619.552 -0.359037 0.933317 -0.00355302 4115.89 0.0497554 0.0229415 0.998498 0.220396
0.916981 0.395319 -0.0535691 619.553 -0.396211 0.918135 -0.00674517 4115.89 0.0465172 0.0274099 0.998541 0.220407
0.901242 0.429882 -0.0544496 619.553 -0.430969 0.902316 -0.00951892 4115.89 0.0450388 0.0320449 0.998471 0.220415
0.880328 0.471355 -0.0533557 619.553 -0.472462 0.881298 -0.00970612 4115.89 0.0424472 0.0337531 0.998528 0.220423
0.85714 0.512537 -0.0511631 619.553 -0.513614 0.857966 -0.00976707 4115.89 0.0388902 0.0346498 0.998643 0.220432
0.829269 0.556991 -0.0455311 619.553 -0.558056 0.829678 -0.0144052 4115.89 0.0297526 0.0373548 0.998859 0.220453
0.802024 0.595722 -0.0432798 619.554 -0.596953 0.801903 -0.024467 4115.89 0.0201306 0.0454591 0.998763 0.220474
0.769899 0.636713 -0.0430352 619.554 -0.638014 0.769436 -0.0301019 4115.89 0.0139465 0.0506324 0.99862 0.220487
0.729803 0.682446 -0.0406963 619.554 -0.683612 0.729149 -0.0318849 4115.89 0.00791392 0.0510901 0.998663 0.220499
0.690831 0.722035 -0.0376524 619.554 -0.723015 0.689976 -0.0343768 4115.89 0.001158 0.0509719 0.998699 0.220508
0.64416 0.763964 -0.0376447 619.554 -0.764869 0.642987 -0.0392859 4115.89 -0.00580797 0.0540997 0.998519 0.220517
0.598409 0.800224 -0.0393444 619.555 -0.801107 0.596915 -0.0438177 4115.89 -0.0115787 0.05774 0.998265 0.220525
0.551606 0.833101 -0.0409104 619.555 -0.833936 0.549841 -0.0471797 4115.89 -0.0168112 0.0601412 0.998048 0.220528
0.499006 0.865474 -0.0441394 619.555 -0.866352 0.497002 -0.0492238 4115.89 -0.0206645 0.0628032 0.997812 0.220524
0.449911 0.891888 -0.0460005 619.555 -0.892749 0.447762 -0.0500803 4115.89 -0.0240687 0.0635986 0.997685 0.220517
0.396007 0.917226 -0.0432968 619.555 -0.917779 0.393859 -0.0505564 4115.89 -0.0293188 0.0597576 0.997782 0.220508
0.348869 0.936207 -0.0425163 619.556 -0.936588 0.346692 -0.0510657 4115.89 -0.033068 0.0576355 0.99779 0.2205
0.304295 0.951608 -0.0429618 619.556 -0.951891 0.302055 -0.0516262 4115.89 -0.0361511 0.0566046 0.997742 0.22049
0.257904 0.965199 -0.0433085 619.556 -0.96531 0.255524 -0.0537009 4115.89 -0.0407657 0.0556559 0.997617 0.220481
0.217664 0.97509 -0.042687 619.556 -0.975085 0.215329 -0.0533137 4115.89 -0.0427939 0.053228 0.997665 0.220467
0.178836 0.982918 -0.0434748 619.556 -0.982916 0.176532 -0.0520755 4115.89 -0.0435113 0.0520451 0.997696 0.220449
0.139849 0.989044 -0.047277 619.556 -0.98928 0.137536 -0.0490857 4115.88 -0.0420456 0.0536347 0.997675 0.220425
0.108984 0.992732 -0.051044 619.556 -0.993224 0.106667 -0.04613 4115.88 -0.04035 0.0557256 0.99763 0.2204
0.0821832 0.995167 -0.0537429 619.556 -0.995867 0.0799099 -0.0431646 4115.88 -0.0386614 0.0570682 0.997621 0.220375
0.0588684 0.996695 -0.0559869 619.556 -0.997533 0.0565835 -0.041557 4115.88 -0.0382517 0.0582952 0.997566 0.220348
0.0434607 0.997401 -0.0574675 619.556 -0.998291 0.0411069 -0.0415273 4115.88 -0.0390571 0.0591741 0.997483 0.220326
0.0306981 0.997775 -0.0591811 619.556 -0.99869 0.0281934 -0.0427021 4115.88 -0.0409386 0.0604144 0.997334 0.220302
0.0197175 0.998098 -0.0584111 619.556 -0.998849 0.0171095 -0.0448177 4115.88 -0.043733 0.0592275 0.997286 0.22028
0.00913569 0.99832 -0.0572092 619.557 -0.998882 0.00645765 -0.0468224 4115.88 -0.0463744 0.057573 0.997264 0.220254
-0.00189938 0.998379 -0.0568892 619.557 -0.998802 -0.00467578 -0.0487105 4115.88 -0.0488975 0.0567285 0.997192 0.220224
-0.0120204 0.998337 -0.0563724 619.557 -0.998603 -0.0148867 -0.0507044 4115.88 -0.0514593 0.0556842 0.997121 0.220194
-0.0224775 0.998135 -0.0567557 619.557 -0.998313 -0.0254494 -0.0521953 4115.88 -0.0535424 0.0554867 0.997023 0.220162
-0.0335839 0.997794 -0.0572615 619.556 -0.997908 -0.0366445 -0.053264 4115.88 -0.0552449 0.0553529 0.996937 0.220121
-0.0438428 0.997436 -0.0565702 619.556 -0.99729 -0.0470441 -0.0565573 4115.88 -0.0590736 0.0539373 0.996795 0.220084
-0.0548354 0.99695 -0.0555355 619.556 -0.996516 -0.0581424 -0.059794 4115.88 -0.0628406 0.0520632 0.996665 0.220044
-0.0677523 0.996157 -0.0555088 619.556 -0.995355 -0.0713022 -0.0646833 4115.88 -0.0683926 0.0508685 0.996361 0.22
-0.0802386 0.995227 -0.0555427 619.556 -0.994219 -0.0838971 -0.0670103 4115.87 -0.0713503 0.0498448 0.996205 0.219957
-0.0952971 0.993874 -0.0559783 619.556 -0.992804 -0.0989902 -0.0673918 4115.87 -0.0725203 0.0491533 0.996155 0.219907
-0.109298 0.99246 -0.0554681 619.556 -0.991384 -0.112892 -0.0664271 4115.87 -0.0721882 0.0477299 0.996248 0.219858
-0.125053 0.990582 -0.0557679 619.556 -0.989551 -0.128594 -0.065215 4115.87 -0.0717722 0.0470299 0.996312 0.219809
-0.146753 0.987687 -0.0542111 619.556 -0.986618 -0.15009 -0.0636989 4115.87 -0.0710511 0.0441377 0.996496 0.219756
-0.17099 0.983941 -0.0512067 619.556 -0.982712 -0.17406 -0.0630904 4115.87 -0.0709902 0.0395336 0.996693 0.219706
-0.199444 0.978701 -0.0486566 619.556 -0.977275 -0.2023 -0.0633033 4115.87 -0.0717982 0.0349255 0.996808 0.219656
-0.233518 0.971211 -0.0471001 619.556 -0.969659 -0.236201 -0.0630159 4115.87 -0.0723268 0.0309557 0.9969 0.2196
-0.265464 0.962977 -0.0469475 619.555 -0.961369 -0.268069 -0.0625232 4115.87 -0.0727936 0.0285362 0.996939 0.219552
-0.299897 0.952789 -0.0474898 619.555 -0.951222 -0.302439 -0.0608854 4115.87 -0.0723737 0.026914 0.997014 0.219497
-0.329989 0.942829 -0.046691 619.555 -0.941317 -0.33237 -0.058758 4115.87 -0.0709174 0.0245615 0.99718 0.219446
-0.359493 0.932086 -0.0445063 619.555 -0.930601 -0.361625 -0.0566448 4115.87 -0.0688924 0.0210543 0.997402 0.219394
-0.391486 0.919015 -0.0463752 619.554 -0.917865 -0.393579 -0.0511801 4115.86 -0.0652875 0.0225299 0.997612 0.21934
-0.419556 0.90634 -0.0502167 619.554 -0.905655 -0.421694 -0.044304 4115.86 -0.0613305 0.026891 0.997755 0.219291
-0.449093 0.891846 -0.0540933 619.554 -0.891724 -0.451185 -0.0355022 4115.86 -0.0560686 0.0322925 0.997905 0.219243
-0.474271 0.87846 -0.0580988 619.553 -0.878782 -0.476351 -0.0288286 4115.86 -0.0530002 0.0373836 0.997895 0.219204
-0.498521 0.86454 -0.0636178 619.553 -0.865423 -0.500592 -0.0212371 4115.86 -0.0502069 0.0444691 0.997748 0.21917
-0.523699 0.849415 -0.0650726 619.552 -0.850822 -0.525353 -0.0102715 4115.86 -0.0429108 0.049986 0.997828 0.219135
-0.546118 0.835455 -0.0613992 619.552 -0.837171 -0.546924 0.00429253 4115.86 -0.0299945 0.0537459 0.998104 0.219102
-0.567885 0.821434 -0.0524732 619.552 -0.822996 -0.567706 0.0196958 4115.86 -0.0136106 0.0543701 0.998428 0.219071
-0.591683 0.805102 -0.0414894 619.551 -0.806166 -0.590722 0.0338238 4115.86 0.002723 0.0534603 0.998566 0.219048
-0.612582 0.78954 -0.0370134 619.551 -0.790321 -0.611149 0.0434727 4115.86 0.0117027 0.055883 0.998369 0.219047
-0.633989 0.772502 -0.0360282 619.55 -0.773215 -0.632352 0.0476413 4115.86 0.0140205 0.0580616 0.998215 0.219062
-0.652281 0.757006 -0.0383453 619.549 -0.757891 -0.65061 0.0480479 4115.86 0.0114248 0.0604023 0.998109 0.219082
-0.668579 0.742357 -0.0436696 619.549 -0.743626 -0.667042 0.0455501 4115.86 0.00468498 0.0629277 0.998007 0.219106
-0.684232 0.727399 -0.0521251 619.548 -0.72926 -0.682731 0.0453691 4115.86 -0.002586 0.0690558 0.997609 0.219132
-0.69533 0.716623 -0.0544757 619.548 -0.718682 -0.693696 0.0477665 4115.85 -0.00355899 0.0723642 0.997372 0.219147
-0.704374 0.707713 -0.0547648 619.547 -0.709825 -0.702527 0.0510246 4115.85 -0.002363 0.0748138 0.997195 0.219155
-0.713118 0.698988 -0.0536533 619.547 -0.701044 -0.711053 0.054226 4115.85 -0.000247 0.0762828 0.997086 0.219162
-0.721227 0.691104 -0.0469771 619.546 -0.692695 -0.719323 0.0524244 4115.85 0.002439 0.0703506 0.997519 0.21917
-0.730796 0.681044 -0.0459942 619.545 -0.682596 -0.729118 0.0495022 4115.85 0.000178 0.0675715 0.997714 0.219184
-0.737616 0.673601 -0.0467269 619.545 -0.67522 -0.735798 0.0517673 4115.85 0.000489 0.0697353 0.997565 0.219193
-0.743344 0.667214 -0.0475943 619.544 -0.668907 -0.741279 0.0553925 4115.85 0.001678 0.0730119 0.99733 0.219204
-0.746753 0.663563 -0.0452012 619.544 -0.665082 -0.744484 0.0583991 4115.85 0.00509998 0.0736722 0.997269 0.219211
-0.74672 0.663714 -0.0435011 619.543 -0.665098 -0.744355 0.0598348 4115.85 0.00733293 0.0736124 0.99726 0.219216
-0.74445 0.666132 -0.0454009 619.542 -0.667641 -0.741976 0.0610544 4115.85 0.00698394 0.0757635 0.997101 0.219228
-0.739602 0.671513 -0.0453866 619.542 -0.673016 -0.737263 0.0591051 4115.85 0.00622796 0.0742601 0.997219 0.219241
-0.734346 0.677319 -0.0444289 619.541 -0.678743 -0.7321 0.0577694 4115.85 0.00660195 0.0725785 0.997341 0.219251
-0.7289 0.683237 -0.0435015 619.541 -0.684582 -0.726706 0.0569725 4115.85 0.00731293 0.0713075 0.997428 0.219261
-0.723519 0.689024 -0.0420284 619.54 -0.690264 -0.721478 0.0548145 4115.85 0.00744593 0.06867 0.997612 0.219273
-0.719851 0.69301 -0.0393932 619.539 -0.694084 -0.718005 0.0521139 4115.85 0.00783092 0.0648565 0.997864 0.219284
-0.718388 0.694666 -0.0368504 619.538 -0.695608 -0.716816 0.0480128 4115.85 0.00693794 0.0601253 0.998167 0.219301
-0.718576 0.694541 -0.0355189 619.538 -0.695425 -0.717191 0.0449618 4115.85 0.00575397 0.0570091 0.998357 0.219317
-0.719335 0.693782 -0.0349784 619.537 -0.694646 -0.718048 0.0432876 4115.84 0.00491598 0.0554359 0.99845 0.219332
-0.719679 0.693403 -0.0354137 619.536 -0.694295 -0.718421 0.0427283 4115.84 0.00418599 0.0553382 0.998459 0.219346
-0.719805 0.693243 -0.0359828 619.536 -0.694169 -0.718581 0.0420827 4115.84 0.00331699 0.0552695 0.998466 0.219356
-0.719805 0.693209 -0.0366418 619.535 -0.694172 -0.718599 0.0417302 4115.84 0.002597 0.0554733 0.998457 0.219368
-0.719848 0.69316 -0.0367088 619.534 -0.694128 -0.718673 0.041166 4115.84 0.002153 0.0551139 0.998478 0.219381
-0.719957 0.693076 -0.036154 619.533 -0.694017 -0.718877 0.039455 4115.84 0.001355 0.0534974 0.998567 0.219394
-0.719868 0.693155 -0.0364057 619.533 -0.694111 -0.718842 0.0384357 4115.84 0.000472 0.0529382 0.998598 0.21941
-0.719419 0.69366 -0.0356609 619.532 -0.694576 -0.718436 0.0375964 4115.84 0.000459 0.0518168 0.998657 0.219425
-0.718493 0.694586 -0.0362956 619.531 -0.695534 -0.717574 0.0363393 4115.84 -0.000804 0.0513544 0.99868 0.219441
-0.716661 0.69634 -0.0388258 619.53 -0.697412 -0.715833 0.0346408 4115.84 -0.00367099 0.0519033 0.998645 0.219459
-0.714728 0.698228 -0.0405142 619.53 -0.699381 -0.713961 0.0335644 4115.84 -0.00548997 0.0523243 0.998615 0.219473
-0.712901 0.700052 -0.041222 619.529 -0.701239 -0.712148 0.0333078 4115.84 -0.00603896 0.0526517 0.998595 0.219485
-0.711085 0.701874 -0.0415964 619.528 -0.703083 -0.710294 0.0340015 4115.84 -0.00568097 0.0534237 0.998556 0.219497
-0.710382 0.702607 -0.0412389 619.528 -0.703797 -0.709577 0.0342072 4115.84 -0.00522798 0.053324 0.998564 0.219507
-0.710955 0.702139 -0.0392843 619.527 -0.70323 -0.710092 0.035176 4115.83 -0.00319699 0.0526344 0.998609 0.219519
-0.71321 0.700005 -0.0364085 619.526 -0.700951 -0.712297 0.0360707 4115.83 -0.000684 0.0512465 0.998686 0.219529
-0.7166 0.696635 -0.0343996 619.525 -0.697484 -0.715685 0.0362044 4115.83 0.000602 0.0499372 0.998752 0.219542
-0.721186 0.691811 -0.03589 619.525 -0.69274 -0.720323 0.0352992 4115.83 -0.001432 0.0503197 0.998732 0.219558
-0.725344 0.68726 -0.0393684 619.524 -0.688366 -0.724582 0.0336621 4115.83 -0.00539097 0.0515164 0.998658 0.219579
-0.729643 0.682765 -0.0381242 619.523 -0.683797 -0.729007 0.031154 4115.83 -0.00652195 0.0488006 0.998787 0.219595
-0.73353 0.678602 -0.0378722 619.522 -0.679641 -0.732759 0.0339363 4115.83 -0.00472198 0.0506328 0.998706 0.219607
-0.737298 0.674611 -0.0359342 619.522 -0.675564 -0.736424 0.0359626 4115.83 -0.002202 0.050791 0.998707 0.219617
-0.741353 0.670265 -0.0337551 619.521 -0.671114 -0.740513 0.0353071 4115.83 -0.001331 0.0488285 0.998806 0.219632
-0.74424 0.667139 -0.0321219 619.52 -0.667912 -0.743403 0.0352887 4115.83 -0.000337 0.0477179 0.998861 0.219645
-0.746737 0.664288 -0.0332607 619.52 -0.665118 -0.745919 0.034968 4115.83 -0.001581 0.0482342 0.998835 0.219659
-0.748585 0.661826 -0.0400851 619.519 -0.662965 -0.748033 0.0303994 4115.83 -0.00986584 0.0493316 0.998734 0.219677
-0.749795 0.659962 -0.0475142 619.518 -0.661363 -0.749702 0.0233815 4115.83 -0.0201906 0.0489554 0.998597 0.219693
-0.751015 0.658336 -0.0507087 619.517 -0.659809 -0.751174 0.0197479 4115.83 -0.0250904 0.048289 0.998518 0.219696
-0.752186 0.657375 -0.0455452 619.517 -0.658724 -0.751942 0.0258045 4115.83 -0.0172841 0.0494115 0.998629 0.219684
-0.753238 0.6564 -0.0420866 619.516 -0.657649 -0.752691 0.0308752 4115.82 -0.0114118 0.0509346 0.998637 0.219678
-0.75382 0.655573 -0.0444913 619.515 -0.657011 -0.752998 0.0364751 4115.82 -0.00958985 0.0567269 0.998344 0.219679
-0.753653 0.655505 -0.0481759 619.515 -0.657174 -0.752785 0.0379148 4115.82 -0.0114128 0.0602346 0.998119 0.219689
-0.753109 0.656013 -0.0497363 619.514 -0.657745 -0.7524 0.035574 4115.82 -0.0140845 0.0595049 0.998129 0.219696
-0.752268 0.656755 -0.0525942 619.513 -0.658592 -0.751832 0.0317243 4115.82 -0.0187069 0.0585033 0.998112 0.219699
-0.751331 0.657617 -0.0551548 619.512 -0.659472 -0.751286 0.0258 4115.82 -0.0244706 0.0557573 0.998144 0.219704
-0.750647 0.658714 -0.0512268 619.512 -0.660151 -0.750931 0.0174067 4115.82 -0.0270017 0.0468837 0.998535 0.219699
-0.749454 0.66039 -0.0469401 619.511 -0.661494 -0.749855 0.0119818 4115.82 -0.0272856 0.0400304 0.998826 0.219684
-0.747906 0.661939 -0.0497346 619.51 -0.663169 -0.748368 0.0123574 4115.82 -0.0290399 0.0422246 0.998686 0.219675
-0.745324 0.66464 -0.0523995 619.51 -0.666094 -0.745698 0.0159245 4115.82 -0.0284901 0.0467719 0.998499 0.219666
-0.741705 0.668761 -0.0513022 619.509 -0.670275 -0.741839 0.0201394 4115.82 -0.0245895 0.049324 0.99848 0.21965
-0.735899 0.674814 -0.0554776 619.508 -0.676643 -0.73592 0.0240015 4115.82 -0.0246305 0.0552011 0.998171 0.219636
-0.729028 0.68166 -0.0621072 619.508 -0.683974 -0.72898 0.0277044 4115.82 -0.0263899 0.062677 0.997685 0.219629
-0.721525 0.689739 -0.0605112 619.507 -0.691952 -0.721414 0.0276484 4115.82 -0.0245835 0.0618198 0.997785 0.21961
-0.712141 0.699455 -0.0601514 619.506 -0.701583 -0.712144 0.0251669 4115.82 -0.0252333 0.0601235 0.997872 0.219591
-0.702888 0.708512 -0.0629225 619.506 -0.710733 -0.703108 0.0223118 4115.82 -0.0284332 0.0604037 0.997769 0.219577
-0.694013 0.717122 -0.0638916 619.505 -0.719368 -0.69431 0.0210477 4115.81 -0.0292668 0.0605689 0.997735 0.219561
-0.683701 0.726821 -0.0654507 619.504 -0.729161 -0.684025 0.0208322 4115.81 -0.0296287 0.061967 0.997638 0.219539
-0.674199 0.735489 -0.0671684 619.504 -0.737988 -0.67444 0.0224613 4115.81 -0.028781 0.0647129 0.997489 0.219523
-0.664637 0.744348 -0.0648394 619.503 -0.746738 -0.664689 0.0238971 4115.81 -0.0253103 0.064301 0.99761 0.219511
-0.654934 0.753235 -0.060821 619.502 -0.75556 -0.654169 0.034516 4115.81 -0.0137886 0.0685596 0.997552 0.21949
-0.645028 0.76197 -0.0577995 619.502 -0.764123 -0.643882 0.039129 4115.81 -0.00740093 0.0694053 0.997561 0.219477
-0.634372 0.770757 -0.0591987 619.501 -0.772956 -0.633491 0.0350422 4115.81 -0.0104928 0.0679878 0.997631 0.219483
-0.624433 0.778705 -0.0608473 619.501 -0.780964 -0.623778 0.0315673 4115.81 -0.0133736 0.0672312 0.997648 0.219488
-0.616245 0.785433 -0.0577662 619.5 -0.787478 -0.615546 0.0313139 4115.81 -0.0109628 0.0647867 0.997839 0.219489
-0.609924 0.790836 -0.0507191 619.5 -0.792448 -0.609022 0.0334419 4115.81 -0.00444199 0.0605893 0.998153 0.219486
-0.605977 0.794388 -0.0417118 619.499 -0.795474 -0.604893 0.0364219 4115.81 0.00370199 0.0552515 0.998466 0.219482
-0.603092 0.796777 -0.0377792 619.498 -0.797642 -0.60198 0.0372567 4115.81 0.00694294 0.0526034 0.998591 0.21949
-0.59965 0.799452 -0.0360158 619.498 -0.800227 -0.598594 0.0363547 4115.81 0.00750493 0.0506209 0.99869 0.219507
-0.595649 0.802417 -0.0364505 619.497 -0.803206 -0.59456 0.0368585 4115.81 0.00790392 0.051232 0.998656 0.219521
-0.590343 0.806317 -0.0367072 619.497 -0.807136 -0.589425 0.0333257 4115.8 0.00523498 0.0493013 0.99877 0.219541
-0.585793 0.809537 -0.0386731 619.496 -0.81046 -0.585065 0.0292133 4115.8 0.001023 0.048456 0.998825 0.219563
-0.580887 0.813009 -0.0398404 619.496 -0.813983 -0.580268 0.0268522 4115.8 -0.001287 0.0480275 0.998845 0.219582
-0.575454 0.817169 -0.0329637 619.495 -0.817834 -0.574999 0.0228974 4115.8 -0.000243 0.0401352 0.999194 0.219594
-0.570268 0.821075 -0.0250966 619.495 -0.821454 -0.569889 0.0209874 4115.8 0.00293 0.0325841 0.999465 0.219602
-0.564682 0.824942 -0.0245863 619.494 -0.825289 -0.564211 0.023736 4115.8 0.00570897 0.0336941 0.999416 0.219616
-0.558218 0.829303 -0.0254951 619.494 -0.829643 -0.557577 0.0282796 4115.8 0.00923687 0.036938 0.999275 0.219629
-0.55259 0.833054 -0.025787 619.493 -0.833414 -0.551998 0.0268401 4115.8 0.00812491 0.0363228 0.999307 0.219645
-0.546083 0.837255 -0.0282493 619.493 -0.837726 -0.545652 0.0218778 4115.8 0.002903 0.0356123 0.999361 0.219671
-0.539987 0.841176 -0.028944 619.492 -0.841673 -0.539657 0.0188722 4115.8 0.000255 0.0345521 0.999403 0.219693
-0.534541 0.844745 -0.0259275 619.492 -0.845133 -0.534139 0.0211198 4115.8 0.00399199 0.0332016 0.999441 0.219702
-0.528694 0.848457 -0.0245564 619.491 -0.848783 -0.528213 0.0236299 4115.8 0.00707794 0.033336 0.999419 0.219718
-0.522961 0.852054 -0.0227231 619.491 -0.852306 -0.522455 0.0248009 4115.8 0.00925987 0.032337 0.999434 0.219734
-0.516453 0.856002 -0.0231741 619.49 -0.856278 -0.515986 0.0233673 4115.79 0.00804491 0.0319115 0.999458 0.219757
-0.509705 0.859938 -0.0265868 619.49 -0.860316 -0.509173 0.0244683 4115.79 0.00750393 0.0353446 0.999347 0.219778
-0.503057 0.863732 -0.0300239 619.489 -0.86422 -0.50243 0.0262209 4115.79 0.00756293 0.0391379 0.999205 0.219798
-0.496777 0.867302 -0.0316169 619.489 -0.867843 -0.496102 0.02703 4115.79 0.00775792 0.0408664 0.999135 0.219818
-0.490926 0.870788 -0.0268177 619.489 -0.87116 -0.490372 0.0248138 4115.79 0.0084569 0.0355442 0.999332 0.219835
-0.485731 0.873781 -0.0239115 619.488 -0.874073 -0.485285 0.0222331 4115.79 0.00782292 0.0316997 0.999467 0.219853
-0.48122 0.876198 -0.0265295 619.488 -0.876573 -0.480746 0.02244 4115.79 0.00690795 0.0340536 0.999396 0.219875
-0.477118 0.878387 -0.0281813 619.487 -0.878814 -0.476613 0.022945 4115.79 0.00672295 0.0357136 0.999339 0.219894
-0.472718 0.880764 -0.0281513 619.487 -0.881167 -0.47212 0.0254616 4115.79 0.00913487 0.0368421 0.999279 0.219914
-0.467701 0.883212 -0.034526 619.486 -0.883862 -0.467043 0.0256575 4115.79 0.00653595 0.0425163 0.999074 0.219933
-0.463125 0.885289 -0.0421762 619.486 -0.886284 -0.46238 0.0265805 4115.79 0.00402999 0.0496901 0.998757 0.219953
-0.458364 0.887605 -0.0453766 619.486 -0.888761 -0.457619 0.0262562 4115.79 0.00254 0.0523639 0.998625 0.219976
-0.45473 0.889581 -0.0432098 619.485 -0.890615 -0.453912 0.0277304 4115.79 0.00505498 0.0510931 0.998681 0.219988
-0.451524 0.891305 -0.0412395 619.485 -0.892228 -0.450643 0.0291519 4115.78 0.00739893 0.0499578 0.998724 0.219999
-0.449635 0.892358 -0.0390478 619.484 -0.893186 -0.448854 0.0273676 4115.78 0.00689495 0.0471824 0.998862 0.220019
-0.44881 0.892772 -0.0390754 619.484 -0.893609 -0.448091 0.026045 4115.78 0.00574297 0.0466073 0.998897 0.220037
-0.447597 0.893216 -0.0426907 619.484 -0.894234 -0.446988 0.0234056 4115.78 0.001824 0.0486517 0.998814 0.220056
-0.446412 0.893727 -0.0443763 619.483 -0.89482 -0.446063 0.0180275 4115.78 -0.00368299 0.0477565 0.998852 0.220076
-0.445605 0.894081 -0.0453441 619.483 -0.895205 -0.4454 0.0150829 4115.78 -0.00671095 0.0473133 0.998858 0.220091
-0.444469 0.894743 -0.0433844 619.482 -0.895794 -0.444008 0.0202584 4115.78 -0.001137 0.0478677 0.998853 0.220096
-0.444564 0.894774 -0.0417374 619.482 -0.895742 -0.443918 0.0241546 4115.78 0.003085 0.0481242 0.998837 0.220101
-0.444656 0.894836 -0.0393709 619.482 -0.895698 -0.4441 0.0223701 4115.78 0.002533 0.0452114 0.998974 0.220111
-0.443997 0.89522 -0.0380613 619.481 -0.896025 -0.443483 0.0214847 4115.78 0.002354 0.043643 0.999044 0.220131
-0.443658 0.895255 -0.0410565 619.481 -0.896196 -0.44314 0.0214573 4115.78 0.001016 0.0463144 0.998926 0.220149
-0.442773 0.895762 -0.039527 619.48 -0.896623 -0.442118 0.0244826 4115.78 0.00445499 0.046281 0.998919 0.220159
-0.442919 0.896023 -0.031074 619.48 -0.89653 -0.442345 0.0237643 4115.78 0.00754793 0.0383845 0.999235 0.220173
-0.442633 0.896376 -0.0242255 619.48 -0.896653 -0.442163 0.0224666 4115.77 0.00942686 0.0316663 0.999454 0.220189
-0.442288 0.896528 -0.0248607 619.479 -0.896777 -0.441666 0.0268578 4115.77 0.0130986 0.0341734 0.99933 0.220207
-0.442026 0.896618 -0.0262452 619.479 -0.896906 -0.441361 0.0275705 4115.77 0.0131366 0.0357263 0.999275 0.220229
-0.440388 0.897453 -0.0252294 619.479 -0.897682 -0.439682 0.0290916 4115.77 0.0150154 0.0354596 0.999258 0.220251
-0.438946 0.897919 -0.032665 619.478 -0.898422 -0.438094 0.0301965 4115.77 0.0128037 0.0426016 0.99901 0.220276
-0.435833 0.899149 -0.0397628 619.478 -0.899979 -0.434922 0.0296809 4115.77 0.00939386 0.0487216 0.998768 0.220301
-0.433714 0.899855 -0.0464039 619.478 -0.901047 -0.432985 0.0252821 4115.77 0.002658 0.0527773 0.998603 0.220331
-0.430551 0.901306 -0.047682 619.477 -0.902563 -0.429807 0.0254199 4115.77 0.002417 0.0539806 0.998539 0.220348
-0.426225 0.903351 -0.0478347 619.477 -0.90459 -0.425205 0.0302967 4115.77 0.00702894 0.056184 0.998396 0.220363
-0.420276 0.906163 -0.0472991 619.476 -0.907338 -0.419089 0.0331854 4115.77 0.0102488 0.0568633 0.998329 0.220378
-0.412937 0.90952 -0.0475095 619.476 -0.910669 -0.411595 0.0356719 4115.77 0.0128896 0.0579956 0.998234 0.220389
-0.404303 0.913215 -0.0507656 619.476 -0.914589 -0.403172 0.0312908 4115.77 0.00810791 0.0590806 0.99822 0.220415
-0.392636 0.917994 -0.0558905 619.475 -0.919674 -0.391499 0.0304719 4115.77 0.00609196 0.0633653 0.997972 0.220443
-0.380537 0.922828 -0.0598382 619.475 -0.92472 -0.379079 0.0345246 4115.76 0.00917687 0.0684715 0.997611 0.220459
-0.366487 0.928507 -0.0596872 619.475 -0.930355 -0.364928 0.0356016 4115.76 0.0112748 0.0685778 0.997582 0.220476
-0.353959 0.933213 -0.0618504 619.475 -0.935186 -0.352318 0.0360568 4115.76 0.0118577 0.0706042 0.997434 0.220494
-0.341637 0.937724 -0.0629194 619.474 -0.939721 -0.339802 0.0381868 4115.76 0.0144285 0.0721727 0.997288 0.220514
-0.328184 0.942787 -0.0587179 619.474 -0.944375 -0.326069 0.0428341 4115.76 0.0212374 0.0695092 0.997355 0.220536
-0.316736 0.947175 -0.0503743 619.474 -0.947984 -0.314338 0.0501832 4115.76 0.0316977 0.0636489 0.997469 0.220552
-0.304359 0.951511 -0.0446294 619.474 -0.951684 -0.30174 0.0570189 4115.76 0.0407877 0.0598273 0.997375 0.220572
-0.290691 0.955793 -0.0442621 619.473 -0.955837 -0.287989 0.0586324 4115.76 0.0432935 0.0593513 0.997298 0.220607
-0.279387 0.959225 -0.0427745 619.473 -0.959349 -0.277018 0.0539432 4115.76 0.0398944 0.0561067 0.997627 0.22065
-0.268095 0.962569 -0.0398226 619.473 -0.962672 -0.266068 0.0497023 4115.76 0.0372464 0.0516611 0.99797 0.220697
-0.259489 0.965095 -0.0354493 619.473 -0.964766 -0.257398 0.0545188 4115.76 0.0434913 0.0483473 0.997883 0.220732
-0.253067 0.96694 -0.0313619 619.473 -0.966044 -0.25082 0.0620354 4115.76 0.0521184 0.0459961 0.997581 0.220761
-0.249492 0.967997 -0.0271131 619.472 -0.966767 -0.247365 0.064596 4115.76 0.055822 0.0423282 0.997543 0.220797
-0.249268 0.96808 -0.0262201 619.472 -0.967013 -0.247344 0.0608817 4115.76 0.0524529 0.040531 0.997801 0.220845
-0.250806 0.967711 -0.0251252 619.472 -0.966933 -0.249195 0.0542451 4115.75 0.0462325 0.0378993 0.998211 0.220906
-0.253532 0.966948 -0.027074 619.472 -0.96635 -0.251919 0.0520118 4115.75 0.0434723 0.0393496 0.998279 0.22095
-0.256213 0.966178 -0.0292317 619.472 -0.965627 -0.254461 0.0530444 4115.75 0.043812 0.0418176 0.998164 0.220986
-0.259971 0.965144 -0.0301863 619.471 -0.964616 -0.258152 0.0536091 4115.75 0.0439478 0.043055 0.998106 0.221032
-0.264342 0.963981 -0.0293862 619.471 -0.96354 -0.262667 0.0509574 4115.75 0.0414032 0.0417849 0.998268 0.221077
-0.269689 0.962515 -0.0288745 619.471 -0.962015 -0.267987 0.0520619 4115.75 0.0423723 0.0418182 0.998226 0.221116
-0.275106 0.961009 -0.0279007 619.471 -0.960571 -0.273534 0.0498153 4115.75 0.0402411 0.0405051 0.998369 0.221157
-0.280634 0.959346 -0.0300007 619.471 -0.959131 -0.279117 0.0464971 4115.75 0.0362331 0.0418233 0.998468 0.221205
-0.285917 0.957805 -0.0293557 619.47 -0.957538 -0.284385 0.0473884 4115.75 0.0370405 0.0416583 0.998445 0.221243
-0.290901 0.956362 -0.0273504 619.47 -0.956 -0.289419 0.0479657 4115.75 0.0379569 0.0401003 0.998474 0.221277
-0.294807 0.95521 -0.0257427 619.47 -0.95473 -0.293325 0.0495059 4115.75 0.0397375 0.039172 0.998442 0.221315
-0.297475 0.954407 -0.0248355 619.47 -0.95382 -0.295956 0.0513577 4115.75 0.0416659 0.0389662 0.998371 0.221357
-0.299293 0.953789 -0.0266507 619.47 -0.953165 -0.297587 0.0540204 4115.75 0.0435932 0.0415704 0.998184 0.221389
-0.298816 0.953819 -0.0306369 619.469 -0.953381 -0.296954 0.0536876 4115.75 0.0421105 0.0452513 0.998088 0.221435
-0.29534 0.954777 -0.0342898 619.469 -0.954625 -0.293475 0.0506263 4115.74 0.0382736 0.0476859 0.998129 0.22148
-0.288875 0.956697 -0.0358086 619.469 -0.956623 -0.286975 0.0501656 4115.74 0.0377171 0.0487469 0.998099 0.221522
-0.277756 0.959858 -0.0390498 619.469 -0.959845 -0.275627 0.0522307 4115.74 0.0393708 0.0519892 0.997871 0.221562
-0.264435 0.963476 -0.0422764 619.469 -0.963567 -0.262126 0.0531855 4115.74 0.0401612 0.0548002 0.997689 0.221596
-0.250138 0.96724 -0.0433368 619.469 -0.967411 -0.247863 0.0517611 4115.74 0.0393239 0.0548719 0.997719 0.221629
-0.23321 0.971592 -0.0402844 619.468 -0.971817 -0.231398 0.0450198 4115.74 0.0344192 0.0496481 0.998174 0.221669
-0.217476 0.975181 -0.0415366 619.468 -0.975639 -0.215925 0.0388008 4115.74 0.028869 0.048963 0.998383 0.221709
-0.201178 0.978597 -0.0432962 619.468 -0.979289 -0.199898 0.032152 4115.74 0.022809 0.0488678 0.998545 0.221745
-0.182479 0.982163 -0.0453518 619.468 -0.983086 -0.181531 0.0242364 4115.74 0.0155714 0.0490074 0.998677 0.221783
-0.165678 0.985163 -0.0447671 619.468 -0.986127 -0.16503 0.0178364 4115.74 0.0101838 0.0471011 0.998838 0.221814
-0.146761 0.988151 -0.0449241 619.468 -0.98914 -0.14624 0.0146937 4115.74 0.00794992 0.0465927 0.998882 0.22184
-0.129309 0.99047 -0.0474146 619.468 -0.991572 -0.128771 0.0142604 4115.74 0.00801891 0.048859 0.998773 0.221857
-0.112266 0.992585 -0.04659 619.468 -0.993647 -0.11177 0.0131236 4115.74 0.00781892 0.0477674 0.998828 0.22187
-0.0949179 0.994567 -0.0427539 619.467 -0.995457 -0.0945074 0.0115281 4115.74 0.00742493 0.0436539 0.999019 0.221884
-0.0805917 0.995917 -0.0406713 619.467 -0.996741 -0.0803804 0.00680495 4115.74 0.00350799 0.0410872 0.999149 0.221896
-0.0683194 0.996698 -0.0438815 619.467 -0.997663 -0.0682194 0.00377303 4115.73 0.000767 0.0440367 0.99903 0.221911
-0.0564636 0.997285 -0.0472626 619.467 -0.998405 -0.0563766 0.00317212 4115.73 0.000499 0.0473663 0.998877 0.221924
-0.0467024 0.997982 -0.0430312 619.467 -0.998904 -0.0465191 0.00525237 4115.73 0.00323999 0.0432293 0.99906 0.221931
-0.0372472 0.998587 -0.0379004 619.467 -0.999258 -0.0368468 0.0112092 4115.73 0.00979684 0.0382898 0.999219 0.221936
-0.028475 0.998862 -0.0382611 619.467 -0.999391 -0.027677 0.0212287 4115.73 0.0201456 0.0388423 0.999042 0.221936
-0.020449 0.998844 -0.0435014 619.467 -0.999388 -0.0191862 0.0292496 4115.73 0.0283812 0.0440729 0.998625 0.221939
-0.0131732 0.998886 -0.0453186 619.467 -0.99953 -0.0118994 0.0282642 4115.73 0.0276935 0.0456696 0.998573 0.22195
-0.00689722 0.999065 -0.0426809 619.467 -0.999776 -0.00603497 0.0202982 4115.73 0.0200217 0.0428113 0.998883 0.221974
-0.00203957 0.999221 -0.0394118 619.467 -0.99996 -0.00169259 0.00883548 4115.73 0.00876189 0.0394283 0.999184 0.222002
0.000682653 0.999308 -0.0371913 619.467 -0.999998 0.000620628 -0.00167924 4115.73 -0.001655 0.0371924 0.999307 0.222032
0.00169565 0.999154 -0.0411014 619.467 -0.999997 0.00162237 -0.00181622 4115.73 -0.001748 0.0411044 0.999153 0.222044
0.00301864 0.998991 -0.0447994 619.467 -0.999993 0.0031138 0.00205457 4115.73 0.002192 0.0447929 0.998994 0.222049
0.00459162 0.998814 -0.0484615 619.467 -0.999986 0.0047125 0.00238044 4115.73 0.002606 0.0484499 0.998822 0.222049
0.00637261 0.998916 -0.0461006 619.467 -0.999979 0.00640834 0.000627251 4115.73 0.000922 0.0460956 0.998937 0.22205
0.00947546 0.998884 -0.0462689 619.467 -0.99995 0.00931131 -0.00376202 4115.73 -0.00332699 0.0463022 0.998922 0.22206
0.0128248 0.998845 -0.0463123 619.467 -0.99988 0.0124087 -0.00926127 4115.73 -0.00867589 0.0464256 0.998884 0.222074
0.0170527 0.998728 -0.0474507 619.467 -0.999788 0.0164852 -0.0123247 4115.73 -0.0115267 0.0476508 0.998798 0.222084
0.0239295 0.998487 -0.0495 619.467 -0.999636 0.0232805 -0.0136457 4115.72 -0.0124727 0.0498085 0.998681 0.222088
0.0320717 0.998169 -0.0512814 619.467 -0.999377 0.0312698 -0.016363 4115.72 -0.0147295 0.0517742 0.99855 0.222092
0.0427603 0.997655 -0.05344 619.467 -0.998961 0.0418514 -0.0180141 4115.72 -0.0157354 0.0541548 0.998409 0.222093
0.0539542 0.99717 -0.0523515 619.467 -0.998446 0.053142 -0.0167851 4115.72 -0.0139555 0.0531757 0.998488 0.222091
0.0655233 0.996552 -0.0509032 619.467 -0.997799 0.0649137 -0.0135388 4115.72 -0.0101878 0.0516783 0.998612 0.222089
0.0783169 0.995665 -0.0501857 619.467 -0.99691 0.0779093 -0.0100304 4115.72 -0.00607696 0.0508162 0.99869 0.222086
0.0902946 0.994594 -0.0512832 619.468 -0.995905 0.0899466 -0.00905871 4115.72 -0.00439699 0.0518912 0.998643 0.22209
0.102147 0.9934 -0.0521774 619.468 -0.994747 0.101652 -0.0120555 4115.72 -0.00667195 0.0531348 0.998565 0.222099
0.114735 0.992125 -0.0502326 619.468 -0.993359 0.114147 -0.0144435 4115.72 -0.00859589 0.0515562 0.998633 0.222108
0.126623 0.990737 -0.0490534 619.468 -0.991908 0.126002 -0.0155719 4115.72 -0.00924687 0.0506282 0.998675 0.222111
0.137583 0.98951 -0.0440642 619.468 -0.990415 0.136888 -0.0184491 4115.72 -0.0122237 0.0461801 0.998858 0.222114
0.145077 0.988575 -0.040884 619.468 -0.989351 0.144452 -0.0178605 4115.72 -0.0117507 0.0430397 0.999004 0.222113
0.149844 0.987921 -0.039491 619.468 -0.988601 0.149116 -0.0207893 4115.72 -0.0146495 0.042156 0.999004 0.22212
0.152836 0.987374 -0.0416419 619.468 -0.98808 0.151888 -0.0250704 4115.72 -0.018429 0.0449772 0.998818 0.222123
0.153048 0.987132 -0.0463335 619.468 -0.98811 0.152168 -0.0219818 4115.72 -0.0146485 0.0491469 0.998684 0.222116
0.151789 0.987276 -0.0473916 619.468 -0.988306 0.150892 -0.0219923 4115.71 -0.0145615 0.0501756 0.998634 0.222111
0.15085 0.987212 -0.0515359 619.468 -0.988488 0.150021 -0.0196191 4115.71 -0.0116367 0.0539022 0.998478 0.222106
0.150683 0.987023 -0.0555043 619.469 -0.988521 0.149813 -0.0195447 4115.71 -0.0109758 0.0578123 0.998267 0.222103
0.150265 0.986947 -0.0579364 619.469 -0.988501 0.14898 -0.0259067 4115.71 -0.0169372 0.061163 0.997984 0.222106
0.149317 0.987077 -0.0581607 619.469 -0.988591 0.147851 -0.0287595 4115.71 -0.0197887 0.0617915 0.997893 0.222105
0.147762 0.987337 -0.0577302 619.469 -0.988765 0.146139 -0.0314044 4115.71 -0.0225701 0.061722 0.997838 0.222105
0.146218 0.987575 -0.0575935 619.469 -0.988979 0.144559 -0.0319962 4115.71 -0.0232729 0.0616372 0.997827 0.222095
0.144185 0.987955 -0.0561682 619.469 -0.98926 0.142536 -0.0323625 4115.71 -0.0239667 0.0602312 0.997897 0.222085
0.142172 0.988286 -0.055471 619.469 -0.989564 0.140582 -0.0316063 4115.71 -0.0234379 0.0593857 0.99796 0.222076
0.140721 0.98844 -0.0564347 619.469 -0.989845 0.139304 -0.0283216 4115.71 -0.0201326 0.0598471 0.998005 0.222064
0.139641 0.988485 -0.0582907 619.469 -0.990112 0.138593 -0.0216688 4115.71 -0.0133406 0.0607402 0.998064 0.222044
0.138318 0.988787 -0.0562894 619.47 -0.990334 0.137497 -0.0182228 4115.71 -0.0102788 0.0582659 0.998248 0.222028
0.136909 0.989081 -0.0545427 619.47 -0.99049 0.135932 -0.0212689 4115.71 -0.0136226 0.0569359 0.998285 0.222022
0.135976 0.989344 -0.0520422 619.47 -0.990546 0.134803 -0.0254234 4115.7 -0.018137 0.0550072 0.998321 0.222018
0.133234 0.98992 -0.0480302 619.47 -0.990884 0.132076 -0.0265338 4115.7 -0.0199227 0.0511275 0.998493 0.222011
0.128362 0.990702 -0.0450948 619.47 -0.99151 0.127249 -0.0267374 4115.7 -0.0207505 0.048144 0.998625 0.222002
0.121074 0.991584 -0.04586 619.47 -0.992403 0.119898 -0.027589 4115.7 -0.0218583 0.0488519 0.998567 0.221991
0.112098 0.99264 -0.0458178 619.47 -0.993439 0.110899 -0.0279318 4115.7 -0.0226451 0.0486483 0.998559 0.221983
0.101904 0.99363 -0.048118 619.47 -0.994556 0.100702 -0.0267835 4115.7 -0.0217673 0.0505854 0.998483 0.221977
0.0899114 0.994763 -0.0486066 619.47 -0.995775 0.0888744 -0.0230947 4115.7 -0.0186539 0.0504777 0.998551 0.221969
0.078055 0.99589 -0.0459487 619.47 -0.996768 0.0770799 -0.0226286 4115.7 -0.0189939 0.0475665 0.998687 0.221962
0.0670743 0.996528 -0.0493168 619.47 -0.997406 0.0656752 -0.0294642 4115.7 -0.026123 0.0511652 0.998348 0.221962
0.0579721 0.996832 -0.0544521 619.471 -0.997698 0.0559269 -0.0383626 4115.7 -0.0351957 0.0565507 0.997779 0.221961
0.0508492 0.997163 -0.0554928 619.471 -0.997871 0.0484553 -0.0436634 4115.7 -0.0408506 0.0575949 0.997504 0.221948
0.0456791 0.997718 -0.0497288 619.471 -0.99798 0.043378 -0.0464087 4115.7 -0.0441456 0.0517483 0.997684 0.221925
0.0432859 0.997802 -0.050179 619.471 -0.997996 0.0408649 -0.0483094 4115.7 -0.0461526 0.0521696 0.997571 0.221903
0.0416391 0.997808 -0.0514252 619.471 -0.998042 0.0391339 -0.0487974 4115.7 -0.046678 0.0533563 0.997484 0.221879
0.0404536 0.997851 -0.05155 619.471 -0.998169 0.0380364 -0.0470387 4115.69 -0.0449768 0.0533585 0.997562 0.221846
0.0398445 0.99803 -0.0484671 619.471 -0.998264 0.0376544 -0.0452916 4115.69 -0.0433774 0.0501876 0.997797 0.221814
0.0402606 0.998057 -0.0475512 619.471 -0.998192 0.038049 -0.0465329 4115.69 -0.0446332 0.0493387 0.997784 0.221792
0.0422553 0.998012 -0.0467639 619.471 -0.998049 0.0400108 -0.0479352 4115.69 -0.0459688 0.0486981 0.997755 0.221775
0.0437246 0.99789 -0.0479891 619.471 -0.997921 0.0413486 -0.0494349 4115.69 -0.0473463 0.0500508 0.997624 0.221758
0.0456287 0.997625 -0.051605 619.471 -0.99784 0.0430726 -0.049604 4115.69 -0.0472634 0.0537568 0.997435 0.221737
0.0487847 0.997426 -0.0525518 619.471 -0.997651 0.0461278 -0.0506369 4115.69 -0.0480825 0.0548987 0.997334 0.221714
0.0531541 0.99726 -0.0514475 619.471 -0.997337 0.0504413 -0.0526656 4115.69 -0.0499262 0.0541099 0.997286 0.221695
0.058871 0.997084 -0.0485618 619.471 -0.996745 0.0560281 -0.057961 4115.69 -0.0550711 0.0518159 0.997137 0.221668
0.0643262 0.996803 -0.0473963 619.471 -0.99619 0.061339 -0.0619924 4115.69 -0.0588869 0.0512035 0.996951 0.221638
0.0688485 0.996529 -0.0467888 619.471 -0.995863 0.0658633 -0.0626001 4115.69 -0.0593012 0.0509051 0.996941 0.221608
0.0734508 0.996495 -0.0400261 619.471 -0.995645 0.0709599 -0.0604555 4115.69 -0.0574034 0.0442923 0.997368 0.221574
0.0778784 0.996281 -0.0368618 619.471 -0.995626 0.0758065 -0.0546145 4115.69 -0.0516171 0.0409538 0.997827 0.221529
0.0828237 0.996024 -0.0327986 619.471 -0.995346 0.0810511 -0.0521186 4115.68 -0.0492531 0.0369626 0.998102 0.221491
0.0874098 0.995714 -0.0302115 619.471 -0.994903 0.0857274 -0.0531013 4115.68 -0.0502838 0.0346991 0.998132 0.221467
0.0914341 0.995414 -0.0281102 619.471 -0.994591 0.0898889 -0.0520395 4115.68 -0.049274 0.0327164 0.998249 0.221439
0.0959314 0.994995 -0.0279806 619.472 -0.994321 0.0944892 -0.0489727 4115.68 -0.0460837 0.0325197 0.998408 0.221409
0.100655 0.994531 -0.0278572 619.472 -0.993881 0.0992306 -0.0485099 4115.68 -0.0454803 0.0325695 0.998434 0.221388
0.105419 0.994054 -0.0272658 619.472 -0.993303 0.103956 -0.0504256 4115.68 -0.0472914 0.032399 0.998356 0.221366
0.110423 0.993406 -0.0308356 619.472 -0.992803 0.108804 -0.0500303 4115.68 -0.0463454 0.0361382 0.998272 0.221333
0.114964 0.992791 -0.0339045 619.472 -0.992351 0.113234 -0.0491624 4115.68 -0.0449688 0.0392971 0.998215 0.2213
0.119644 0.992251 -0.0335152 619.472 -0.991916 0.11803 -0.0466063 4115.68 -0.0422894 0.0388205 0.998351 0.221258
0.123993 0.991871 -0.0285998 619.472 -0.991277 0.122518 -0.048572 4115.68 -0.0446731 0.0343729 0.99841 0.221227
0.128748 0.991363 -0.0249534 619.472 -0.990586 0.127385 -0.0501268 4115.68 -0.0465152 0.0311722 0.998431 0.221188
0.133347 0.990686 -0.027556 619.472 -0.990145 0.131971 -0.046859 4115.68 -0.0427859 0.033533 0.998521 0.221149
0.137384 0.990073 -0.029675 619.472 -0.989884 0.136162 -0.039868 4115.67 -0.0354316 0.034852 0.998764 0.221107
0.140567 0.989758 -0.0249167 619.472 -0.989602 0.139681 -0.0343141 4115.67 -0.0304823 0.029481 0.9991 0.221068
0.143931 0.989436 -0.0173339 619.473 -0.989006 0.143224 -0.0367878 4115.67 -0.0339165 0.0224382 0.999173 0.221039
0.146844 0.989037 -0.0155712 619.473 -0.988155 0.145968 -0.0473573 4115.67 -0.0445652 0.0223409 0.998757 0.221024
0.149098 0.988659 -0.0179955 619.473 -0.987256 0.147813 -0.0589579 4115.67 -0.0556293 0.0265567 0.998098 0.221003
0.15103 0.988405 -0.0156722 619.473 -0.98636 0.14963 -0.0685966 4115.67 -0.0654562 0.0258186 0.997521 0.220974
0.153125 0.988124 -0.0128322 619.473 -0.985758 0.151819 -0.0723381 4115.67 -0.0695309 0.0237262 0.997298 0.220944
0.156378 0.987592 -0.0144223 619.473 -0.985617 0.155085 -0.0671368 4115.67 -0.0640671 0.0247136 0.99764 0.220893
0.160717 0.986861 -0.0165865 619.473 -0.985353 0.159456 -0.060442 4115.67 -0.0570031 0.0260576 0.998034 0.220843
0.16514 0.986118 -0.0173379 619.473 -0.98489 0.163954 -0.0557783 4115.67 -0.0521613 0.0262871 0.998293 0.220798
0.169987 0.985261 -0.0191366 619.474 -0.984221 0.168775 -0.0531514 4115.67 -0.0491382 0.0278697 0.998403 0.220758
0.17426 0.984497 -0.0199636 619.474 -0.983607 0.173076 -0.0506092 4115.67 -0.0463694 0.0284555 0.998519 0.220716
0.178427 0.983718 -0.0215229 619.474 -0.98284 0.177143 -0.0514411 4115.67 -0.0467909 0.0303321 0.998444 0.220682
0.182475 0.982987 -0.020944 619.474 -0.981821 0.181043 -0.0570129 4115.66 -0.0522512 0.0309667 0.998154 0.220653
0.185789 0.982347 -0.0218461 619.474 -0.980915 0.184129 -0.0624759 4115.66 -0.0573505 0.0330365 0.997807 0.22063
0.188852 0.981746 -0.0225934 619.474 -0.979988 0.18694 -0.0683864 4115.66 -0.0629144 0.0350562 0.997403 0.220599
0.191079 0.981295 -0.0234193 619.475 -0.979228 0.188919 -0.0736356 4115.66 -0.0678339 0.0370031 0.99701 0.220564
0.192874 0.980942 -0.0234989 619.475 -0.978389 0.190443 -0.080544 4115.66 -0.0745338 0.0385259 0.996474 0.22053
0.194889 0.980559 -0.0228419 619.475 -0.977882 0.192449 -0.0819132 4115.66 -0.0759249 0.0383007 0.996378 0.22048
0.196175 0.980436 -0.0161434 619.475 -0.978163 0.194515 -0.0732165 4115.66 -0.068644 0.0301541 0.997185 0.220429
0.196848 0.980298 -0.0163406 619.475 -0.978872 0.195566 -0.0596935 4115.66 -0.0553217 0.0277459 0.998083 0.220366
0.197729 0.980076 -0.0187973 619.475 -0.979266 0.196631 -0.0487257 4115.66 -0.0440587 0.0280421 0.998635 0.220301
0.197709 0.980086 -0.0185095 619.475 -0.979158 0.196557 -0.0511306 4115.66 -0.0464743 0.0282327 0.99852 0.220262
0.198045 0.980065 -0.015843 619.476 -0.978698 0.196825 -0.0583878 4115.66 -0.0541056 0.027069 0.998168 0.220234
0.199605 0.979725 -0.017207 619.476 -0.978322 0.198269 -0.0597888 4115.66 -0.055165 0.0287681 0.998063 0.220198
0.200765 0.979428 -0.0203507 619.476 -0.978181 0.199289 -0.0586988 4115.66 -0.0534355 0.0316913 0.998068 0.22016
0.202574 0.97895 -0.0249318 619.476 -0.977836 0.200836 -0.0591721 4115.65 -0.0529193 0.0363659 0.997936 0.220127
0.204264 0.978616 -0.0242133 619.476 -0.977198 0.202379 -0.0642476 4115.65 -0.0579735 0.0367847 0.99764 0.220098
0.205318 0.978459 -0.0214951 619.476 -0.976723 0.203461 -0.0679409 4115.65 -0.062104 0.0349443 0.997458 0.220062
0.206478 0.978239 -0.0203636 619.477 -0.976542 0.204731 -0.0667127 4115.65 -0.0610919 0.0336606 0.997564 0.220015
