timestamp (ns), T_wf(00), T_wf(01), T_wf(02), T_wf(03), T_wf(10), T_wf(11), T_wf(12), T_wf(13), T_wf(20), T_wf(21), T_wf(22), T_wf(23)
1677765303739000064,0.99924,-0.03131,-0.02325,6.55180,-0.03523,-0.98044,-0.19366,-33.75876,-0.01673,0.19434,-0.98079,-1.74680
1677765303749000192,0.99924,-0.03137,-0.02331,6.55183,-0.03529,-0.98047,-0.19346,-33.75903,-0.01679,0.19413,-0.98083,-1.74680
1677765303759000064,0.99923,-0.03144,-0.02344,6.55185,-0.03538,-0.98053,-0.19315,-33.75935,-0.01691,0.19383,-0.98089,-1.74680
1677765303768999936,0.99922,-0.03152,-0.02361,6.55187,-0.03549,-0.98060,-0.19277,-33.75971,-0.01708,0.19346,-0.98096,-1.74680
1677765303779000064,0.99922,-0.03161,-0.02380,6.55189,-0.03561,-0.98068,-0.19234,-33.76013,-0.01726,0.19304,-0.98104,-1.74680
1677765303788999936,0.99921,-0.03171,-0.02404,6.55190,-0.03574,-0.98078,-0.19182,-33.76061,-0.01749,0.19253,-0.98114,-1.74680
1677765303799000064,0.99920,-0.03184,-0.02432,6.55192,-0.03591,-0.98089,-0.19124,-33.76116,-0.01777,0.19196,-0.98124,-1.74680
1677765303808999936,0.99919,-0.03199,-0.02461,6.55195,-0.03611,-0.98100,-0.19063,-33.76177,-0.01804,0.19137,-0.98135,-1.74690
1677765303819000064,0.99917,-0.03220,-0.02488,6.55199,-0.03635,-0.98111,-0.19002,-33.76245,-0.01829,0.19077,-0.98146,-1.74690
1677765303828999936,0.99916,-0.03244,-0.02510,6.55220,-0.03661,-0.98121,-0.18942,-33.76368,-0.01849,0.19018,-0.98158,-1.74700
1677765303839000064,0.99915,-0.03268,-0.02532,6.55243,-0.03688,-0.98132,-0.18882,-33.76505,-0.01868,0.18959,-0.98169,-1.74720
1677765303848999936,0.99913,-0.03288,-0.02554,6.55270,-0.03711,-0.98143,-0.18822,-33.76653,-0.01888,0.18900,-0.98180,-1.74730
1677765303859000064,0.99912,-0.03300,-0.02575,6.55298,-0.03725,-0.98154,-0.18760,-33.76815,-0.01908,0.18840,-0.98191,-1.74730
1677765303869000192,0.99911,-0.03313,-0.02602,6.55332,-0.03742,-0.98165,-0.18696,-33.76990,-0.01935,0.18777,-0.98202,-1.74730
1677765303879000064,0.99910,-0.03326,-0.02639,6.55370,-0.03760,-0.98178,-0.18629,-33.77176,-0.01971,0.18711,-0.98214,-1.74730
1677765303889000192,0.99908,-0.03339,-0.02690,6.55412,-0.03781,-0.98189,-0.18562,-33.77371,-0.02021,0.18646,-0.98225,-1.74720
1677765303899000064,0.99906,-0.03353,-0.02749,6.55458,-0.03805,-0.98200,-0.18499,-33.77581,-0.02079,0.18586,-0.98236,-1.74720
1677765303909000192,0.99904,-0.03377,-0.02792,6.55513,-0.03836,-0.98210,-0.18443,-33.77811,-0.02120,0.18533,-0.98245,-1.74720
1677765303919000064,0.99902,-0.03414,-0.02817,6.55572,-0.03875,-0.98218,-0.18392,-33.78061,-0.02139,0.18483,-0.98254,-1.74720
1677765303929000192,0.99901,-0.03455,-0.02819,6.55632,-0.03914,-0.98225,-0.18343,-33.78337,-0.02135,0.18436,-0.98263,-1.74740
1677765303939000064,0.99900,-0.03494,-0.02785,6.55693,-0.03946,-0.98233,-0.18295,-33.78641,-0.02096,0.18386,-0.98273,-1.74760
1677765303949000192,0.99901,-0.03529,-0.02715,6.55753,-0.03966,-0.98241,-0.18247,-33.78976,-0.02023,0.18337,-0.98284,-1.74780
1677765303959000064,0.99902,-0.03553,-0.02623,6.55810,-0.03972,-0.98249,-0.18204,-33.79332,-0.01930,0.18290,-0.98294,-1.74800
1677765303969000192,0.99904,-0.03574,-0.02533,6.55869,-0.03976,-0.98255,-0.18169,-33.79701,-0.01839,0.18252,-0.98303,-1.74810
1677765303979000064,0.99905,-0.03597,-0.02469,6.55932,-0.03986,-0.98260,-0.18143,-33.80075,-0.01774,0.18224,-0.98309,-1.74820
1677765303989000192,0.99905,-0.03605,-0.02438,6.55998,-0.03988,-0.98262,-0.18129,-33.80449,-0.01742,0.18209,-0.98313,-1.74810
1677765303999000064,0.99906,-0.03590,-0.02435,6.56064,-0.03973,-0.98262,-0.18131,-33.80822,-0.01741,0.18211,-0.98312,-1.74770
1677765304008999936,0.99907,-0.03544,-0.02456,6.56127,-0.03932,-0.98260,-0.18152,-33.81194,-0.01770,0.18232,-0.98308,-1.74720
1677765304019000064,0.99908,-0.03483,-0.02507,6.56191,-0.03881,-0.98255,-0.18193,-33.81563,-0.01830,0.18273,-0.98299,-1.74650
1677765304028999936,0.99908,-0.03430,-0.02569,6.56262,-0.03843,-0.98245,-0.18251,-33.81939,-0.01898,0.18333,-0.98287,-1.74590
1677765304039000064,0.99908,-0.03386,-0.02616,6.56339,-0.03809,-0.98233,-0.18322,-33.82324,-0.01950,0.18405,-0.98272,-1.74530
1677765304048999936,0.99909,-0.03344,-0.02641,6.56422,-0.03774,-0.98220,-0.18403,-33.82725,-0.01979,0.18486,-0.98257,-1.74480
1677765304059000064,0.99910,-0.03298,-0.02650,6.56507,-0.03732,-0.98204,-0.18492,-33.83140,-0.01992,0.18575,-0.98240,-1.74440
1677765304068999936,0.99912,-0.03258,-0.02640,6.56600,-0.03693,-0.98188,-0.18589,-33.83569,-0.01987,0.18670,-0.98222,-1.74410
1677765304079000064,0.99914,-0.03233,-0.02614,6.56701,-0.03666,-0.98170,-0.18690,-33.84012,-0.01962,0.18769,-0.98203,-1.74400
1677765304088999936,0.99915,-0.03218,-0.02575,6.56811,-0.03645,-0.98150,-0.18798,-33.84464,-0.01922,0.18876,-0.98184,-1.74390
1677765304099000064,0.99915,-0.03229,-0.02548,6.56934,-0.03653,-0.98127,-0.18916,-33.84916,-0.01890,0.18993,-0.98162,-1.74390
1677765304108999936,0.99915,-0.03248,-0.02546,6.57066,-0.03674,-0.98100,-0.19050,-33.85360,-0.01879,0.19127,-0.98136,-1.74380
1677765304119000320,0.99915,-0.03252,-0.02551,6.57204,-0.03683,-0.98070,-0.19203,-33.85797,-0.01877,0.19280,-0.98106,-1.74360
1677765304129000192,0.99914,-0.03252,-0.02560,6.57347,-0.03687,-0.98036,-0.19375,-33.86225,-0.01880,0.19453,-0.98072,-1.74330
1677765304139000064,0.99914,-0.03238,-0.02595,6.57492,-0.03684,-0.97998,-0.19567,-33.86640,-0.01910,0.19645,-0.98033,-1.74290
1677765304149000192,0.99913,-0.03203,-0.02659,6.57633,-0.03667,-0.97957,-0.19774,-33.87035,-0.01971,0.19854,-0.97989,-1.74240
1677765304159000064,0.99913,-0.03131,-0.02738,6.57762,-0.03616,-0.97914,-0.19995,-33.87417,-0.02055,0.20077,-0.97942,-1.74190
1677765304169000192,0.99915,-0.02997,-0.02832,6.57871,-0.03509,-0.97869,-0.20232,-33.87788,-0.02165,0.20314,-0.97891,-1.74130
1677765304179000064,0.99917,-0.02834,-0.02933,6.57967,-0.03376,-0.97821,-0.20483,-33.88147,-0.02289,0.20565,-0.97836,-1.74060
1677765304189000192,0.99918,-0.02685,-0.03038,6.58065,-0.03258,-0.97772,-0.20739,-33.88500,-0.02414,0.20821,-0.97779,-1.74000
1677765304199000064,0.99917,-0.02598,-0.03127,6.58177,-0.03197,-0.97721,-0.20986,-33.88854,-0.02511,0.21068,-0.97723,-1.73970
1677765304209000192,0.99917,-0.02569,-0.03173,6.58304,-0.03185,-0.97671,-0.21219,-33.89224,-0.02554,0.21303,-0.97671,-1.73960
1677765304219000064,0.99917,-0.02558,-0.03164,6.58441,-0.03178,-0.97622,-0.21443,-33.89609,-0.02540,0.21526,-0.97623,-1.73950
1677765304229000192,0.99919,-0.02548,-0.03120,6.58587,-0.03164,-0.97574,-0.21664,-33.90002,-0.02492,0.21745,-0.97575,-1.73930
1677765304239000064,0.99920,-0.02548,-0.03067,6.58740,-0.03158,-0.97524,-0.21887,-33.90395,-0.02433,0.21966,-0.97527,-1.73920
1677765304249000192,0.99921,-0.02567,-0.03019,6.58908,-0.03173,-0.97472,-0.22118,-33.90785,-0.02375,0.22197,-0.97476,-1.73920
1677765304259000064,0.99921,-0.02607,-0.02995,6.59088,-0.03212,-0.97415,-0.22361,-33.91163,-0.02334,0.22440,-0.97422,-1.73920
1677765304268999936,0.99920,-0.02634,-0.02997,6.59269,-0.03245,-0.97355,-0.22617,-33.91526,-0.02322,0.22696,-0.97363,-1.73920
1677765304279000064,0.99921,-0.02598,-0.03012,6.59434,-0.03219,-0.97293,-0.22886,-33.91878,-0.02336,0.22965,-0.97299,-1.73910
1677765304288999936,0.99923,-0.02487,-0.03037,6.59575,-0.03124,-0.97230,-0.23164,-33.92220,-0.02377,0.23241,-0.97233,-1.73880
1677765304299000064,0.99926,-0.02320,-0.03073,6.59693,-0.02977,-0.97166,-0.23448,-33.92555,-0.02442,0.23522,-0.97163,-1.73850
1677765304308999936,0.99928,-0.02151,-0.03124,6.59804,-0.02832,-0.97101,-0.23735,-33.92884,-0.02523,0.23807,-0.97092,-1.73830
1677765304319000064,0.99929,-0.02034,-0.03186,6.59923,-0.02740,-0.97034,-0.24018,-33.93208,-0.02603,0.24088,-0.97021,-1.73830
1677765304328999936,0.99927,-0.02013,-0.03234,6.60067,-0.02739,-0.96968,-0.24282,-33.93539,-0.02647,0.24353,-0.96953,-1.73860
1677765304339000064,0.99926,-0.02067,-0.03243,6.60234,-0.02800,-0.96908,-0.24516,-33.93885,-0.02636,0.24588,-0.96894,-1.73900
1677765304348999936,0.99926,-0.02113,-0.03204,6.60405,-0.02841,-0.96852,-0.24732,-33.94246,-0.02581,0.24804,-0.96840,-1.73900
1677765304359000064,0.99928,-0.02143,-0.03132,6.60577,-0.02858,-0.96796,-0.24946,-33.94617,-0.02497,0.25017,-0.96788,-1.73890
1677765304369000192,0.99931,-0.02149,-0.03042,6.60754,-0.02846,-0.96740,-0.25166,-33.94990,-0.02402,0.25235,-0.96734,-1.73860
1677765304379000064,0.99933,-0.02162,-0.02953,6.60945,-0.02842,-0.96679,-0.25398,-33.95360,-0.02306,0.25465,-0.96676,-1.73830
1677765304389000192,0.99935,-0.02196,-0.02876,6.61151,-0.02861,-0.96613,-0.25648,-33.95722,-0.02215,0.25714,-0.96612,-1.73820
1677765304399000064,0.99936,-0.02224,-0.02792,6.61367,-0.02873,-0.96540,-0.25918,-33.96082,-0.02119,0.25981,-0.96543,-1.73820
1677765304409000192,0.99939,-0.02252,-0.02685,6.61593,-0.02878,-0.96462,-0.26208,-33.96440,-0.02000,0.26269,-0.96467,-1.73830
1677765304419000064,0.99941,-0.02277,-0.02570,6.61820,-0.02877,-0.96376,-0.26523,-33.96793,-0.01873,0.26581,-0.96384,-1.73870
1677765304429000192,0.99944,-0.02274,-0.02438,6.62041,-0.02846,-0.96282,-0.26866,-33.97149,-0.01736,0.26920,-0.96293,-1.73910
1677765304439000064,0.99948,-0.02287,-0.02288,6.62268,-0.02824,-0.96181,-0.27226,-33.97502,-0.01578,0.27276,-0.96195,-1.73960
1677765304449000192,0.99949,-0.02341,-0.02150,6.62509,-0.02844,-0.96075,-0.27596,-33.97847,-0.01419,0.27643,-0.96093,-1.74030
1677765304459000064,0.99949,-0.02456,-0.02052,6.62766,-0.02933,-0.95963,-0.27972,-33.98176,-0.01282,0.28018,-0.95986,-1.74100
1677765304469000192,0.99946,-0.02597,-0.01999,6.63028,-0.03058,-0.95850,-0.28345,-33.98491,-0.01180,0.28391,-0.95878,-1.74170
1677765304479000064,0.99944,-0.02714,-0.01982,6.63279,-0.03169,-0.95736,-0.28714,-33.98798,-0.01118,0.28761,-0.95768,-1.74220
1677765304489000192,0.99942,-0.02775,-0.01974,6.63509,-0.03229,-0.95626,-0.29073,-33.99104,-0.01081,0.29120,-0.95660,-1.74250
1677765304499000064,0.99942,-0.02767,-0.01968,6.63716,-0.03224,-0.95520,-0.29419,-33.99412,-0.01066,0.29465,-0.95554,-1.74250
1677765304508999936,0.99944,-0.02716,-0.01966,6.63906,-0.03178,-0.95420,-0.29747,-33.99723,-0.01068,0.29792,-0.95453,-1.74230
1677765304519000064,0.99946,-0.02646,-0.01948,6.64091,-0.03110,-0.95326,-0.30056,-34.00041,-0.01061,0.30100,-0.95356,-1.74200
1677765304528999936,0.99948,-0.02592,-0.01920,6.64279,-0.03053,-0.95233,-0.30352,-34.00364,-0.01042,0.30395,-0.95263,-1.74170
1677765304539000064,0.99949,-0.02557,-0.01900,6.64473,-0.03017,-0.95141,-0.30643,-34.00685,-0.01024,0.30685,-0.95170,-1.74140
1677765304548999936,0.99950,-0.02525,-0.01892,6.64669,-0.02987,-0.95045,-0.30943,-34.00996,-0.01017,0.30984,-0.95073,-1.74120
1677765304559000064,0.99951,-0.02492,-0.01897,6.64863,-0.02960,-0.94942,-0.31260,-34.01300,-0.01022,0.31301,-0.94970,-1.74090
1677765304568999936,0.99951,-0.02489,-0.01894,6.65066,-0.02960,-0.94833,-0.31589,-34.01598,-0.01010,0.31630,-0.94861,-1.74080
1677765304579000064,0.99951,-0.02512,-0.01873,6.65279,-0.02979,-0.94720,-0.31927,-34.01893,-0.00972,0.31967,-0.94748,-1.74080
1677765304588999936,0.99950,-0.02562,-0.01844,6.65503,-0.03020,-0.94603,-0.32266,-34.02189,-0.00917,0.32306,-0.94633,-1.74100
1677765304599000064,0.99949,-0.02624,-0.01798,6.65735,-0.03068,-0.94486,-0.32603,-34.02486,-0.00843,0.32642,-0.94519,-1.74130
1677765304608999936,0.99949,-0.02677,-0.01725,6.65969,-0.03096,-0.94369,-0.32938,-34.02787,-0.00746,0.32975,-0.94404,-1.74150
1677765304619000320,0.99950,-0.02721,-0.01638,6.66200,-0.03111,-0.94249,-0.33277,-34.03089,-0.00638,0.33312,-0.94286,-1.74180
1677765304629000192,0.99951,-0.02730,-0.01557,6.66423,-0.03095,-0.94127,-0.33623,-34.03385,-0.00548,0.33654,-0.94165,-1.74200
1677765304639000064,0.99952,-0.02698,-0.01498,6.66631,-0.03046,-0.94003,-0.33973,-34.03671,-0.00491,0.34002,-0.94040,-1.74220
1677765304649000192,0.99954,-0.02648,-0.01471,6.66831,-0.02992,-0.93875,-0.34330,-34.03943,-0.00472,0.34358,-0.93911,-1.74220
1677765304659000064,0.99955,-0.02612,-0.01462,6.67030,-0.02957,-0.93745,-0.34687,-34.04206,-0.00465,0.34715,-0.93780,-1.74230
1677765304669000192,0.99955,-0.02605,-0.01476,6.67239,-0.02957,-0.93614,-0.35038,-34.04460,-0.00469,0.35066,-0.93649,-1.74240
1677765304679000064,0.99954,-0.02636,-0.01502,6.67458,-0.02997,-0.93484,-0.35381,-34.04708,-0.00471,0.35410,-0.93520,-1.74250
1677765304689000192,0.99953,-0.02668,-0.01514,6.67682,-0.03033,-0.93354,-0.35718,-34.04958,-0.00461,0.35747,-0.93391,-1.74240
1677765304699000064,0.99953,-0.02686,-0.01490,6.67902,-0.03042,-0.93229,-0.36044,-34.05221,-0.00421,0.36073,-0.93266,-1.74230
1677765304709000192,0.99954,-0.02672,-0.01429,6.68118,-0.03009,-0.93107,-0.36360,-34.05493,-0.00359,0.36386,-0.93145,-1.74200
1677765304719000064,0.99955,-0.02655,-0.01365,6.68336,-0.02971,-0.92987,-0.36668,-34.05767,-0.00296,0.36692,-0.93025,-1.74180
1677765304729000192,0.99955,-0.02682,-0.01329,6.68562,-0.02984,-0.92866,-0.36972,-34.06036,-0.00242,0.36995,-0.92905,-1.74200
1677765304739000064,0.99954,-0.02731,-0.01328,6.68789,-0.03030,-0.92746,-0.37270,-34.06295,-0.00214,0.37293,-0.92786,-1.74240
1677765304749000192,0.99953,-0.02743,-0.01341,6.69001,-0.03046,-0.92627,-0.37562,-34.06546,-0.00211,0.37585,-0.92668,-1.74270
1677765304759000064,0.99954,-0.02720,-0.01377,6.69193,-0.03039,-0.92514,-0.37842,-34.06792,-0.00244,0.37866,-0.92553,-1.74290
1677765304768999936,0.99954,-0.02683,-0.01444,6.69369,-0.03031,-0.92406,-0.38105,-34.07033,-0.00312,0.38131,-0.92444,-1.74300
1677765304779000064,0.99954,-0.02627,-0.01525,6.69532,-0.03011,-0.92307,-0.38344,-34.07272,-0.00401,0.38372,-0.92344,-1.74280
1677765304788999936,0.99953,-0.02592,-0.01618,6.69693,-0.03016,-0.92220,-0.38553,-34.07514,-0.00493,0.38584,-0.92255,-1.74250
1677765304799000064,0.99953,-0.02572,-0.01695,6.69853,-0.03028,-0.92143,-0.38737,-34.07767,-0.00566,0.38770,-0.92177,-1.74210
1677765304808999936,0.99953,-0.02529,-0.01722,6.70008,-0.03000,-0.92073,-0.38906,-34.08036,-0.00602,0.38939,-0.92105,-1.74160
1677765304819000064,0.99955,-0.02470,-0.01720,6.70160,-0.02946,-0.92007,-0.39065,-34.08316,-0.00618,0.39098,-0.92038,-1.74100
1677765304828999936,0.99956,-0.02434,-0.01711,6.70316,-0.02910,-0.91942,-0.39221,-34.08599,-0.00619,0.39253,-0.91972,-1.74060
1677765304839000064,0.99957,-0.02406,-0.01698,6.70479,-0.02880,-0.91876,-0.39378,-34.08883,-0.00613,0.39409,-0.91905,-1.74030
1677765304848999936,0.99957,-0.02392,-0.01688,6.70648,-0.02865,-0.91808,-0.39535,-34.09164,-0.00604,0.39567,-0.91837,-1.74020
1677765304859000064,0.99958,-0.02367,-0.01700,6.70817,-0.02848,-0.91738,-0.39699,-34.09436,-0.00620,0.39731,-0.91766,-1.74010
1677765304869000192,0.99958,-0.02335,-0.01725,6.70986,-0.02829,-0.91662,-0.39875,-34.09697,-0.00650,0.39907,-0.91690,-1.74000
1677765304879000064,0.99958,-0.02295,-0.01763,6.71155,-0.02809,-0.91581,-0.40062,-34.09949,-0.00695,0.40095,-0.91607,-1.73980
1677765304889000192,0.99958,-0.02263,-0.01816,6.71331,-0.02803,-0.91495,-0.40258,-34.10194,-0.00751,0.40292,-0.91520,-1.73960
1677765304899000064,0.99957,-0.02257,-0.01877,6.71524,-0.02823,-0.91405,-0.40462,-34.10433,-0.00802,0.40498,-0.91429,-1.73950
1677765304909000192,0.99956,-0.02265,-0.01937,6.71730,-0.02857,-0.91311,-0.40672,-34.10671,-0.00848,0.40709,-0.91335,-1.73930
1677765304919000064,0.99954,-0.02277,-0.01979,6.71943,-0.02887,-0.91212,-0.40890,-34.10914,-0.00874,0.40928,-0.91237,-1.73930
1677765304929000192,0.99954,-0.02267,-0.01995,6.72159,-0.02887,-0.91108,-0.41122,-34.11164,-0.00885,0.41161,-0.91132,-1.73930
1677765304939000064,0.99955,-0.02250,-0.01975,6.72382,-0.02865,-0.90997,-0.41368,-34.11422,-0.00866,0.41407,-0.91021,-1.73930
1677765304949000192,0.99956,-0.02252,-0.01929,6.72621,-0.02851,-0.90881,-0.41622,-34.11688,-0.00815,0.41659,-0.90906,-1.73960
1677765304959000064,0.99956,-0.02290,-0.01895,6.72873,-0.02874,-0.90765,-0.41875,-34.11955,-0.00761,0.41911,-0.90790,-1.74000
1677765304969000192,0.99955,-0.02352,-0.01863,6.73138,-0.02918,-0.90648,-0.42124,-34.12225,-0.00698,0.42159,-0.90676,-1.74060
1677765304979000064,0.99953,-0.02439,-0.01833,6.73415,-0.02986,-0.90534,-0.42363,-34.12498,-0.00627,0.42398,-0.90565,-1.74110
1677765304989000192,0.99951,-0.02545,-0.01824,6.73699,-0.03079,-0.90426,-0.42587,-34.12775,-0.00565,0.42623,-0.90460,-1.74150
1677765304999000064,0.99948,-0.02635,-0.01840,6.73977,-0.03169,-0.90321,-0.42804,-34.13048,-0.00534,0.42840,-0.90357,-1.74170
1677765305008999936,0.99946,-0.02700,-0.01880,6.74248,-0.03246,-0.90216,-0.43017,-34.13319,-0.00535,0.43055,-0.90255,-1.74170
1677765305019000064,0.99944,-0.02747,-0.01922,6.74511,-0.03308,-0.90112,-0.43230,-34.13592,-0.00544,0.43269,-0.90152,-1.74160
1677765305028999936,0.99943,-0.02763,-0.01949,6.74771,-0.03336,-0.90008,-0.43445,-34.13870,-0.00553,0.43485,-0.90048,-1.74150
1677765305039000064,0.99942,-0.02770,-0.01956,6.75030,-0.03346,-0.89904,-0.43659,-34.14154,-0.00549,0.43700,-0.89945,-1.74150
1677765305048999936,0.99942,-0.02791,-0.01951,6.75293,-0.03364,-0.89803,-0.43864,-34.14448,-0.00527,0.43904,-0.89845,-1.74170
1677765305059000064,0.99941,-0.02842,-0.01931,6.75563,-0.03402,-0.89710,-0.44052,-34.14757,-0.00481,0.44092,-0.89753,-1.74210
1677765305068999936,0.99940,-0.02914,-0.01896,6.75838,-0.03452,-0.89625,-0.44219,-34.15081,-0.00411,0.44258,-0.89672,-1.74250
1677765305079000064,0.99938,-0.02988,-0.01861,6.76111,-0.03503,-0.89551,-0.44365,-34.15418,-0.00341,0.44403,-0.89601,-1.74290
1677765305088999936,0.99936,-0.03063,-0.01836,6.76379,-0.03560,-0.89488,-0.44489,-34.15763,-0.00281,0.44526,-0.89540,-1.74320
1677765305099000064,0.99934,-0.03128,-0.01835,6.76641,-0.03618,-0.89434,-0.44592,-34.16114,-0.00246,0.44629,-0.89489,-1.74330
1677765305108999936,0.99932,-0.03190,-0.01854,6.76902,-0.03682,-0.89389,-0.44677,-34.16469,-0.00232,0.44715,-0.89445,-1.74320
1677765305119000320,0.99930,-0.03242,-0.01877,6.77160,-0.03739,-0.89348,-0.44753,-34.16828,-0.00226,0.44792,-0.89407,-1.74310
1677765305129000192,0.99928,-0.03269,-0.01907,6.77412,-0.03777,-0.89310,-0.44827,-34.17189,-0.00238,0.44867,-0.89370,-1.74300
1677765305139000064,0.99927,-0.03283,-0.01936,6.77662,-0.03803,-0.89271,-0.44902,-34.17553,-0.00254,0.44943,-0.89331,-1.74290
1677765305149000192,0.99927,-0.03284,-0.01949,6.77907,-0.03810,-0.89230,-0.44983,-34.17925,-0.00262,0.45024,-0.89290,-1.74280
1677765305159000064,0.99927,-0.03278,-0.01950,6.78151,-0.03805,-0.89187,-0.45068,-34.18304,-0.00261,0.45109,-0.89247,-1.74280
1677765305169000192,0.99927,-0.03275,-0.01944,6.78396,-0.03800,-0.89143,-0.45155,-34.18686,-0.00255,0.45197,-0.89203,-1.74290
1677765305179000064,0.99927,-0.03296,-0.01952,6.78648,-0.03823,-0.89099,-0.45242,-34.19070,-0.00248,0.45283,-0.89159,-1.74300
1677765305189000192,0.99924,-0.03348,-0.01985,6.78910,-0.03885,-0.89053,-0.45326,-34.19451,-0.00250,0.45368,-0.89116,-1.74320
1677765305199000064,0.99921,-0.03423,-0.02038,6.79180,-0.03975,-0.89007,-0.45409,-34.19830,-0.00260,0.45454,-0.89072,-1.74350
1677765305209000192,0.99917,-0.03496,-0.02098,6.79454,-0.04068,-0.88959,-0.45495,-34.20209,-0.00276,0.45542,-0.89027,-1.74380
1677765305219000064,0.99913,-0.03564,-0.02166,6.79730,-0.04160,-0.88909,-0.45583,-34.20586,-0.00301,0.45634,-0.88980,-1.74420
1677765305229000192,0.99909,-0.03632,-0.02232,6.80011,-0.04251,-0.88858,-0.45675,-34.20963,-0.00324,0.45728,-0.88931,-1.74450
1677765305239000064,0.99906,-0.03690,-0.02281,6.80293,-0.04325,-0.88808,-0.45766,-34.21344,-0.00337,0.45821,-0.88884,-1.74490
1677765305249000192,0.99903,-0.03751,-0.02314,6.80580,-0.04395,-0.88761,-0.45850,-34.21734,-0.00335,0.45907,-0.88839,-1.74510
1677765305259000064,0.99900,-0.03808,-0.02332,6.80870,-0.04454,-0.88718,-0.45927,-34.22132,-0.00320,0.45985,-0.88799,-1.74540
1677765305268999936,0.99898,-0.03855,-0.02346,6.81159,-0.04503,-0.88677,-0.46001,-34.22533,-0.00307,0.46059,-0.88761,-1.74550
1677765305279000064,0.99896,-0.03891,-0.02367,6.81444,-0.04544,-0.88637,-0.46074,-34.22936,-0.00306,0.46134,-0.88722,-1.74570
1677765305288999936,0.99895,-0.03917,-0.02391,6.81727,-0.04579,-0.88596,-0.46149,-34.23341,-0.00311,0.46210,-0.88682,-1.74580
1677765305299000064,0.99893,-0.03942,-0.02422,6.82010,-0.04615,-0.88556,-0.46222,-34.23745,-0.00323,0.46284,-0.88644,-1.74600
1677765305308999936,0.99890,-0.03978,-0.02471,6.82294,-0.04670,-0.88516,-0.46293,-34.24148,-0.00346,0.46358,-0.88605,-1.74630
1677765305319000064,0.99887,-0.04016,-0.02532,6.82578,-0.04732,-0.88478,-0.46361,-34.24552,-0.00378,0.46428,-0.88568,-1.74660
1677765305328999936,0.99884,-0.04052,-0.02599,6.82862,-0.04796,-0.88441,-0.46424,-34.24953,-0.00417,0.46494,-0.88533,-1.74690
1677765305339000064,0.99881,-0.04076,-0.02674,6.83138,-0.04852,-0.88408,-0.46481,-34.25358,-0.00469,0.46555,-0.88501,-1.74720
1677765305348999936,0.99880,-0.04077,-0.02730,6.83405,-0.04880,-0.88380,-0.46532,-34.25770,-0.00515,0.46609,-0.88472,-1.74740
1677765305359000064,0.99879,-0.04065,-0.02772,6.83662,-0.04888,-0.88354,-0.46580,-34.26187,-0.00555,0.46659,-0.88445,-1.74750
1677765305369000192,0.99879,-0.04049,-0.02800,6.83914,-0.04888,-0.88328,-0.46628,-34.26610,-0.00585,0.46709,-0.88419,-1.74750
1677765305379000064,0.99880,-0.04030,-0.02790,6.84160,-0.04867,-0.88303,-0.46678,-34.27039,-0.00582,0.46758,-0.88393,-1.74740
1677765305389000192,0.99881,-0.04012,-0.02764,6.84402,-0.04839,-0.88276,-0.46732,-34.27472,-0.00565,0.46810,-0.88366,-1.74740
1677765305399000064,0.99883,-0.03993,-0.02724,6.84640,-0.04804,-0.88249,-0.46788,-34.27909,-0.00536,0.46864,-0.88337,-1.74740
1677765305409000192,0.99886,-0.03961,-0.02667,6.84872,-0.04750,-0.88220,-0.46847,-34.28346,-0.00497,0.46920,-0.88308,-1.74730
1677765305419000064,0.99889,-0.03924,-0.02620,6.85100,-0.04695,-0.88191,-0.46907,-34.28780,-0.00469,0.46977,-0.88277,-1.74730
1677765305429000192,0.99891,-0.03877,-0.02584,6.85320,-0.04637,-0.88162,-0.46967,-34.29215,-0.00457,0.47036,-0.88246,-1.74720
1677765305439000064,0.99894,-0.03820,-0.02554,6.85536,-0.04572,-0.88132,-0.47030,-34.29645,-0.00455,0.47098,-0.88213,-1.74700
1677765305449000192,0.99897,-0.03762,-0.02536,6.85753,-0.04514,-0.88100,-0.47097,-34.30070,-0.00462,0.47163,-0.88179,-1.74690
1677765305459000064,0.99899,-0.03711,-0.02524,6.85973,-0.04463,-0.88065,-0.47167,-34.30489,-0.00473,0.47232,-0.88142,-1.74680
1677765305469000192,0.99901,-0.03672,-0.02519,6.86197,-0.04427,-0.88026,-0.47242,-34.30903,-0.00483,0.47306,-0.88102,-1.74670
1677765305479000064,0.99902,-0.03640,-0.02502,6.86424,-0.04391,-0.87985,-0.47323,-34.31317,-0.00479,0.47386,-0.88059,-1.74670
1677765305489000192,0.99905,-0.03605,-0.02454,6.86652,-0.04338,-0.87941,-0.47409,-34.31734,-0.00449,0.47470,-0.88013,-1.74670
1677765305499000064,0.99907,-0.03589,-0.02399,6.86887,-0.04298,-0.87896,-0.47496,-34.32154,-0.00404,0.47555,-0.87968,-1.74690
1677765305508999936,0.99908,-0.03596,-0.02347,6.87127,-0.04280,-0.87852,-0.47578,-34.32574,-0.00351,0.47635,-0.87925,-1.74700
1677765305519000064,0.99909,-0.03608,-0.02289,6.87370,-0.04263,-0.87812,-0.47655,-34.32997,-0.00290,0.47709,-0.87885,-1.74720
1677765305528999936,0.99909,-0.03621,-0.02232,6.87613,-0.04247,-0.87774,-0.47724,-34.33423,-0.00231,0.47776,-0.87849,-1.74730
1677765305539000064,0.99910,-0.03626,-0.02182,6.87855,-0.04228,-0.87742,-0.47786,-34.33851,-0.00182,0.47835,-0.87817,-1.74730
1677765305548999936,0.99912,-0.03616,-0.02143,6.88094,-0.04201,-0.87711,-0.47844,-34.34276,-0.00150,0.47892,-0.87786,-1.74720
1677765305559000064,0.99913,-0.03596,-0.02122,6.88334,-0.04173,-0.87681,-0.47903,-34.34698,-0.00138,0.47950,-0.87754,-1.74710
1677765305568999936,0.99914,-0.03576,-0.02116,6.88574,-0.04153,-0.87649,-0.47963,-34.35116,-0.00139,0.48010,-0.87721,-1.74700
1677765305579000064,0.99915,-0.03549,-0.02110,6.88814,-0.04126,-0.87617,-0.48024,-34.35536,-0.00144,0.48070,-0.87688,-1.74680
1677765305588999936,0.99915,-0.03526,-0.02117,6.89060,-0.04110,-0.87586,-0.48082,-34.35955,-0.00159,0.48128,-0.87656,-1.74680
1677765305599000064,0.99916,-0.03512,-0.02124,6.89309,-0.04100,-0.87556,-0.48136,-34.36379,-0.00169,0.48182,-0.87627,-1.74670
1677765305608999936,0.99916,-0.03504,-0.02115,6.89562,-0.04089,-0.87530,-0.48185,-34.36811,-0.00163,0.48231,-0.87600,-1.74680
1677765305619000320,0.99916,-0.03510,-0.02093,6.89820,-0.04084,-0.87505,-0.48230,-34.37250,-0.00138,0.48275,-0.87576,-1.74690
1677765305629000192,0.99916,-0.03527,-0.02065,6.90085,-0.04086,-0.87481,-0.48274,-34.37696,-0.00103,0.48318,-0.87552,-1.74700
1677765305639000064,0.99916,-0.03565,-0.02025,6.90356,-0.04100,-0.87457,-0.48317,-34.38147,-0.00048,0.48359,-0.87529,-1.74730
1677765305649000192,0.99915,-0.03622,-0.01975,6.90637,-0.04126,-0.87431,-0.48361,-34.38602,0.00024,0.48401,-0.87506,-1.74760
1677765305659000064,0.99913,-0.03701,-0.01922,6.90927,-0.04168,-0.87405,-0.48405,-34.39062,0.00112,0.48443,-0.87483,-1.74800
1677765305669000192,0.99911,-0.03781,-0.01857,6.91223,-0.04207,-0.87377,-0.48452,-34.39526,0.00210,0.48487,-0.87458,-1.74840
1677765305679000064,0.99910,-0.03848,-0.01772,6.91520,-0.04224,-0.87347,-0.48503,-34.39996,0.00319,0.48535,-0.87432,-1.74870
1677765305689000192,0.99909,-0.03908,-0.01692,6.91816,-0.04238,-0.87318,-0.48555,-34.40467,0.00420,0.48583,-0.87404,-1.74900
1677765305699000064,0.99908,-0.03957,-0.01633,6.92114,-0.04251,-0.87290,-0.48605,-34.40937,0.00498,0.48629,-0.87378,-1.74920
1677765305709000192,0.99907,-0.04001,-0.01591,6.92412,-0.04269,-0.87264,-0.48650,-34.41409,0.00558,0.48672,-0.87354,-1.74950
1677765305719000064,0.99906,-0.04044,-0.01575,6.92709,-0.04299,-0.87240,-0.48689,-34.41881,0.00595,0.48711,-0.87332,-1.74980
1677765305729000192,0.99905,-0.04069,-0.01580,6.93001,-0.04323,-0.87220,-0.48724,-34.42354,0.00604,0.48746,-0.87313,-1.75000
1677765305739000064,0.99905,-0.04057,-0.01592,6.93283,-0.04319,-0.87201,-0.48757,-34.42829,0.00590,0.48779,-0.87294,-1.75010
1677765305749000192,0.99905,-0.04037,-0.01612,6.93560,-0.04310,-0.87183,-0.48790,-34.43309,0.00565,0.48814,-0.87275,-1.75030
1677765305759000064,0.99906,-0.04031,-0.01618,6.93842,-0.04308,-0.87164,-0.48825,-34.43797,0.00558,0.48849,-0.87255,-1.75040
1677765305768999936,0.99905,-0.04051,-0.01603,6.94133,-0.04317,-0.87143,-0.48861,-34.44291,0.00583,0.48884,-0.87235,-1.75070
1677765305779000064,0.99904,-0.04090,-0.01563,6.94433,-0.04332,-0.87121,-0.48899,-34.44796,0.00638,0.48920,-0.87215,-1.75090
1677765305788999936,0.99904,-0.04123,-0.01492,6.94734,-0.04326,-0.87097,-0.48942,-34.45311,0.00718,0.48960,-0.87192,-1.75110
1677765305799000064,0.99904,-0.04149,-0.01414,6.95037,-0.04309,-0.87070,-0.48992,-34.45835,0.00801,0.49006,-0.87165,-1.75130
1677765305808999936,0.99904,-0.04175,-0.01328,6.95345,-0.04290,-0.87040,-0.49048,-34.46361,0.00892,0.49058,-0.87135,-1.75160
1677765305819000064,0.99904,-0.04203,-0.01239,6.95658,-0.04269,-0.87008,-0.49107,-34.46891,0.00986,0.49112,-0.87103,-1.75180
1677765305828999936,0.99903,-0.04237,-0.01204,6.95975,-0.04282,-0.86975,-0.49164,-34.47413,0.01036,0.49168,-0.87072,-1.75220
1677765305839000064,0.99901,-0.04274,-0.01216,6.96296,-0.04319,-0.86943,-0.49216,-34.47931,0.01047,0.49220,-0.87042,-1.75250
1677765305848999936,0.99899,-0.04309,-0.01237,6.96620,-0.04359,-0.86917,-0.49259,-34.48449,0.01047,0.49264,-0.87017,-1.75280
1677765305859000064,0.99897,-0.04352,-0.01268,6.96952,-0.04411,-0.86896,-0.49291,-34.48971,0.01043,0.49296,-0.86999,-1.75310
1677765305869000192,0.99895,-0.04402,-0.01303,6.97290,-0.04472,-0.86882,-0.49311,-34.49497,0.01038,0.49317,-0.86987,-1.75340
1677765305879000064,0.99892,-0.04448,-0.01321,6.97633,-0.04520,-0.86871,-0.49325,-34.50028,0.01046,0.49332,-0.86979,-1.75350
1677765305889000192,0.99890,-0.04504,-0.01337,6.97981,-0.04577,-0.86859,-0.49342,-34.50559,0.01062,0.49348,-0.86969,-1.75370
1677765305899000064,0.99886,-0.04583,-0.01363,6.98340,-0.04658,-0.86841,-0.49366,-34.51085,0.01079,0.49373,-0.86955,-1.75410
1677765305909000192,0.99882,-0.04655,-0.01391,6.98705,-0.04734,-0.86815,-0.49404,-34.51603,0.01092,0.49412,-0.86933,-1.75440
1677765305919000064,0.99878,-0.04726,-0.01455,6.99073,-0.04827,-0.86781,-0.49454,-34.52104,0.01075,0.49464,-0.86903,-1.75480
1677765305929000192,0.99872,-0.04802,-0.01560,6.99445,-0.04944,-0.86741,-0.49514,-34.52593,0.01025,0.49528,-0.86868,-1.75520
1677765305939000064,0.99869,-0.04846,-0.01648,6.99813,-0.05025,-0.86699,-0.49578,-34.53081,0.00974,0.49596,-0.86829,-1.75550
1677765305949000192,0.99866,-0.04878,-0.01728,7.00180,-0.05092,-0.86659,-0.49642,-34.53568,0.00924,0.49663,-0.86791,-1.75570
1677765305959000064,0.99863,-0.04907,-0.01825,7.00545,-0.05164,-0.86619,-0.49704,-34.54053,0.00858,0.49730,-0.86754,-1.75600
1677765305969000192,0.99860,-0.04926,-0.01922,7.00908,-0.05229,-0.86581,-0.49764,-34.54538,0.00788,0.49795,-0.86717,-1.75610
1677765305979000064,0.99857,-0.04962,-0.02009,7.01276,-0.05302,-0.86541,-0.49826,-34.55025,0.00734,0.49861,-0.86680,-1.75640
1677765305989000192,0.99853,-0.05015,-0.02072,7.01648,-0.05380,-0.86495,-0.49896,-34.55516,0.00710,0.49934,-0.86638,-1.75680
1677765305999000064,0.99849,-0.05074,-0.02119,7.02021,-0.05453,-0.86444,-0.49977,-34.56005,0.00704,0.50017,-0.86590,-1.75720
1677765306008999936,0.99845,-0.05128,-0.02168,7.02393,-0.05524,-0.86387,-0.50068,-34.56492,0.00694,0.50110,-0.86536,-1.75750
1677765306019000064,0.99841,-0.05182,-0.02207,7.02763,-0.05590,-0.86325,-0.50167,-34.56977,0.00695,0.50210,-0.86478,-1.75780
1677765306028999936,0.99838,-0.05233,-0.02228,7.03137,-0.05643,-0.86260,-0.50273,-34.57467,0.00709,0.50317,-0.86416,-1.75810
1677765306039000064,0.99835,-0.05293,-0.02242,7.03510,-0.05701,-0.86190,-0.50386,-34.57957,0.00735,0.50430,-0.86350,-1.75830
1677765306048999936,0.99831,-0.05350,-0.02248,7.03882,-0.05752,-0.86117,-0.50505,-34.58443,0.00765,0.50550,-0.86280,-1.75860
1677765306059000064,0.99828,-0.05395,-0.02275,7.04250,-0.05804,-0.86043,-0.50626,-34.58920,0.00774,0.50671,-0.86208,-1.75870
1677765306068999936,0.99824,-0.05442,-0.02338,7.04613,-0.05875,-0.85970,-0.50741,-34.59393,0.00752,0.50789,-0.86139,-1.75890
1677765306079000064,0.99822,-0.05454,-0.02397,7.04964,-0.05915,-0.85902,-0.50851,-34.59868,0.00714,0.50902,-0.86072,-1.75900
1677765306088999936,0.99823,-0.05426,-0.02454,7.05301,-0.05919,-0.85840,-0.50956,-34.60347,0.00658,0.51010,-0.86009,-1.75890
1677765306099000064,0.99823,-0.05383,-0.02515,7.05633,-0.05912,-0.85782,-0.51053,-34.60828,0.00591,0.51112,-0.85949,-1.75870
1677765306108999936,0.99825,-0.05338,-0.02555,7.05965,-0.05893,-0.85731,-0.51142,-34.61317,0.00540,0.51203,-0.85895,-1.75860
1677765306119000320,0.99825,-0.05330,-0.02565,7.06309,-0.05891,-0.85685,-0.51220,-34.61818,0.00532,0.51281,-0.85848,-1.75860
1677765306129000192,0.99823,-0.05369,-0.02556,7.06666,-0.05920,-0.85644,-0.51284,-34.62327,0.00565,0.51345,-0.85810,-1.75870
1677765306139000064,0.99820,-0.05443,-0.02530,7.07034,-0.05969,-0.85609,-0.51336,-34.62843,0.00629,0.51395,-0.85780,-1.75900
1677765306149000192,0.99815,-0.05536,-0.02496,7.07405,-0.06031,-0.85581,-0.51377,-34.63362,0.00708,0.51433,-0.85757,-1.75940
1677765306159000064,0.99811,-0.05632,-0.02462,7.07777,-0.06096,-0.85557,-0.51408,-34.63882,0.00788,0.51461,-0.85739,-1.75980
1677765306169000192,0.99806,-0.05730,-0.02421,7.08149,-0.06158,-0.85538,-0.51433,-34.64400,0.00876,0.51483,-0.85725,-1.76020
1677765306179000064,0.99801,-0.05829,-0.02385,7.08520,-0.06225,-0.85518,-0.51457,-34.64909,0.00960,0.51504,-0.85712,-1.76060
1677765306189000192,0.99797,-0.05915,-0.02364,7.08885,-0.06288,-0.85499,-0.51483,-34.65405,0.01024,0.51527,-0.85697,-1.76100
1677765306199000064,0.99793,-0.05986,-0.02352,7.09243,-0.06342,-0.85477,-0.51512,-34.65891,0.01073,0.51554,-0.85680,-1.76150
1677765306209000192,0.99790,-0.06047,-0.02326,7.09595,-0.06380,-0.85453,-0.51546,-34.66371,0.01130,0.51587,-0.85660,-1.76190
1677765306219000064,0.99789,-0.06083,-0.02282,7.09933,-0.06387,-0.85429,-0.51586,-34.66846,0.01189,0.51623,-0.85637,-1.76220
1677765306229000192,0.99790,-0.06084,-0.02233,7.10250,-0.06362,-0.85405,-0.51629,-34.67318,0.01234,0.51663,-0.85612,-1.76240
1677765306239000064,0.99792,-0.06065,-0.02188,7.10550,-0.06322,-0.85382,-0.51672,-34.67782,0.01265,0.51703,-0.85588,-1.76240
1677765306249000192,0.99794,-0.06036,-0.02156,7.10836,-0.06280,-0.85360,-0.51713,-34.68240,0.01281,0.51742,-0.85564,-1.76240
1677765306259000064,0.99796,-0.06011,-0.02137,7.11112,-0.06248,-0.85340,-0.51750,-34.68690,0.01287,0.51778,-0.85542,-1.76230
1677765306268999936,0.99798,-0.05982,-0.02132,7.11375,-0.06220,-0.85321,-0.51785,-34.69130,0.01278,0.51813,-0.85521,-1.76210
1677765306279000064,0.99800,-0.05951,-0.02150,7.11629,-0.06203,-0.85303,-0.51816,-34.69556,0.01249,0.51846,-0.85501,-1.76200
1677765306288999936,0.99801,-0.05913,-0.02183,7.11876,-0.06187,-0.85288,-0.51844,-34.69974,0.01204,0.51876,-0.85484,-1.76170
1677765306299000064,0.99803,-0.05875,-0.02215,7.12117,-0.06171,-0.85272,-0.51871,-34.70384,0.01159,0.51905,-0.85466,-1.76150
1677765306308999936,0.99805,-0.05832,-0.02235,7.12353,-0.06145,-0.85255,-0.51902,-34.70786,0.01122,0.51938,-0.85447,-1.76140
1677765306319000064,0.99807,-0.05785,-0.02254,7.12585,-0.06114,-0.85235,-0.51938,-34.71180,0.01083,0.51976,-0.85424,-1.76130
1677765306328999936,0.99809,-0.05743,-0.02276,7.12818,-0.06088,-0.85211,-0.51982,-34.71561,0.01046,0.52021,-0.85397,-1.76120
1677765306339000064,0.99811,-0.05705,-0.02298,7.13051,-0.06067,-0.85177,-0.52039,-34.71932,0.01011,0.52080,-0.85362,-1.76120
1677765306348999936,0.99812,-0.05677,-0.02318,7.13290,-0.06053,-0.85132,-0.52114,-34.72288,0.00985,0.52156,-0.85316,-1.76130
1677765306359000064,0.99812,-0.05659,-0.02353,7.13533,-0.06054,-0.85076,-0.52206,-34.72631,0.00952,0.52251,-0.85258,-1.76140
1677765306369000192,0.99811,-0.05645,-0.02413,7.13778,-0.06072,-0.85006,-0.52318,-34.72954,0.00902,0.52366,-0.85188,-1.76150
1677765306379000064,0.99811,-0.05614,-0.02485,7.14024,-0.06082,-0.84923,-0.52451,-34.73265,0.00834,0.52503,-0.85104,-1.76160
1677765306389000192,0.99812,-0.05566,-0.02559,7.14268,-0.06079,-0.84831,-0.52600,-34.73569,0.00757,0.52657,-0.85010,-1.76160
1677765306399000064,0.99813,-0.05513,-0.02641,7.14516,-0.06076,-0.84729,-0.52765,-34.73869,0.00671,0.52827,-0.84905,-1.76160
1677765306409000192,0.99814,-0.05460,-0.02728,7.14769,-0.06076,-0.84616,-0.52945,-34.74164,0.00582,0.53013,-0.84790,-1.76170
1677765306419000064,0.99813,-0.05433,-0.02810,7.15036,-0.06095,-0.84492,-0.53141,-34.74456,0.00513,0.53213,-0.84665,-1.76190
1677765306429000192,0.99812,-0.05421,-0.02867,7.15319,-0.06114,-0.84359,-0.53350,-34.74755,0.00474,0.53425,-0.84531,-1.76210
1677765306439000064,0.99812,-0.05412,-0.02876,7.15613,-0.06110,-0.84219,-0.53571,-34.75066,0.00477,0.53646,-0.84391,-1.76230
1677765306449000192,0.99813,-0.05404,-0.02850,7.15916,-0.06088,-0.84071,-0.53805,-34.75387,0.00512,0.53878,-0.84243,-1.76250
1677765306459000064,0.99814,-0.05399,-0.02824,7.16228,-0.06068,-0.83914,-0.54051,-34.75708,0.00549,0.54122,-0.84086,-1.76270
1677765306469000192,0.99815,-0.05390,-0.02802,7.16545,-0.06048,-0.83750,-0.54308,-34.76030,0.00580,0.54377,-0.83921,-1.76290
1677765306479000064,0.99818,-0.05362,-0.02762,7.16865,-0.06000,-0.83583,-0.54570,-34.76361,0.00617,0.54637,-0.83752,-1.76300
1677765306489000192,0.99822,-0.05308,-0.02701,7.17184,-0.05920,-0.83417,-0.54832,-34.76701,0.00657,0.54894,-0.83583,-1.76310
1677765306499000064,0.99826,-0.05265,-0.02663,7.17512,-0.05860,-0.83254,-0.55086,-34.77046,0.00683,0.55146,-0.83417,-1.76330
1677765306508999936,0.99827,-0.05252,-0.02641,7.17853,-0.05836,-0.83096,-0.55327,-34.77397,0.00711,0.55385,-0.83258,-1.76370
1677765306519000064,0.99828,-0.05258,-0.02602,7.18206,-0.05817,-0.82949,-0.55549,-34.77766,0.00763,0.55605,-0.83112,-1.76400
1677765306528999936,0.99827,-0.05290,-0.02553,7.18571,-0.05815,-0.82817,-0.55745,-34.78155,0.00835,0.55798,-0.82981,-1.76440
1677765306539000064,0.99827,-0.05329,-0.02496,7.18943,-0.05813,-0.82701,-0.55917,-34.78563,0.00916,0.55965,-0.82868,-1.76480
1677765306548999936,0.99827,-0.05358,-0.02429,7.19318,-0.05798,-0.82602,-0.56064,-34.78995,0.00997,0.56108,-0.82770,-1.76520
1677765306559000064,0.99827,-0.05391,-0.02356,7.19702,-0.05783,-0.82518,-0.56190,-34.79445,0.01085,0.56229,-0.82687,-1.76550
1677765306568999936,0.99826,-0.05443,-0.02279,7.20098,-0.05781,-0.82444,-0.56299,-34.79912,0.01185,0.56332,-0.82615,-1.76600
1677765306579000064,0.99823,-0.05517,-0.02210,7.20510,-0.05801,-0.82380,-0.56390,-34.80392,0.01290,0.56419,-0.82555,-1.76660
1677765306588999936,0.99820,-0.05603,-0.02152,7.20931,-0.05839,-0.82320,-0.56474,-34.80882,0.01393,0.56498,-0.82499,-1.76730
1677765306599000064,0.99817,-0.05674,-0.02080,7.21354,-0.05854,-0.82260,-0.56559,-34.81380,0.01498,0.56578,-0.82442,-1.76790
1677765306608999936,0.99815,-0.05733,-0.02007,7.21778,-0.05860,-0.82201,-0.56645,-34.81884,0.01598,0.56658,-0.82385,-1.76850
1677765306619000320,0.99813,-0.05796,-0.01962,7.22201,-0.05885,-0.82144,-0.56724,-34.82393,0.01676,0.56734,-0.82332,-1.76910
1677765306629000192,0.99811,-0.05836,-0.01938,7.22619,-0.05903,-0.82093,-0.56797,-34.82910,0.01723,0.56803,-0.82282,-1.76950
1677765306639000064,0.99810,-0.05847,-0.01927,7.23028,-0.05904,-0.82047,-0.56864,-34.83432,0.01744,0.56870,-0.82236,-1.76970
1677765306649000192,0.99810,-0.05843,-0.01935,7.23430,-0.05904,-0.82001,-0.56929,-34.83958,0.01739,0.56935,-0.82191,-1.77000
1677765306659000064,0.99810,-0.05843,-0.01944,7.23836,-0.05907,-0.81954,-0.56997,-34.84490,0.01738,0.57004,-0.82144,-1.77020
1677765306669000192,0.99809,-0.05865,-0.01940,7.24251,-0.05922,-0.81903,-0.57069,-34.85029,0.01758,0.57075,-0.82094,-1.77060
1677765306679000064,0.99807,-0.05897,-0.01930,7.24672,-0.05941,-0.81845,-0.57150,-34.85574,0.01790,0.57154,-0.82038,-1.77090
1677765306689000192,0.99806,-0.05923,-0.01894,7.25097,-0.05939,-0.81780,-0.57243,-34.86127,0.01842,0.57245,-0.81973,-1.77130
1677765306699000064,0.99807,-0.05941,-0.01829,7.25525,-0.05914,-0.81706,-0.57351,-34.86691,0.01913,0.57348,-0.81899,-1.77160
1677765306709000192,0.99807,-0.05962,-0.01753,7.25959,-0.05885,-0.81626,-0.57468,-34.87260,0.01996,0.57460,-0.81819,-1.77190
1677765306719000064,0.99806,-0.05998,-0.01697,7.26403,-0.05880,-0.81543,-0.57586,-34.87825,0.02070,0.57574,-0.81737,-1.77220
1677765306729000192,0.99802,-0.06054,-0.01698,7.26856,-0.05923,-0.81463,-0.57696,-34.88382,0.02110,0.57682,-0.81660,-1.77250
1677765306739000064,0.99798,-0.06111,-0.01740,7.27317,-0.05992,-0.81387,-0.57794,-34.88934,0.02116,0.57782,-0.81589,-1.77270
1677765306749000192,0.99794,-0.06156,-0.01811,7.27782,-0.06067,-0.81317,-0.57886,-34.89481,0.02091,0.57876,-0.81523,-1.77280
1677765306759000064,0.99790,-0.06191,-0.01901,7.28251,-0.06145,-0.81251,-0.57970,-34.90027,0.02044,0.57965,-0.81461,-1.77290
1677765306768999936,0.99786,-0.06231,-0.01994,7.28730,-0.06230,-0.81190,-0.58046,-34.90576,0.01998,0.58046,-0.81405,-1.77300
1677765306779000064,0.99780,-0.06296,-0.02091,7.29220,-0.06337,-0.81132,-0.58116,-34.91124,0.01962,0.58121,-0.81352,-1.77320
1677765306788999936,0.99774,-0.06364,-0.02166,7.29717,-0.06435,-0.81072,-0.58188,-34.91674,0.01947,0.58196,-0.81298,-1.77340
1677765306799000064,0.99768,-0.06430,-0.02223,7.30220,-0.06519,-0.81015,-0.58259,-34.92224,0.01945,0.58269,-0.81247,-1.77360
1677765306808999936,0.99761,-0.06513,-0.02290,7.30730,-0.06625,-0.80962,-0.58321,-34.92773,0.01945,0.58333,-0.81200,-1.77380
1677765306819000064,0.99753,-0.06614,-0.02357,7.31249,-0.06744,-0.80915,-0.58371,-34.93322,0.01954,0.58386,-0.81162,-1.77410
1677765306828999936,0.99745,-0.06715,-0.02420,7.31774,-0.06861,-0.80872,-0.58417,-34.93868,0.01966,0.58434,-0.81127,-1.77430
1677765306839000064,0.99736,-0.06814,-0.02490,7.32302,-0.06982,-0.80828,-0.58465,-34.94414,0.01972,0.58485,-0.81090,-1.77450
1677765306848999936,0.99729,-0.06893,-0.02554,7.32826,-0.07081,-0.80780,-0.58518,-34.94959,0.01971,0.58541,-0.81050,-1.77470
1677765306859000064,0.99725,-0.06937,-0.02607,7.33345,-0.07147,-0.80729,-0.58581,-34.95509,0.01959,0.58606,-0.81003,-1.77490
1677765306869000192,0.99722,-0.06966,-0.02652,7.33860,-0.07195,-0.80674,-0.58651,-34.96062,0.01946,0.58679,-0.80951,-1.77510
1677765306879000064,0.99718,-0.07003,-0.02696,7.34376,-0.07249,-0.80617,-0.58723,-34.96620,0.01938,0.58753,-0.80897,-1.77560
1677765306889000192,0.99711,-0.07072,-0.02759,7.34902,-0.07341,-0.80562,-0.58787,-34.97181,0.01935,0.58820,-0.80849,-1.77610
1677765306899000064,0.99701,-0.07184,-0.02832,7.35437,-0.07473,-0.80515,-0.58834,-34.97749,0.01947,0.58870,-0.80812,-1.77680
