timestamp (ns), T_wf(00), T_wf(01), T_wf(02), T_wf(03), T_wf(10), T_wf(11), T_wf(12), T_wf(13), T_wf(20), T_wf(21), T_wf(22), T_wf(23)
1677765046414000384,0.99915,-0.01377,-0.03883,9.02563,-0.02250,-0.97189,-0.23437,-37.59459,-0.03451,0.23505,-0.97137,-1.68630
1677765046424000256,0.99915,-0.01366,-0.03891,9.02570,-0.02241,-0.97189,-0.23438,-37.59506,-0.03462,0.23505,-0.97137,-1.68630
1677765046434000128,0.99915,-0.01355,-0.03896,9.02578,-0.02232,-0.97189,-0.23438,-37.59560,-0.03469,0.23505,-0.97136,-1.68620
1677765046444000256,0.99915,-0.01342,-0.03900,9.02587,-0.02220,-0.97189,-0.23437,-37.59620,-0.03476,0.23504,-0.97136,-1.68610
1677765046454000128,0.99915,-0.01329,-0.03902,9.02598,-0.02208,-0.97189,-0.23438,-37.59687,-0.03481,0.23505,-0.97136,-1.68590
1677765046464000256,0.99915,-0.01319,-0.03901,9.02612,-0.02198,-0.97189,-0.23440,-37.59759,-0.03482,0.23506,-0.97136,-1.68590
1677765046474000128,0.99915,-0.01314,-0.03899,9.02628,-0.02193,-0.97189,-0.23441,-37.59838,-0.03481,0.23507,-0.97135,-1.68580
1677765046484000256,0.99916,-0.01309,-0.03895,9.02647,-0.02187,-0.97189,-0.23443,-37.59923,-0.03479,0.23508,-0.97135,-1.68570
1677765046494000128,0.99916,-0.01297,-0.03889,9.02666,-0.02174,-0.97189,-0.23444,-37.60017,-0.03475,0.23508,-0.97135,-1.68560
1677765046504000256,0.99916,-0.01289,-0.03880,9.02686,-0.02164,-0.97189,-0.23442,-37.60117,-0.03468,0.23506,-0.97136,-1.68550
1677765046514000128,0.99917,-0.01286,-0.03869,9.02709,-0.02159,-0.97190,-0.23439,-37.60223,-0.03459,0.23503,-0.97137,-1.68540
1677765046524000256,0.99917,-0.01281,-0.03857,9.02732,-0.02151,-0.97192,-0.23434,-37.60336,-0.03448,0.23497,-0.97139,-1.68530
1677765046534000128,0.99918,-0.01273,-0.03844,9.02756,-0.02140,-0.97193,-0.23429,-37.60453,-0.03438,0.23492,-0.97141,-1.68520
1677765046544000512,0.99919,-0.01258,-0.03835,9.02779,-0.02122,-0.97194,-0.23425,-37.60574,-0.03433,0.23488,-0.97142,-1.68510
1677765046554000384,0.99919,-0.01241,-0.03825,9.02803,-0.02104,-0.97196,-0.23421,-37.60700,-0.03427,0.23482,-0.97143,-1.68490
1677765046564000256,0.99919,-0.01223,-0.03822,9.02827,-0.02086,-0.97197,-0.23416,-37.60829,-0.03429,0.23477,-0.97145,-1.68470
1677765046574000384,0.99920,-0.01198,-0.03824,9.02851,-0.02061,-0.97199,-0.23411,-37.60962,-0.03436,0.23471,-0.97146,-1.68450
1677765046584000256,0.99920,-0.01171,-0.03825,9.02874,-0.02035,-0.97201,-0.23406,-37.61099,-0.03444,0.23465,-0.97147,-1.68430
1677765046594000384,0.99920,-0.01149,-0.03828,9.02899,-0.02014,-0.97203,-0.23400,-37.61240,-0.03452,0.23459,-0.97148,-1.68410
1677765046604000256,0.99920,-0.01128,-0.03832,9.02926,-0.01994,-0.97205,-0.23394,-37.61387,-0.03462,0.23452,-0.97150,-1.68390
1677765046614000384,0.99920,-0.01101,-0.03840,9.02954,-0.01970,-0.97206,-0.23388,-37.61537,-0.03475,0.23445,-0.97151,-1.68360
1677765046624000256,0.99920,-0.01078,-0.03856,9.02983,-0.01951,-0.97208,-0.23385,-37.61690,-0.03496,0.23442,-0.97151,-1.68340
1677765046634000384,0.99919,-0.01059,-0.03875,9.03017,-0.01937,-0.97208,-0.23384,-37.61845,-0.03520,0.23440,-0.97150,-1.68330
1677765046644000256,0.99919,-0.01042,-0.03896,9.03052,-0.01925,-0.97208,-0.23385,-37.62005,-0.03543,0.23441,-0.97149,-1.68310
1677765046654000384,0.99918,-0.01023,-0.03924,9.03090,-0.01914,-0.97207,-0.23389,-37.62169,-0.03575,0.23445,-0.97147,-1.68290
1677765046664000256,0.99917,-0.01002,-0.03952,9.03129,-0.01900,-0.97206,-0.23396,-37.62334,-0.03607,0.23451,-0.97144,-1.68270
1677765046674000384,0.99916,-0.00981,-0.03975,9.03171,-0.01885,-0.97205,-0.23401,-37.62507,-0.03635,0.23457,-0.97142,-1.68250
1677765046684000256,0.99915,-0.00967,-0.03998,9.03215,-0.01877,-0.97205,-0.23404,-37.62687,-0.03660,0.23459,-0.97141,-1.68230
1677765046694000128,0.99915,-0.00956,-0.04021,9.03261,-0.01872,-0.97205,-0.23403,-37.62871,-0.03685,0.23458,-0.97140,-1.68220
1677765046704000256,0.99914,-0.00939,-0.04040,9.03306,-0.01859,-0.97206,-0.23398,-37.63063,-0.03707,0.23453,-0.97140,-1.68210
1677765046714000128,0.99913,-0.00923,-0.04055,9.03351,-0.01847,-0.97208,-0.23391,-37.63262,-0.03726,0.23446,-0.97141,-1.68200
1677765046724000256,0.99913,-0.00915,-0.04065,9.03399,-0.01842,-0.97211,-0.23382,-37.63469,-0.03737,0.23437,-0.97143,-1.68200
1677765046734000128,0.99913,-0.00916,-0.04063,9.03448,-0.01841,-0.97213,-0.23372,-37.63681,-0.03735,0.23426,-0.97146,-1.68200
1677765046744000256,0.99914,-0.00922,-0.04048,9.03498,-0.01843,-0.97216,-0.23360,-37.63901,-0.03720,0.23415,-0.97149,-1.68210
1677765046754000128,0.99915,-0.00913,-0.04016,9.03546,-0.01827,-0.97218,-0.23351,-37.64126,-0.03691,0.23404,-0.97153,-1.68210
1677765046764000256,0.99917,-0.00898,-0.03969,9.03594,-0.01801,-0.97221,-0.23342,-37.64356,-0.03649,0.23394,-0.97157,-1.68210
1677765046774000128,0.99919,-0.00899,-0.03922,9.03644,-0.01791,-0.97224,-0.23329,-37.64591,-0.03604,0.23381,-0.97161,-1.68220
1677765046784000256,0.99920,-0.00919,-0.03882,9.03697,-0.01800,-0.97229,-0.23309,-37.64829,-0.03561,0.23361,-0.97168,-1.68230
1677765046794000384,0.99921,-0.00948,-0.03853,9.03752,-0.01820,-0.97235,-0.23281,-37.65068,-0.03526,0.23333,-0.97176,-1.68240
1677765046804000256,0.99922,-0.00964,-0.03842,9.03804,-0.01832,-0.97244,-0.23245,-37.65306,-0.03512,0.23297,-0.97185,-1.68250
1677765046814000384,0.99922,-0.00962,-0.03841,9.03852,-0.01828,-0.97254,-0.23204,-37.65546,-0.03512,0.23256,-0.97195,-1.68250
1677765046824000256,0.99921,-0.00966,-0.03851,9.03901,-0.01832,-0.97264,-0.23159,-37.65785,-0.03522,0.23211,-0.97205,-1.68250
1677765046834000384,0.99920,-0.00991,-0.03873,9.03955,-0.01860,-0.97275,-0.23110,-37.66022,-0.03538,0.23164,-0.97216,-1.68260
1677765046844000256,0.99919,-0.01040,-0.03897,9.04013,-0.01911,-0.97286,-0.23059,-37.66259,-0.03551,0.23114,-0.97227,-1.68290
1677765046854000384,0.99917,-0.01101,-0.03919,9.04074,-0.01975,-0.97297,-0.23007,-37.66494,-0.03560,0.23066,-0.97238,-1.68320
1677765046864000256,0.99916,-0.01157,-0.03927,9.04136,-0.02029,-0.97308,-0.22958,-37.66731,-0.03556,0.23018,-0.97250,-1.68350
1677765046874000384,0.99916,-0.01209,-0.03921,9.04197,-0.02076,-0.97319,-0.22908,-37.66966,-0.03539,0.22970,-0.97262,-1.68370
1677765046884000256,0.99915,-0.01274,-0.03915,9.04262,-0.02136,-0.97329,-0.22859,-37.67200,-0.03519,0.22923,-0.97273,-1.68400
1677765046894000384,0.99915,-0.01346,-0.03905,9.04394,-0.02203,-0.97339,-0.22811,-37.67634,-0.03494,0.22877,-0.97285,-1.68430
1677765046904000256,0.99914,-0.01414,-0.03893,9.04528,-0.02265,-0.97348,-0.22767,-37.68062,-0.03468,0.22835,-0.97296,-1.68450
1677765046914000384,0.99913,-0.01486,-0.03886,9.04662,-0.02331,-0.97355,-0.22727,-37.68479,-0.03445,0.22798,-0.97306,-1.68470
1677765046924000256,0.99912,-0.01557,-0.03888,9.04799,-0.02400,-0.97362,-0.22693,-37.68886,-0.03433,0.22766,-0.97314,-1.68480
1677765046934000128,0.99911,-0.01623,-0.03887,9.04933,-0.02463,-0.97366,-0.22667,-37.69285,-0.03417,0.22742,-0.97320,-1.68480
1677765046944000256,0.99911,-0.01678,-0.03871,9.05066,-0.02513,-0.97369,-0.22650,-37.69679,-0.03389,0.22727,-0.97324,-1.68490
1677765046954000128,0.99911,-0.01733,-0.03855,9.05194,-0.02563,-0.97369,-0.22642,-37.70068,-0.03362,0.22720,-0.97327,-1.68490
1677765046964000256,0.99910,-0.01781,-0.03846,9.05319,-0.02607,-0.97368,-0.22642,-37.70449,-0.03342,0.22722,-0.97327,-1.68500
1677765046974000128,0.99910,-0.01818,-0.03830,9.05437,-0.02640,-0.97365,-0.22649,-37.70829,-0.03317,0.22730,-0.97326,-1.68500
1677765046984000256,0.99910,-0.01855,-0.03817,9.05554,-0.02674,-0.97362,-0.22661,-37.71207,-0.03296,0.22743,-0.97324,-1.68510
1677765046994000128,0.99909,-0.01899,-0.03808,9.05668,-0.02715,-0.97357,-0.22675,-37.71585,-0.03277,0.22758,-0.97321,-1.68520
1677765047004000256,0.99909,-0.01940,-0.03798,9.05781,-0.02753,-0.97353,-0.22691,-37.71963,-0.03257,0.22775,-0.97318,-1.68530
1677765047014000128,0.99908,-0.01986,-0.03788,9.05892,-0.02796,-0.97348,-0.22705,-37.72343,-0.03237,0.22790,-0.97315,-1.68550
1677765047024000256,0.99908,-0.02029,-0.03774,9.06003,-0.02835,-0.97344,-0.22717,-37.72727,-0.03212,0.22803,-0.97312,-1.68560
1677765047034000128,0.99908,-0.02062,-0.03753,9.06113,-0.02862,-0.97342,-0.22725,-37.73116,-0.03185,0.22811,-0.97311,-1.68570
1677765047044000512,0.99908,-0.02094,-0.03738,9.06224,-0.02891,-0.97340,-0.22729,-37.73506,-0.03163,0.22816,-0.97311,-1.68570
1677765047054000384,0.99908,-0.02133,-0.03725,9.06338,-0.02926,-0.97338,-0.22730,-37.73898,-0.03141,0.22818,-0.97311,-1.68570
1677765047064000256,0.99908,-0.02174,-0.03700,9.06457,-0.02960,-0.97338,-0.22729,-37.74297,-0.03108,0.22817,-0.97312,-1.68580
1677765047074000384,0.99908,-0.02224,-0.03665,9.06579,-0.03000,-0.97337,-0.22725,-37.74701,-0.03062,0.22814,-0.97315,-1.68590
1677765047084000256,0.99908,-0.02276,-0.03624,9.06705,-0.03042,-0.97337,-0.22723,-37.75110,-0.03010,0.22812,-0.97317,-1.68600
1677765047094000384,0.99909,-0.02323,-0.03580,9.06829,-0.03078,-0.97336,-0.22721,-37.75519,-0.02957,0.22811,-0.97319,-1.68610
1677765047104000256,0.99909,-0.02370,-0.03544,9.06953,-0.03115,-0.97335,-0.22722,-37.75928,-0.02911,0.22812,-0.97320,-1.68620
1677765047114000384,0.99909,-0.02420,-0.03521,9.07081,-0.03159,-0.97332,-0.22726,-37.76335,-0.02877,0.22817,-0.97320,-1.68630
1677765047124000256,0.99908,-0.02463,-0.03511,9.07208,-0.03198,-0.97328,-0.22737,-37.76737,-0.02857,0.22829,-0.97318,-1.68650
1677765047134000384,0.99907,-0.02496,-0.03510,9.07334,-0.03231,-0.97323,-0.22754,-37.77133,-0.02848,0.22847,-0.97313,-1.68650
1677765047144000256,0.99906,-0.02523,-0.03515,9.07458,-0.03259,-0.97317,-0.22776,-37.77529,-0.02846,0.22870,-0.97308,-1.68660
1677765047154000384,0.99906,-0.02530,-0.03514,9.07575,-0.03266,-0.97310,-0.22804,-37.77923,-0.02843,0.22897,-0.97302,-1.68660
1677765047164000256,0.99906,-0.02527,-0.03508,9.07688,-0.03263,-0.97303,-0.22838,-37.78320,-0.02836,0.22931,-0.97294,-1.68660
1677765047174000384,0.99907,-0.02527,-0.03494,9.07799,-0.03261,-0.97294,-0.22875,-37.78721,-0.02821,0.22967,-0.97286,-1.68660
1677765047184000256,0.99908,-0.02522,-0.03469,9.07906,-0.03251,-0.97285,-0.22912,-37.79124,-0.02797,0.23004,-0.97278,-1.68650
1677765047194000128,0.99909,-0.02513,-0.03439,9.08008,-0.03237,-0.97278,-0.22948,-37.79533,-0.02769,0.23038,-0.97271,-1.68650
1677765047204000256,0.99911,-0.02504,-0.03392,9.08106,-0.03218,-0.97271,-0.22977,-37.79951,-0.02724,0.23066,-0.97265,-1.68630
1677765047214000128,0.99913,-0.02494,-0.03341,9.08201,-0.03196,-0.97268,-0.22993,-37.80375,-0.02676,0.23080,-0.97263,-1.68610
1677765047224000256,0.99914,-0.02487,-0.03310,9.08292,-0.03183,-0.97269,-0.22993,-37.80804,-0.02648,0.23078,-0.97264,-1.68600
1677765047234000128,0.99915,-0.02479,-0.03296,9.08378,-0.03172,-0.97274,-0.22973,-37.81238,-0.02636,0.23058,-0.97270,-1.68580
1677765047244000256,0.99916,-0.02464,-0.03281,9.08461,-0.03152,-0.97284,-0.22933,-37.81680,-0.02626,0.23017,-0.97280,-1.68550
1677765047254000128,0.99917,-0.02450,-0.03259,9.08543,-0.03132,-0.97299,-0.22872,-37.82131,-0.02611,0.22955,-0.97295,-1.68530
1677765047264000256,0.99918,-0.02454,-0.03235,9.08628,-0.03128,-0.97318,-0.22793,-37.82591,-0.02589,0.22875,-0.97314,-1.68510
1677765047274000128,0.99918,-0.02470,-0.03208,9.08717,-0.03135,-0.97340,-0.22694,-37.83059,-0.02562,0.22776,-0.97338,-1.68500
1677765047284000256,0.99919,-0.02491,-0.03159,9.08807,-0.03141,-0.97368,-0.22575,-37.83540,-0.02514,0.22656,-0.97367,-1.68490
1677765047294000384,0.99920,-0.02516,-0.03096,9.08896,-0.03148,-0.97399,-0.22439,-37.84031,-0.02451,0.22519,-0.97401,-1.68500
1677765047304000256,0.99922,-0.02547,-0.03027,9.08985,-0.03159,-0.97432,-0.22292,-37.84530,-0.02381,0.22370,-0.97437,-1.68510
1677765047314000384,0.99923,-0.02565,-0.02956,9.09072,-0.03157,-0.97467,-0.22141,-37.85033,-0.02313,0.22217,-0.97473,-1.68520
1677765047324000256,0.99925,-0.02575,-0.02896,9.09156,-0.03149,-0.97502,-0.21988,-37.85536,-0.02257,0.22063,-0.97510,-1.68530
1677765047334000384,0.99926,-0.02583,-0.02835,9.09240,-0.03140,-0.97537,-0.21834,-37.86043,-0.02201,0.21907,-0.97546,-1.68540
1677765047344000256,0.99928,-0.02586,-0.02783,9.09321,-0.03129,-0.97571,-0.21681,-37.86548,-0.02155,0.21752,-0.97582,-1.68540
1677765047354000384,0.99928,-0.02594,-0.02759,9.09400,-0.03128,-0.97605,-0.21527,-37.87049,-0.02134,0.21597,-0.97617,-1.68540
1677765047364000256,0.99928,-0.02592,-0.02757,9.09472,-0.03122,-0.97639,-0.21373,-37.87547,-0.02138,0.21444,-0.97650,-1.68530
1677765047374000384,0.99929,-0.02558,-0.02771,9.09534,-0.03089,-0.97674,-0.21220,-37.88046,-0.02164,0.21291,-0.97683,-1.68510
1677765047384000256,0.99929,-0.02508,-0.02796,9.09586,-0.03042,-0.97708,-0.21069,-37.88547,-0.02204,0.21139,-0.97715,-1.68490
1677765047394000384,0.99930,-0.02457,-0.02831,9.09635,-0.02996,-0.97742,-0.20919,-37.89050,-0.02253,0.20989,-0.97747,-1.68470
1677765047404000256,0.99929,-0.02413,-0.02885,9.09682,-0.02960,-0.97774,-0.20770,-37.89555,-0.02320,0.20841,-0.97777,-1.68450
1677765047414000384,0.99929,-0.02359,-0.02937,9.09728,-0.02915,-0.97806,-0.20626,-37.90067,-0.02386,0.20697,-0.97806,-1.68420
1677765047424000256,0.99930,-0.02295,-0.02961,9.09771,-0.02854,-0.97837,-0.20489,-37.90589,-0.02427,0.20559,-0.97834,-1.68390
1677765047434000128,0.99931,-0.02228,-0.02972,9.09814,-0.02787,-0.97866,-0.20357,-37.91121,-0.02455,0.20426,-0.97861,-1.68360
1677765047444000256,0.99932,-0.02166,-0.02969,9.09859,-0.02723,-0.97896,-0.20225,-37.91665,-0.02469,0.20292,-0.97888,-1.68330
1677765047454000128,0.99934,-0.02128,-0.02949,9.09909,-0.02678,-0.97926,-0.20083,-37.92222,-0.02460,0.20148,-0.97918,-1.68310
1677765047464000256,0.99935,-0.02122,-0.02907,9.09965,-0.02659,-0.97959,-0.19924,-37.92798,-0.02425,0.19988,-0.97952,-1.68300
1677765047474000128,0.99937,-0.02132,-0.02837,9.10026,-0.02651,-0.97995,-0.19747,-37.93389,-0.02359,0.19810,-0.97990,-1.68300
1677765047484000256,0.99939,-0.02151,-0.02754,9.10086,-0.02649,-0.98034,-0.19553,-37.93991,-0.02280,0.19614,-0.98031,-1.68300
1677765047494000128,0.99940,-0.02186,-0.02677,9.10152,-0.02664,-0.98075,-0.19345,-37.94601,-0.02203,0.19405,-0.98075,-1.68300
1677765047504000256,0.99941,-0.02227,-0.02597,9.10220,-0.02684,-0.98117,-0.19126,-37.95215,-0.02123,0.19184,-0.98120,-1.68310
1677765047514000128,0.99943,-0.02265,-0.02522,9.10289,-0.02702,-0.98161,-0.18900,-37.95829,-0.02048,0.18957,-0.98165,-1.68330
1677765047524000256,0.99943,-0.02299,-0.02467,9.10360,-0.02720,-0.98204,-0.18671,-37.96435,-0.01993,0.18727,-0.98211,-1.68340
1677765047534000128,0.99943,-0.02336,-0.02427,9.10434,-0.02744,-0.98246,-0.18444,-37.97032,-0.01954,0.18500,-0.98254,-1.68370
1677765047544000512,0.99943,-0.02380,-0.02393,9.10510,-0.02777,-0.98286,-0.18227,-37.97623,-0.01918,0.18283,-0.98296,-1.68400
1677765047554000384,0.99943,-0.02415,-0.02346,9.10587,-0.02799,-0.98321,-0.18032,-37.98203,-0.01871,0.18087,-0.98333,-1.68420
1677765047564000256,0.99944,-0.02431,-0.02285,9.10665,-0.02801,-0.98350,-0.17871,-37.98769,-0.01813,0.17925,-0.98364,-1.68430
1677765047574000384,0.99945,-0.02448,-0.02221,9.10744,-0.02804,-0.98374,-0.17738,-37.99319,-0.01751,0.17791,-0.98389,-1.68430
1677765047584000256,0.99947,-0.02458,-0.02149,9.10824,-0.02799,-0.98394,-0.17631,-37.99855,-0.01681,0.17682,-0.98410,-1.68400
1677765047594000384,0.99949,-0.02451,-0.02070,9.10903,-0.02776,-0.98410,-0.17544,-38.00380,-0.01607,0.17592,-0.98427,-1.68360
1677765047604000256,0.99950,-0.02446,-0.02014,9.10982,-0.02761,-0.98424,-0.17467,-38.00891,-0.01555,0.17514,-0.98442,-1.68320
1677765047614000384,0.99950,-0.02450,-0.01988,9.11058,-0.02758,-0.98438,-0.17389,-38.01387,-0.01531,0.17435,-0.98456,-1.68290
1677765047624000256,0.99950,-0.02442,-0.01996,9.11131,-0.02751,-0.98453,-0.17305,-38.01875,-0.01543,0.17352,-0.98471,-1.68250
1677765047634000384,0.99950,-0.02437,-0.02026,9.11201,-0.02750,-0.98468,-0.17216,-38.02356,-0.01575,0.17263,-0.98486,-1.68220
1677765047644000256,0.99949,-0.02440,-0.02067,9.11271,-0.02758,-0.98485,-0.17122,-38.02835,-0.01618,0.17170,-0.98502,-1.68210
1677765047654000384,0.99948,-0.02459,-0.02106,9.11344,-0.02782,-0.98501,-0.17024,-38.03313,-0.01656,0.17073,-0.98518,-1.68210
1677765047664000256,0.99946,-0.02500,-0.02130,9.11425,-0.02825,-0.98517,-0.16923,-38.03793,-0.01676,0.16974,-0.98535,-1.68230
1677765047674000384,0.99944,-0.02560,-0.02133,9.11513,-0.02883,-0.98533,-0.16819,-38.04282,-0.01671,0.16871,-0.98552,-1.68260
1677765047684000256,0.99944,-0.02626,-0.02096,9.11605,-0.02940,-0.98549,-0.16719,-38.04777,-0.01626,0.16771,-0.98570,-1.68290
1677765047694000128,0.99943,-0.02685,-0.02034,9.11701,-0.02986,-0.98563,-0.16627,-38.05274,-0.01558,0.16678,-0.98587,-1.68330
1677765047704000256,0.99943,-0.02765,-0.01962,9.11803,-0.03051,-0.98576,-0.16538,-38.05774,-0.01476,0.16588,-0.98604,-1.68370
1677765047714000128,0.99941,-0.02860,-0.01881,9.11909,-0.03131,-0.98588,-0.16449,-38.06277,-0.01384,0.16498,-0.98620,-1.68430
1677765047724000256,0.99941,-0.02922,-0.01793,9.12009,-0.03176,-0.98601,-0.16363,-38.06786,-0.01290,0.16411,-0.98636,-1.68470
1677765047734000128,0.99942,-0.02966,-0.01692,9.12104,-0.03202,-0.98614,-0.16282,-38.07296,-0.01185,0.16326,-0.98651,-1.68510
1677765047744000256,0.99942,-0.02988,-0.01612,9.12192,-0.03210,-0.98627,-0.16200,-38.07801,-0.01106,0.16242,-0.98666,-1.68530
1677765047754000128,0.99943,-0.03002,-0.01561,9.12274,-0.03215,-0.98641,-0.16111,-38.08305,-0.01056,0.16152,-0.98681,-1.68540
1677765047764000256,0.99943,-0.03011,-0.01542,9.12353,-0.03219,-0.98657,-0.16012,-38.08803,-0.01040,0.16053,-0.98698,-1.68550
1677765047774000128,0.99942,-0.03018,-0.01560,9.12426,-0.03228,-0.98675,-0.15901,-38.09301,-0.01059,0.15942,-0.98715,-1.68550
1677765047784000256,0.99942,-0.03015,-0.01605,9.12493,-0.03230,-0.98694,-0.15782,-38.09797,-0.01108,0.15825,-0.98734,-1.68540
1677765047794000384,0.99941,-0.02995,-0.01673,9.12556,-0.03220,-0.98714,-0.15661,-38.10292,-0.01182,0.15705,-0.98752,-1.68520
1677765047804000256,0.99940,-0.02997,-0.01735,9.12621,-0.03231,-0.98733,-0.15536,-38.10792,-0.01247,0.15583,-0.98771,-1.68500
1677765047814000384,0.99938,-0.03023,-0.01779,9.12691,-0.03262,-0.98751,-0.15412,-38.11303,-0.01291,0.15461,-0.98789,-1.68500
1677765047824000256,0.99937,-0.03060,-0.01802,9.12765,-0.03300,-0.98769,-0.15293,-38.11824,-0.01311,0.15343,-0.98807,-1.68510
1677765047834000384,0.99936,-0.03106,-0.01799,9.12839,-0.03343,-0.98784,-0.15182,-38.12354,-0.01305,0.15232,-0.98824,-1.68540
1677765047844000256,0.99935,-0.03147,-0.01773,9.12911,-0.03379,-0.98798,-0.15081,-38.12893,-0.01277,0.15131,-0.98840,-1.68570
1677765047854000384,0.99935,-0.03168,-0.01711,9.12978,-0.03389,-0.98811,-0.14996,-38.13442,-0.01216,0.15044,-0.98854,-1.68600
1677765047864000256,0.99937,-0.03165,-0.01623,9.13041,-0.03372,-0.98822,-0.14926,-38.13995,-0.01132,0.14972,-0.98866,-1.68610
1677765047874000384,0.99938,-0.03156,-0.01533,9.13104,-0.03349,-0.98832,-0.14868,-38.14551,-0.01045,0.14910,-0.98877,-1.68630
1677765047884000256,0.99940,-0.03134,-0.01440,9.13162,-0.03313,-0.98842,-0.14811,-38.15111,-0.00959,0.14850,-0.98887,-1.68640
1677765047894000384,0.99943,-0.03091,-0.01354,9.13209,-0.03257,-0.98853,-0.14747,-38.15679,-0.00882,0.14783,-0.98897,-1.68630
1677765047904000256,0.99945,-0.03052,-0.01287,9.13251,-0.03208,-0.98866,-0.14672,-38.16252,-0.00825,0.14705,-0.98910,-1.68630
1677765047914000384,0.99947,-0.03019,-0.01241,9.13293,-0.03168,-0.98881,-0.14577,-38.16831,-0.00787,0.14609,-0.98924,-1.68640
1677765047924000256,0.99948,-0.02994,-0.01221,9.13335,-0.03139,-0.98899,-0.14465,-38.17414,-0.00774,0.14495,-0.98941,-1.68640
1677765047934000128,0.99947,-0.03018,-0.01218,9.13389,-0.03162,-0.98916,-0.14341,-38.18003,-0.00772,0.14372,-0.98959,-1.68660
1677765047944000256,0.99945,-0.03077,-0.01221,9.13450,-0.03220,-0.98933,-0.14209,-38.18597,-0.00771,0.14241,-0.98978,-1.68700
1677765047954000128,0.99944,-0.03118,-0.01218,9.13507,-0.03259,-0.98951,-0.14073,-38.19202,-0.00767,0.14104,-0.98997,-1.68730
1677765047964000256,0.99944,-0.03118,-0.01227,9.13552,-0.03259,-0.98971,-0.13934,-38.19809,-0.00780,0.13966,-0.99017,-1.68730
1677765047974000128,0.99945,-0.03085,-0.01248,9.13589,-0.03228,-0.98991,-0.13799,-38.20419,-0.00810,0.13831,-0.99036,-1.68720
1677765047984000256,0.99946,-0.03034,-0.01273,9.13625,-0.03180,-0.99011,-0.13667,-38.21033,-0.00846,0.13700,-0.99054,-1.68690
1677765047994000128,0.99946,-0.03011,-0.01308,9.13668,-0.03161,-0.99029,-0.13535,-38.21651,-0.00887,0.13569,-0.99071,-1.68660
1677765048004000256,0.99945,-0.03030,-0.01334,9.13722,-0.03182,-0.99047,-0.13402,-38.22280,-0.00915,0.13437,-0.99089,-1.68660
1677765048014000128,0.99944,-0.03066,-0.01340,9.13781,-0.03217,-0.99064,-0.13265,-38.22922,-0.00921,0.13301,-0.99107,-1.68680
1677765048024000256,0.99943,-0.03114,-0.01323,9.13838,-0.03261,-0.99081,-0.13126,-38.23580,-0.00902,0.13161,-0.99126,-1.68710
1677765048034000128,0.99942,-0.03167,-0.01267,9.13890,-0.03304,-0.99099,-0.12980,-38.24259,-0.00845,0.13014,-0.99146,-1.68770
1677765048044000512,0.99942,-0.03196,-0.01165,9.13932,-0.03319,-0.99118,-0.12827,-38.24958,-0.00745,0.12858,-0.99167,-1.68830
1677765048054000384,0.99943,-0.03225,-0.01041,9.13971,-0.03331,-0.99139,-0.12663,-38.25669,-0.00623,0.12690,-0.99190,-1.68900
1677765048064000256,0.99942,-0.03267,-0.00916,9.14013,-0.03356,-0.99160,-0.12495,-38.26382,-0.00500,0.12518,-0.99212,-1.68970
1677765048074000384,0.99942,-0.03319,-0.00795,9.14063,-0.03392,-0.99179,-0.12327,-38.27093,-0.00380,0.12347,-0.99234,-1.69040
1677765048084000256,0.99941,-0.03379,-0.00674,9.14119,-0.03436,-0.99198,-0.12166,-38.27801,-0.00258,0.12182,-0.99255,-1.69110
1677765048094000384,0.99940,-0.03407,-0.00549,9.14164,-0.03448,-0.99215,-0.12019,-38.28504,-0.00135,0.12031,-0.99274,-1.69160
1677765048104000256,0.99942,-0.03390,-0.00421,9.14198,-0.03416,-0.99232,-0.11885,-38.29200,-0.00015,0.11892,-0.99290,-1.69190
1677765048114000384,0.99943,-0.03375,-0.00291,9.14230,-0.03386,-0.99248,-0.11763,-38.29889,0.00108,0.11766,-0.99305,-1.69220
1677765048124000256,0.99943,-0.03381,-0.00136,9.14267,-0.03374,-0.99261,-0.11655,-38.30574,0.00259,0.11653,-0.99318,-1.69250
1677765048134000384,0.99942,-0.03397,0.00040,9.14311,-0.03369,-0.99272,-0.11562,-38.31252,0.00433,0.11554,-0.99329,-1.69290
1677765048144000256,0.99941,-0.03424,0.00206,9.14358,-0.03377,-0.99281,-0.11484,-38.31914,0.00598,0.11470,-0.99338,-1.69320
1677765048154000384,0.99940,-0.03441,0.00348,9.14406,-0.03379,-0.99288,-0.11422,-38.32557,0.00739,0.11403,-0.99345,-1.69350
1677765048164000256,0.99940,-0.03430,0.00478,9.14450,-0.03353,-0.99294,-0.11377,-38.33185,0.00865,0.11354,-0.99350,-1.69350
1677765048174000384,0.99940,-0.03400,0.00598,9.14492,-0.03310,-0.99299,-0.11349,-38.33797,0.00980,0.11323,-0.99352,-1.69360
1677765048184000256,0.99941,-0.03356,0.00692,9.14531,-0.03256,-0.99302,-0.11335,-38.34394,0.01068,0.11305,-0.99353,-1.69350
1677765048194000128,0.99943,-0.03302,0.00749,9.14570,-0.03196,-0.99305,-0.11330,-38.34971,0.01117,0.11300,-0.99353,-1.69340
1677765048204000256,0.99944,-0.03251,0.00763,9.14609,-0.03144,-0.99306,-0.11335,-38.35529,0.01126,0.11305,-0.99353,-1.69320
1677765048214000128,0.99946,-0.03206,0.00758,9.14648,-0.03100,-0.99306,-0.11345,-38.36080,0.01117,0.11315,-0.99352,-1.69310
1677765048224000256,0.99947,-0.03156,0.00746,9.14688,-0.03051,-0.99306,-0.11358,-38.36625,0.01100,0.11330,-0.99350,-1.69310
1677765048234000128,0.99949,-0.03112,0.00724,9.14730,-0.03010,-0.99305,-0.11376,-38.37164,0.01073,0.11349,-0.99348,-1.69300
1677765048244000256,0.99950,-0.03084,0.00692,9.14777,-0.02986,-0.99303,-0.11399,-38.37697,0.01039,0.11372,-0.99346,-1.69300
1677765048254000128,0.99951,-0.03053,0.00687,9.14824,-0.02955,-0.99301,-0.11425,-38.38235,0.01031,0.11399,-0.99343,-1.69300
1677765048264000256,0.99952,-0.03015,0.00715,9.14871,-0.02913,-0.99299,-0.11451,-38.38778,0.01055,0.11425,-0.99340,-1.69310
1677765048274000128,0.99953,-0.02980,0.00761,9.14917,-0.02873,-0.99298,-0.11474,-38.39325,0.01097,0.11446,-0.99337,-1.69310
1677765048284000256,0.99953,-0.02942,0.00820,9.14959,-0.02828,-0.99298,-0.11486,-38.39875,0.01152,0.11458,-0.99335,-1.69320
1677765048294000384,0.99954,-0.02909,0.00897,9.14999,-0.02787,-0.99299,-0.11487,-38.40429,0.01225,0.11457,-0.99334,-1.69330
1677765048304000256,0.99954,-0.02883,0.00988,9.15035,-0.02751,-0.99301,-0.11478,-38.40987,0.01312,0.11445,-0.99334,-1.69350
1677765048314000384,0.99954,-0.02844,0.01090,9.15064,-0.02701,-0.99304,-0.11460,-38.41549,0.01409,0.11426,-0.99335,-1.69370
1677765048324000256,0.99954,-0.02802,0.01191,9.15088,-0.02648,-0.99309,-0.11436,-38.42109,0.01503,0.11399,-0.99337,-1.69390
1677765048334000384,0.99953,-0.02771,0.01282,9.15111,-0.02607,-0.99313,-0.11406,-38.42666,0.01589,0.11367,-0.99339,-1.69410
1677765048344000256,0.99953,-0.02739,0.01373,9.15132,-0.02565,-0.99318,-0.11372,-38.43221,0.01675,0.11331,-0.99342,-1.69430
1677765048354000384,0.99953,-0.02697,0.01453,9.15152,-0.02515,-0.99324,-0.11334,-38.43773,0.01749,0.11292,-0.99345,-1.69450
1677765048364000256,0.99953,-0.02670,0.01512,9.15174,-0.02483,-0.99329,-0.11292,-38.44320,0.01803,0.11249,-0.99349,-1.69480
1677765048374000384,0.99953,-0.02646,0.01556,9.15200,-0.02455,-0.99335,-0.11244,-38.44864,0.01844,0.11201,-0.99354,-1.69500
1677765048384000256,0.99953,-0.02625,0.01600,9.15231,-0.02430,-0.99342,-0.11189,-38.45411,0.01883,0.11145,-0.99359,-1.69520
1677765048394000384,0.99952,-0.02624,0.01649,9.15269,-0.02425,-0.99350,-0.11124,-38.45963,0.01930,0.11078,-0.99366,-1.69550
1677765048404000256,0.99951,-0.02632,0.01705,9.15315,-0.02428,-0.99359,-0.11045,-38.46524,0.01984,0.10998,-0.99374,-1.69580
1677765048414000384,0.99949,-0.02656,0.01759,9.15369,-0.02447,-0.99368,-0.10953,-38.47091,0.02039,0.10905,-0.99383,-1.69630
1677765048424000256,0.99947,-0.02707,0.01804,9.15434,-0.02496,-0.99378,-0.10854,-38.47661,0.02087,0.10804,-0.99393,-1.69680
1677765048434000128,0.99945,-0.02767,0.01852,9.15505,-0.02553,-0.99387,-0.10753,-38.48236,0.02138,0.10699,-0.99403,-1.69750
1677765048444000256,0.99941,-0.02835,0.01914,9.15582,-0.02615,-0.99397,-0.10653,-38.48819,0.02205,0.10596,-0.99413,-1.69810
1677765048454000128,0.99938,-0.02912,0.01980,9.15662,-0.02688,-0.99405,-0.10554,-38.49405,0.02276,0.10494,-0.99422,-1.69880
1677765048464000256,0.99934,-0.02985,0.02047,9.15742,-0.02755,-0.99414,-0.10457,-38.50000,0.02347,0.10394,-0.99431,-1.69950
1677765048474000128,0.99931,-0.03052,0.02122,9.15821,-0.02817,-0.99422,-0.10360,-38.50601,0.02426,0.10293,-0.99439,-1.70020
1677765048484000256,0.99927,-0.03131,0.02202,9.15903,-0.02889,-0.99430,-0.10260,-38.51211,0.02510,0.10189,-0.99448,-1.70090
1677765048494000128,0.99922,-0.03221,0.02274,9.15991,-0.02974,-0.99439,-0.10155,-38.51826,0.02588,0.10079,-0.99457,-1.70150
1677765048504000256,0.99919,-0.03295,0.02330,9.16076,-0.03046,-0.99448,-0.10044,-38.52446,0.02648,0.09964,-0.99467,-1.70210
1677765048514000128,0.99916,-0.03350,0.02376,9.16155,-0.03098,-0.99458,-0.09926,-38.53069,0.02695,0.09844,-0.99478,-1.70250
1677765048524000256,0.99914,-0.03382,0.02399,9.16226,-0.03131,-0.99470,-0.09797,-38.53695,0.02717,0.09714,-0.99490,-1.70280
1677765048534000128,0.99913,-0.03408,0.02390,9.16292,-0.03162,-0.99483,-0.09654,-38.54321,0.02706,0.09570,-0.99504,-1.70310
1677765048544000512,0.99913,-0.03448,0.02361,9.16357,-0.03209,-0.99496,-0.09497,-38.54951,0.02677,0.09413,-0.99520,-1.70330
1677765048554000384,0.99911,-0.03518,0.02329,9.16427,-0.03287,-0.99510,-0.09327,-38.55587,0.02646,0.09243,-0.99537,-1.70370
1677765048564000256,0.99907,-0.03627,0.02324,9.16502,-0.03401,-0.99523,-0.09149,-38.56235,0.02644,0.09062,-0.99553,-1.70420
1677765048574000384,0.99902,-0.03741,0.02354,9.16574,-0.03515,-0.99535,-0.08972,-38.56894,0.02678,0.08881,-0.99569,-1.70470
1677765048584000256,0.99897,-0.03830,0.02415,9.16639,-0.03604,-0.99547,-0.08801,-38.57558,0.02741,0.08705,-0.99583,-1.70530
1677765048594000384,0.99893,-0.03899,0.02488,9.16699,-0.03671,-0.99559,-0.08636,-38.58225,0.02814,0.08536,-0.99595,-1.70580
1677765048604000256,0.99889,-0.03955,0.02552,9.16758,-0.03726,-0.99570,-0.08477,-38.58886,0.02876,0.08372,-0.99607,-1.70620
1677765048614000384,0.99886,-0.04013,0.02591,9.16822,-0.03785,-0.99581,-0.08322,-38.59539,0.02914,0.08214,-0.99619,-1.70670
1677765048624000256,0.99883,-0.04080,0.02598,9.16892,-0.03855,-0.99591,-0.08172,-38.60181,0.02920,0.08062,-0.99632,-1.70730
1677765048634000384,0.99879,-0.04173,0.02585,9.16973,-0.03953,-0.99599,-0.08029,-38.60813,0.02910,0.07917,-0.99644,-1.70790
1677765048644000256,0.99875,-0.04274,0.02578,9.17059,-0.04059,-0.99605,-0.07900,-38.61441,0.02905,0.07786,-0.99654,-1.70840
1677765048654000384,0.99871,-0.04357,0.02596,9.17145,-0.04143,-0.99610,-0.07793,-38.62063,0.02925,0.07675,-0.99662,-1.70890
1677765048664000256,0.99867,-0.04429,0.02640,9.17233,-0.04214,-0.99614,-0.07706,-38.62683,0.02971,0.07584,-0.99668,-1.70920
1677765048674000384,0.99862,-0.04506,0.02705,9.17323,-0.04288,-0.99616,-0.07637,-38.63298,0.03038,0.07511,-0.99671,-1.70960
1677765048684000256,0.99856,-0.04581,0.02782,9.17413,-0.04358,-0.99617,-0.07583,-38.63909,0.03119,0.07451,-0.99673,-1.70990
1677765048694000128,0.99851,-0.04643,0.02864,9.17502,-0.04416,-0.99618,-0.07539,-38.64516,0.03203,0.07401,-0.99674,-1.71030
1677765048704000256,0.99846,-0.04700,0.02944,9.17589,-0.04468,-0.99618,-0.07501,-38.65120,0.03286,0.07358,-0.99675,-1.71060
1677765048714000128,0.99841,-0.04747,0.03027,9.17669,-0.04510,-0.99619,-0.07467,-38.65721,0.03370,0.07319,-0.99675,-1.71100
1677765048724000256,0.99838,-0.04751,0.03119,9.17738,-0.04508,-0.99621,-0.07439,-38.66322,0.03461,0.07286,-0.99674,-1.71140
1677765048734000128,0.99836,-0.04729,0.03223,9.17793,-0.04480,-0.99624,-0.07417,-38.66923,0.03562,0.07260,-0.99672,-1.71170
1677765048744000256,0.99834,-0.04691,0.03330,9.17838,-0.04434,-0.99627,-0.07401,-38.67521,0.03665,0.07241,-0.99670,-1.71200
1677765048754000128,0.99833,-0.04647,0.03438,9.17877,-0.04383,-0.99630,-0.07396,-38.68113,0.03769,0.07233,-0.99667,-1.71230
1677765048764000256,0.99830,-0.04617,0.03545,9.17912,-0.04345,-0.99631,-0.07405,-38.68699,0.03873,0.07238,-0.99662,-1.71260
1677765048774000128,0.99828,-0.04590,0.03646,9.17942,-0.04309,-0.99631,-0.07421,-38.69278,0.03973,0.07251,-0.99658,-1.71290
1677765048784000256,0.99826,-0.04562,0.03734,9.17968,-0.04275,-0.99631,-0.07439,-38.69850,0.04059,0.07267,-0.99653,-1.71320
1677765048794000384,0.99825,-0.04524,0.03806,9.17988,-0.04231,-0.99632,-0.07455,-38.70416,0.04129,0.07281,-0.99649,-1.71330
1677765048804000256,0.99825,-0.04480,0.03857,9.18001,-0.04183,-0.99633,-0.07462,-38.70975,0.04177,0.07288,-0.99647,-1.71330
1677765048814000384,0.99826,-0.04437,0.03878,9.18008,-0.04139,-0.99635,-0.07459,-38.71526,0.04195,0.07286,-0.99646,-1.71320
1677765048824000256,0.99829,-0.04374,0.03875,9.18009,-0.04076,-0.99639,-0.07446,-38.72070,0.04187,0.07275,-0.99647,-1.71290
1677765048834000384,0.99833,-0.04312,0.03852,9.18008,-0.04017,-0.99643,-0.07427,-38.72610,0.04159,0.07260,-0.99649,-1.71260
1677765048844000256,0.99837,-0.04252,0.03814,9.18006,-0.03961,-0.99647,-0.07407,-38.73146,0.04116,0.07243,-0.99652,-1.71230
1677765048854000384,0.99841,-0.04188,0.03778,9.18007,-0.03900,-0.99650,-0.07391,-38.73680,0.04074,0.07232,-0.99655,-1.71200
1677765048864000256,0.99845,-0.04134,0.03739,9.18014,-0.03849,-0.99652,-0.07387,-38.74211,0.04032,0.07232,-0.99657,-1.71170
1677765048874000384,0.99848,-0.04094,0.03700,9.18027,-0.03812,-0.99653,-0.07395,-38.74740,0.03990,0.07243,-0.99658,-1.71160
1677765048884000256,0.99850,-0.04056,0.03675,9.18046,-0.03775,-0.99653,-0.07417,-38.75270,0.03963,0.07267,-0.99657,-1.71160
1677765048894000384,0.99852,-0.04010,0.03664,9.18066,-0.03729,-0.99652,-0.07450,-38.75802,0.03950,0.07302,-0.99655,-1.71180
1677765048904000256,0.99855,-0.03946,0.03673,9.18084,-0.03662,-0.99652,-0.07490,-38.76342,0.03956,0.07345,-0.99651,-1.71190
1677765048914000384,0.99857,-0.03869,0.03697,9.18102,-0.03582,-0.99651,-0.07534,-38.76889,0.03975,0.07390,-0.99647,-1.71210
1677765048924000256,0.99858,-0.03806,0.03724,9.18123,-0.03515,-0.99651,-0.07575,-38.77445,0.03999,0.07433,-0.99643,-1.71240
1677765048934000128,0.99859,-0.03754,0.03755,9.18148,-0.03459,-0.99650,-0.07613,-38.78013,0.04028,0.07472,-0.99639,-1.71280
1677765048944000256,0.99859,-0.03709,0.03788,9.18174,-0.03411,-0.99649,-0.07645,-38.78591,0.04058,0.07505,-0.99635,-1.71320
1677765048954000128,0.99860,-0.03665,0.03817,9.18200,-0.03364,-0.99648,-0.07675,-38.79176,0.04085,0.07536,-0.99632,-1.71350
1677765048964000256,0.99861,-0.03601,0.03848,9.18222,-0.03296,-0.99648,-0.07702,-38.79769,0.04112,0.07564,-0.99629,-1.71370
1677765048974000128,0.99862,-0.03539,0.03877,9.18245,-0.03232,-0.99648,-0.07729,-38.80365,0.04137,0.07593,-0.99625,-1.71380
1677765048984000256,0.99863,-0.03501,0.03899,9.18274,-0.03190,-0.99648,-0.07758,-38.80965,0.04157,0.07623,-0.99622,-1.71390
1677765048994000128,0.99863,-0.03476,0.03909,9.18308,-0.03164,-0.99646,-0.07786,-38.81565,0.04166,0.07652,-0.99620,-1.71400
1677765049004000256,0.99865,-0.03446,0.03899,9.18341,-0.03133,-0.99645,-0.07814,-38.82163,0.04154,0.07681,-0.99618,-1.71400
1677765049014000128,0.99867,-0.03388,0.03875,9.18368,-0.03076,-0.99645,-0.07843,-38.82758,0.04127,0.07713,-0.99617,-1.71390
1677765049024000256,0.99871,-0.03307,0.03848,9.18391,-0.02996,-0.99644,-0.07874,-38.83355,0.04094,0.07749,-0.99615,-1.71370
1677765049034000128,0.99875,-0.03226,0.03821,9.18412,-0.02916,-0.99644,-0.07909,-38.83953,0.04063,0.07788,-0.99613,-1.71350
1677765049044000512,0.99878,-0.03148,0.03799,9.18433,-0.02838,-0.99643,-0.07947,-38.84553,0.04036,0.07829,-0.99611,-1.71340
1677765049054000384,0.99881,-0.03066,0.03798,9.18455,-0.02756,-0.99643,-0.07981,-38.85161,0.04030,0.07867,-0.99609,-1.71330
1677765049064000256,0.99883,-0.02989,0.03813,9.18474,-0.02676,-0.99643,-0.08004,-38.85778,0.04038,0.07892,-0.99606,-1.71320
1677765049074000384,0.99884,-0.02917,0.03842,9.18493,-0.02602,-0.99645,-0.08012,-38.86408,0.04062,0.07902,-0.99604,-1.71320
1677765049084000256,0.99884,-0.02852,0.03881,9.18508,-0.02534,-0.99647,-0.08003,-38.87050,0.04096,0.07895,-0.99604,-1.71330
1677765049094000384,0.99884,-0.02793,0.03924,9.18518,-0.02473,-0.99650,-0.07981,-38.87704,0.04133,0.07875,-0.99604,-1.71330
1677765049104000256,0.99884,-0.02749,0.03961,9.18531,-0.02427,-0.99654,-0.07953,-38.88361,0.04166,0.07848,-0.99605,-1.71340
1677765049114000384,0.99883,-0.02717,0.03997,9.18548,-0.02394,-0.99657,-0.07920,-38.89025,0.04198,0.07815,-0.99606,-1.71360
1677765049124000256,0.99882,-0.02693,0.04031,9.18570,-0.02369,-0.99660,-0.07890,-38.89690,0.04230,0.07785,-0.99607,-1.71370
1677765049134000384,0.99882,-0.02671,0.04053,9.18597,-0.02346,-0.99662,-0.07868,-38.90354,0.04250,0.07764,-0.99608,-1.71380
1677765049144000256,0.99883,-0.02630,0.04064,9.18623,-0.02305,-0.99664,-0.07859,-38.91013,0.04257,0.07756,-0.99608,-1.71370
1677765049154000384,0.99884,-0.02569,0.04066,9.18647,-0.02243,-0.99665,-0.07861,-38.91671,0.04254,0.07761,-0.99608,-1.71350
1677765049164000256,0.99887,-0.02506,0.04047,9.18670,-0.02181,-0.99666,-0.07875,-38.92326,0.04231,0.07777,-0.99607,-1.71310
1677765049174000384,0.99890,-0.02433,0.04002,9.18692,-0.02111,-0.99666,-0.07891,-38.92978,0.04181,0.07798,-0.99608,-1.71270
1677765049184000256,0.99895,-0.02360,0.03934,9.18712,-0.02044,-0.99666,-0.07907,-38.93631,0.04107,0.07818,-0.99609,-1.71220
1677765049194000128,0.99900,-0.02295,0.03840,9.18733,-0.01985,-0.99666,-0.07922,-38.94284,0.04009,0.07838,-0.99612,-1.71170
1677765049204000256,0.99906,-0.02224,0.03727,9.18750,-0.01923,-0.99666,-0.07935,-38.94941,0.03891,0.07855,-0.99615,-1.71120
1677765049214000128,0.99912,-0.02162,0.03603,9.18770,-0.01871,-0.99667,-0.07940,-38.95605,0.03763,0.07866,-0.99619,-1.71080
1677765049224000256,0.99917,-0.02130,0.03466,9.18795,-0.01849,-0.99667,-0.07938,-38.96278,0.03624,0.07868,-0.99624,-1.71060
1677765049234000128,0.99922,-0.02125,0.03324,9.18829,-0.01856,-0.99668,-0.07927,-38.96959,0.03481,0.07859,-0.99630,-1.71070
1677765049244000256,0.99925,-0.02173,0.03206,9.18879,-0.01914,-0.99669,-0.07901,-38.97656,0.03368,0.07834,-0.99636,-1.71110
1677765049254000128,0.99926,-0.02290,0.03097,9.18948,-0.02041,-0.99670,-0.07861,-38.98369,0.03267,0.07792,-0.99642,-1.71190
1677765049264000256,0.99925,-0.02421,0.03007,9.19029,-0.02180,-0.99671,-0.07802,-38.99097,0.03186,0.07730,-0.99650,-1.71290
1677765049274000128,0.99924,-0.02553,0.02938,9.19119,-0.02320,-0.99674,-0.07727,-38.99841,0.03125,0.07653,-0.99658,-1.71390
1677765049284000256,0.99922,-0.02718,0.02861,9.19223,-0.02493,-0.99676,-0.07645,-39.00592,0.03060,0.07568,-0.99666,-1.71500
1677765049294000384,0.99920,-0.02873,0.02782,9.19343,-0.02656,-0.99678,-0.07566,-39.01347,0.02991,0.07486,-0.99675,-1.71620
1677765049304000256,0.99918,-0.03017,0.02687,9.19466,-0.02808,-0.99679,-0.07495,-39.02100,0.02905,0.07413,-0.99683,-1.71710
1677765049314000384,0.99917,-0.03146,0.02573,9.19592,-0.02947,-0.99680,-0.07435,-39.02847,0.02799,0.07353,-0.99690,-1.71800
1677765049324000256,0.99917,-0.03240,0.02459,9.19717,-0.03051,-0.99680,-0.07385,-39.03590,0.02691,0.07304,-0.99697,-1.71850
1677765049334000384,0.99917,-0.03333,0.02341,9.19840,-0.03153,-0.99680,-0.07344,-39.04330,0.02579,0.07264,-0.99702,-1.71880
1677765049344000256,0.99917,-0.03424,0.02221,9.19962,-0.03253,-0.99679,-0.07310,-39.05067,0.02464,0.07232,-0.99708,-1.71880
1677765049354000384,0.99917,-0.03490,0.02109,9.20073,-0.03328,-0.99679,-0.07283,-39.05802,0.02356,0.07207,-0.99712,-1.71860
1677765049364000256,0.99918,-0.03538,0.01987,9.20173,-0.03385,-0.99678,-0.07267,-39.06532,0.02238,0.07194,-0.99716,-1.71820
1677765049374000384,0.99919,-0.03562,0.01863,9.20261,-0.03418,-0.99677,-0.07261,-39.07257,0.02116,0.07191,-0.99719,-1.71760
1677765049384000256,0.99921,-0.03573,0.01744,9.20343,-0.03437,-0.99677,-0.07262,-39.07979,0.01997,0.07197,-0.99721,-1.71690
1677765049394000384,0.99923,-0.03577,0.01628,9.20420,-0.03450,-0.99676,-0.07268,-39.08703,0.01883,0.07206,-0.99722,-1.71620
1677765049404000256,0.99924,-0.03575,0.01531,9.20492,-0.03454,-0.99675,-0.07273,-39.09434,0.01786,0.07214,-0.99723,-1.71560
1677765049414000384,0.99926,-0.03563,0.01444,9.20558,-0.03449,-0.99675,-0.07275,-39.10172,0.01699,0.07220,-0.99725,-1.71510
1677765049424000256,0.99928,-0.03548,0.01364,9.20618,-0.03440,-0.99676,-0.07277,-39.10917,0.01618,0.07225,-0.99726,-1.71480
1677765049434000128,0.99930,-0.03519,0.01292,9.20672,-0.03416,-0.99676,-0.07279,-39.11664,0.01544,0.07230,-0.99726,-1.71460
1677765049444000256,0.99932,-0.03492,0.01223,9.20725,-0.03394,-0.99676,-0.07286,-39.12416,0.01474,0.07240,-0.99727,-1.71450
1677765049454000128,0.99932,-0.03491,0.01157,9.20785,-0.03397,-0.99675,-0.07298,-39.13168,0.01408,0.07253,-0.99727,-1.71440
1677765049464000256,0.99933,-0.03503,0.01081,9.20847,-0.03415,-0.99674,-0.07312,-39.13917,0.01334,0.07270,-0.99726,-1.71450
1677765049474000128,0.99933,-0.03507,0.01014,9.20905,-0.03424,-0.99672,-0.07328,-39.14671,0.01267,0.07289,-0.99726,-1.71440
1677765049484000256,0.99935,-0.03465,0.00960,9.20953,-0.03386,-0.99672,-0.07346,-39.15430,0.01212,0.07309,-0.99725,-1.71420
1677765049494000128,0.99938,-0.03397,0.00904,9.20988,-0.03321,-0.99673,-0.07366,-39.16192,0.01151,0.07332,-0.99724,-1.71380
1677765049504000256,0.99942,-0.03302,0.00834,9.21013,-0.03232,-0.99674,-0.07391,-39.16951,0.01075,0.07359,-0.99723,-1.71330
1677765049514000128,0.99947,-0.03182,0.00751,9.21028,-0.03118,-0.99676,-0.07419,-39.17709,0.00985,0.07392,-0.99722,-1.71280
1677765049524000256,0.99951,-0.03050,0.00691,9.21038,-0.02990,-0.99677,-0.07452,-39.18476,0.00916,0.07427,-0.99720,-1.71230
1677765049534000128,0.99955,-0.02909,0.00674,9.21045,-0.02851,-0.99679,-0.07484,-39.19257,0.00889,0.07462,-0.99717,-1.71180
1677765049544000512,0.99959,-0.02792,0.00684,9.21056,-0.02733,-0.99679,-0.07519,-39.20048,0.00892,0.07498,-0.99715,-1.71170
1677765049554000384,0.99961,-0.02705,0.00713,9.21070,-0.02644,-0.99679,-0.07558,-39.20847,0.00915,0.07536,-0.99711,-1.71170
1677765049564000256,0.99962,-0.02630,0.00764,9.21090,-0.02564,-0.99677,-0.07605,-39.21655,0.00962,0.07582,-0.99707,-1.71190
1677765049574000384,0.99964,-0.02557,0.00826,9.21111,-0.02486,-0.99675,-0.07664,-39.22465,0.01019,0.07640,-0.99702,-1.71220
1677765049584000256,0.99966,-0.02472,0.00877,9.21132,-0.02397,-0.99672,-0.07736,-39.23270,0.01065,0.07712,-0.99697,-1.71240
