timestamp (ns), T_wf(00), T_wf(01), T_wf(02), T_wf(03), T_wf(10), T_wf(11), T_wf(12), T_wf(13), T_wf(20), T_wf(21), T_wf(22), T_wf(23)
1690902442963014075,0.9751159315601022,0.22107684253271562,0.016551426326424035,0.697227418422699,-0.2216752593149158,0.9733157697543808,0.0593000147984982,-0.927209734916687,-0.0029999042216410374,-0.06149343089470719,0.9981029799231435,0.47588568925857544
1690902442983074192,0.9751408959850947,0.220958468816926,0.01666097342492238,0.6972171068191528,-0.22156331530347184,0.9733514716979431,0.05913213893630373,-0.9272223711013794,-0.0031512361258331165,-0.06135362745207118,0.9981111171153998,0.4758954346179962
1690902443002977597,0.9751050328799564,0.22111959063690703,0.01662231899422318,0.6972253322601318,-0.22172216875333825,0.9733074600564523,0.05926101654353983,-0.9272154569625854,-0.0030748553616809825,-0.061471252102297015,0.9981041180305192,0.47587570548057556
1690902443023088215,0.975134659326947,0.22097461229131568,0.016811213579700664,0.697193443775177,-0.22158876482802273,0.9733435620835951,0.05916696250789377,-0.9272291660308838,-0.0032886899079773097,-0.06142093188093117,0.9981065342164471,0.47589752078056335
1690902443043139664,0.975148836045425,0.2209128657720931,0.01680039569813533,0.6971904039382935,-0.22152415663544592,0.9733997703613699,0.05848021107508754,-0.9272278547286987,-0.003434470294990592,-0.06074860324973359,0.9981471893548562,0.47593358159065247
1690902443063092909,0.9751310060054674,0.22096579816859882,0.017135844492725132,0.6972090601921082,-0.22159816557142045,0.9733703831637618,0.058688586582169466,-0.9272274971008301,-0.0037113531422025047,-0.06102633218001491,0.9981292564785926,0.47595444321632385
1690902443082951061,0.9751466211573063,0.22090050852732357,0.017088960701543063,0.6971889734268188,-0.2215299829727045,0.9733883551756091,0.05864790407709174,-0.9272253513336182,-0.003678843514244367,-0.06097602267196787,0.9981324515160829,0.47594866156578064
1690902443113063612,0.975154766405606,0.22085854597805626,0.017166369007073353,0.6971949338912964,-0.22149295494900179,0.9733945716877651,0.05868456966487913,-0.927236020565033,-0.00374866167954114,-0.06102876762029036,0.998128968149087,0.4759597182273865
1690902443123098131,0.975170470275708,0.2207842098476933,0.017230397098852074,0.6971935629844666,-0.22142253523480598,0.9734125776439879,0.0586516374424309,-0.9272381663322449,-0.0038229298248225966,-0.06101054307590594,0.9981298005976665,0.47595345973968506
1690902443142932057,0.975173994268666,0.22078228730434857,0.017054691869264976,0.6971867680549622,-0.22140991490153644,0.9734151863975361,0.05865598412731787,-0.9272399544715881,-0.003651093725156306,-0.06097586820464193,0.9981325628448858,0.47594207525253296
1690902443163074726,0.9751639631528424,0.22081348754806096,0.017223492238912733,0.6971873044967651,-0.221450684451664,0.9734164264293012,0.05848123727742282,-0.9272388815879822,-0.003852184306481832,-0.060842949258488536,0.9981399181485517,0.4759630262851715
1690902443183089357,0.975038821959092,0.22135391205366794,0.01737070209181895,0.6972065567970276,-0.22200032673974662,0.973272441048945,0.05879294534273011,-0.9271612763404846,-0.0038923771748678587,-0.06118170570656346,0.9981190551666488,0.47597402334213257
1690902443203096315,0.975094176526836,0.22113428216245912,0.017058023213293125,0.6971849799156189,-0.22176475384519956,0.9732781377233397,0.05958238482777939,-0.9272284507751465,-0.0034264931678570382,-0.061881304788130254,0.9980776338854053,0.47591423988342285
1690902443223097792,0.9751705684326435,0.22081983529483692,0.016761945087471232,0.6971928477287292,-0.22143170006062188,0.9733707820903209,0.05930702134772103,-0.927290141582489,-0.0032194209133157535,-0.0615460877167456,0.9980990504031877,0.47589629888534546
1690902443242995168,0.9753425098647582,0.2200642060861762,0.016695318217235904,0.6971464157104492,-0.22067536473602103,0.9735034975793165,0.059944337509571365,-0.9273774027824402,-0.003061347634273219,-0.06215050603573798,0.9980620936345411,0.4758497178554535
1690902443263088858,0.9751863582732326,0.2207765097444034,0.016410343776691677,0.6971973180770874,-0.2213690879793104,0.9733354198084535,0.06011561721806839,-0.9273003935813904,-0.002700652698551534,-0.062256672665508966,0.998056518030728,0.4758218228816986
1690902443282930356,0.9753363750661335,0.22012480286920097,0.01624889641328568,0.6972065567970276,-0.22070881031337472,0.9734795820137474,0.060209006405968,-0.9273611307144165,-0.00256447322252586,-0.062310308650612,0.9980535300839108,0.47580450773239136
1690902443313117007,0.9754397330389564,0.2196824896159022,0.016029066256302134,0.6972031593322754,-0.22025324183954365,0.9735931569466136,0.0600406046430116,-0.9274265170097351,-0.002415919713358746,-0.06209644517108813,0.9980672296138436,0.4757871627807617
1690902443323087584,0.9752958979883383,0.2202932931119983,0.016394400781732786,0.6971981525421143,-0.22088584992655713,0.9734439693672796,0.0601355120099376,-0.927338182926178,-0.002711580598722718,-0.06227120933743025,0.9980555815275574,0.47581854462623596
1690902443342969526,0.9752933067330877,0.22031090808220552,0.0163116406787644,0.6971809267997742,-0.2208986577229479,0.9734321047699134,0.06028034853429558,-0.9273385405540466,-0.002597856393077665,-0.06239423998423427,0.9980482002182813,0.47580447793006897
1690902443363081909,0.9752992345974554,0.22027233403711474,0.016477313235456665,0.6971839666366577,-0.22087043003901505,0.9734400243392979,0.06025588891293327,-0.9273514151573181,-0.0027669709066362553,-0.06240687359697599,0.9980469558091206,0.4758221209049225
1690902443382933996,0.975302634305845,0.22025786668561578,0.016469477198157608,0.697189211845398,-0.22085508503764686,0.9734527538718497,0.060106300770598045,-0.9273505806922913,-0.002793372351280253,-0.062259201267068395,0.9980561051005568,0.4758138656616211
1690902443413091405,0.975303712025343,0.220245714611941,0.016567875683458112,0.6971839070320129,-0.22084951724452886,0.9734447043020906,0.060256936522480216,-0.9273468852043152,-0.0028565788008776596,-0.0624278212121095,0.9980453933044646,0.4758148491382599
1690902443423087827,0.9753293861981829,0.22014176072898434,0.016437566773049708,0.6972014904022217,-0.22073777729832678,0.9734666717555199,0.06031146370819636,-0.9273656010627747,-0.002724351605455237,-0.062451934832904954,0.9980442544015553,0.47580572962760925
1690902443443076720,0.9753214123243455,0.22017821281437,0.016422462163582136,0.6971914172172546,-0.22077355168210316,0.973450855071341,0.06043568183238365,-0.9273642897605896,-0.002679839419443654,-0.06256985985876419,0.9980369888425684,0.47581151127815247
1690902443463009213,0.9753156180807245,0.22021582215672367,0.016261512834066107,0.6971893310546875,-0.2208008546203932,0.9734487314274357,0.060370107513737066,-0.9273608326911926,-0.002535296179585209,-0.062470464654542555,0.9980435928951837,0.47579461336135864
1690902443483182212,0.9753352704771395,0.22011819418201897,0.016403985897723017,0.6971767544746399,-0.2207121514848054,0.9734726454899164,0.060308827461760674,-0.927357017993927,-0.002693761354317992,-0.062441885564988316,0.9980449662098675,0.4758063554763794
1690902443513003128,0.975310709766309,0.22023275966381373,0.016326389251742027,0.697186291217804,-0.22082126154703574,0.9734571094151625,0.06016000812709257,-0.9273501634597778,-0.0026438350769605124,-0.06227991409705921,0.9980552201337102,0.4758225083351135
1690902443523076374,0.9752920515262661,0.22031417555454896,0.016342529773765904,0.6971914768218994,-0.2209038811998042,0.9734301015662383,0.060293553847867186,-0.9273497462272644,-0.0026247858102795554,-0.06241395208174403,0.9980468972372931,0.4758096933364868
1690902443543084902,0.9752724881587423,0.22040317066662804,0.016310003088671823,0.6972008943557739,-0.22099060386016958,0.9734121456748726,0.06026564243545107,-0.9273362159729004,-0.0025936164274731385,-0.062379780480034286,0.9980491150945876,0.47580674290657043
1690902443563098332,0.9753072181395708,0.22023661476296505,0.01648222565677036,0.6971936821937561,-0.2208346707704956,0.9734573065328446,0.060107574759808005,-0.927353024482727,-0.0028068542067942607,-0.062263198404582526,0.9980558179249761,0.4758290648460388
1690902443582980353,0.9753084541403227,0.22024078234679587,0.01635289190588603,0.6971940398216248,-0.22083125932808165,0.9734469432955136,0.060287672804603815,-0.9273515343666077,-0.0026408684154731092,-0.06241030668000852,0.9980470827742145,0.4758020043373108
1690902443613046674,0.9752977573238889,0.2202826358830176,0.01642695612166467,0.697202742099762,-0.22087756356378851,0.973438546355538,0.06025361718056614,-0.9273535013198853,-0.0027178066740980774,-0.06239356375178083,0.9980479230624325,0.4758221209049225
1690902443622936284,0.9752573145512236,0.22047101632072932,0.01630034897912052,0.6971995234489441,-0.22105757493095143,0.9734003526595806,0.0602104808804207,-0.9273445010185242,-0.0025920995318839575,-0.06232402750712946,0.9980526021284188,0.4758082628250122
1690902443643088314,0.9753379876770524,0.22010806182398265,0.016378367261957245,0.6971840858459473,-0.22070004609242302,0.973484420448033,0.06016288556709425,-0.9273694157600403,-0.002701749225980308,-0.06229385415148709,0.9980541950646131,0.4758087694644928
1690902443663090463,0.9753336571072064,0.22012588737486763,0.016396677142339545,0.6971891522407532,-0.2207193165549671,0.9734723326277952,0.0602876513699797,-0.9273634552955627,-0.002690838789534691,-0.0624196388617162,0.9980463656919865,0.47581180930137634
1690902443683152840,0.9753144771384498,0.22021909207632556,0.016285643040151208,0.6971849203109741,-0.22080495414192175,0.9734638362422273,0.0601109952916276,-0.9273443222045898,-0.0026158957426106154,-0.06222307460777787,0.998058838984866,0.47581619024276733
1690902443703101894,0.9752650932764627,0.2204278692133072,0.016418048316833387,0.6971796154975891,-0.22102176003642837,0.9734104711024139,0.060178371019631506,-0.9272949695587158,-0.0027165100500857707,-0.062318610561036124,0.9980526095105858,0.4758307933807373
1690902443722946753,0.9753397631805,0.22009705385363604,0.016420512901720242,0.6971794962882996,-0.22069153381151796,0.9734897352361473,0.060108088422233585,-0.9272651076316833,-0.0027555875826299195,-0.06224967690522633,0.9980568042262269,0.4758280813694
1690902443743100136,0.9752238273429249,0.22060994333756162,0.0164237475386821,0.697195827960968,-0.2212039624853709,0.9733663584336708,0.06022241484982853,-0.9271595478057861,-0.002700659805889162,-0.062363331936099026,0.9980498591084718,0.47583305835723877
1690902443762975567,0.9751959292183107,0.22072076685836886,0.01659044042480923,0.697196900844574,-0.22132492333145912,0.9733399573259125,0.06020469902851948,-0.9271150231361389,-0.0028597112370497947,-0.06238325536748182,0.9980481709323434,0.47583919763565063
1690902443783178380,0.9752931507606672,0.2202914513024978,0.01658151266830382,0.6971869468688965,-0.22089589539603346,0.973436821060139,0.06021427406782619,-0.9271429777145386,-0.002876365156674306,-0.06238935716426221,0.9980477416617479,0.47584038972854614
1690902443803003292,0.9753798282118296,0.21992386864802893,0.01636101208197291,0.6971566677093506,-0.22051479216398878,0.9735338962418064,0.06004147987117423,-0.9271529316902161,-0.0027234453060009595,-0.06217109350117871,0.9980617906615467,0.4758111834526062
1690902443832969471,0.9753672126217341,0.2199752193119072,0.01642264994412721,0.6971169114112854,-0.22057054587105643,0.9735063126322776,0.06028344349197632,-0.9270855784416199,-0.0027266896877335065,-0.06242084710883417,0.9980461928235398,0.4757983684539795
1690902443843023647,0.9752470443926295,0.2205057478522585,0.016444377992399388,0.697100043296814,-0.22110125276052603,0.97338968004189,0.0602226437120899,-0.9269161820411682,-0.0027273487431350423,-0.062367827860713175,0.9980495055941714,0.47582194209098816
1690902443862980827,0.975227118172673,0.22061504218666983,0.0161576960485383,0.6971754431724548,-0.22119289337272052,0.973357984172787,0.06039816692990651,-0.9268157482147217,-0.0024024783094429977,-0.06247589781717793,0.9980435813580036,0.475769579410553
1690902443883011577,0.9752573741225234,0.22047608384138662,0.016228082869117002,0.6973084211349487,-0.22105887510996197,0.9733815070824041,0.060509630680632594,-0.9267399907112122,-0.00245518935304476,-0.06259982527095564,0.9980356876992361,0.4757131338119507
1690902443902925969,0.9752530066517883,0.22048923318848884,0.016311684909882992,0.697296142578125,-0.2210771109523459,0.9733803596322003,0.060461446354290266,-0.9266812801361084,-0.002546375779664627,-0.06257134751817929,0.9980372450165115,0.47570621967315674
1690902443932917715,0.9752158333891183,0.22067077049231443,0.016077604221266834,0.6971924901008606,-0.22124364366318988,0.9733429137468689,0.060455127138985196,-0.9266246557235718,-0.0023083426528261296,-0.06251386493477831,0.9980414261167286,0.47572609782218933
1690902443942990768,0.9752600013925398,0.22045578107479424,0.01634558883997918,0.6970738768577576,-0.2210462492589904,0.9733775746666282,0.06061891474321227,-0.926506519317627,-0.0025466394239356182,-0.06273233398188646,0.9980271383588872,0.4757746160030365
1690902443963170217,0.9754811778471368,0.21949743119069576,0.016042112287619495,0.6970450282096863,-0.22007138520134772,0.9735803061610118,0.060909546632616274,-0.926433801651001,-0.002248795571600748,-0.06294652616401161,0.9980143675129937,0.4757540822029114
1690902443983097900,0.9754387206794658,0.21967621833334935,0.016175948131891108,0.6970738768577576,-0.2202586869065267,0.9735263287018021,0.06109499297490305,-0.9261419773101807,-0.0023265943822814777,-0.0631573148823588,0.9980008720113579,0.4757525324821472
1690902444012921957,0.9753935789872531,0.21988187493846842,0.016103637600896448,0.6971452236175537,-0.22045977748119325,0.9734694168234204,0.06127626801962288,-0.9259058237075806,-0.0022028580026935774,-0.06331868273277352,0.9979909277311123,0.47575637698173523
1690902444033106529,0.9754218569537714,0.2197474996714273,0.016224591366590744,0.6972073316574097,-0.2203335370591392,0.9734923254497803,0.06136631598351343,-0.9257897138595581,-0.002309420677511033,-0.06343286749419066,0.9979834356829772,0.47573280334472656
1690902444043095140,0.9754146832985545,0.21980828085747117,0.015827674246835288,0.6972125172615051,-0.22036972524108395,0.9734610147055608,0.06173197749618432,-0.9257828593254089,-0.001838423985384978,-0.06370221750381459,0.9979672578207899,0.47571495175361633
1690902444063026820,0.9754369082817678,0.21971181203437518,0.015797392641756735,0.6972237825393677,-0.2202713861533212,0.9734879373644594,0.06165835099956191,-0.9258543252944946,-0.0018315031533949755,-0.06362354484357274,0.997972289263453,0.4757286608219147
1690902444083111118,0.9754964508140106,0.2194105189280364,0.016300264813732805,0.6971986293792725,-0.22000266067281835,0.9735502528093769,0.061633875033771955,-0.9260042905807495,-0.002346006425563713,-0.06370972797405156,0.997965714248402,0.47570955753326416
1690902444112940967,0.9754868407002362,0.2194671357495003,0.016112105591219658,0.6971858739852905,-0.2200469700195872,0.9735463592587741,0.06153712179802579,-0.9261070489883423,-0.0021805058750439792,-0.06357407254452535,0.9979747405091136,0.47568100690841675
1690902444123110138,0.97551805941459,0.21931612656015168,0.016277358097793716,0.6971521377563477,-0.2199059903111815,0.9735987707832084,0.061211019879462175,-0.9262014627456665,-0.0024230520528499824,-0.06329194387974589,0.9979921135252884,0.47569143772125244
1690902444143109844,0.9755318490839437,0.21927995651757068,0.01593461930873568,0.6971343755722046,-0.21984848866145232,0.9736033590065073,0.06134444852243547,-0.9262478351593018,-0.0020623908788810034,-0.0633466652705474,0.9979894521200934,0.4756547808647156
1690902444163130242,0.9755298827125285,0.21927600580123885,0.016108420615788595,0.6970939636230469,-0.21985587336955753,0.9735927671944687,0.061485922059653204,-0.926228940486908,-0.0022006544002110134,-0.06352288521841355,0.9979779557554058,0.4756639301776886
1690902444182991620,0.9755188905071698,0.21933041857932564,0.016033145339528123,0.697109580039978,-0.21990521860847514,0.9735868855594948,0.061402533297267484,-0.9261829853057861,-0.0021422167069132586,-0.06342510348735031,0.9979843020585042,0.4756604731082916
1690902444203115449,0.9754882988291215,0.21946682848191898,0.016027789727668145,0.6971337199211121,-0.22004098500169664,0.973557204226255,0.06138676582652807,-0.9260779619216919,-0.0021316113504845254,-0.06340884240581769,0.997985358077865,0.4756573438644409
1690902444233116857,0.9754652998411678,0.2195573650886228,0.016186792181335598,0.6971668004989624,-0.22014169608548487,0.9735269811951132,0.061504882161789856,-0.9259001016616821,-0.002254429059999487,-0.06355926620462853,0.9979755193536275,0.4756854772567749
1690902444243109743,0.9754791412575454,0.21950992698428268,0.015994903150587686,0.6972379684448242,-0.22008231897326558,0.9735355291519038,0.06158202947510294,-0.9256433248519897,-0.0020537397088170473,-0.0635921806064044,0.9979738557291623,0.47570550441741943
1690902444262996093,0.9755197472621742,0.21925976634385844,0.016922693768432417,0.6972655653953552,-0.21989295318264604,0.9735523725320184,0.06199086285810333,-0.9253400564193726,-0.0028830265621682775,-0.06419449197644723,0.9979332419344128,0.47572946548461914
1690902444283103080,0.9755189127097083,0.2192297523311075,0.017354153350418178,0.6972431540489197,-0.21988413309481306,0.9736717515012492,0.06011895160123965,-0.924942135810852,-0.0037173860185773303,-0.06246307726434002,0.998040352400572,0.47581541538238525
1690902444303122284,0.975755324177972,0.21820335394887377,0.016995401254574712,0.697246789932251,-0.21884218053380275,0.9738130454717964,0.06161373619702026,-0.9246702790260315,-0.0031060195672216436,-0.06383924180633758,0.9979553616510313,0.4757910668849945
1690902444333056464,0.9758113470655667,0.2178505053663089,0.018258484321749896,0.697003960609436,-0.21857190746465882,0.9738582563944336,0.06185804490649622,-0.9242327809333801,-0.004305369362132422,-0.06435257387266885,0.9979179375232304,0.4757639169692993
1690902444343101847,0.9758384219896469,0.21775794997559775,0.017912269291774564,0.6968811750411987,-0.2184563197832037,0.9738992033620824,0.061621246640100595,-0.9237129092216492,-0.004026228450377341,-0.06404542851075735,0.9979388621410327,0.4757859408855438
1690902444363047522,0.975730848452462,0.21822253278738832,0.01811732767535038,0.6969990134239197,-0.21893769869154725,0.9737194232644639,0.06274367577030625,-0.9230873584747314,-0.003949110012148566,-0.06518750602206898,0.9978652181475888,0.475796639919281
1690902444383107862,0.9757810247769622,0.21833904018131708,0.013396089650469553,0.6970879435539246,-0.21874699106354364,0.973638292445471,0.064639224813686,-0.9225144386291504,0.0010703204511549541,-0.06600408333254465,0.9978187788358981,0.4755938649177551
1690902444403107347,0.97603358718974,0.2171520537611752,0.01426261633895837,0.6970083713531494,-0.21761956157336637,0.9738118133543507,0.06582004703832482,-0.9218425750732422,0.0004038541128109493,-0.06734640093438683,0.9977295721702554,0.4755653738975525
1690902444433225160,0.9758348844681912,0.21806024145919034,0.014000333914283356,0.6970566511154175,-0.2185085363272498,0.9736667581520793,0.06501587207554299,-0.921050488948822,0.0005457170281058504,-0.066503948487139,0.9977860126442669,0.47560739517211914
1690902444443102969,0.976069623849729,0.2169431700131631,0.014958288086833438,0.6967169046401978,-0.21745779928562092,0.9738953303897674,0.06511521308312451,-0.9204211235046387,-0.00044150617605634955,-0.06680977794938339,0.9977656331236564,0.47564348578453064
1690902444463090940,0.9759918917939963,0.21733381929386053,0.01434706044874183,0.6965243816375732,-0.2178068561526028,0.9738793938711169,0.0641802119515444,-0.9197289347648621,-2.3775947134352902e-05,-0.06576425460969927,0.9978351879194954,0.47558143734931946
1690902444483157750,0.9758610481331468,0.21796330365270283,0.013682580066498667,0.6964244842529297,-0.21839150545043218,0.9737668790285611,0.06390004424153274,-0.9190974235534668,0.0006042214580255388,-0.0653457234084653,0.997862501223818,0.47561290860176086
1690902444502965849,0.9760241196264574,0.21717351423603481,0.014580213365039785,0.6962592005729675,-0.21766156254148644,0.9740133887184961,0.06262078559959833,-0.9184625148773193,-0.0006017469550350591,-0.0642929491583879,0.9979308866795934,0.4757877290248871
1690902444523109403,0.9764837557877317,0.2151074082699542,0.014431825597230935,0.6960231065750122,-0.21559081742370592,0.9743772146626273,0.06410649724387306,-0.9178935885429382,-0.00027225955253219053,-0.06571032227651642,0.9978387041105654,0.47571516036987305
1690902444543105601,0.976433489905826,0.21533665200690816,0.014414093547120605,0.6960842609405518,-0.2158171565201894,0.9744857335917284,0.061648276356530855,-0.9171149730682373,-0.000771195091713632,-0.06330625031264181,0.9979938496451187,0.47583848237991333
1690902444562958867,0.9764810276273332,0.21532385293697548,0.01097456332812064,0.6963858604431152,-0.2155821840270849,0.9744063146928951,0.06369188187455904,-0.9164233207702637,0.003020697598118941,-0.06455983459540793,0.9979092659871609,0.4756513833999634
1690902444583110681,0.9765575826782853,0.2150057880816258,0.010382620331278639,0.6963454484939575,-0.21522552723194793,0.9744654005375472,0.06399340265158686,-0.9156675934791565,0.003641447689380515,-0.06472784753564041,0.9978963100503623,0.47558796405792236
1690902444603105721,0.9765181721953172,0.2152622323344403,0.008627323032714946,0.6961880326271057,-0.21536578202359857,0.9744057328700619,0.06442862472008769,-0.9148464202880859,0.005462536561084606,-0.06477375302042891,0.9978850242457634,0.47542473673820496
1690902444622998830,0.9768473274030389,0.21363018621617633,0.01146483679700673,0.6959015727043152,-0.21392062135892162,0.9746909560330334,0.06492694344279855,-0.9140998721122742,0.002695682279695014,-0.06587627618994034,0.997824157621168,0.4756169319152832
1690902444643057863,0.9769653310174745,0.21309416473978154,0.011385031566514197,0.6956930160522461,-0.21338181431858727,0.9748408004695651,0.06444854581730096,-0.9131971597671509,0.002635015753959322,-0.06539335358973151,0.9978560848129674,0.475691556930542
1690902444663153045,0.9770334881817221,0.21269394667353417,0.01291696635795912,0.6953074932098389,-0.21308259101978286,0.9748887225140984,0.06471312169201339,-0.9121425747871399,0.001171484422770673,-0.0659792676775454,0.9978203063983927,0.47577062249183655
1690902444683127770,0.9771300602211482,0.2121933247704665,0.013814424891065335,0.6951190233230591,-0.2126424100897746,0.9749964471212164,0.06453784573579628,-0.9109319448471069,0.00022548487239048686,-0.06599940169320208,0.9978196370751139,0.4758591949939728
1690902444703128503,0.9773511595713642,0.21136369670736066,0.01049278793784502,0.6951952576637268,-0.21159458601377623,0.9751870237428371,0.06509992237511406,-0.9097411036491394,0.003527329608694505,-0.0658457017411622,0.9978235823571446,0.47572025656700134
1690902444723083048,0.9775233295515399,0.21060343892737837,0.009712450485556271,0.6951839923858643,-0.21078421355861443,0.9753549724664382,0.06521267514425898,-0.9085133671760559,0.004260926771113527,-0.06579414257330392,0.9978241204270899,0.4758058488368988
1690902444743050649,0.9777145315623165,0.20964187354630515,0.01116152444226507,0.6951442956924438,-0.20992168571667047,0.9755736134986651,0.0647225657018379,-0.9072783589363098,0.00267967120216292,-0.06562323903277179,0.9978408740180451,0.47577646374702454
1690902444763107062,0.978150235642089,0.20752122219384803,0.012532312336386513,0.6950411796569824,-0.20789424994114356,0.9759278317600486,0.06591546129353092,-0.9061620831489563,0.0014482246837154216,-0.0670806196699255,0.9977465074406243,0.4759595990180969
1690902444783103956,0.978324503300872,0.20680470091946407,0.010629295306518126,0.6952797770500183,-0.20704853970048215,0.9760362066673111,0.06696435979223542,-0.9048557877540588,0.003473967328576024,-0.06771365410385935,0.9976987484200344,0.4760114252567291
1690902444802972819,0.9784489184349866,0.20624844754459004,0.009964532043777057,0.6951445937156677,-0.20644838792094283,0.9761594430220742,0.06702092899742484,-0.9035025835037231,0.00409599050888605,-0.06763371706686272,0.9977018107518252,0.47602301836013794
1690902444823089095,0.9785257161776711,0.20585443583931654,0.010553389230633339,0.6950535178184509,-0.20609657626646502,0.9762618032617161,0.0666115060888456,-0.9022947549819946,0.0034094032055056317,-0.06735608908970182,0.9977231746493228,0.4761098027229309
1690902444843116220,0.9789373018384021,0.20388916432513302,0.010534122656769979,0.6949909329414368,-0.20412858027650507,0.9765565229762572,0.06832920420157929,-0.9011151790618896,0.0036444181493606653,-0.06904032230024426,0.9976072133425212,0.4761035442352295
1690902444863005290,0.9792518507718045,0.20239677950152807,0.010067591936770964,0.6948743462562561,-0.20261213241759463,0.9769525219576267,0.06717211949780993,-0.8997498154640198,0.003759861325979871,-0.06781823860911454,0.9976906083324463,0.4761652648448944
1690902444883076891,0.9796214904258944,0.20073352934901048,0.006912719496668716,0.6949029564857483,-0.20074079629511174,0.9773487357265696,0.0670267221075373,-0.8983513116836548,0.006698372828839729,-0.06704848222567394,0.997727233682974,0.4760351777076721
1690902444903137494,0.9801193224527047,0.19813610538495696,0.010401802619364003,0.6945435404777527,-0.19837995847221307,0.9777321402746512,0.06844891489653353,-0.8970012068748474,0.0033920246776802773,-0.06915161326267887,0.9976003952243377,0.47623211145401
1690902444922919440,0.9804701885249667,0.19649218724820053,0.008308415266077857,0.6942772269248962,-0.19660114409077625,0.9781635249921217,0.06741000309437761,-0.8956375122070312,0.005118550186657151,-0.06772694238930521,0.9976907645751671,0.4761660397052765
1690902444943100786,0.9806143157465749,0.19564918611451682,0.010814791981547053,0.69383704662323,-0.19593204271485715,0.9783393223617023,0.06680422859691454,-0.8941795229911804,0.002489656695284945,-0.06762814719902188,0.9977074898566048,0.4764367341995239
1690902444963187288,0.980938314263311,0.19423196239638083,0.005828241064417037,0.6936593651771545,-0.19418138058894122,0.9786704675055677,0.06706494960116342,-0.892564594745636,0.007322229361800176,-0.0669183145042128,0.9977315892268265,0.47628122568130493
1690902444983088806,0.9809584851400606,0.19413536581636567,0.005648908838323156,0.6934253573417664,-0.19406833054430908,0.9786503258567891,0.06768325332122657,-0.8907837271690369,0.007611406667797814,-0.06749073595499175,0.9976908674778933,0.4763016402721405
1690902445002959170,0.981653090924347,0.1905519994019612,0.006866192728890987,0.6928805112838745,-0.1905740088137828,0.9793177136085012,0.06795853866337595,-0.8890761137008667,0.006225451254288938,-0.06802022740723757,0.9976645189742631,0.4763902723789215
1690902445022923794,0.9816584569460056,0.19061387391837037,0.003609013191863987,0.6928257346153259,-0.19042609767996616,0.9794268207117885,0.06679074930541008,-0.8869922161102295,0.009196479150600671,-0.06625295420001852,0.9977604776854028,0.47625353932380676
1690902445043111388,0.9817476130964974,0.19010516595387786,0.005625838335648275,0.6924787759780884,-0.19005978573178708,0.9795668042629446,0.0657735040397666,-0.8846277594566345,0.00699299842109694,-0.06564222622466866,0.9978187190614095,0.4765896499156952
1690902445063113298,0.9825362954502737,0.18591351759521557,0.007654547552034903,0.6920310854911804,-0.18600979747347446,0.9803262148438717,0.06603686647445037,-0.8823750615119934,0.004773192509201827,-0.06630743898885591,0.9977878232209538,0.47676882147789
1690902445083105900,0.982654510952861,0.1853972311368856,0.004240140418647289,0.6920473575592041,-0.18526098612584302,0.980398737308835,0.06705731058521792,-0.8799194693565369,0.008275211397531616,-0.06667970133420208,0.997740115614436,0.47680872678756714
1690902445103136212,0.9830911443219649,0.1830136071594035,0.006149922782719758,0.6913541555404663,-0.1830298413073017,0.9810338537620548,0.06381735628961349,-0.8772615790367126,0.005646162126068389,-0.06386389721333202,0.9979426453889879,0.4769251048564911
1690902445122975524,0.9836476678038584,0.18003133689983486,0.005097387378692919,0.691032886505127,-0.17996447754671935,0.9813829488841096,0.0670842340707973,-0.8747584819793701,0.007074775287360792,-0.06690459904660762,0.9977342943795438,0.47692328691482544
1690902445153140735,0.9835127620681987,0.18083797757991424,-0.000522220058063164,0.6909012794494629,-0.18042726717901855,0.9814655657389251,0.06458594682345753,-0.8719117641448975,0.012192133008365125,-0.06342688021318613,0.9979120115316421,0.47686681151390076
1690902445162998687,0.9842261063358564,0.17691395844961194,0.0006503173445845346,0.6901615858078003,-0.17658081934694708,0.9821335983164899,0.06506004378007003,-0.8691578507423401,0.010871331368352808,-0.06414862713724094,0.997881139109607,0.47703129053115845
1690902445183105828,0.9847163266695602,0.17415805768584558,0.001651342938909671,0.6894814372062683,-0.1739133793331516,0.9827341063569796,0.0631491305694091,-0.8661073446273804,0.009375098897159843,-0.062471170517628676,0.9980027356549811,0.4773654639720917
1690902445203058248,0.9852375497299591,0.1711927376938617,-0.00013100758203648914,0.6888197660446167,-0.17085612703909578,0.9833477032378043,0.061931239210394194,-0.8631029725074768,0.01073100439410314,-0.06099459892330925,0.9980804098101905,0.4775139391422272
1690902445223191519,0.9857300181637996,0.16832000797475727,0.002169379213784901,0.6879758238792419,-0.16811462627345763,0.9837060254743993,0.06371756334242677,-0.8593876957893372,0.008590909365790253,-0.06317301924665424,0.9979656135937404,0.4777965545654297
1690902445253088485,0.9855625867847984,0.16914401513322244,-0.007529254589199571,0.6876891851425171,-0.1682713447351263,0.9834605413160156,0.06700834437174157,-0.8554455637931824,0.018738785208466342,-0.06477395942060248,0.9977240059805563,0.47743308544158936
1690902445263026777,0.9867281979081592,0.16235046183826968,-0.0031290563780669873,0.6865290403366089,-0.16178755015534751,0.9845872564225732,0.06642833059020242,-0.8513935208320618,0.013865499184937147,-0.06504046456761245,0.9977862927005872,0.4777868390083313
1690902445283112169,0.9867649692331758,0.16203984855664905,-0.006163032856270234,0.6858689785003662,-0.1613087282815059,0.984776215866708,0.06477112661865533,-0.8474283814430237,0.01656471172259044,-0.06291972777265348,0.9978811142528765,0.47817397117614746
1690902445302993839,0.9877693672918676,0.1559175067911106,-0.0011866405804860742,0.6845716834068298,-0.15551542683299374,0.9857142960735568,0.0646705383707613,-0.8432649970054626,0.0112529576900941,-0.0636950358525397,0.9979059641824817,0.4788566827774048
1690902445323110542,0.9880540731955206,0.15402419329876532,-0.005069153815481987,0.6837095022201538,-0.15335969639771313,0.9859636483902995,0.06600369363672684,-0.8387659788131714,0.015164167057299931,-0.0644378144535816,0.997806502336953,0.4787697494029999
1690902445343144973,0.9886566522627841,0.15000783945528104,-0.007461369747085184,0.6827085614204407,-0.1492377835707515,0.9867487892376882,0.06367818223572196,-0.833993136882782,0.016914724101611333,-0.06184234018789152,0.9979425920706316,0.47892114520072937
1690902445363102948,0.9894950141140839,0.14451922635385003,-0.0037162154745515917,0.6815640926361084,-0.14397726969302052,0.9874524489427456,0.06487069360441124,-0.8292273283004761,0.013044648523892057,-0.06365417732607041,0.9978867585321639,0.47948822379112244
1690902445383116632,0.9897011265863632,0.14244265531354766,-0.014204576055241107,0.6809805631637573,-0.1412355115529197,0.9878222651247496,0.06526639870709874,-0.8243641257286072,0.02332831562861689,-0.06258803776309607,0.997766769951223,0.47936567664146423
1690902445402954280,0.9903133467411436,0.13847952369058134,-0.0101438052418899,0.679422914981842,-0.13757719344786282,0.988480740822208,0.0630740902953684,-0.8189570903778076,0.018761426101578858,-0.06106755719699842,0.9979572948521527,0.47988587617874146
1690902445423084037,0.9908318370531128,0.13458613893814245,-0.011783118758477411,0.678330659866333,-0.13357773448895663,0.9889872708066187,0.06372728639502236,-0.8138359189033508,0.020230163883448126,-0.06156906194021812,0.9978977858884396,0.48022812604904175
1690902445443147459,0.9911122245326152,0.13199027912438793,-0.01658688031780299,0.6776127219200134,-0.13057965408300864,0.9890897092543159,0.06819458179924917,-0.8086947798728943,0.0254069345174257,-0.06542257457391026,0.9975341469917449,0.4802379906177521
1690902445463059887,0.9923225273839669,0.12313111973900857,-0.011607282115732944,0.6760759353637695,-0.12210562120794048,0.9903034119094959,0.06625231792046447,-0.8033769726753235,0.01965245317305798,-0.06432635317060399,0.9977353864487575,0.48092761635780334
1690902445483120308,0.9929488858948516,0.11776364615242467,-0.01357326950515051,0.6748976111412048,-0.11662085494841738,0.9909587974680621,0.06633428911017694,-0.7978388071060181,0.02126231857707738,-0.06428363217444125,0.9977051310097529,0.48106878995895386
1690902445503111034,0.9935612374853735,0.11218623538194258,-0.015821376595001907,0.6737409830093384,-0.11090550739251315,0.9916014798428802,0.06653174883782739,-0.7920686602592468,0.023152446880248187,-0.06434868890846113,0.9976588647625098,0.4813401699066162
1690902445523102097,0.9940936086982719,0.1073537128590585,-0.0159084091166135,0.6725407838821411,-0.10609736313733849,0.9921868376944193,0.06564014504288895,-0.7863293290138245,0.022830827417123074,-0.06356460840218078,0.9977165398439212,0.4816610813140869
1690902445543012850,0.9946753122738714,0.10169535329538822,-0.01670563590536301,0.6710502505302429,-0.10046760790738275,0.9929638089602214,0.0626828035156159,-0.7800542116165161,0.022962641708757857,-0.06067066188311347,0.9978936756350449,0.48157331347465515
1690902445562936022,0.9953568225487607,0.09532413207083545,-0.013345622899539087,0.6698558926582336,-0.09433497013850625,0.993638866505885,0.061503791573098335,-0.7739953398704529,0.019123525161484165,-0.05995925961719262,0.9980176240786313,0.48195838928222656
1690902445582977448,0.995987540259368,0.08824926260469859,-0.014862277679433671,0.6685716509819031,-0.0872166826929677,0.9943960286749715,0.05974770636166057,-0.767376184463501,0.02005168093023212,-0.05821173253882737,0.9981028625781513,0.4818929433822632
1690902445603101185,0.9966452755278534,0.080903974393491,-0.012358871119416925,0.6671188473701477,-0.08000742546414967,0.994924062618842,0.06103213491773684,-0.7605466246604919,0.017233880544077634,-0.05983858746123318,0.9980592852190878,0.4820380210876465
1690902445623120702,0.9969744719516569,0.07614429365877294,-0.01561886103150323,0.6655830144882202,-0.0751777386752419,0.9956412920084982,0.05519714897823509,-0.7529011368751526,0.019753730898032833,-0.0538559578027816,0.998353307163728,0.481730580329895
1690902445643024551,0.9974558314057557,0.06922593643690693,-0.017018640341870245,0.664153516292572,-0.06811622324822349,0.9959390089706528,0.058869945990736486,-0.7448216676712036,0.021024854935309093,-0.05756092541809395,0.9981205815631505,0.48165562748908997
1690902445663007348,0.9979791388009042,0.0616527885694202,-0.015380903088569497,0.6622292995452881,-0.060672625173391385,0.9964922436731746,0.05763714820991355,-0.7363339066505432,0.018880441540778416,-0.05658747176554856,0.9982191076945023,0.4816637337207794
1690902445683145348,0.9982056536933224,0.05797961336829054,-0.014961195418515708,0.6601930260658264,-0.05701196137553367,0.9966550404523412,0.05855225530291181,-0.7271350622177124,0.018305987949360416,-0.05759422518452915,0.998172227639395,0.4813808500766754
1690902445703114779,0.9984603739754863,0.053448666218253726,-0.01483649824661197,0.658234179019928,-0.05244643158055125,0.9967429347919509,0.06126086643849528,-0.7171802520751953,0.018062486406875806,-0.06038842622405641,0.9980115152456824,0.48100802302360535
1690902445723120069,0.9988821621695508,0.04409848128566984,-0.017022045934020374,0.656220018863678,-0.04291728681532583,0.9969986243499462,0.06443484722357368,-0.7071436047554016,0.01981243528427367,-0.06363227948621397,0.9977767287401997,0.48092007637023926
1690902445743022872,0.9989744849020891,0.039764891379130474,-0.02165021774051259,0.6541053056716919,-0.03814489094675061,0.9967682224525279,0.07069708624468314,-0.6969084739685059,0.024391511008261767,-0.06979874012067565,0.9972628490364515,0.48072728514671326
1690902445873013078,0.9992702312649606,0.032493883615572115,-0.02007865621126371,0.6515028476715088,-0.0309634394169298,0.9968999468846323,0.07233091538817779,-0.6872760057449341,0.022366723656954825,-0.0716564262923799,0.9971785628681848,0.48101499676704407
1690902445873062095,0.9995658610768543,0.02438415169080609,-0.016537911476569227,0.6492975950241089,-0.02319206798397547,0.9973608962124849,0.06879949628344444,-0.6784585118293762,0.018171883565380385,-0.0683860793769374,0.9974934219307602,0.48132795095443726
1690902445873088207,0.9994082988444732,0.02189816069867149,-0.026524003446155908,0.6476899981498718,-0.02023413186087171,0.99790454559254,0.06145809786824969,-0.6701277494430542,0.027814242909584785,-0.06088504285751683,0.9977571745908949,0.48114728927612305
1690902445873095810,0.9996966948877674,0.011876822600567511,-0.02157450614471812,0.6448987126350403,-0.010670835504875808,0.9984194761800937,0.055178644908104924,-0.6617431640625,0.022195754100766955,-0.05493169093684902,0.9982433860691071,0.4812830984592438
1690902445873109841,0.9997526458277477,0.005487330565091968,-0.021553105662244502,0.6423083543777466,-0.0043956844113249224,0.9987207562622735,0.050373891744323177,-0.652755081653595,0.021801952182648774,-0.05026669090145246,0.9984978390897217,0.48111310601234436
1690902445873122703,0.9997962480281455,-0.0020933834525817072,-0.02007685669031562,0.6395027041435242,0.0030989560646685326,0.9987350506732547,0.050186602076656144,-0.6431711316108704,0.019946400681633468,-0.050238593754322276,0.9985380437406658,0.4812328517436981
1690902445883058163,0.9997595946567975,-0.01084263608795175,-0.01905754796241728,0.6365453004837036,0.01181514287441339,0.9985937476219449,0.05168103723046173,-0.633076548576355,0.018470389560937453,-0.051893780484981236,0.9984817876438425,0.48152926564216614
1690902445903113284,0.9995681778742395,-0.01882599829169256,-0.022561905271809058,0.6340944766998291,0.020030379786859436,0.9983182371338019,0.05440111480155975,-0.622520387172699,0.021499806203011913,-0.05482954672783187,0.9982642331261065,0.4809968173503876
1690902445923002150,0.9993600243786428,-0.030272538958978492,-0.019055578156935274,0.631426990032196,0.031380348510863666,0.9976562548563808,0.06080518788126915,-0.6121932864189148,0.01717018931912738,-0.06136424472701374,0.9979677419976198,0.48092877864837646
1690902445943055262,0.9990927844001977,-0.03886139108781405,-0.01741839378873999,0.6286734938621521,0.03986384030877071,0.9973124893413138,0.061470910516017295,-0.6020643711090088,0.014982736575688594,-0.062109507215492736,0.9979568761816072,0.4810800850391388
1690902446073172988,0.9986881564964685,-0.04673097218852877,-0.020932804685475627,0.6256345510482788,0.04791819621400806,0.9970263560578523,0.0603514026149897,-0.592114269733429,0.018050278260490715,-0.061275293261768345,0.9979576774044093,0.48088914155960083
1690902446083017288,0.9984078439277899,-0.053036703880274226,-0.019206385005466117,0.6226456165313721,0.054109134047993536,0.9967032401557928,0.06045537755667733,-0.5821472406387329,0.01593671220918404,-0.06139836402104084,0.9979861031595086,0.4810446798801422
1690902446083090444,0.9979241939426541,-0.060008336113973756,-0.023373120047107968,0.6201687455177307,0.06136898605182137,0.9961465192411431,0.06265747963911582,-0.5721613168716431,0.019523081080493457,-0.06396179954150143,0.9977613630044697,0.4808475375175476
