timestamp (ns), T_wf(00), T_wf(01), T_wf(02), T_wf(03), T_wf(10), T_wf(11), T_wf(12), T_wf(13), T_wf(20), T_wf(21), T_wf(22), T_wf(23)
1690902678144222980,0.24198325948924843,0.9678030290882929,0.06929212808453772,-1.895046353340149,-0.9702665064375022,0.24174445477219192,0.011938386509910432,-1.1136982440948486,-0.005196981097083338,-0.07012072072091495,0.9975249750823565,0.483487606048584
1690902678164442487,0.2411043299964727,0.9680736710861054,0.06857163704347889,-1.8949215412139893,-0.970481972056083,0.24091850730675424,0.011091201522882448,-1.1136332750320435,-0.0057830762650828565,-0.0692216742570998,0.997584540699161,0.48353564739227295
1690902678194210034,0.24181446289982872,0.9679423892826918,0.0679212526546848,-1.895031213760376,-0.9703094629706915,0.24158100931016008,0.011754233714406724,-1.1136500835418701,-0.005031063704219137,-0.06874697790011217,0.9976214419445915,0.48347678780555725
1690902678204245622,0.2416761888193491,0.968005743814255,0.06750925640506766,-1.8950958251953125,-0.9703441874582251,0.24144431279026296,0.011696225342996382,-1.113655924797058,-0.004977712706736866,-0.06833391371675203,0.9976500882635958,0.48346376419067383
1690902678224372778,0.2418257686914379,0.9679504257368016,0.0677662962890862,-1.8951084613800049,-0.9703053320652216,0.24161163107126993,0.011462211692384764,-1.1137011051177979,-0.005278272690535886,-0.06852585677702691,0.9976353776758216,0.48346564173698425
1690902678244363701,0.24197007146942118,0.9678814297801526,0.06823505257425186,-1.8950358629226685,-0.970270799788268,0.2417306006236315,0.011869785186475482,-1.113689661026001,-0.00500595558488981,-0.06907861180471202,0.9975986596822473,0.4834322929382324
1690902678264344442,0.24162912366295042,0.967942235328323,0.0685798488295501,-1.8948974609375,-0.9703573094689589,0.2413641658334712,0.01224873102308141,-1.1136665344238281,-0.004696653919313114,-0.06950660773712052,0.997570435068542,0.4834117889404297
1690902678304374433,0.24210757875218114,0.9678363870538376,0.06838602346481953,-1.895057201385498,-0.9702386527604854,0.24183469667632318,0.01236673655372171,-1.1136937141418457,-0.004569135615713905,-0.06934484391824108,0.9975822851382636,0.4834195077419281
1690902678304421490,0.24249614104468786,0.9677407471500216,0.06836276679562098,-1.8951647281646729,-0.9701449371576129,0.24216732782049855,0.013182801057820909,-1.1137572526931763,-0.0037976948120857362,-0.06951857048153967,0.997573428812294,0.48336705565452576
1690902678324340687,0.2418988912790957,0.9679355291365264,0.0677180761181004,-1.89505136013031,-0.970287972911478,0.241673699035848,0.01162208318957475,-1.113655686378479,-0.005116250705282682,-0.06851740384400835,0.9976368023229685,0.4834812879562378
1690902678344389405,0.24160454666491993,0.9679409642483858,0.06868429777426377,-1.8949565887451172,-0.9703586557736432,0.24140279121484454,0.011347755674599825,-1.113586664199829,-0.0055966236256115645,-0.06939007222641719,0.9975739048714165,0.483535498380661
1690902678364211960,0.2415796709212425,0.9679470440237741,0.06868611623335776,-1.894943356513977,-0.9703656149392226,0.24136834652539857,0.011484539138317318,-1.1135871410369873,-0.005462228593587304,-0.06942507660228595,0.9975722143271424,0.48353996872901917
1690902678384422794,0.24183673480330237,0.9678669479291667,0.06890983098191947,-1.8950575590133667,-0.9703039614524139,0.24159040743461224,0.012012386329554078,-1.1136538982391357,-0.005021562449040631,-0.06976851827190793,0.9975505690283137,0.4834688603878021
1690902678404398828,0.24185584594509946,0.9678730045846554,0.06875752161364876,-1.8950729370117188,-0.9702987340740031,0.241617729379489,0.011884422740984606,-1.1136729717254639,-0.0051104243039799754,-0.06958965329537933,0.9975626114273036,0.4834911823272705
1690902678424331752,0.24183545663648892,0.9678602449126006,0.0690083924688994,-1.8950393199920654,-0.9703033893978803,0.24160009124251097,0.011862901609466129,-1.1136550903320312,-0.005190803059873135,-0.06982794733723123,0.9975455444912089,0.48348745703697205
1690902678444390697,0.24176066081089426,0.9678669273367136,0.06917654119763751,-1.8950352668762207,-0.9703234413859548,0.24150385341163944,0.012178172451019504,-1.1136410236358643,-0.0049195509141736204,-0.07006782253729642,0.9975300989261852,0.4834781289100647
1690902678464293248,0.24184141203820564,0.9678578450682538,0.06902117909165575,-1.8950766324996948,-0.9703023264357575,0.24160016015966068,0.011948134757452426,-1.1136575937271118,-0.0051114319640196415,-0.06986096442693773,0.9975436426104949,0.4834868311882019
1690902678494510568,0.24182608025036822,0.9678906352787233,0.0686138838027093,-1.895086646080017,-0.9703059031410406,0.24159318197779167,0.011797828253330062,-1.113654613494873,-0.005157639032726098,-0.06942947905317212,0.9975735292187806,0.4834844768047333
1690902678504247818,0.24179992648865561,0.9678785703352045,0.0688757478069138,-1.8950449228286743,-0.9703131609062295,0.24155375651844907,0.012006351818423477,-1.1136589050292969,-0.005016504982820157,-0.06973417955139856,0.9975529955245741,0.4834660291671753
1690902678524366300,0.24172066211883209,0.9678769927514406,0.06917548993148634,-1.8950296640396118,-0.9703313641233335,0.24149194054051176,0.011776521240519939,-1.1136372089385986,-0.0053070993380473705,-0.06996977602083404,0.9975349944439094,0.4835016131401062
1690902678544404521,0.24181905545071558,0.9678729106635239,0.06888812107063334,-1.895039677619934,-0.9703079045511617,0.24157941934699967,0.011914466563819805,-1.1136564016342163,-0.0051102628560219104,-0.069723833455175,0.9975532428205812,0.4834792912006378
1690902678564278883,0.24180758931791901,0.9678825373453609,0.06879304943206656,-1.89506196975708,-0.9703116817874121,0.24155639593555356,0.012072604089833884,-1.1136611700057983,-0.0049325384073919815,-0.06966994678146546,0.9975579023697458,0.4834657907485962
1690902678584390935,0.2419125723814582,0.9678519097376287,0.06885483382458031,-1.8950448036193848,-0.9702843429666191,0.24167649896807458,0.01186438537683647,-1.1136544942855835,-0.00515762713091876,-0.06967891118379413,0.9975561378782746,0.4834715723991394
1690902678604325730,0.2417312070965652,0.9678950840093993,0.06888490303452202,-1.8950164318084717,-0.9703301357607236,0.24148714831115742,0.011974340696718155,-1.1136360168457031,-0.00504491330089013,-0.06973566914415523,0.9975527481285407,0.4834725856781006
1690902678624405110,0.24184932269647813,0.9678539514864221,0.06904805358135332,-1.895046591758728,-0.9702995815161414,0.24161813961474826,0.011806638755751692,-1.1136720180511475,-0.005256160276819043,-0.06985272508089178,0.997543467513029,0.48344776034355164
1690902678644434455,0.24175024773335707,0.9679317725808069,0.06830008308514358,-1.8951208591461182,-0.9703260349724746,0.2415044078146954,0.01195854759865243,-1.113712191581726,-0.004919712944516499,-0.06916433065280332,0.9975931494301138,0.48345234990119934
1690902678664218790,0.24193097148277792,0.9678658232263059,0.06859411977614796,-1.895201563835144,-0.9702805275111205,0.24168749370246073,0.011952126194319786,-1.1136616468429565,-0.005010286433053582,-0.06944712822203836,0.997573051666679,0.4834878444671631
1690902678684375583,0.24193860997418176,0.9678458111348712,0.0688490731415008,-1.8951504230499268,-0.9702775226386365,0.24170694528366615,0.011801765286116029,-1.1136720180511475,-0.00521901005847953,-0.06965801081226615,0.9975572782871605,0.4834589958190918
1690902678714253509,0.2419040755847997,0.967887460611958,0.06838334450434277,-1.8951449394226074,-0.9702878156957621,0.24165512491814717,0.012014795593022223,-1.1136863231658936,-0.004896215662215618,-0.06925795399035989,0.9975867696001481,0.4834476411342621
1690902678724200787,0.2419844533374732,0.9678452819417155,0.068695229573278,-1.8951674699783325,-0.970267097106917,0.24174088099742652,0.011962722361744484,-1.1136562824249268,-0.005028380920371639,-0.06954751381429242,0.9975659670956956,0.4834820628166199
1690902678744434972,0.241918634654059,0.967865759839967,0.06863851059368085,-1.8951095342636108,-0.9702832066597366,0.24168010302736148,0.011883882984226529,-1.1136502027511597,-0.005086558877547762,-0.06947372690511765,0.9975708136211174,0.48349112272262573
1690902678764253524,0.2417440830264545,0.9678747850244213,0.0691245168925527,-1.8949947357177734,-0.970326568630384,0.24150196854855127,0.01196450572146776,-1.113606333732605,-0.005113563501429989,-0.06996570374908466,0.9975362909524705,0.48347172141075134
1690902678784397093,0.24177249391463773,0.9678582071970269,0.06925714365791721,-1.8949759006500244,-0.9703186027035476,0.24154062778889906,0.011829386069422715,-1.113605260848999,-0.005279245564606343,-0.0700615150328725,0.9975287031848092,0.48345908522605896
1690902678814291224,0.24203863376992335,0.9678134638700102,0.06895214945686301,-1.8950622081756592,-0.970252591286568,0.24180524323863611,0.011837797261485598,-1.1136159896850586,-0.005216211699014255,-0.06976620596131537,0.99754973191379,0.4834490716457367
1690902678824269959,0.24191483946201475,0.9678671433571094,0.06863237762030261,-1.8951374292373657,-0.9702838185366641,0.24168093076725494,0.011816902698376822,-1.113639235496521,-0.005149945046037559,-0.06945156955189359,0.9975720312603,0.4834601581096649
1690902678844392906,0.2419502603036568,0.9678465217270892,0.06879812439135218,-1.8951702117919922,-0.9702749018881801,0.24171537377041646,0.011844528226583724,-1.1136828660964966,-0.005165878906361915,-0.06961888008150599,0.9975602865147157,0.4834625720977783
1690902678864318824,0.24190737824099684,0.9678625512578736,0.06872337466370114,-1.8952202796936035,-0.9702869478326914,0.24165481449514403,0.012090884865784846,-1.1137157678604126,-0.004905019682673248,-0.06960626770570086,0.9975624833953987,0.4834185242652893
1690902678884375545,0.24186703323805953,0.9678943576045912,0.06841674319795427,-1.8952860832214355,-0.9702959931079592,0.2416324106807211,0.011809482091185132,-1.1137508153915405,-0.005101371507554957,-0.0692408161839442,0.9975869312410436,0.4834114611148834
1690902678914274953,0.2418980211478048,0.9678964522588119,0.06827741258704832,-1.8953495025634766,-0.9702892532300981,0.24165141362280584,0.011973276923158242,-1.1137219667434692,-0.0049104410143306215,-0.06914515166593707,0.99759452462919,0.48340386152267456
1690902678924183853,0.24204846795247592,0.9678505722368381,0.0683945098870114,-1.8953155279159546,-0.9702524962923195,0.24178908395584475,0.012170962094927858,-1.1137168407440186,-0.004757373264940662,-0.06930590667914749,0.9975841110898868,0.48341694474220276
1690902678944395474,0.24192434493580967,0.967875075059947,0.06848686301095774,-1.895198106765747,-0.9702824790757474,0.24167804074108995,0.011984799629951241,-1.113728642463684,-0.004951982027574214,-0.06935101802605606,0.9975800289564484,0.48341310024261475
1690902678964275829,0.24192455831607257,0.9678293440765227,0.06912936299418146,-1.895114779472351,-0.970281112987674,0.24168833974679454,0.011887312978069726,-1.1137431859970093,-0.005202870647419651,-0.06995074820790775,0.997536877996087,0.4834047555923462
1690902678984383356,0.24223827449966562,0.9677823275381447,0.06868758892460514,-1.8951058387756348,-0.9702032754668024,0.2420007481294033,0.011884535257915718,-1.1137455701828003,-0.00512080471334455,-0.06951981307267713,0.9975674277708888,0.4833884835243225
1690902679014522400,0.2419399736565377,0.9678159552683135,0.06926273078038032,-1.895071268081665,-0.970278204596151,0.24168925090660526,0.012104201001033175,-1.113747239112854,-0.0050254186634813985,-0.07013260813833741,0.9975250184546605,0.48338425159454346
1690902679024392487,0.24212292063272356,0.9677747127455825,0.06919968695366371,-1.8950319290161133,-0.970232657070345,0.24187125316077274,0.012119737978009706,-1.1137430667877197,-0.005008239061595747,-0.07007426249802828,0.9975292052250195,0.48338595032691956
1690902679044380872,0.24116619083743268,0.9680897747609384,0.06812529926743931,-1.894887924194336,-0.9704746397510143,0.24087451632293982,0.01258733436150812,-1.1137025356292725,-0.004223978823526958,-0.06914951474526025,0.997597364979175,0.4832800030708313
1690902679064278746,0.24211622627477353,0.9677621801009058,0.06939809608919299,-1.8950121402740479,-0.9702340546170602,0.2418658978183213,0.012114732100908007,-1.1137666702270508,-0.005060853268181634,-0.07026556936992377,0.9975154823486794,0.48332783579826355
1690902679084243917,0.2422722209749385,0.9677583166171738,0.06890581660618034,-1.8950605392456055,-0.9701959128799679,0.24201641714287203,0.012163242344580927,-1.113804578781128,-0.004905259919333216,-0.06979895738205083,0.9975490183311808,0.4833458960056305
1690902679104208858,0.2422880099057957,0.9677340850072566,0.06919003520058041,-1.8950568437576294,-0.9701919246501599,0.24202922850884212,0.012226278707505804,-1.1137841939926147,-0.004914224202044265,-0.0700898941544586,0.9975285745971938,0.4833489656448364
1690902679124306543,0.24283724963746833,0.9675954370732167,0.06920361510499484,-1.8950748443603516,-0.9700552994853153,0.24256664193081712,0.012415319684233952,-1.1138793230056763,-0.004773481849221307,-0.07014623566163156,0.9975252976709602,0.48333030939102173
1690902679144386528,0.24229636697907314,0.9677413507095979,0.06905902312881085,-1.8951162099838257,-0.9701895543961164,0.24204322428787445,0.012136973139741321,-1.1138252019882202,-0.004969817844488897,-0.069941087374254,0.9975387437124934,0.4833446145057678
1690902679164296637,0.24224069901758116,0.9677747191334147,0.06878616681945272,-1.8951423168182373,-0.9702040691425426,0.2419824044254747,0.012189346484443253,-1.1138360500335693,-0.0048485006677810305,-0.06968937476190983,0.9975569573145026,0.4833422303199768
1690902679184209986,0.2422277970212004,0.9677646098597182,0.06897357648638963,-1.8951138257980347,-0.9702078251874274,0.2419593758044875,0.012346513896051778,-1.1138406991958618,-0.004740284309909769,-0.06990937250019101,0.9975420839951019,0.4833182990550995
1690902679204276624,0.24286046995744798,0.9675978499487952,0.06908829789853027,-1.8950892686843872,-0.9700492807827075,0.2425942803485714,0.012345363304108271,-1.1139107942581177,-0.004815078919309747,-0.0700172544208019,0.997534159364166,0.48329126834869385
1690902679224446727,0.24226326646015972,0.9677471913556153,0.06909329451815185,-1.8950937986373901,-0.9701973475072927,0.2420163787054601,0.012049038472391364,-1.1138161420822144,-0.005061285791920431,-0.06995317049007675,0.9975374365528941,0.48330751061439514
1690902679244404835,0.2420841858714053,0.9677547572060629,0.06961305090292402,-1.8950481414794922,-0.9702442955111986,0.2417984826539225,0.012629363176288856,-1.113768458366394,-0.004610203786900684,-0.07059903463429892,0.9974941214512235,0.48327353596687317
1690902679264260440,0.24213483609362596,0.9677034293845314,0.07014837066768301,-1.8948960304260254,-0.9702292431478471,0.24187733205650896,0.012270777399231981,-1.1137888431549072,-0.005092827374759239,-0.07103118325526511,0.9974610940355961,0.4832841455936432
1690902679284331142,0.24215934694242264,0.9676797515333528,0.0703899791218041,-1.8947845697402954,-0.9702213497167618,0.24192277281313251,0.011996022181990158,-1.1137962341308594,-0.005420631162948525,-0.071198809447589,0.9974474153011984,0.4832630753517151
1690902679304276675,0.24153422939029096,0.9678766420309197,0.06982851741079245,-1.8947103023529053,-0.970374496186007,0.24133954813590291,0.011338415114616258,-1.1137592792510986,-0.005878195691833274,-0.0704984277591296,0.9974945706613643,0.48327940702438354
1690902679324376539,0.24177561352455207,0.9678296043655745,0.06964488221256657,-1.8946552276611328,-0.9703122162536417,0.24160757282915307,0.010953708986077962,-1.1137278079986572,-0.006225407117018987,-0.07022561972087768,0.997511707520792,0.48329538106918335
1690902679344396955,0.24224996793659204,0.9676663459983444,0.07026233597690776,-1.894539475440979,-0.9701842844988554,0.24217206572915873,0.009754214059329667,-1.113645315170288,-0.00757675036960672,-0.07053037220009373,0.997480856684053,0.48333168029785156
1690902679364247135,0.24217921007740223,0.9677402836919615,0.06948362055972154,-1.8944518566131592,-0.9702070340836555,0.24206021022727425,0.010255029952393434,-1.1136256456375122,-0.006895014204639567,-0.06989705247383227,0.9975303809080645,0.4832972288131714
1690902679384428136,0.24249906663742643,0.9675725294693096,0.07069372600407434,-1.8944330215454102,-0.9701184484220506,0.24244887241134844,0.009420206879841818,-1.1136218309402466,-0.008024880757391904,-0.07086567916013925,0.9974535862916138,0.4833245277404785
1690902679404196528,0.24341950084237612,0.9673608958608892,0.07042615827138997,-1.8944125175476074,-0.969891548861129,0.2433364015566319,0.009888332783153382,-1.113689661026001,-0.007571661469536001,-0.0707127487564159,0.9974679829979023,0.48330533504486084
1690902679424223500,0.24341524265862818,0.9673530013149905,0.0705492061494784,-1.8942897319793701,-0.9698925905551397,0.2433311477340267,0.009915408649257596,-1.1136311292648315,-0.007575118987953079,-0.07083871391634468,0.997459018798766,0.48331642150878906
1690902679444406033,0.2438982390200854,0.967174911716921,0.07131857505774303,-1.894108533859253,-0.9697673215074183,0.24384074892319935,0.009645273500544674,-1.1136138439178467,-0.008061708207840614,-0.07151488872912318,0.9974069528285996,0.4833195209503174
1690902679464286192,0.2441251081781428,0.9670990858107611,0.07157017382262243,-1.8939660787582397,-0.9697140149460011,0.24402978017770882,0.010207624783769926,-1.1135804653167725,-0.007593469188531793,-0.0718945381124981,0.9973833338367317,0.4832841753959656
1690902679484404264,0.24442597556999368,0.9670274913286719,0.07151065292131159,-1.8938829898834229,-0.9696380454980743,0.244332099769753,0.01019243566465199,-1.1135404109954834,-0.007615982492852787,-0.07183074576167868,0.9973877584841263,0.4832373261451721
1690902679504378824,0.24482617047510297,0.9669088282204171,0.07174583026152571,-1.8937886953353882,-0.9695401924048411,0.24469835944697088,0.010701784689700528,-1.1135648488998413,-0.007208436867970638,-0.07218054303883319,0.9973655336157049,0.4831779897212982
1690902679534393442,0.24710976593791667,0.9664232489143619,0.07044762264205394,-1.8935813903808594,-0.9689835306252538,0.24666276764940165,0.015112790362976181,-1.1137864589691162,-0.0027714536124605754,-0.07199710420111684,0.9974009905908092,0.48303842544555664
1690902679544388802,0.24537037289695202,0.966774569920099,0.07169596264935868,-1.8935868740081787,-0.9694011227870808,0.24525623969946958,0.010528059062490967,-1.1134299039840698,-0.007405622428782219,-0.07208542046963347,0.9973709685529044,0.4832206070423126
1690902679564444086,0.24565685671213433,0.9667316176605729,0.0712929741677635,-1.8934694528579712,-0.9693264584287491,0.24556629517956896,0.010169152460204084,-1.113368034362793,-0.007676310330620308,-0.07160428818969071,0.997403579386276,0.4832094609737396
1690902679584410757,0.24644635216315347,0.9664839665617981,0.07192313872773004,-1.893344521522522,-0.9691246540700758,0.2463597094459956,0.010212660536838232,-1.113289475440979,-0.007848590894615044,-0.07221935987432981,0.9973578914714172,0.4832189977169037
1690902679604274532,0.24607898272760464,0.9666160285690015,0.07140439463533219,-1.8931336402893066,-0.96920928106766,0.2460734960298201,0.009011328646286575,-1.113073706626892,-0.00886023431160552,-0.07142330057588413,0.9974067416970822,0.4832271337509155
1690902679634376822,0.24640915731644647,0.9665256398382748,0.07148926301069765,-1.8928687572479248,-0.969123807662671,0.24641461712128104,0.008881547746828616,-1.1129240989685059,-0.009031755754305898,-0.07147044147188725,0.9974018264389777,0.4832229018211365
1690902679644391629,0.24684244937839944,0.966436150396845,0.07120373860268432,-1.8926069736480713,-0.9690177044036634,0.24681559667909453,0.009313956634921104,-1.1128499507904053,-0.008572848833787505,-0.07129676319489979,0.997418306339323,0.48318934440612793
1690902679664429178,0.24622878300428158,0.9665509366884725,0.07176819077325741,-1.892234444618225,-0.9691710630378644,0.24622086071036603,0.009096060746402797,-1.112601637840271,-0.008879019669206317,-0.07179536571174192,0.9973798616735907,0.48316991329193115
1690902679684278576,0.2461984621296926,0.9664958881532648,0.07260864568221993,-1.8917715549468994,-0.9691686803828907,0.24626045170693883,0.008237650756178189,-1.112434983253479,-0.009918982299643705,-0.07239812226795854,0.9973264890106013,0.4832060635089874
1690902679704478519,0.2476993615126714,0.9661016969975246,0.07274982724871423,-1.8913599252700806,-0.968800462263299,0.24764239410317918,0.009945298450199036,-1.1124030351638794,-0.008407771680580156,-0.07294351034429676,0.9973006335473864,0.4831094443798065
1690902679734234146,0.24648652208527644,0.9664714439592195,0.07195375210290167,-1.890871524810791,-0.9690984393809301,0.2465313463322757,0.00839702715496491,-1.1120779514312744,-0.00962336842016345,-0.07180002288980725,0.9973726221895571,0.48316460847854614
1690902679744399226,0.24684988778440559,0.9663986844738045,0.07168483485456556,-1.8903107643127441,-0.9690114294266464,0.24685399586960693,0.008941720401316453,-1.1119334697723389,-0.00905442109433758,-0.07167068696830016,0.9973872518175366,0.4830814003944397
1690902679764376242,0.24703463819976718,0.9663508273672797,0.0716935560290025,-1.8898128271102905,-0.9689655432437435,0.2470286078517085,0.009090814551164707,-1.1117379665374756,-0.008925443174822426,-0.07171433154830634,0.9973852771696163,0.4830777943134308
1690902679784284814,0.24702247903865054,0.9663756184357933,0.07140069287084833,-1.8892765045166016,-0.9689738227153583,0.24697634496245507,0.009613319997368162,-1.1114522218704224,-0.008344204095351103,-0.07156010845313285,0.9974013861711798,0.483066588640213
1690902679804355545,0.24742687608718905,0.9662740699756684,0.07137480425466722,-1.888623833656311,-0.968873721494671,0.24735283906595618,0.010014230029231696,-1.111148715019226,-0.00797826966215056,-0.07163096187172441,0.9973992944225145,0.48302969336509705
1690902679834479337,0.24871029214004658,0.96590963228089,0.07184547898516977,-1.8879648447036743,-0.9685510457140754,0.24857082637385552,0.011018898401817898,-1.1108899116516113,-0.007215429979128711,-0.07232652724149244,0.9973549072558885,0.4830089211463928
1690902679844445063,0.24938386144719332,0.9657892123301274,0.07112585322117025,-1.887312650680542,-0.96837695075786,0.24925933060758693,0.010764169543764569,-1.1104692220687866,-0.007332863737742043,-0.07156104702846425,0.9974092668797467,0.48298895359039307
1690902679864253432,0.24984593021027895,0.9656229901638473,0.07175828888979484,-1.8865718841552734,-0.9682491792300314,0.24979232687819658,0.009865107862927769,-1.1099833250045776,-0.008398695001690493,-0.07194466137113324,0.9973732639400668,0.4830470383167267
1690902679884399731,0.2514473611795056,0.9652092650379592,0.07173074125329107,-1.8857611417770386,-0.9678328181320152,0.25140405594080706,0.009779407096243024,-1.1096861362457275,-0.008594224950846212,-0.07188237156212152,0.9973760895249595,0.48310160636901855
1690902679904337758,0.2536158234437512,0.964677872768689,0.07124335680907269,-1.885048270225525,-0.9672535979888618,0.25367303673626407,0.008394498829782715,-1.1093053817749023,-0.009974531394968632,-0.0710393709394928,0.9974236394331006,0.48313599824905396
1690902679944398649,0.25339235929414605,0.9647687572439629,0.07080647779183796,-1.8841283321380615,-0.9673222160386268,0.2533788042540027,0.009322655894766801,-1.108805537223816,-0.008946653534526231,-0.07085496877955294,0.9974465052271135,0.4831426441669464
1690902679944451342,0.25437626757294385,0.9644574530218094,0.07151598287335728,-1.8832745552062988,-0.9670693311717017,0.25430837642112514,0.010205801740615857,-1.1082725524902344,-0.008344051939884557,-0.0717570274797918,0.9973872396439053,0.48315709829330444
1690902679964429707,0.2556748606927668,0.9640377224336133,0.07253713073141284,-1.8822791576385498,-0.9667277053092312,0.2555844693913337,0.010682827036820712,-1.107814908027649,-0.008240715823429084,-0.07285498425613851,0.9973084988466485,0.48319461941719055
1690902679984386998,0.25557350184116256,0.9640341266284435,0.07294098883604218,-1.8811837434768677,-0.9667576737064972,0.2554500643276423,0.011174299289242108,-1.107012391090393,-0.00786037443429946,-0.07337211548495653,0.9972736571187544,0.4832404851913452
1690902680004210514,0.2581089995068093,0.9634368056567761,0.0718976069105331,-1.8798612356185913,-0.9660850972764174,0.2579784156663727,0.011257080913078206,-1.1063623428344727,-0.00770254464506704,-0.07236476045794579,0.9973484908746065,0.4832632839679718
1690902680024418741,0.25906717010319935,0.9630766707407704,0.07326341276240017,-1.878502368927002,-0.9658302253237226,0.2589016468440716,0.011912729013751476,-1.1055762767791748,-0.00749514681960161,-0.0738462154500927,0.9972414748885303,0.4832046926021576
1690902680044381916,0.26163979125292525,0.9623541976776422,0.07361397860017996,-1.8769854307174683,-0.9651191263893446,0.2616135088160184,0.010170736573117373,-1.1049076318740845,-0.009470560204887346,-0.07370732811052849,0.9972349463753329,0.48328936100006104
1690902680064465337,0.26156360244818333,0.9624501079497173,0.07262418042157784,-1.8755229711532593,-0.9651283207357392,0.26163077663116485,0.0087556400785729,-1.1040277481079102,-0.01057385398710788,-0.07238181005577798,0.9973209449244052,0.48339495062828064
1690902680084323784,0.2629671587233622,0.962219234199433,0.07058625057062926,-1.873873233795166,-0.9647346621748217,0.2631254396785466,0.007213500703877863,-1.103009581565857,-0.01163206909347446,-0.06999391638299104,0.9974795971036081,0.4835916757583618
1690902680104244020,0.2659532103786651,0.9613903737048924,0.07069256846973959,-1.8720148801803589,-0.9639394617028382,0.2659444399950451,0.009709222819809744,-1.1019467115402222,-0.009465942178375313,-0.070725555376322,0.9974508969144229,0.48352450132369995
1690902680124372640,0.26677832752384056,0.9612095042702533,0.0700400804119794,-1.8698588609695435,-0.9637109471625991,0.26677742462556286,0.009540232131259964,-1.1006815433502197,-0.009514950475363666,-0.07004351940534001,0.9974985569447032,0.4834945797920227
1690902680144388935,0.2704254336675985,0.9600929144543158,0.07135601194229707,-1.8675627708435059,-0.9626774109297926,0.2705151792610647,0.008587215780757051,-1.0994445085525513,-0.011058359335930038,-0.07101502238239438,0.9974139458042611,0.48362743854522705
1690902680164251281,0.27169965250238587,0.9597133258453734,0.07162144249381477,-1.8653254508972168,-0.9623337061169588,0.27167887407093577,0.010218975229797811,-1.0978221893310547,-0.00965074615153513,-0.07170022021138198,0.9973795373479235,0.48363086581230164
1690902680184404325,0.27677206014210043,0.9582669357509934,0.07156609931454211,-1.8626368045806885,-0.9609048977142955,0.27658993758238215,0.012640568691833724,-1.096455693244934,-0.007681423915950315,-0.07226677157985777,0.9973557587200508,0.48361700773239136
1690902680204375128,0.27800309159407033,0.9578922678267585,0.07181005710795872,-1.8598295450210571,-0.9604929286456705,0.2782075664514039,0.007340571561555376,-1.0944252014160156,-0.012946624494498644,-0.07101375364601603,0.9973913132303195,0.4837760031223297
1690902680224417120,0.28132193976003605,0.9569093142888079,0.07198979397785221,-1.8567427396774292,-0.959537991570008,0.2814478874484704,0.00859821984995237,-1.092576026916504,-0.012033658772194783,-0.07149581021371881,0.9973683071856845,0.4837421774864197
1690902680244323622,0.28458571798991766,0.9560271068189894,0.07087411476326233,-1.8537403345108032,-0.9585878250152478,0.2846343638553122,0.009626039955193174,-1.0904446840286255,-0.010970453440962234,-0.07067849701284495,0.9974388197836023,0.48372969031333923
1690902680264238841,0.2893129186560777,0.9545576623937622,0.07153813153877209,-1.8506122827529907,-0.9571679263545432,0.28936566423805027,0.009852569117562143,-1.0882132053375244,-0.011295833605632709,-0.07132448054790765,0.997389203178842,0.4838902950286865
1690902680284388356,0.2922862231203014,0.9536589543966212,0.07143782242770746,-1.8469797372817993,-0.9562436159842971,0.2924521403748902,0.008360172212455042,-1.085564136505127,-0.012919390981998815,-0.07075552479692888,0.9974100185216537,0.4840470254421234
1690902680304393101,0.29571520907590465,0.9526425907462115,0.07088447938399406,-1.8431682586669922,-0.9551960597411957,0.29583606414814667,0.009028322337367656,-1.0829671621322632,-0.012369421008589437,-0.0703783876319965,0.9974436725841878,0.48418474197387695
1690902680324361054,0.3003637345708527,0.9510424856559978,0.07279984499922791,-1.8392943143844604,-0.9537460858356654,0.3004430255881238,0.010118899574629192,-1.080222249031067,-0.012248702290355712,-0.0724719176834398,0.997295237349245,0.4840875267982483
1690902680344426765,0.3040659527511499,0.9498629706443988,0.0728301680358728,-1.8351266384124756,-0.952573200479992,0.3041282445536464,0.01050278972569946,-1.077141284942627,-0.012173500106390726,-0.07256960702191677,0.9972890544029069,0.4840603768825531
1690902680364334189,0.30855034118420155,0.9484523569514018,0.0723520113641886,-1.8305928707122803,-0.9511317503058343,0.3085949741987638,0.010841377192253625,-1.0738860368728638,-0.012044937329568323,-0.07216140583854479,0.997320234925639,0.48405206203460693
1690902680384389941,0.31401396200565146,0.9466463026018603,0.07249834091715479,-1.8259583711624146,-0.9493436396034429,0.31403051397779813,0.011466919173335439,-1.070404291152954,-0.011911574623079381,-0.07242661155312058,0.997302612214032,0.48401370644569397
1690902680404231320,0.31858865864047475,0.9451889446200765,0.07154806463943124,-1.8211519718170166,-0.9478045145496412,0.31868184570834074,0.010415537203799285,-1.0667381286621094,-0.012956418678843434,-0.07113185069932088,0.9973827705706108,0.48399990797042847
1690902680424371818,0.3238359145580683,0.9434538758679144,0.07088783077616148,-1.816137433052063,-0.9460070718753834,0.32401194466715905,0.00932092671194763,-1.0627468824386597,-0.014174639469952798,-0.07007884005044648,0.9974407429883145,0.4840725362300873
1690902680454389251,0.3300453273339572,0.9411750611130468,0.07252300492860105,-1.8109922409057617,-0.9438984027977672,0.32995976151053974,0.013504109734891145,-1.0589584112167358,-0.011219942105255436,-0.07291131683600695,0.9972753144324762,0.4840530753135681
1690902680464272258,0.33425569229021235,0.9398167292946857,0.07083535493967667,-1.8059178590774536,-0.9424225169823879,0.3341365453150068,0.013876907779940093,-1.0547356605529785,-0.010626930703238599,-0.07139526891042224,0.9973914897977809,0.4840793013572693
1690902680484409477,0.3398183386876199,0.9378695914660954,0.07017211764515485,-1.8008962869644165,-0.9404322779729243,0.3396843683627435,0.014200719582487815,-1.0505352020263672,-0.010517948385618127,-0.07081778938390679,0.997433814079177,0.4840719401836395
1690902680504246062,0.3468197665226002,0.9353347105598462,0.06974975821562307,-1.7958000898361206,-0.9378624297662053,0.34673826119093404,0.013661663856115079,-1.0463240146636963,-0.011406681473547904,-0.07015381278459767,0.9974709670810198,0.4838767647743225
1690902680524230161,0.35285068962392907,0.9332100537329897,0.06793663550388787,-1.7904670238494873,-0.9356198046474113,0.35271800319983126,0.014338457736574644,-1.0416430234909058,-0.010581681504249069,-0.06862219633904389,0.9975865988404957,0.4837148189544678
1690902680554390030,0.35774908646414694,0.9311671981134909,0.07030818082939701,-1.7848310470581055,-0.9337727963178398,0.35745524361363545,0.017149742560125098,-1.0366076231002808,-0.009162750178324273,-0.07178717135106644,0.9973778852764794,0.48365989327430725
1690902680564270807,0.3622118430310219,0.929349441342542,0.07149962688277398,-1.7791917324066162,-0.9320736019814688,0.36166540960180277,0.020902918141997098,-1.0312882661819458,-0.006432826545240626,-0.07421419927389754,0.9972215758640471,0.483551949262619
1690902680584404905,0.3658092883011026,0.9280315410378092,0.07029241375589898,-1.7734105587005615,-0.9306809879593679,0.3650902486573534,0.023281086449893792,-1.025892972946167,-0.004057492281737331,-0.0739362507455008,0.9972547154975415,0.4835156202316284
1690902680604401231,0.3712245363155934,0.9258611698349591,0.07052260509306901,-1.7678937911987305,-0.9285393515609653,0.37036746175876034,0.02534986929186039,-1.0208326578140259,-0.0026488186072102238,-0.07489350747704013,0.9971880195318092,0.48356565833091736
1690902680624379330,0.37586555372638886,0.9239838303469131,0.07056179404891946,-1.7624711990356445,-0.9266716115734589,0.3749534791239857,0.026260479749380516,-1.0157263278961182,-0.0021931315062923493,-0.07525802116894821,0.9971616821879642,0.4835459887981415
1690902680654309986,0.38086480708566023,0.9221240859440457,0.06803799560144085,-1.757292628288269,-0.9246269051364145,0.38004254740423876,0.02515449185241708,-1.0107392072677612,-0.0026617703618529304,-0.07249022199135385,0.9973655712396461,0.48376819491386414
1690902680664459167,0.3877258473037058,0.9192774170925421,0.06780632534128533,-1.7523823976516724,-0.9217744740685755,0.3867309396251784,0.027766874008935294,-1.0058741569519043,-0.0006973436920977502,-0.07326807463207569,0.9973120389083269,0.4838128983974457
1690902680684411556,0.39428045733960126,0.9166478044833399,0.06557227688549108,-1.747010350227356,-0.918987373408628,0.3930984754383259,0.030590784945385044,-1.0009771585464478,0.002264613782902887,-0.07232144318206456,0.9973788048582533,0.4835485517978668
1690902680704368732,0.4000585662989364,0.9139779380869133,0.06780466223818515,-1.741304874420166,-0.9164882718715612,0.3988368142904642,0.031280074944176325,-0.9958593845367432,0.0015463029195636954,-0.07465603965539966,0.997208145118286,0.48341527581214905
1690902680724431357,0.40893053483611236,0.9099031221281916,0.06965720364772093,-1.7356863021850586,-0.9125654515191571,0.40776574773750923,0.030844637551875154,-0.9909973740577698,-0.0003381897213532159,-0.07618007162925869,0.9970940187937509,0.4836132228374481
1690902680744458492,0.41462834022172146,0.9073323816398008,0.06950747235245215,-1.7302002906799316,-0.9099877846412919,0.4132175233781291,0.03425653480547348,-0.9861843585968018,0.0023603577300229245,-0.07745468095016489,0.9969930797705138,0.48362383246421814
1690902680764344504,0.4197006846599714,0.9049447008458039,0.07018848699786642,-1.7251273393630981,-0.9076594625160216,0.4182402739395586,0.035062420910281486,-0.981513261795044,0.0023738999721935397,-0.07842296644517743,0.9969173501012311,0.48394775390625
1690902680784394132,0.42603911766635877,0.9020880054918035,0.06875973069966616,-1.720413327217102,-0.9046976411644836,0.42450240030186653,0.036330293273979644,-0.9775892496109009,0.00358445107233836,-0.07768489226209943,0.996971518763067,0.4841190278530121
1690902680804269126,0.42966987060845674,0.900470509147396,0.067354765585972,-1.7155952453613281,-0.9029856025761452,0.42839862422290365,0.03303967772420183,-0.9737330675125122,0.0008965665104913104,-0.07501653764172686,0.9971818867432056,0.4844958186149597
1690902680824388007,0.43507690896297,0.8978819071059042,0.06720241200352559,-1.71108078956604,-0.9003932924630923,0.4338672528599792,0.03242107005030861,-0.9696923494338989,-4.663367434893512e-05,-0.07461425994807586,0.9972124698567006,0.4848209321498871
1690902680864252532,0.43980808624809753,0.8955944989313415,0.06692787726131437,-1.706512689590454,-0.8980906277953363,0.43846513949104615,0.03437361949629532,-0.9655677676200867,0.0014392834900193718,-0.07522509511470898,0.9971655396813601,0.48491358757019043
1690902680864320627,0.44511728777453385,0.8929372328686168,0.0673327430094805,-1.7022733688354492,-0.8954687894509653,0.44364557253689263,0.036252628699664786,-0.9615256190299988,0.0024994486323716356,-0.07643104163460446,0.9970717369533568,0.48509693145751953
1690902680884407077,0.44882114218142216,0.8911294845935016,0.06669200865983216,-1.6980617046356201,-0.893620686093,0.4474616767883998,0.0349301759570288,-0.9574893116950989,0.0012851916740324251,-0.07527476000515125,0.9971620022787306,0.4854224920272827
1690902680904381474,0.45270290510324557,0.8890947981499104,0.06760561821218534,-1.6940423250198364,-0.8916613947066934,0.45141613892232874,0.03410904147247841,-0.9533506035804749,-0.00019209579974166502,-0.07572258198996347,0.9971289052454436,0.4855348467826843
1690902680924372977,0.4566517409762576,0.8870693459469527,0.06765473334954919,-1.689645767211914,-0.8896444776854429,0.45521130615843497,0.03626803095464736,-0.9494409561157227,0.001375058961873947,-0.07675051939092811,0.9970493804150696,0.4856147766113281
1690902680944289968,0.4608798956444281,0.8847789606779496,0.06896312443928561,-1.6856038570404053,-0.8874593441203914,0.45927677402404,0.03848061038335575,-0.9455885291099548,0.002373673142145094,-0.07893690888119624,0.9968767878188839,0.48582717776298523
1690902680964404020,0.46549064766266507,0.8824824906671275,0.06740260087367458,-1.6819636821746826,-0.885049021523923,0.46391431848299297,0.03836319337603093,-0.94185870885849,0.0025858147921324903,-0.0775123136824299,0.996988041447568,0.48593997955322266
1690902680984329597,0.4683877860150374,0.8811018650880078,0.0653634856044709,-1.678475260734558,-0.8835119228473332,0.46672803893442505,0.03964366101956206,-0.9380308985710144,0.004423132209159655,-0.07631802546489337,0.9970737158759128,0.48607563972473145
1690902681004408017,0.47221378204481035,0.879155879966268,0.06402407959255152,-1.675191044807434,-0.8814489120271247,0.4702992045790684,0.0432027042960714,-0.9342687129974365,0.007871437806051172,-0.07683486769060403,0.9970127599854642,0.4861701726913452
1690902681024409007,0.4760711440562527,0.8770590408764037,0.06421607753463182,-1.6717925071716309,-0.879393067866176,0.47438517323187657,0.04033038069096279,-0.9301072359085083,0.004908969941458126,-0.07567130390528296,0.9971207327998894,0.48640334606170654
1690902681044403748,0.4810259299618295,0.8743119998689692,0.06475014740895407,-1.6685278415679932,-0.8766964846477545,0.4793561136099545,0.04026152196614578,-0.9265220165252686,0.004162752770361454,-0.07613306265929783,0.9970889771025898,0.48644232749938965
1690902681064200175,0.48500102663048156,0.8721046741755335,0.06486479359841822,-1.6652830839157104,-0.8745102281433849,0.48345779842923525,0.03873522957931002,-0.9229745268821716,0.0024217844627206185,-0.07551155156095904,0.9971419861488496,0.486734539270401
1690902681084393446,0.48980843935870366,0.8696874700175364,0.06108516372645724,-1.6620150804519653,-0.8718176712894058,0.4882238694547213,0.03964090465891383,-0.9194620847702026,0.004651963081211005,-0.07267157483608178,0.997345076415548,0.48670223355293274
1690902681104261234,0.4937595777738958,0.8674640399723028,0.06089021852050924,-1.6587671041488647,-0.8695920772350261,0.4922757841554287,0.03839494164900269,-0.9158107042312622,0.0033314511277655993,-0.07190752178380921,0.9974057397791003,0.4869488477706909
1690902681124213388,0.5002701203890666,0.8636755994141149,0.061597610526532114,-1.6557765007019043,-0.8658629236856995,0.4987238829927387,0.03944471978728922,-0.9124947190284729,0.0033472425011423293,-0.07306810185925629,0.9973213366103846,0.48709627985954285
1690902681144239561,0.5030576554778459,0.8621029856969503,0.06092156693270983,-1.6524159908294678,-0.8642491120190113,0.5015966786545305,0.038395889585918636,-0.9087557196617126,0.002543155418633973,-0.0719667563194797,0.9974037890169504,0.4871338903903961
1690902681164202887,0.5074070101837778,0.8596624634015185,0.059317577789319634,-1.6490634679794312,-0.8616947272985499,0.5058363323217839,0.040147252074371725,-0.9051459431648254,0.00450809962589456,-0.07148464115932975,0.9974315129952955,0.48695141077041626
1690902681184405052,0.5107740410371785,0.8576477654001329,0.0595834667228149,-1.6456677913665771,-0.859711859006616,0.5093566886545509,0.03809571112683109,-0.9014657735824585,0.0023234642107640424,-0.07068291326076657,0.9974961289584194,0.48709186911582947
