timestamp (ns), T_wf(00), T_wf(01), T_wf(02), T_wf(03), T_wf(10), T_wf(11), T_wf(12), T_wf(13), T_wf(20), T_wf(21), T_wf(22), T_wf(23)
1677764698808999936,0.99932,-0.02658,-0.02556,0.34857,-0.01536,0.33009,-0.94382,-15.29267,0.03352,0.94358,0.32946,-0.97010
1677764698819000064,0.99932,-0.02648,-0.02573,0.34883,-0.01554,0.33047,-0.94369,-15.29239,0.03349,0.94344,0.32983,-0.97010
1677764698828999936,0.99932,-0.02633,-0.02590,0.34911,-0.01574,0.33085,-0.94355,-15.29210,0.03341,0.94332,0.33021,-0.97010
1677764698839000064,0.99932,-0.02622,-0.02607,0.34990,-0.01592,0.33121,-0.94342,-15.29157,0.03337,0.94319,0.33056,-0.97010
1677764698848999936,0.99931,-0.02614,-0.02622,0.35073,-0.01608,0.33155,-0.94330,-15.29104,0.03335,0.94308,0.33090,-0.97000
1677764698859000064,0.99931,-0.02606,-0.02642,0.35161,-0.01628,0.33187,-0.94318,-15.29048,0.03335,0.94297,0.33122,-0.97000
1677764698868999936,0.99931,-0.02600,-0.02660,0.35253,-0.01646,0.33219,-0.94307,-15.28991,0.03336,0.94285,0.33153,-0.96990
1677764698879000064,0.99930,-0.02595,-0.02677,0.35349,-0.01663,0.33251,-0.94295,-15.28935,0.03338,0.94274,0.33185,-0.96990
1677764698888999936,0.99930,-0.02595,-0.02693,0.35450,-0.01676,0.33284,-0.94284,-15.28879,0.03343,0.94263,0.33217,-0.96980
1677764698898999808,0.99930,-0.02598,-0.02702,0.35555,-0.01683,0.33317,-0.94272,-15.28824,0.03350,0.94251,0.33250,-0.96970
1677764698908999936,0.99929,-0.02601,-0.02711,0.35664,-0.01689,0.33352,-0.94259,-15.28767,0.03356,0.94238,0.33285,-0.96960
1677764698918999808,0.99929,-0.02608,-0.02718,0.35778,-0.01692,0.33386,-0.94247,-15.28713,0.03365,0.94226,0.33318,-0.96950
1677764698928999936,0.99929,-0.02620,-0.02722,0.35898,-0.01691,0.33419,-0.94235,-15.28658,0.03379,0.94214,0.33351,-0.96940
1677764698939000064,0.99928,-0.02636,-0.02722,0.36022,-0.01684,0.33451,-0.94224,-15.28606,0.03394,0.94202,0.33383,-0.96930
1677764698949000192,0.99928,-0.02657,-0.02713,0.36153,-0.01668,0.33483,-0.94213,-15.28557,0.03412,0.94190,0.33414,-0.96910
1677764698959000064,0.99927,-0.02683,-0.02703,0.36289,-0.01648,0.33514,-0.94202,-15.28510,0.03433,0.94179,0.33445,-0.96890
1677764698969000192,0.99927,-0.02717,-0.02693,0.36430,-0.01627,0.33544,-0.94192,-15.28463,0.03463,0.94167,0.33476,-0.96880
1677764698979000064,0.99926,-0.02756,-0.02685,0.36575,-0.01604,0.33573,-0.94182,-15.28416,0.03497,0.94155,0.33504,-0.96860
1677764698989000192,0.99925,-0.02794,-0.02681,0.36724,-0.01587,0.33600,-0.94173,-15.28369,0.03532,0.94145,0.33530,-0.96860
1677764698999000064,0.99924,-0.02831,-0.02678,0.36876,-0.01571,0.33624,-0.94165,-15.28324,0.03566,0.94135,0.33554,-0.96850
1677764699008999936,0.99923,-0.02866,-0.02671,0.37029,-0.01552,0.33647,-0.94157,-15.28279,0.03597,0.94126,0.33576,-0.96840
1677764699019000064,0.99923,-0.02901,-0.02661,0.37183,-0.01529,0.33668,-0.94150,-15.28236,0.03627,0.94117,0.33597,-0.96820
1677764699028999936,0.99922,-0.02933,-0.02649,0.37336,-0.01507,0.33687,-0.94143,-15.28193,0.03653,0.94109,0.33617,-0.96810
1677764699039000064,0.99921,-0.02962,-0.02638,0.37490,-0.01487,0.33705,-0.94137,-15.28148,0.03677,0.94102,0.33634,-0.96800
1677764699048999936,0.99921,-0.02990,-0.02629,0.37642,-0.01467,0.33719,-0.94132,-15.28103,0.03701,0.94096,0.33648,-0.96780
1677764699059000064,0.99920,-0.03022,-0.02618,0.37793,-0.01446,0.33731,-0.94128,-15.28058,0.03728,0.94091,0.33660,-0.96770
1677764699068999936,0.99919,-0.03053,-0.02607,0.37942,-0.01425,0.33738,-0.94126,-15.28014,0.03753,0.94087,0.33667,-0.96760
1677764699079000064,0.99919,-0.03085,-0.02597,0.38089,-0.01405,0.33739,-0.94126,-15.27972,0.03779,0.94086,0.33669,-0.96740
1677764699088999936,0.99918,-0.03117,-0.02587,0.38234,-0.01385,0.33735,-0.94128,-15.27930,0.03806,0.94086,0.33664,-0.96730
1677764699099000064,0.99917,-0.03150,-0.02579,0.38374,-0.01366,0.33726,-0.94131,-15.27892,0.03834,0.94088,0.33655,-0.96730
1677764699108999936,0.99916,-0.03180,-0.02572,0.38509,-0.01350,0.33714,-0.94136,-15.27856,0.03860,0.94092,0.33643,-0.96720
1677764699119000064,0.99916,-0.03207,-0.02563,0.38637,-0.01334,0.33700,-0.94141,-15.27824,0.03883,0.94096,0.33629,-0.96720
1677764699128999936,0.99915,-0.03230,-0.02552,0.38757,-0.01316,0.33686,-0.94146,-15.27794,0.03901,0.94100,0.33615,-0.96710
1677764699139000064,0.99915,-0.03250,-0.02539,0.38868,-0.01297,0.33674,-0.94151,-15.27767,0.03915,0.94104,0.33603,-0.96710
1677764699148999936,0.99915,-0.03269,-0.02522,0.38970,-0.01275,0.33665,-0.94154,-15.27744,0.03927,0.94106,0.33594,-0.96700
1677764699158999808,0.99915,-0.03283,-0.02505,0.39062,-0.01255,0.33660,-0.94156,-15.27722,0.03934,0.94107,0.33591,-0.96690
1677764699168999936,0.99915,-0.03290,-0.02491,0.39144,-0.01239,0.33662,-0.94156,-15.27700,0.03936,0.94107,0.33592,-0.96680
1677764699178999808,0.99915,-0.03293,-0.02477,0.39216,-0.01225,0.33669,-0.94153,-15.27680,0.03934,0.94104,0.33600,-0.96670
1677764699189000192,0.99916,-0.03287,-0.02465,0.39279,-0.01215,0.33686,-0.94148,-15.27659,0.03925,0.94098,0.33618,-0.96660
1677764699199000064,0.99916,-0.03274,-0.02452,0.39331,-0.01206,0.33710,-0.94139,-15.27638,0.03909,0.94090,0.33643,-0.96650
1677764699209000192,0.99917,-0.03253,-0.02437,0.39376,-0.01198,0.33741,-0.94128,-15.27617,0.03884,0.94080,0.33674,-0.96640
1677764699219000064,0.99919,-0.03223,-0.02421,0.39416,-0.01191,0.33775,-0.94116,-15.27594,0.03851,0.94068,0.33709,-0.96620
1677764699229000192,0.99920,-0.03188,-0.02409,0.39452,-0.01190,0.33813,-0.94102,-15.27569,0.03815,0.94056,0.33748,-0.96610
1677764699239000064,0.99922,-0.03152,-0.02397,0.39488,-0.01190,0.33850,-0.94089,-15.27544,0.03777,0.94044,0.33786,-0.96610
1677764699249000192,0.99923,-0.03113,-0.02385,0.39526,-0.01190,0.33886,-0.94076,-15.27518,0.03736,0.94032,0.33823,-0.96600
1677764699259000064,0.99925,-0.03072,-0.02373,0.39569,-0.01192,0.33917,-0.94065,-15.27492,0.03695,0.94023,0.33854,-0.96590
1677764699268999936,0.99926,-0.03042,-0.02362,0.39623,-0.01190,0.33941,-0.94056,-15.27463,0.03663,0.94015,0.33879,-0.96580
1677764699279000064,0.99927,-0.03020,-0.02355,0.39685,-0.01190,0.33963,-0.94049,-15.27432,0.03640,0.94008,0.33902,-0.96570
1677764699288999936,0.99927,-0.03003,-0.02346,0.39755,-0.01186,0.33984,-0.94041,-15.27400,0.03621,0.94000,0.33924,-0.96560
1677764699299000064,0.99928,-0.02995,-0.02330,0.39834,-0.01174,0.34006,-0.94033,-15.27369,0.03609,0.93993,0.33946,-0.96560
1677764699308999936,0.99928,-0.02992,-0.02313,0.39922,-0.01157,0.34029,-0.94025,-15.27337,0.03601,0.93985,0.33970,-0.96550
1677764699319000064,0.99929,-0.02994,-0.02299,0.40019,-0.01143,0.34054,-0.94016,-15.27304,0.03598,0.93975,0.33995,-0.96540
1677764699328999936,0.99929,-0.02999,-0.02285,0.40123,-0.01127,0.34079,-0.94007,-15.27268,0.03598,0.93966,0.34021,-0.96540
1677764699339000064,0.99929,-0.03006,-0.02268,0.40235,-0.01108,0.34105,-0.93998,-15.27232,0.03599,0.93956,0.34048,-0.96530
1677764699348999936,0.99929,-0.03014,-0.02243,0.40356,-0.01080,0.34134,-0.93988,-15.27196,0.03599,0.93946,0.34077,-0.96510
1677764699359000064,0.99930,-0.03025,-0.02208,0.40486,-0.01043,0.34164,-0.93977,-15.27160,0.03597,0.93934,0.34109,-0.96500
1677764699368999936,0.99930,-0.03031,-0.02171,0.40624,-0.01004,0.34194,-0.93967,-15.27123,0.03591,0.93923,0.34140,-0.96480
1677764699379000064,0.99931,-0.03031,-0.02137,0.40769,-0.00971,0.34224,-0.93956,-15.27082,0.03579,0.93912,0.34171,-0.96460
1677764699388999936,0.99932,-0.03032,-0.02102,0.40926,-0.00937,0.34253,-0.93946,-15.27036,0.03569,0.93902,0.34201,-0.96440
1677764699398999808,0.99933,-0.03031,-0.02072,0.41094,-0.00908,0.34281,-0.93936,-15.26987,0.03558,0.93892,0.34230,-0.96430
1677764699408999936,0.99933,-0.03033,-0.02047,0.41274,-0.00883,0.34307,-0.93927,-15.26932,0.03551,0.93882,0.34257,-0.96420
1677764699418999808,0.99933,-0.03042,-0.02020,0.41467,-0.00853,0.34331,-0.93919,-15.26873,0.03550,0.93873,0.34282,-0.96420
1677764699428999936,0.99934,-0.03052,-0.01994,0.41673,-0.00825,0.34353,-0.93911,-15.26809,0.03551,0.93865,0.34305,-0.96420
1677764699439000064,0.99933,-0.03072,-0.01965,0.41898,-0.00790,0.34374,-0.93903,-15.26739,0.03560,0.93856,0.34327,-0.96420
1677764699449000192,0.99933,-0.03097,-0.01929,0.42133,-0.00746,0.34397,-0.93895,-15.26667,0.03571,0.93847,0.34351,-0.96410
1677764699459000064,0.99933,-0.03120,-0.01898,0.42379,-0.00708,0.34423,-0.93886,-15.26589,0.03583,0.93837,0.34378,-0.96420
1677764699469000192,0.99933,-0.03148,-0.01862,0.42637,-0.00664,0.34453,-0.93875,-15.26507,0.03597,0.93825,0.34409,-0.96420
1677764699479000064,0.99933,-0.03178,-0.01825,0.42904,-0.00618,0.34485,-0.93864,-15.26424,0.03612,0.93812,0.34442,-0.96420
1677764699489000192,0.99932,-0.03216,-0.01788,0.43182,-0.00568,0.34519,-0.93852,-15.26338,0.03635,0.93798,0.34477,-0.96420
1677764699499000064,0.99931,-0.03267,-0.01743,0.43474,-0.00507,0.34552,-0.93840,-15.26252,0.03668,0.93784,0.34512,-0.96430
1677764699508999936,0.99930,-0.03335,-0.01700,0.43780,-0.00442,0.34584,-0.93828,-15.26166,0.03717,0.93770,0.34545,-0.96440
1677764699519000064,0.99928,-0.03421,-0.01660,0.44097,-0.00373,0.34615,-0.93817,-15.26078,0.03784,0.93756,0.34577,-0.96450
1677764699528999936,0.99925,-0.03527,-0.01620,0.44426,-0.00298,0.34645,-0.93806,-15.25991,0.03870,0.93741,0.34608,-0.96460
1677764699539000064,0.99921,-0.03650,-0.01585,0.44764,-0.00221,0.34676,-0.93795,-15.25902,0.03973,0.93724,0.34640,-0.96470
1677764699548999936,0.99917,-0.03781,-0.01546,0.45108,-0.00137,0.34708,-0.93783,-15.25814,0.04083,0.93707,0.34674,-0.96490
1677764699559000064,0.99912,-0.03913,-0.01503,0.45456,-0.00050,0.34741,-0.93771,-15.25727,0.04191,0.93690,0.34709,-0.96500
1677764699568999936,0.99908,-0.04041,-0.01459,0.45805,0.00037,0.34775,-0.93759,-15.25642,0.04296,0.93672,0.34744,-0.96520
1677764699579000064,0.99903,-0.04162,-0.01413,0.46154,0.00124,0.34809,-0.93746,-15.25556,0.04394,0.93654,0.34780,-0.96540
1677764699588999936,0.99899,-0.04275,-0.01369,0.46504,0.00207,0.34845,-0.93733,-15.25471,0.04484,0.93635,0.34818,-0.96560
1677764699599000064,0.99895,-0.04382,-0.01326,0.46852,0.00287,0.34882,-0.93718,-15.25384,0.04569,0.93616,0.34858,-0.96580
1677764699608999936,0.99891,-0.04483,-0.01279,0.47198,0.00367,0.34922,-0.93704,-15.25295,0.04648,0.93597,0.34900,-0.96600
1677764699619000064,0.99888,-0.04577,-0.01236,0.47543,0.00443,0.34962,-0.93688,-15.25204,0.04721,0.93577,0.34943,-0.96610
1677764699628999936,0.99884,-0.04665,-0.01205,0.47888,0.00504,0.35004,-0.93672,-15.25108,0.04791,0.93557,0.34986,-0.96630
1677764699639000064,0.99880,-0.04750,-0.01178,0.48228,0.00562,0.35043,-0.93657,-15.25012,0.04861,0.93538,0.35028,-0.96650
1677764699648999936,0.99876,-0.04835,-0.01158,0.48570,0.00612,0.35079,-0.93643,-15.24910,0.04934,0.93521,0.35065,-0.96670
1677764699658999808,0.99872,-0.04925,-0.01141,0.48915,0.00661,0.35110,-0.93632,-15.24805,0.05012,0.93504,0.35098,-0.96690
1677764699668999936,0.99867,-0.05032,-0.01133,0.49268,0.00708,0.35133,-0.93623,-15.24694,0.05109,0.93490,0.35122,-0.96720
1677764699678999808,0.99861,-0.05149,-0.01140,0.49628,0.00744,0.35149,-0.93616,-15.24576,0.05221,0.93478,0.35138,-0.96760
1677764699689000192,0.99854,-0.05274,-0.01160,0.49993,0.00770,0.35157,-0.93613,-15.24454,0.05345,0.93467,0.35146,-0.96810
1677764699699000064,0.99846,-0.05418,-0.01188,0.50367,0.00794,0.35157,-0.93613,-15.24325,0.05489,0.93459,0.35146,-0.96860
1677764699709000192,0.99837,-0.05567,-0.01219,0.50747,0.00817,0.35150,-0.93615,-15.24194,0.05640,0.93453,0.35138,-0.96920
1677764699719000064,0.99828,-0.05726,-0.01258,0.51132,0.00836,0.35140,-0.93619,-15.24057,0.05802,0.93447,0.35127,-0.96980
1677764699729000192,0.99818,-0.05894,-0.01299,0.51521,0.00856,0.35127,-0.93623,-15.23918,0.05975,0.93442,0.35114,-0.97050
1677764699739000064,0.99807,-0.06056,-0.01346,0.51911,0.00868,0.35114,-0.93628,-15.23776,0.06143,0.93436,0.35099,-0.97120
1677764699749000192,0.99796,-0.06221,-0.01401,0.52304,0.00874,0.35101,-0.93633,-15.23632,0.06317,0.93430,0.35084,-0.97190
1677764699759000064,0.99785,-0.06392,-0.01451,0.52700,0.00886,0.35089,-0.93637,-15.23487,0.06494,0.93423,0.35071,-0.97270
1677764699768999936,0.99773,-0.06561,-0.01499,0.53097,0.00900,0.35081,-0.93640,-15.23343,0.06669,0.93415,0.35060,-0.97340
1677764699779000064,0.99761,-0.06727,-0.01549,0.53494,0.00911,0.35078,-0.93642,-15.23196,0.06843,0.93404,0.35055,-0.97420
1677764699788999936,0.99750,-0.06889,-0.01605,0.53891,0.00916,0.35081,-0.93640,-15.23047,0.07014,0.93391,0.35056,-0.97500
1677764699799000064,0.99737,-0.07055,-0.01662,0.54288,0.00922,0.35092,-0.93636,-15.22897,0.07189,0.93374,0.35064,-0.97590
1677764699808999936,0.99724,-0.07225,-0.01711,0.54684,0.00937,0.35109,-0.93629,-15.22746,0.07366,0.93355,0.35080,-0.97670
1677764699819000064,0.99711,-0.07393,-0.01758,0.55079,0.00954,0.35135,-0.93620,-15.22596,0.07539,0.93332,0.35104,-0.97750
1677764699828999936,0.99697,-0.07569,-0.01799,0.55474,0.00981,0.35170,-0.93606,-15.22446,0.07718,0.93305,0.35138,-0.97830
1677764699839000064,0.99682,-0.07752,-0.01833,0.55866,0.01017,0.35212,-0.93590,-15.22301,0.07901,0.93274,0.35179,-0.97900
1677764699848999936,0.99667,-0.07939,-0.01865,0.56259,0.01058,0.35258,-0.93572,-15.22155,0.08086,0.93241,0.35224,-0.97970
1677764699859000064,0.99651,-0.08124,-0.01896,0.56653,0.01098,0.35300,-0.93556,-15.22012,0.08270,0.93209,0.35266,-0.98040
1677764699868999936,0.99637,-0.08292,-0.01935,0.57044,0.01123,0.35327,-0.93545,-15.21871,0.08441,0.93184,0.35292,-0.98090
1677764699879000064,0.99624,-0.08431,-0.01989,0.57430,0.01122,0.35329,-0.93545,-15.21731,0.08589,0.93171,0.35291,-0.98140
1677764699888999936,0.99613,-0.08545,-0.02042,0.57812,0.01110,0.35296,-0.93557,-15.21599,0.08715,0.93173,0.35254,-0.98170
1677764699898999808,0.99606,-0.08627,-0.02079,0.58185,0.01098,0.35228,-0.93583,-15.21476,0.08805,0.93191,0.35184,-0.98190
1677764699908999936,0.99603,-0.08649,-0.02097,0.58534,0.01080,0.35135,-0.93618,-15.21365,0.08834,0.93224,0.35089,-0.98180
1677764699918999808,0.99606,-0.08616,-0.02092,0.58854,0.01063,0.35032,-0.93657,-15.21263,0.08802,0.93266,0.34986,-0.98150
1677764699928999936,0.99614,-0.08529,-0.02070,0.59143,0.01044,0.34933,-0.93694,-15.21165,0.08715,0.93311,0.34887,-0.98100
1677764699939000064,0.99626,-0.08399,-0.02039,0.59399,0.01019,0.34845,-0.93727,-15.21069,0.08582,0.93356,0.34800,-0.98040
1677764699949000192,0.99640,-0.08234,-0.02002,0.59620,0.00990,0.34775,-0.93753,-15.20972,0.08416,0.93396,0.34732,-0.97980
1677764699959000064,0.99656,-0.08054,-0.01974,0.59817,0.00949,0.34726,-0.93772,-15.20872,0.08238,0.93430,0.34683,-0.97930
1677764699969000192,0.99670,-0.07877,-0.01973,0.59994,0.00886,0.34697,-0.93784,-15.20765,0.08072,0.93456,0.34652,-0.97890
1677764699979000064,0.99681,-0.07722,-0.01999,0.60156,0.00807,0.34687,-0.93788,-15.20652,0.07935,0.93473,0.34638,-0.97870
1677764699989000192,0.99690,-0.07595,-0.02052,0.60305,0.00713,0.34695,-0.93785,-15.20534,0.07835,0.93480,0.34642,-0.97860
1677764699999000064,0.99697,-0.07491,-0.02114,0.60448,0.00620,0.34715,-0.93779,-15.20416,0.07759,0.93481,0.34657,-0.97860
1677764700008999936,0.99702,-0.07409,-0.02172,0.60584,0.00539,0.34741,-0.93770,-15.20303,0.07702,0.93478,0.34677,-0.97860
1677764700019000064,0.99705,-0.07341,-0.02230,0.60718,0.00463,0.34763,-0.93762,-15.20194,0.07658,0.93475,0.34694,-0.97860
1677764700028999936,0.99709,-0.07279,-0.02281,0.60851,0.00393,0.34770,-0.93760,-15.20091,0.07617,0.93478,0.34697,-0.97860
1677764700039000064,0.99713,-0.07210,-0.02323,0.60983,0.00329,0.34756,-0.93765,-15.19995,0.07568,0.93488,0.34680,-0.97870
1677764700048999936,0.99718,-0.07128,-0.02352,0.61122,0.00270,0.34716,-0.93780,-15.19910,0.07501,0.93509,0.34637,-0.97860
1677764700059000064,0.99724,-0.07038,-0.02365,0.61269,0.00221,0.34647,-0.93806,-15.19837,0.07421,0.93542,0.34567,-0.97850
1677764700068999936,0.99731,-0.06937,-0.02360,0.61429,0.00182,0.34544,-0.93844,-15.19777,0.07325,0.93587,0.34464,-0.97830
1677764700079000064,0.99739,-0.06822,-0.02352,0.61602,0.00140,0.34414,-0.93892,-15.19724,0.07215,0.93644,0.34333,-0.97810
1677764700088999936,0.99748,-0.06698,-0.02350,0.61788,0.00087,0.34258,-0.93949,-15.19677,0.07098,0.93710,0.34178,-0.97790
1677764700099000064,0.99756,-0.06569,-0.02355,0.61987,0.00025,0.34083,-0.94012,-15.19629,0.06978,0.93783,0.34002,-0.97770
1677764700108999936,0.99764,-0.06439,-0.02370,0.62199,-0.00048,0.33894,-0.94081,-15.19580,0.06861,0.93860,0.33811,-0.97760
1677764700119000064,0.99772,-0.06317,-0.02384,0.62422,-0.00116,0.33700,-0.94150,-15.19529,0.06751,0.93938,0.33616,-0.97740
1677764700128999936,0.99778,-0.06209,-0.02399,0.62657,-0.00180,0.33509,-0.94218,-15.19474,0.06654,0.94014,0.33424,-0.97730
1677764700139000064,0.99783,-0.06122,-0.02418,0.62904,-0.00240,0.33322,-0.94285,-15.19418,0.06577,0.94086,0.33235,-0.97720
1677764700148999936,0.99787,-0.06052,-0.02436,0.63165,-0.00293,0.33143,-0.94348,-15.19361,0.06517,0.94154,0.33054,-0.97720
1677764700158999808,0.99790,-0.05999,-0.02435,0.63438,-0.00322,0.32971,-0.94408,-15.19307,0.06466,0.94217,0.32883,-0.97720
1677764700168999936,0.99793,-0.05963,-0.02419,0.63722,-0.00329,0.32809,-0.94464,-15.19252,0.06426,0.94276,0.32721,-0.97710
1677764700178999808,0.99795,-0.05925,-0.02412,0.64012,-0.00346,0.32655,-0.94517,-15.19191,0.06388,0.94332,0.32567,-0.97700
1677764700189000192,0.99797,-0.05879,-0.02443,0.64309,-0.00400,0.32506,-0.94569,-15.19117,0.06354,0.94387,0.32416,-0.97710
1677764700199000064,0.99799,-0.05837,-0.02487,0.64616,-0.00465,0.32357,-0.94619,-15.19035,0.06327,0.94440,0.32265,-0.97720
1677764700209000192,0.99800,-0.05792,-0.02529,0.64932,-0.00529,0.32210,-0.94669,-15.18952,0.06297,0.94493,0.32115,-0.97750
1677764700219000064,0.99802,-0.05745,-0.02551,0.65256,-0.00575,0.32063,-0.94719,-15.18870,0.06260,0.94546,0.31967,-0.97760
1677764700229000192,0.99805,-0.05694,-0.02550,0.65584,-0.00600,0.31922,-0.94766,-15.18787,0.06210,0.94597,0.31825,-0.97760
1677764700239000064,0.99809,-0.05628,-0.02563,0.65916,-0.00643,0.31784,-0.94812,-15.18692,0.06151,0.94647,0.31687,-0.97770
1677764700249000192,0.99812,-0.05548,-0.02596,0.66247,-0.00707,0.31650,-0.94857,-15.18589,0.06085,0.94697,0.31551,-0.97770
1677764700259000064,0.99817,-0.05456,-0.02625,0.66579,-0.00773,0.31522,-0.94899,-15.18481,0.06005,0.94745,0.31422,-0.97770
1677764700268999936,0.99821,-0.05366,-0.02647,0.66917,-0.00829,0.31403,-0.94938,-15.18373,0.05925,0.94790,0.31302,-0.97760
1677764700279000064,0.99825,-0.05281,-0.02657,0.67261,-0.00873,0.31291,-0.94974,-15.18267,0.05847,0.94831,0.31190,-0.97750
1677764700288999936,0.99830,-0.05197,-0.02655,0.67608,-0.00904,0.31186,-0.95009,-15.18159,0.05765,0.94871,0.31086,-0.97740
1677764700299000064,0.99834,-0.05110,-0.02662,0.67957,-0.00943,0.31087,-0.95040,-15.18047,0.05684,0.94908,0.30987,-0.97730
1677764700308999936,0.99838,-0.05018,-0.02694,0.68309,-0.01008,0.30997,-0.95069,-15.17924,0.05606,0.94942,0.30896,-0.97740
1677764700319000064,0.99841,-0.04931,-0.02742,0.68662,-0.01085,0.30915,-0.95095,-15.17794,0.05536,0.94973,0.30813,-0.97760
1677764700328999936,0.99843,-0.04851,-0.02797,0.69017,-0.01166,0.30843,-0.95117,-15.17659,0.05477,0.95001,0.30738,-0.97790
1677764700339000064,0.99845,-0.04781,-0.02850,0.69376,-0.01242,0.30781,-0.95137,-15.17521,0.05426,0.95024,0.30674,-0.97810
1677764700348999936,0.99846,-0.04734,-0.02895,0.69740,-0.01302,0.30729,-0.95153,-15.17381,0.05394,0.95044,0.30620,-0.97830
1677764700359000064,0.99846,-0.04695,-0.02942,0.70106,-0.01361,0.30684,-0.95166,-15.17239,0.05371,0.95060,0.30573,-0.97840
1677764700368999936,0.99847,-0.04659,-0.02993,0.70476,-0.01423,0.30643,-0.95179,-15.17094,0.05351,0.95075,0.30529,-0.97860
1677764700379000064,0.99847,-0.04625,-0.03038,0.70849,-0.01478,0.30604,-0.95191,-15.16949,0.05332,0.95090,0.30488,-0.97880
1677764700388999936,0.99847,-0.04590,-0.03078,0.71226,-0.01530,0.30565,-0.95202,-15.16801,0.05311,0.95104,0.30448,-0.97900
1677764700398999808,0.99848,-0.04554,-0.03117,0.71608,-0.01580,0.30525,-0.95214,-15.16653,0.05287,0.95118,0.30407,-0.97930
1677764700408999936,0.99848,-0.04512,-0.03162,0.71994,-0.01638,0.30483,-0.95227,-15.16502,0.05260,0.95134,0.30362,-0.97970
1677764700418999808,0.99848,-0.04469,-0.03223,0.72384,-0.01712,0.30438,-0.95240,-15.16346,0.05238,0.95150,0.30315,-0.98020
1677764700428999936,0.99848,-0.04430,-0.03285,0.72783,-0.01785,0.30390,-0.95254,-15.16188,0.05218,0.95167,0.30264,-0.98070
1677764700439000064,0.99848,-0.04386,-0.03344,0.73188,-0.01858,0.30339,-0.95268,-15.16030,0.05193,0.95186,0.30212,-0.98130
1677764700449000192,0.99848,-0.04338,-0.03404,0.73598,-0.01933,0.30288,-0.95283,-15.15870,0.05164,0.95204,0.30158,-0.98190
1677764700459000064,0.99848,-0.04283,-0.03463,0.74012,-0.02008,0.30236,-0.95298,-15.15707,0.05129,0.95223,0.30104,-0.98250
1677764700469000192,0.99849,-0.04218,-0.03523,0.74432,-0.02087,0.30184,-0.95313,-15.15541,0.05084,0.95243,0.30050,-0.98320
1677764700479000064,0.99851,-0.04138,-0.03568,0.74855,-0.02158,0.30134,-0.95327,-15.15377,0.05020,0.95262,0.30000,-0.98380
1677764700489000192,0.99854,-0.04041,-0.03579,0.75279,-0.02200,0.30091,-0.95340,-15.15220,0.04930,0.95280,0.29958,-0.98420
1677764700499000064,0.99859,-0.03934,-0.03552,0.75704,-0.02207,0.30060,-0.95350,-15.15074,0.04819,0.95294,0.29930,-0.98440
1677764700508999936,0.99866,-0.03825,-0.03477,0.76131,-0.02170,0.30041,-0.95356,-15.14940,0.04692,0.95304,0.29917,-0.98430
1677764700519000064,0.99874,-0.03703,-0.03390,0.76557,-0.02124,0.30031,-0.95361,-15.14815,0.04549,0.95312,0.29914,-0.98400
1677764700528999936,0.99882,-0.03564,-0.03306,0.76984,-0.02085,0.30031,-0.95361,-15.14694,0.04392,0.95318,0.29921,-0.98370
1677764700539000064,0.99889,-0.03432,-0.03216,0.77413,-0.02038,0.30040,-0.95360,-15.14578,0.04239,0.95320,0.29936,-0.98340
1677764700548999936,0.99896,-0.03308,-0.03125,0.77849,-0.01988,0.30056,-0.95356,-15.14470,0.04093,0.95319,0.29959,-0.98320
1677764700559000064,0.99903,-0.03188,-0.03034,0.78290,-0.01936,0.30074,-0.95351,-15.14368,0.03952,0.95317,0.29983,-0.98310
1677764700568999936,0.99909,-0.03081,-0.02939,0.78740,-0.01877,0.30090,-0.95347,-15.14271,0.03822,0.95316,0.30005,-0.98310
1677764700579000064,0.99915,-0.02991,-0.02846,0.79197,-0.01814,0.30099,-0.95345,-15.14176,0.03709,0.95316,0.30019,-0.98310
1677764700588999936,0.99919,-0.02914,-0.02763,0.79665,-0.01759,0.30096,-0.95348,-15.14079,0.03610,0.95319,0.30020,-0.98320
1677764700599000064,0.99923,-0.02847,-0.02692,0.80140,-0.01711,0.30083,-0.95352,-15.13979,0.03524,0.95325,0.30011,-0.98340
1677764700608999936,0.99927,-0.02791,-0.02623,0.80620,-0.01663,0.30067,-0.95358,-15.13876,0.03450,0.95332,0.29999,-0.98360
1677764700619000064,0.99930,-0.02744,-0.02556,0.81103,-0.01614,0.30052,-0.95364,-15.13771,0.03385,0.95338,0.29987,-0.98380
1677764700628999936,0.99932,-0.02728,-0.02473,0.81593,-0.01540,0.30045,-0.95367,-15.13670,0.03344,0.95341,0.29982,-0.98390
1677764700639000064,0.99934,-0.02746,-0.02372,0.82090,-0.01438,0.30042,-0.95370,-15.13572,0.03331,0.95341,0.29983,-0.98390
1677764700648999936,0.99935,-0.02787,-0.02271,0.82593,-0.01329,0.30039,-0.95372,-15.13476,0.03340,0.95341,0.29982,-0.98390
1677764700658999808,0.99936,-0.02839,-0.02190,0.83104,-0.01237,0.30025,-0.95378,-15.13375,0.03366,0.95344,0.29971,-0.98390
1677764700668999936,0.99935,-0.02906,-0.02150,0.83631,-0.01180,0.29978,-0.95393,-15.13268,0.03417,0.95356,0.29924,-0.98400
1677764700678999808,0.99933,-0.02992,-0.02130,0.84181,-0.01139,0.29889,-0.95422,-15.13161,0.03491,0.95382,0.29835,-0.98420
1677764700689000192,0.99930,-0.03082,-0.02114,0.84750,-0.01102,0.29756,-0.95464,-15.13057,0.03571,0.95420,0.29702,-0.98450
1677764700699000064,0.99928,-0.03167,-0.02105,0.85338,-0.01075,0.29580,-0.95519,-15.12956,0.03648,0.95472,0.29525,-0.98480
1677764700709000192,0.99925,-0.03247,-0.02114,0.85942,-0.01068,0.29363,-0.95586,-15.12850,0.03725,0.95537,0.29306,-0.98520
1677764700719000064,0.99922,-0.03311,-0.02147,0.86556,-0.01091,0.29119,-0.95660,-15.12737,0.03793,0.95609,0.29060,-0.98570
1677764700729000192,0.99919,-0.03359,-0.02206,0.87176,-0.01144,0.28859,-0.95739,-15.12616,0.03853,0.95686,0.28797,-0.98640
1677764700739000064,0.99916,-0.03407,-0.02277,0.87800,-0.01209,0.28589,-0.95819,-15.12488,0.03915,0.95766,0.28524,-0.98720
1677764700749000192,0.99913,-0.03461,-0.02348,0.88431,-0.01272,0.28318,-0.95898,-15.12358,0.03984,0.95844,0.28249,-0.98790
1677764700759000064,0.99909,-0.03518,-0.02411,0.89066,-0.01328,0.28050,-0.95976,-15.12227,0.04053,0.95921,0.27978,-0.98860
1677764700768999936,0.99906,-0.03579,-0.02456,0.89704,-0.01366,0.27791,-0.96051,-15.12098,0.04120,0.95994,0.27716,-0.98930
1677764700779000064,0.99903,-0.03634,-0.02475,0.90341,-0.01379,0.27543,-0.96122,-15.11977,0.04175,0.96063,0.27466,-0.98980
1677764700788999936,0.99902,-0.03686,-0.02470,0.90977,-0.01371,0.27310,-0.96189,-15.11861,0.04220,0.96128,0.27232,-0.99030
1677764700799000064,0.99900,-0.03727,-0.02470,0.91609,-0.01369,0.27086,-0.96252,-15.11747,0.04256,0.96190,0.27008,-0.99070
1677764700808999936,0.99899,-0.03758,-0.02476,0.92235,-0.01376,0.26875,-0.96311,-15.11632,0.04285,0.96248,0.26796,-0.99110
1677764700819000064,0.99898,-0.03783,-0.02472,0.92855,-0.01374,0.26678,-0.96366,-15.11519,0.04305,0.96301,0.26599,-0.99140
1677764700828999936,0.99897,-0.03804,-0.02454,0.93467,-0.01360,0.26498,-0.96416,-15.11413,0.04318,0.96350,0.26419,-0.99160
1677764700839000064,0.99898,-0.03809,-0.02429,0.94065,-0.01342,0.26326,-0.96463,-15.11314,0.04313,0.96397,0.26248,-0.99170
1677764700848999936,0.99899,-0.03796,-0.02395,0.94655,-0.01320,0.26161,-0.96508,-15.11222,0.04290,0.96443,0.26084,-0.99170
1677764700859000064,0.99901,-0.03770,-0.02348,0.95235,-0.01288,0.26003,-0.96551,-15.11135,0.04251,0.96486,0.25929,-0.99150
1677764700868999936,0.99904,-0.03731,-0.02282,0.95807,-0.01241,0.25852,-0.96593,-15.11056,0.04194,0.96529,0.25781,-0.99120
1677764700879000064,0.99908,-0.03676,-0.02205,0.96369,-0.01186,0.25707,-0.96632,-15.10982,0.04119,0.96569,0.25640,-0.99080
1677764700888999936,0.99912,-0.03609,-0.02119,0.96923,-0.01126,0.25568,-0.96670,-15.10910,0.04031,0.96609,0.25505,-0.99040
1677764700898999808,0.99917,-0.03534,-0.02033,0.97470,-0.01068,0.25436,-0.96705,-15.10840,0.03935,0.96646,0.25377,-0.99010
1677764700908999936,0.99921,-0.03455,-0.01952,0.98011,-0.01015,0.25312,-0.96738,-15.10770,0.03837,0.96682,0.25257,-0.98980
1677764700918999808,0.99925,-0.03378,-0.01884,0.98547,-0.00972,0.25202,-0.96767,-15.10700,0.03743,0.96713,0.25150,-0.98970
1677764700928999936,0.99929,-0.03314,-0.01816,0.99082,-0.00927,0.25105,-0.96793,-15.10633,0.03663,0.96741,0.25056,-0.98970
1677764700939000064,0.99931,-0.03278,-0.01723,0.99616,-0.00848,0.25023,-0.96815,-15.10572,0.03605,0.96763,0.24978,-0.98970
1677764700949000192,0.99934,-0.03261,-0.01618,1.00145,-0.00754,0.24961,-0.96832,-15.10510,0.03561,0.96780,0.24920,-0.98970
1677764700959000064,0.99936,-0.03246,-0.01519,1.00668,-0.00663,0.24914,-0.96844,-15.10446,0.03522,0.96792,0.24877,-0.98970
1677764700969000192,0.99937,-0.03240,-0.01420,1.01189,-0.00570,0.24877,-0.96855,-15.10380,0.03491,0.96802,0.24843,-0.98960
1677764700979000064,0.99940,-0.03220,-0.01313,1.01702,-0.00472,0.24846,-0.96863,-15.10315,0.03445,0.96811,0.24816,-0.98950
1677764700989000192,0.99942,-0.03177,-0.01196,1.02206,-0.00370,0.24817,-0.96871,-15.10252,0.03375,0.96820,0.24791,-0.98930
1677764700999000064,0.99946,-0.03118,-0.01066,1.02704,-0.00260,0.24788,-0.96879,-15.10194,0.03285,0.96829,0.24767,-0.98910
1677764701008999936,0.99950,-0.03037,-0.00922,1.03197,-0.00141,0.24759,-0.96886,-15.10142,0.03171,0.96839,0.24743,-0.98890
1677764701019000064,0.99954,-0.02947,-0.00769,1.03685,-0.00016,0.24730,-0.96894,-15.10095,0.03046,0.96849,0.24718,-0.98860
1677764701028999936,0.99957,-0.02853,-0.00606,1.04167,0.00118,0.24706,-0.96900,-15.10053,0.02914,0.96858,0.24699,-0.98830
1677764701039000064,0.99961,-0.02757,-0.00448,1.04645,0.00247,0.24691,-0.96904,-15.10009,0.02782,0.96865,0.24688,-0.98810
1677764701048999936,0.99964,-0.02665,-0.00303,1.05121,0.00364,0.24683,-0.96905,-15.09966,0.02658,0.96869,0.24684,-0.98790
1677764701059000064,0.99967,-0.02580,-0.00155,1.05595,0.00487,0.24683,-0.96905,-15.09925,0.02539,0.96871,0.24687,-0.98780
1677764701068999936,0.99969,-0.02506,0.00006,1.06066,0.00625,0.24693,-0.96901,-15.09888,0.02427,0.96871,0.24701,-0.98750
1677764701079000064,0.99970,-0.02432,0.00180,1.06535,0.00776,0.24710,-0.96896,-15.09859,0.02312,0.96869,0.24721,-0.98730
1677764701088999936,0.99972,-0.02353,0.00363,1.07002,0.00933,0.24727,-0.96890,-15.09834,0.02190,0.96866,0.24742,-0.98690
1677764701099000064,0.99973,-0.02267,0.00543,1.07468,0.01087,0.24742,-0.96885,-15.09811,0.02062,0.96864,0.24760,-0.98650
1677764701108999936,0.99974,-0.02176,0.00698,1.07935,0.01215,0.24748,-0.96882,-15.09783,0.01935,0.96865,0.24768,-0.98620
1677764701119000064,0.99975,-0.02088,0.00838,1.08408,0.01328,0.24739,-0.96883,-15.09753,0.01816,0.96869,0.24760,-0.98580
1677764701128999936,0.99975,-0.02028,0.00953,1.08898,0.01425,0.24704,-0.96890,-15.09717,0.01729,0.96879,0.24726,-0.98560
1677764701139000064,0.99974,-0.02014,0.01037,1.09410,0.01501,0.24632,-0.96907,-15.09676,0.01697,0.96898,0.24655,-0.98550
1677764701148999936,0.99973,-0.02073,0.01093,1.09955,0.01568,0.24509,-0.96937,-15.09628,0.01742,0.96928,0.24535,-0.98560
1677764701158999808,0.99970,-0.02186,0.01111,1.10531,0.01609,0.24339,-0.96980,-15.09575,0.01849,0.96968,0.24367,-0.98590
1677764701168999936,0.99967,-0.02344,0.01075,1.11137,0.01609,0.24125,-0.97033,-15.09508,0.02016,0.97018,0.24154,-0.98650
1677764701178999808,0.99963,-0.02551,0.00993,1.11767,0.01574,0.23874,-0.97096,-15.09431,0.02240,0.97075,0.23905,-0.98730
1677764701189000192,0.99957,-0.02792,0.00866,1.12420,0.01501,0.23584,-0.97168,-15.09338,0.02508,0.97139,0.23616,-0.98850
1677764701199000064,0.99951,-0.03044,0.00700,1.13089,0.01389,0.23268,-0.97245,-15.09235,0.02797,0.97208,0.23299,-0.98990
1677764701209000192,0.99945,-0.03285,0.00516,1.13761,0.01256,0.22935,-0.97326,-15.09128,0.03079,0.97279,0.22963,-0.99140
1677764701219000064,0.99938,-0.03501,0.00352,1.14432,0.01134,0.22591,-0.97408,-15.09025,0.03331,0.97352,0.22616,-0.99290
1677764701229000192,0.99932,-0.03687,0.00215,1.15099,0.01030,0.22239,-0.97490,-15.08925,0.03546,0.97426,0.22262,-0.99430
1677764701239000064,0.99927,-0.03827,0.00090,1.15761,0.00926,0.21887,-0.97571,-15.08821,0.03714,0.97500,0.21907,-0.99540
1677764701249000192,0.99923,-0.03931,-0.00012,1.16413,0.00836,0.21542,-0.97649,-15.08719,0.03841,0.97573,0.21558,-0.99640
1677764701259000064,0.99919,-0.04014,-0.00082,1.17057,0.00772,0.21208,-0.97722,-15.08619,0.03940,0.97643,0.21222,-0.99700
1677764701268999936,0.99917,-0.04065,-0.00151,1.17691,0.00703,0.20891,-0.97791,-15.08516,0.04007,0.97709,0.20902,-0.99750
1677764701279000064,0.99916,-0.04096,-0.00257,1.18320,0.00593,0.20588,-0.97856,-15.08400,0.04061,0.97772,0.20595,-0.99810
1677764701288999936,0.99915,-0.04111,-0.00407,1.18948,0.00436,0.20296,-0.97918,-15.08272,0.04108,0.97832,0.20296,-0.99880
1677764701299000064,0.99913,-0.04129,-0.00585,1.19579,0.00253,0.20014,-0.97976,-15.08136,0.04162,0.97890,0.20007,-0.99980
1677764701308999936,0.99910,-0.04166,-0.00792,1.20222,0.00046,0.19733,-0.98034,-15.07996,0.04241,0.97945,0.19717,-1.00100
1677764701319000064,0.99906,-0.04218,-0.01008,1.20879,-0.00169,0.19450,-0.98090,-15.07858,0.04333,0.98000,0.19424,-1.00230
1677764701328999936,0.99900,-0.04300,-0.01183,1.21549,-0.00337,0.19167,-0.98145,-15.07732,0.04447,0.98052,0.19133,-1.00360
1677764701339000064,0.99894,-0.04405,-0.01330,1.22233,-0.00475,0.18885,-0.98199,-15.07613,0.04577,0.98102,0.18844,-1.00480
1677764701348999936,0.99887,-0.04528,-0.01464,1.22932,-0.00597,0.18607,-0.98252,-15.07501,0.04722,0.98149,0.18559,-1.00610
1677764701359000064,0.99878,-0.04678,-0.01569,1.23641,-0.00685,0.18334,-0.98303,-15.07394,0.04886,0.98194,0.18280,-1.00730
1677764701368999936,0.99870,-0.04822,-0.01662,1.24353,-0.00764,0.18071,-0.98351,-15.07290,0.05043,0.98235,0.18011,-1.00830
1677764701379000064,0.99862,-0.04941,-0.01757,1.25061,-0.00849,0.17822,-0.98395,-15.07185,0.05175,0.98275,0.17755,-1.00930
1677764701388999936,0.99856,-0.05041,-0.01856,1.25760,-0.00941,0.17590,-0.98436,-15.07075,0.05289,0.98312,0.17517,-1.01010
1677764701398999808,0.99850,-0.05115,-0.01971,1.26450,-0.01053,0.17383,-0.98472,-15.06962,0.05379,0.98345,0.17303,-1.01080
1677764701408999936,0.99844,-0.05187,-0.02074,1.27131,-0.01152,0.17206,-0.98502,-15.06845,0.05466,0.98372,0.17119,-1.01140
1677764701418999808,0.99837,-0.05275,-0.02166,1.27808,-0.01236,0.17062,-0.98526,-15.06725,0.05567,0.98392,0.16969,-1.01180
1677764701428999936,0.99830,-0.05377,-0.02257,1.28480,-0.01315,0.16952,-0.98544,-15.06604,0.05681,0.98406,0.16853,-1.01220
1677764701439000064,0.99822,-0.05495,-0.02322,1.29153,-0.01365,0.16866,-0.98558,-15.06485,0.05807,0.98414,0.16761,-1.01250
1677764701449000192,0.99814,-0.05618,-0.02365,1.29824,-0.01390,0.16800,-0.98569,-15.06369,0.05935,0.98419,0.16690,-1.01290
1677764701459000064,0.99806,-0.05737,-0.02403,1.30492,-0.01410,0.16751,-0.98577,-15.06254,0.06058,0.98420,0.16638,-1.01340
1677764701469000192,0.99799,-0.05860,-0.02418,1.31158,-0.01406,0.16721,-0.98582,-15.06145,0.06181,0.98418,0.16605,-1.01390
1677764701479000064,0.99792,-0.05975,-0.02425,1.31819,-0.01395,0.16705,-0.98585,-15.06039,0.06295,0.98414,0.16586,-1.01440
1677764701489000192,0.99785,-0.06080,-0.02444,1.32478,-0.01397,0.16698,-0.98586,-15.05931,0.06403,0.98408,0.16577,-1.01500
1677764701499000064,0.99778,-0.06183,-0.02474,1.33134,-0.01410,0.16697,-0.98586,-15.05819,0.06509,0.98402,0.16573,-1.01560
1677764701508999936,0.99771,-0.06269,-0.02533,1.33784,-0.01454,0.16702,-0.98585,-15.05696,0.06603,0.98396,0.16573,-1.01640
1677764701519000064,0.99764,-0.06342,-0.02616,1.34430,-0.01523,0.16711,-0.98582,-15.05564,0.06689,0.98390,0.16575,-1.01710
1677764701528999936,0.99758,-0.06416,-0.02693,1.35075,-0.01585,0.16725,-0.98579,-15.05429,0.06775,0.98382,0.16583,-1.01790
1677764701539000064,0.99751,-0.06501,-0.02749,1.35721,-0.01625,0.16744,-0.98575,-15.05293,0.06869,0.98374,0.16596,-1.01860
1677764701548999936,0.99743,-0.06599,-0.02778,1.36370,-0.01636,0.16765,-0.98571,-15.05159,0.06971,0.98364,0.16614,-1.01930
1677764701559000064,0.99737,-0.06696,-0.02789,1.37021,-0.01629,0.16786,-0.98568,-15.05029,0.07068,0.98353,0.16633,-1.02010
1677764701568999936,0.99731,-0.06784,-0.02792,1.37672,-0.01616,0.16805,-0.98565,-15.04901,0.07156,0.98344,0.16650,-1.02090
1677764701579000064,0.99725,-0.06865,-0.02778,1.38322,-0.01588,0.16822,-0.98562,-15.04781,0.07234,0.98336,0.16667,-1.02170
1677764701588999936,0.99721,-0.06936,-0.02751,1.38966,-0.01547,0.16845,-0.98559,-15.04670,0.07299,0.98327,0.16691,-1.02250
1677764701599000064,0.99718,-0.06990,-0.02713,1.39597,-0.01498,0.16883,-0.98553,-15.04566,0.07347,0.98316,0.16731,-1.02320
1677764701608999936,0.99717,-0.07027,-0.02657,1.40213,-0.01432,0.16937,-0.98545,-15.04473,0.07375,0.98304,0.16789,-1.02380
1677764701619000064,0.99718,-0.07049,-0.02582,1.40816,-0.01349,0.17005,-0.98534,-15.04391,0.07385,0.98291,0.16862,-1.02420
1677764701628999936,0.99720,-0.07056,-0.02473,1.41404,-0.01234,0.17084,-0.98522,-15.04322,0.07374,0.98277,0.16949,-1.02440
1677764701639000064,0.99725,-0.07037,-0.02339,1.41972,-0.01099,0.17171,-0.98509,-15.04271,0.07334,0.98263,0.17046,-1.02420
1677764701648999936,0.99731,-0.06995,-0.02186,1.42524,-0.00948,0.17260,-0.98495,-15.04232,0.07266,0.98251,0.17147,-1.02370
1677764701658999808,0.99739,-0.06943,-0.01999,1.43066,-0.00766,0.17348,-0.98481,-15.04211,0.07184,0.98239,0.17250,-1.02290
1677764701668999936,0.99747,-0.06875,-0.01799,1.43595,-0.00575,0.17425,-0.98469,-15.04206,0.07083,0.98230,0.17341,-1.02190
1677764701678999808,0.99757,-0.06786,-0.01611,1.44116,-0.00401,0.17481,-0.98459,-15.04211,0.06963,0.98226,0.17411,-1.02080
1677764701689000192,0.99767,-0.06668,-0.01441,1.44628,-0.00251,0.17511,-0.98455,-15.04221,0.06818,0.98229,0.17453,-1.01960
1677764701699000064,0.99779,-0.06520,-0.01294,1.45131,-0.00133,0.17512,-0.98455,-15.04238,0.06646,0.98239,0.17465,-1.01840
1677764701709000192,0.99791,-0.06356,-0.01151,1.45625,-0.00022,0.17480,-0.98460,-15.04259,0.06459,0.98255,0.17442,-1.01710
1677764701719000064,0.99804,-0.06180,-0.01007,1.46111,0.00085,0.17427,-0.98470,-15.04281,0.06261,0.98276,0.17398,-1.01590
1677764701729000192,0.99816,-0.05999,-0.00864,1.46587,0.00191,0.17360,-0.98481,-15.04304,0.06057,0.98299,0.17340,-1.01460
1677764701739000064,0.99828,-0.05827,-0.00712,1.47056,0.00307,0.17284,-0.98494,-15.04324,0.05862,0.98322,0.17272,-1.01330
1677764701749000192,0.99837,-0.05670,-0.00571,1.47513,0.00414,0.17206,-0.98508,-15.04334,0.05684,0.98345,0.17202,-1.01220
1677764701759000064,0.99846,-0.05524,-0.00459,1.47959,0.00494,0.17130,-0.98521,-15.04330,0.05521,0.98367,0.17131,-1.01120
1677764701768999936,0.99854,-0.05389,-0.00378,1.48394,0.00548,0.17059,-0.98533,-15.04310,0.05375,0.98387,0.17064,-1.01030
1677764701779000064,0.99861,-0.05268,-0.00334,1.48819,0.00567,0.16998,-0.98543,-15.04272,0.05248,0.98404,0.17004,-1.00970
1677764701788999936,0.99866,-0.05164,-0.00326,1.49231,0.00555,0.16949,-0.98552,-15.04218,0.05144,0.98418,0.16955,-1.00930
1677764701799000064,0.99871,-0.05077,-0.00331,1.49635,0.00533,0.16911,-0.98558,-15.04151,0.05059,0.98429,0.16916,-1.00910
1677764701808999936,0.99875,-0.04988,-0.00363,1.50024,0.00485,0.16883,-0.98563,-15.04072,0.04978,0.98438,0.16886,-1.00900
1677764701819000064,0.99879,-0.04895,-0.00410,1.50400,0.00422,0.16865,-0.98567,-15.03984,0.04894,0.98446,0.16866,-1.00920
1677764701828999936,0.99883,-0.04807,-0.00461,1.50763,0.00356,0.16856,-0.98568,-15.03886,0.04816,0.98452,0.16854,-1.00940
1677764701839000064,0.99887,-0.04717,-0.00522,1.51120,0.00281,0.16853,-0.98569,-15.03774,0.04738,0.98457,0.16847,-1.00980
1677764701848999936,0.99891,-0.04632,-0.00583,1.51470,0.00206,0.16852,-0.98570,-15.03660,0.04664,0.98461,0.16843,-1.01020
1677764701859000064,0.99894,-0.04558,-0.00635,1.51815,0.00143,0.16850,-0.98570,-15.03547,0.04600,0.98465,0.16839,-1.01060
1677764701868999936,0.99897,-0.04493,-0.00675,1.52158,0.00091,0.16842,-0.98571,-15.03439,0.04543,0.98469,0.16829,-1.01100
1677764701879000064,0.99899,-0.04446,-0.00720,1.52506,0.00038,0.16822,-0.98575,-15.03333,0.04504,0.98475,0.16807,-1.01130
1677764701888999936,0.99900,-0.04413,-0.00774,1.52858,-0.00022,0.16787,-0.98581,-15.03230,0.04480,0.98482,0.16769,-1.01150
1677764701898999808,0.99901,-0.04376,-0.00836,1.53214,-0.00092,0.16736,-0.98590,-15.03130,0.04455,0.98492,0.16715,-1.01170
1677764701908999936,0.99902,-0.04328,-0.00897,1.53575,-0.00163,0.16665,-0.98601,-15.03035,0.04417,0.98507,0.16642,-1.01180
1677764701918999808,0.99904,-0.04281,-0.00945,1.53945,-0.00223,0.16582,-0.98615,-15.02947,0.04378,0.98523,0.16556,-1.01190
1677764701928999936,0.99905,-0.04235,-0.01002,1.54323,-0.00290,0.16491,-0.98630,-15.02858,0.04342,0.98540,0.16463,-1.01200
1677764701939000064,0.99907,-0.04171,-0.01056,1.54705,-0.00358,0.16399,-0.98645,-15.02772,0.04288,0.98558,0.16369,-1.01220
1677764701949000192,0.99909,-0.04108,-0.01109,1.55099,-0.00425,0.16319,-0.98659,-15.02685,0.04234,0.98574,0.16287,-1.01250
1677764701959000064,0.99911,-0.04043,-0.01166,1.55502,-0.00493,0.16257,-0.98668,-15.02594,0.04179,0.98587,0.16223,-1.01290
1677764701969000192,0.99913,-0.03985,-0.01215,1.55918,-0.00553,0.16218,-0.98675,-15.02501,0.04129,0.98596,0.16182,-1.01330
1677764701979000064,0.99914,-0.03944,-0.01242,1.56350,-0.00587,0.16203,-0.98677,-15.02408,0.04093,0.98600,0.16166,-1.01380
1677764701989000192,0.99916,-0.03898,-0.01268,1.56796,-0.00620,0.16214,-0.98675,-15.02307,0.04052,0.98600,0.16176,-1.01420
1677764701999000064,0.99918,-0.03835,-0.01293,1.57257,-0.00653,0.16237,-0.98671,-15.02200,0.03994,0.98598,0.16199,-1.01460
1677764702008999936,0.99921,-0.03761,-0.01307,1.57739,-0.00678,0.16262,-0.98667,-15.02090,0.03923,0.98597,0.16223,-1.01490
1677764702019000064,0.99924,-0.03673,-0.01301,1.58242,-0.00686,0.16281,-0.98663,-15.01980,0.03836,0.98597,0.16243,-1.01520
1677764702028999936,0.99929,-0.03557,-0.01275,1.58767,-0.00680,0.16286,-0.98663,-15.01872,0.03717,0.98601,0.16250,-1.01530
1677764702039000064,0.99934,-0.03411,-0.01249,1.59319,-0.00678,0.16273,-0.98665,-15.01769,0.03568,0.98608,0.16239,-1.01540
1677764702048999936,0.99940,-0.03255,-0.01220,1.59898,-0.00675,0.16239,-0.98670,-15.01669,0.03410,0.98619,0.16207,-1.01550
