timestamp (ns), T_wf(00), T_wf(01), T_wf(02), T_wf(03), T_wf(10), T_wf(11), T_wf(12), T_wf(13), T_wf(20), T_wf(21), T_wf(22), T_wf(23)
1677764337348999936,0.99929,-0.03183,-0.02013,6.42989,-0.03692,-0.93361,-0.35638,-33.77324,-0.00745,0.35687,-0.93412,-1.75340
1677764337359000064,0.99928,-0.03190,-0.02042,6.43013,-0.03709,-0.93336,-0.35702,-33.77316,-0.00767,0.35753,-0.93387,-1.75330
1677764337368999936,0.99927,-0.03197,-0.02075,6.43040,-0.03728,-0.93310,-0.35768,-33.77309,-0.00792,0.35819,-0.93361,-1.75330
1677764337379000064,0.99926,-0.03206,-0.02114,6.43068,-0.03751,-0.93284,-0.35834,-33.77303,-0.00823,0.35887,-0.93335,-1.75320
1677764337388999936,0.99925,-0.03216,-0.02158,6.43099,-0.03777,-0.93257,-0.35901,-33.77296,-0.00858,0.35956,-0.93308,-1.75310
1677764337398999808,0.99924,-0.03224,-0.02202,6.43131,-0.03801,-0.93230,-0.35968,-33.77294,-0.00893,0.36024,-0.93282,-1.75310
1677764337408999936,0.99923,-0.03232,-0.02241,6.43164,-0.03823,-0.93204,-0.36033,-33.77295,-0.00924,0.36091,-0.93255,-1.75300
1677764337418999808,0.99922,-0.03241,-0.02271,6.43199,-0.03843,-0.93178,-0.36098,-33.77300,-0.00946,0.36157,-0.93230,-1.75300
1677764337428999936,0.99921,-0.03255,-0.02294,6.43235,-0.03865,-0.93152,-0.36164,-33.77309,-0.00960,0.36224,-0.93204,-1.75290
1677764337438999808,0.99920,-0.03268,-0.02310,6.43272,-0.03883,-0.93125,-0.36232,-33.77323,-0.00968,0.36292,-0.93177,-1.75290
1677764337448999936,0.99919,-0.03276,-0.02321,6.43307,-0.03895,-0.93096,-0.36303,-33.77338,-0.00972,0.36365,-0.93149,-1.75290
1677764337458999808,0.99919,-0.03280,-0.02331,6.43343,-0.03904,-0.93065,-0.36382,-33.77355,-0.00976,0.36443,-0.93118,-1.75280
1677764337468999936,0.99919,-0.03281,-0.02341,6.43378,-0.03909,-0.93032,-0.36467,-33.77371,-0.00981,0.36529,-0.93084,-1.75270
1677764337479000064,0.99919,-0.03276,-0.02358,6.43414,-0.03912,-0.92995,-0.36559,-33.77388,-0.00995,0.36622,-0.93048,-1.75260
1677764337489000192,0.99918,-0.03270,-0.02375,6.43449,-0.03913,-0.92958,-0.36653,-33.77407,-0.01009,0.36716,-0.93010,-1.75250
1677764337499000064,0.99919,-0.03250,-0.02381,6.43482,-0.03898,-0.92923,-0.36743,-33.77434,-0.01018,0.36806,-0.92975,-1.75240
1677764337508999936,0.99920,-0.03219,-0.02384,6.43512,-0.03871,-0.92893,-0.36822,-33.77468,-0.01030,0.36885,-0.92943,-1.75210
1677764337519000064,0.99921,-0.03186,-0.02385,6.43541,-0.03842,-0.92868,-0.36890,-33.77514,-0.01040,0.36952,-0.92916,-1.75190
1677764337528999936,0.99922,-0.03147,-0.02375,6.43568,-0.03802,-0.92847,-0.36945,-33.77571,-0.01042,0.37007,-0.92895,-1.75160
1677764337539000064,0.99924,-0.03107,-0.02357,6.43595,-0.03759,-0.92832,-0.36987,-33.77640,-0.01039,0.37048,-0.92878,-1.75140
1677764337548999936,0.99926,-0.03065,-0.02335,6.43621,-0.03712,-0.92823,-0.37016,-33.77720,-0.01033,0.37075,-0.92867,-1.75110
1677764337559000064,0.99928,-0.03008,-0.02298,6.43644,-0.03646,-0.92817,-0.37038,-33.77812,-0.01019,0.37095,-0.92860,-1.75070
1677764337568999936,0.99931,-0.02949,-0.02252,6.43668,-0.03574,-0.92813,-0.37054,-33.77912,-0.00997,0.37109,-0.92854,-1.75040
1677764337579000064,0.99934,-0.02899,-0.02196,6.43694,-0.03507,-0.92811,-0.37066,-33.78021,-0.00963,0.37118,-0.92851,-1.75010
1677764337588999936,0.99937,-0.02855,-0.02119,6.43722,-0.03437,-0.92810,-0.37075,-33.78139,-0.00909,0.37124,-0.92849,-1.74990
1677764337599000064,0.99940,-0.02818,-0.02030,6.43750,-0.03370,-0.92809,-0.37083,-33.78261,-0.00839,0.37129,-0.92848,-1.74960
1677764337608999936,0.99943,-0.02779,-0.01929,6.43778,-0.03296,-0.92807,-0.37094,-33.78387,-0.00759,0.37137,-0.92846,-1.74940
1677764337619000064,0.99946,-0.02735,-0.01817,6.43806,-0.03214,-0.92803,-0.37111,-33.78512,-0.00671,0.37149,-0.92841,-1.74910
1677764337628999936,0.99949,-0.02694,-0.01709,6.43834,-0.03136,-0.92797,-0.37133,-33.78636,-0.00585,0.37168,-0.92834,-1.74890
1677764337639000064,0.99952,-0.02659,-0.01617,6.43864,-0.03070,-0.92789,-0.37159,-33.78754,-0.00512,0.37190,-0.92826,-1.74870
1677764337648999936,0.99953,-0.02635,-0.01542,6.43895,-0.03020,-0.92782,-0.37182,-33.78869,-0.00451,0.37211,-0.92818,-1.74850
1677764337658999808,0.99955,-0.02623,-0.01486,6.43927,-0.02987,-0.92775,-0.37200,-33.78980,-0.00403,0.37227,-0.92811,-1.74830
1677764337668999936,0.99956,-0.02605,-0.01446,6.43958,-0.02956,-0.92771,-0.37212,-33.79089,-0.00372,0.37239,-0.92807,-1.74810
1677764337678999808,0.99957,-0.02574,-0.01414,6.43986,-0.02915,-0.92769,-0.37220,-33.79196,-0.00354,0.37245,-0.92804,-1.74780
1677764337688999936,0.99958,-0.02538,-0.01394,6.44045,-0.02875,-0.92769,-0.37225,-33.79400,-0.00348,0.37249,-0.92803,-1.74740
1677764337698999808,0.99959,-0.02499,-0.01379,6.44103,-0.02833,-0.92769,-0.37226,-33.79599,-0.00349,0.37250,-0.92802,-1.74700
1677764337708999936,0.99960,-0.02467,-0.01372,6.44164,-0.02800,-0.92771,-0.37225,-33.79792,-0.00354,0.37249,-0.92803,-1.74650
1677764337718999808,0.99961,-0.02442,-0.01373,6.44229,-0.02777,-0.92772,-0.37223,-33.79979,-0.00364,0.37247,-0.92804,-1.74610
1677764337729000192,0.99961,-0.02412,-0.01375,6.44294,-0.02750,-0.92773,-0.37223,-33.80160,-0.00378,0.37247,-0.92804,-1.74570
1677764337739000064,0.99962,-0.02376,-0.01388,6.44361,-0.02722,-0.92773,-0.37225,-33.80338,-0.00403,0.37249,-0.92803,-1.74520
1677764337749000192,0.99962,-0.02343,-0.01419,6.44429,-0.02703,-0.92771,-0.37232,-33.80509,-0.00444,0.37256,-0.92800,-1.74470
1677764337759000064,0.99963,-0.02309,-0.01457,6.44500,-0.02686,-0.92767,-0.37244,-33.80679,-0.00492,0.37269,-0.92794,-1.74430
1677764337768999936,0.99963,-0.02281,-0.01505,6.44576,-0.02678,-0.92760,-0.37261,-33.80847,-0.00546,0.37288,-0.92786,-1.74380
1677764337779000064,0.99962,-0.02259,-0.01563,6.44657,-0.02679,-0.92751,-0.37283,-33.81017,-0.00607,0.37310,-0.92777,-1.74340
1677764337788999936,0.99962,-0.02238,-0.01626,6.44745,-0.02683,-0.92741,-0.37308,-33.81189,-0.00672,0.37337,-0.92766,-1.74300
1677764337799000064,0.99961,-0.02212,-0.01685,6.44835,-0.02681,-0.92729,-0.37339,-33.81370,-0.00736,0.37370,-0.92752,-1.74260
1677764337808999936,0.99961,-0.02172,-0.01734,6.44929,-0.02663,-0.92714,-0.37376,-33.81561,-0.00796,0.37408,-0.92736,-1.74210
1677764337819000064,0.99962,-0.02130,-0.01772,6.45027,-0.02639,-0.92698,-0.37418,-33.81764,-0.00845,0.37450,-0.92719,-1.74160
1677764337828999936,0.99962,-0.02089,-0.01797,6.45130,-0.02611,-0.92681,-0.37462,-33.81980,-0.00883,0.37495,-0.92700,-1.74120
1677764337839000064,0.99963,-0.02050,-0.01813,6.45238,-0.02581,-0.92663,-0.37510,-33.82209,-0.00911,0.37542,-0.92681,-1.74080
1677764337848999936,0.99963,-0.02021,-0.01827,6.45353,-0.02560,-0.92643,-0.37560,-33.82449,-0.00933,0.37593,-0.92660,-1.74050
1677764337859000064,0.99963,-0.02001,-0.01831,6.45472,-0.02543,-0.92622,-0.37611,-33.82699,-0.00944,0.37644,-0.92639,-1.74020
1677764337868999936,0.99964,-0.01974,-0.01826,6.45592,-0.02516,-0.92604,-0.37659,-33.82959,-0.00948,0.37691,-0.92620,-1.74000
1677764337879000064,0.99964,-0.01956,-0.01839,6.45715,-0.02506,-0.92589,-0.37696,-33.83225,-0.00965,0.37729,-0.92605,-1.73970
1677764337888999936,0.99964,-0.01955,-0.01860,6.45840,-0.02512,-0.92580,-0.37719,-33.83504,-0.00984,0.37752,-0.92595,-1.73940
1677764337898999808,0.99963,-0.01948,-0.01877,6.45964,-0.02513,-0.92577,-0.37725,-33.83791,-0.01003,0.37759,-0.92592,-1.73910
1677764337908999936,0.99963,-0.01933,-0.01900,6.46085,-0.02507,-0.92581,-0.37716,-33.84085,-0.01030,0.37750,-0.92595,-1.73870
1677764337918999808,0.99963,-0.01908,-0.01932,6.46201,-0.02496,-0.92590,-0.37694,-33.84382,-0.01070,0.37728,-0.92604,-1.73820
1677764337928999936,0.99963,-0.01878,-0.01965,6.46317,-0.02480,-0.92603,-0.37664,-33.84680,-0.01113,0.37699,-0.92615,-1.73770
1677764337938999808,0.99963,-0.01854,-0.02001,6.46434,-0.02471,-0.92616,-0.37631,-33.84976,-0.01156,0.37666,-0.92628,-1.73730
1677764337948999936,0.99962,-0.01844,-0.02042,6.46554,-0.02477,-0.92630,-0.37597,-33.85271,-0.01199,0.37633,-0.92641,-1.73690
1677764337958999808,0.99961,-0.01839,-0.02079,6.46676,-0.02486,-0.92643,-0.37564,-33.85561,-0.01235,0.37601,-0.92653,-1.73660
1677764337968999936,0.99961,-0.01841,-0.02112,6.46799,-0.02499,-0.92656,-0.37533,-33.85845,-0.01266,0.37571,-0.92665,-1.73640
1677764337979000064,0.99960,-0.01844,-0.02143,6.46923,-0.02513,-0.92666,-0.37506,-33.86126,-0.01294,0.37544,-0.92675,-1.73620
1677764337989000192,0.99959,-0.01850,-0.02176,6.47047,-0.02532,-0.92675,-0.37483,-33.86400,-0.01323,0.37523,-0.92684,-1.73610
1677764337999000064,0.99958,-0.01869,-0.02213,6.47177,-0.02562,-0.92681,-0.37465,-33.86665,-0.01350,0.37506,-0.92690,-1.73600
1677764338008999936,0.99957,-0.01894,-0.02260,6.47308,-0.02602,-0.92685,-0.37452,-33.86920,-0.01385,0.37494,-0.92694,-1.73600
1677764338019000064,0.99954,-0.01929,-0.02319,6.47443,-0.02657,-0.92687,-0.37443,-33.87164,-0.01427,0.37488,-0.92696,-1.73600
1677764338028999936,0.99953,-0.01952,-0.02384,6.47577,-0.02702,-0.92688,-0.37439,-33.87401,-0.01479,0.37485,-0.92697,-1.73600
1677764338039000064,0.99951,-0.01958,-0.02451,6.47705,-0.02734,-0.92688,-0.37437,-33.87631,-0.01539,0.37485,-0.92696,-1.73590
1677764338048999936,0.99949,-0.01959,-0.02536,6.47831,-0.02766,-0.92687,-0.37437,-33.87853,-0.01617,0.37488,-0.92693,-1.73580
1677764338059000064,0.99946,-0.01954,-0.02636,6.47955,-0.02799,-0.92685,-0.37439,-33.88068,-0.01712,0.37492,-0.92690,-1.73570
1677764338068999936,0.99943,-0.01956,-0.02744,6.48082,-0.02842,-0.92683,-0.37441,-33.88280,-0.01811,0.37498,-0.92686,-1.73560
1677764338079000064,0.99940,-0.01965,-0.02859,6.48208,-0.02893,-0.92680,-0.37445,-33.88488,-0.01914,0.37505,-0.92681,-1.73560
1677764338088999936,0.99937,-0.01973,-0.02966,6.48332,-0.02941,-0.92675,-0.37452,-33.88697,-0.02010,0.37516,-0.92674,-1.73550
1677764338099000064,0.99933,-0.01978,-0.03063,6.48455,-0.02983,-0.92669,-0.37465,-33.88908,-0.02098,0.37532,-0.92666,-1.73550
1677764338108999936,0.99931,-0.01988,-0.03145,6.48580,-0.03023,-0.92660,-0.37483,-33.89124,-0.02169,0.37552,-0.92656,-1.73540
1677764338119000064,0.99928,-0.02014,-0.03203,6.48711,-0.03069,-0.92651,-0.37501,-33.89349,-0.02212,0.37573,-0.92647,-1.73550
1677764338128999936,0.99926,-0.02045,-0.03243,6.48846,-0.03113,-0.92642,-0.37519,-33.89584,-0.02237,0.37593,-0.92638,-1.73560
1677764338139000064,0.99925,-0.02070,-0.03264,6.48981,-0.03145,-0.92634,-0.37538,-33.89826,-0.02247,0.37613,-0.92630,-1.73560
1677764338148999936,0.99924,-0.02098,-0.03277,6.49120,-0.03176,-0.92627,-0.37553,-33.90076,-0.02247,0.37629,-0.92623,-1.73570
1677764338158999808,0.99923,-0.02134,-0.03290,6.49263,-0.03214,-0.92621,-0.37563,-33.90333,-0.02245,0.37640,-0.92618,-1.73570
1677764338168999936,0.99922,-0.02170,-0.03299,6.49408,-0.03252,-0.92618,-0.37569,-33.90595,-0.02240,0.37647,-0.92616,-1.73590
1677764338178999808,0.99920,-0.02210,-0.03325,6.49557,-0.03299,-0.92616,-0.37568,-33.90859,-0.02249,0.37647,-0.92615,-1.73600
1677764338188999936,0.99918,-0.02251,-0.03367,6.49707,-0.03353,-0.92617,-0.37562,-33.91127,-0.02272,0.37644,-0.92616,-1.73610
1677764338198999808,0.99916,-0.02277,-0.03398,6.49858,-0.03388,-0.92618,-0.37555,-33.91400,-0.02292,0.37639,-0.92618,-1.73610
1677764338208999936,0.99914,-0.02312,-0.03434,6.50013,-0.03433,-0.92620,-0.37546,-33.91677,-0.02312,0.37632,-0.92620,-1.73610
1677764338218999808,0.99912,-0.02351,-0.03482,6.50169,-0.03487,-0.92622,-0.37537,-33.91955,-0.02343,0.37625,-0.92622,-1.73610
1677764338229000192,0.99910,-0.02370,-0.03519,6.50324,-0.03519,-0.92623,-0.37531,-33.92238,-0.02370,0.37621,-0.92623,-1.73600
1677764338239000064,0.99908,-0.02387,-0.03551,6.50480,-0.03547,-0.92622,-0.37531,-33.92527,-0.02393,0.37622,-0.92622,-1.73590
1677764338249000192,0.99907,-0.02417,-0.03582,6.50640,-0.03586,-0.92619,-0.37535,-33.92819,-0.02410,0.37629,-0.92619,-1.73600
1677764338259000064,0.99905,-0.02462,-0.03604,6.50808,-0.03637,-0.92614,-0.37541,-33.93117,-0.02414,0.37637,-0.92616,-1.73610
1677764338268999936,0.99902,-0.02522,-0.03625,6.50977,-0.03700,-0.92609,-0.37548,-33.93419,-0.02410,0.37645,-0.92612,-1.73630
1677764338279000064,0.99901,-0.02565,-0.03630,6.51144,-0.03742,-0.92603,-0.37558,-33.93729,-0.02398,0.37657,-0.92608,-1.73640
1677764338288999936,0.99901,-0.02583,-0.03610,6.51304,-0.03752,-0.92596,-0.37574,-33.94050,-0.02372,0.37673,-0.92602,-1.73640
1677764338299000064,0.99902,-0.02599,-0.03596,6.51462,-0.03762,-0.92587,-0.37596,-33.94370,-0.02352,0.37694,-0.92594,-1.73640
1677764338308999936,0.99901,-0.02626,-0.03592,6.51623,-0.03786,-0.92576,-0.37621,-33.94690,-0.02338,0.37720,-0.92584,-1.73640
1677764338319000064,0.99900,-0.02649,-0.03595,6.51784,-0.03809,-0.92565,-0.37647,-33.95009,-0.02331,0.37746,-0.92573,-1.73650
1677764338328999936,0.99899,-0.02681,-0.03613,6.51947,-0.03846,-0.92555,-0.37668,-33.95329,-0.02334,0.37769,-0.92564,-1.73660
1677764338339000064,0.99897,-0.02703,-0.03639,6.52104,-0.03877,-0.92547,-0.37682,-33.95651,-0.02349,0.37785,-0.92557,-1.73670
1677764338348999936,0.99897,-0.02700,-0.03657,6.52255,-0.03881,-0.92544,-0.37691,-33.95978,-0.02367,0.37794,-0.92553,-1.73670
1677764338359000064,0.99896,-0.02705,-0.03684,6.52404,-0.03896,-0.92544,-0.37689,-33.96308,-0.02389,0.37793,-0.92553,-1.73670
1677764338368999936,0.99894,-0.02717,-0.03707,6.52555,-0.03915,-0.92547,-0.37679,-33.96642,-0.02406,0.37784,-0.92556,-1.73670
1677764338379000064,0.99894,-0.02727,-0.03715,6.52705,-0.03927,-0.92553,-0.37664,-33.96981,-0.02411,0.37770,-0.92561,-1.73660
1677764338388999936,0.99893,-0.02749,-0.03727,6.52858,-0.03952,-0.92559,-0.37645,-33.97320,-0.02414,0.37752,-0.92569,-1.73660
1677764338398999808,0.99891,-0.02780,-0.03744,6.53013,-0.03986,-0.92567,-0.37623,-33.97657,-0.02420,0.37731,-0.92577,-1.73670
1677764338408999936,0.99890,-0.02801,-0.03757,6.53165,-0.04010,-0.92574,-0.37602,-33.97992,-0.02425,0.37711,-0.92585,-1.73670
1677764338418999808,0.99889,-0.02823,-0.03764,6.53317,-0.04033,-0.92581,-0.37584,-33.98327,-0.02424,0.37695,-0.92592,-1.73680
1677764338428999936,0.99889,-0.02844,-0.03766,6.53468,-0.04053,-0.92584,-0.37574,-33.98659,-0.02418,0.37685,-0.92596,-1.73690
1677764338438999808,0.99889,-0.02850,-0.03754,6.53614,-0.04054,-0.92582,-0.37579,-33.98985,-0.02405,0.37689,-0.92594,-1.73690
1677764338448999936,0.99889,-0.02861,-0.03738,6.53761,-0.04058,-0.92574,-0.37597,-33.99307,-0.02385,0.37707,-0.92588,-1.73700
1677764338458999808,0.99889,-0.02882,-0.03724,6.53909,-0.04073,-0.92562,-0.37626,-33.99620,-0.02363,0.37736,-0.92577,-1.73710
1677764338468999936,0.99890,-0.02891,-0.03705,6.54054,-0.04075,-0.92545,-0.37666,-33.99930,-0.02340,0.37776,-0.92561,-1.73710
1677764338479000064,0.99890,-0.02891,-0.03690,6.54194,-0.04071,-0.92527,-0.37713,-34.00233,-0.02324,0.37821,-0.92543,-1.73710
1677764338489000192,0.99890,-0.02886,-0.03691,6.54329,-0.04067,-0.92507,-0.37761,-34.00535,-0.02324,0.37869,-0.92523,-1.73710
1677764338499000064,0.99891,-0.02869,-0.03692,6.54459,-0.04054,-0.92489,-0.37807,-34.00838,-0.02330,0.37916,-0.92504,-1.73700
1677764338508999936,0.99891,-0.02849,-0.03694,6.54585,-0.04037,-0.92472,-0.37851,-34.01142,-0.02338,0.37959,-0.92486,-1.73690
1677764338519000064,0.99892,-0.02822,-0.03689,6.54708,-0.04011,-0.92457,-0.37890,-34.01452,-0.02342,0.37997,-0.92470,-1.73670
1677764338528999936,0.99893,-0.02791,-0.03688,6.54827,-0.03983,-0.92444,-0.37923,-34.01766,-0.02351,0.38029,-0.92457,-1.73650
1677764338539000064,0.99893,-0.02767,-0.03694,6.54949,-0.03964,-0.92434,-0.37950,-34.02088,-0.02365,0.38056,-0.92446,-1.73630
1677764338548999936,0.99894,-0.02745,-0.03687,6.55071,-0.03941,-0.92427,-0.37969,-34.02416,-0.02365,0.38074,-0.92438,-1.73620
1677764338559000064,0.99895,-0.02719,-0.03677,6.55193,-0.03914,-0.92423,-0.37982,-34.02754,-0.02366,0.38086,-0.92433,-1.73610
1677764338568999936,0.99896,-0.02689,-0.03673,6.55315,-0.03885,-0.92420,-0.37992,-34.03097,-0.02373,0.38095,-0.92429,-1.73600
1677764338579000064,0.99898,-0.02638,-0.03657,6.55431,-0.03832,-0.92418,-0.38004,-34.03449,-0.02377,0.38105,-0.92425,-1.73580
1677764338588999936,0.99901,-0.02572,-0.03625,6.55545,-0.03759,-0.92414,-0.38020,-34.03807,-0.02372,0.38119,-0.92419,-1.73550
1677764338599000064,0.99904,-0.02513,-0.03589,6.55662,-0.03691,-0.92408,-0.38041,-34.04172,-0.02360,0.38137,-0.92412,-1.73530
1677764338608999936,0.99907,-0.02455,-0.03542,6.55780,-0.03620,-0.92400,-0.38066,-34.04540,-0.02339,0.38159,-0.92403,-1.73510
1677764338619000064,0.99910,-0.02397,-0.03491,6.55899,-0.03548,-0.92391,-0.38097,-34.04913,-0.02312,0.38186,-0.92393,-1.73490
1677764338628999936,0.99914,-0.02339,-0.03435,6.56019,-0.03474,-0.92380,-0.38130,-34.05290,-0.02281,0.38217,-0.92381,-1.73470
1677764338639000064,0.99917,-0.02288,-0.03377,6.56143,-0.03405,-0.92367,-0.38167,-34.05669,-0.02246,0.38250,-0.92368,-1.73460
1677764338648999936,0.99919,-0.02255,-0.03335,6.56273,-0.03359,-0.92354,-0.38203,-34.06046,-0.02219,0.38285,-0.92355,-1.73450
1677764338658999808,0.99920,-0.02229,-0.03306,6.56407,-0.03326,-0.92340,-0.38241,-34.06421,-0.02200,0.38320,-0.92340,-1.73450
1677764338668999936,0.99922,-0.02192,-0.03281,6.56542,-0.03282,-0.92325,-0.38279,-34.06793,-0.02190,0.38357,-0.92325,-1.73440
1677764338678999808,0.99923,-0.02170,-0.03273,6.56682,-0.03260,-0.92311,-0.38314,-34.07161,-0.02190,0.38391,-0.92311,-1.73440
1677764338688999936,0.99923,-0.02154,-0.03271,6.56827,-0.03245,-0.92300,-0.38343,-34.07526,-0.02193,0.38420,-0.92299,-1.73440
1677764338698999808,0.99924,-0.02137,-0.03265,6.56975,-0.03228,-0.92291,-0.38367,-34.07892,-0.02194,0.38443,-0.92289,-1.73440
1677764338708999936,0.99925,-0.02113,-0.03260,6.57122,-0.03203,-0.92283,-0.38387,-34.08256,-0.02197,0.38462,-0.92281,-1.73440
1677764338718999808,0.99926,-0.02079,-0.03237,6.57267,-0.03164,-0.92278,-0.38403,-34.08624,-0.02189,0.38477,-0.92275,-1.73430
1677764338729000192,0.99928,-0.02044,-0.03204,6.57412,-0.03119,-0.92274,-0.38415,-34.08991,-0.02171,0.38487,-0.92271,-1.73420
1677764338739000064,0.99929,-0.02015,-0.03185,6.57558,-0.03085,-0.92271,-0.38425,-34.09356,-0.02165,0.38496,-0.92268,-1.73420
1677764338749000192,0.99930,-0.01997,-0.03173,6.57705,-0.03064,-0.92270,-0.38431,-34.09717,-0.02160,0.38501,-0.92266,-1.73420
1677764338759000064,0.99930,-0.01981,-0.03167,6.57852,-0.03047,-0.92268,-0.38435,-34.10074,-0.02161,0.38505,-0.92264,-1.73430
1677764338768999936,0.99930,-0.01974,-0.03180,6.57999,-0.03046,-0.92267,-0.38439,-34.10424,-0.02175,0.38509,-0.92262,-1.73440
1677764338779000064,0.99929,-0.01961,-0.03211,6.58143,-0.03046,-0.92265,-0.38443,-34.10766,-0.02208,0.38513,-0.92260,-1.73440
1677764338788999936,0.99928,-0.01946,-0.03261,6.58288,-0.03052,-0.92262,-0.38450,-34.11099,-0.02261,0.38522,-0.92255,-1.73450
1677764338799000064,0.99926,-0.01930,-0.03320,6.58432,-0.03060,-0.92256,-0.38464,-34.11424,-0.02321,0.38537,-0.92247,-1.73450
1677764338808999936,0.99925,-0.01913,-0.03376,6.58577,-0.03066,-0.92247,-0.38485,-34.11742,-0.02378,0.38559,-0.92236,-1.73460
1677764338819000064,0.99923,-0.01903,-0.03439,6.58723,-0.03082,-0.92236,-0.38511,-34.12055,-0.02439,0.38587,-0.92223,-1.73460
1677764338828999936,0.99921,-0.01891,-0.03505,6.58870,-0.03097,-0.92222,-0.38542,-34.12360,-0.02504,0.38620,-0.92208,-1.73460
1677764338839000064,0.99919,-0.01863,-0.03561,6.59014,-0.03094,-0.92208,-0.38576,-34.12665,-0.02565,0.38655,-0.92191,-1.73460
1677764338848999936,0.99918,-0.01831,-0.03615,6.59155,-0.03086,-0.92193,-0.38613,-34.12966,-0.02626,0.38692,-0.92174,-1.73450
1677764338859000064,0.99916,-0.01797,-0.03675,6.59296,-0.03079,-0.92177,-0.38651,-34.13262,-0.02693,0.38732,-0.92155,-1.73450
1677764338868999936,0.99915,-0.01758,-0.03737,6.59434,-0.03069,-0.92161,-0.38691,-34.13556,-0.02763,0.38773,-0.92136,-1.73450
1677764338879000064,0.99913,-0.01726,-0.03798,6.59573,-0.03064,-0.92145,-0.38729,-34.13847,-0.02831,0.38811,-0.92118,-1.73450
1677764338888999936,0.99911,-0.01710,-0.03858,6.59715,-0.03074,-0.92131,-0.38761,-34.14138,-0.02891,0.38846,-0.92101,-1.73460
1677764338898999808,0.99909,-0.01702,-0.03910,6.59857,-0.03087,-0.92119,-0.38789,-34.14432,-0.02942,0.38874,-0.92088,-1.73480
1677764338908999936,0.99907,-0.01683,-0.03958,6.59994,-0.03089,-0.92110,-0.38810,-34.14728,-0.02992,0.38897,-0.92077,-1.73490
1677764338918999808,0.99906,-0.01654,-0.03998,6.60127,-0.03078,-0.92104,-0.38825,-34.15028,-0.03041,0.38912,-0.92069,-1.73500
1677764338928999936,0.99905,-0.01636,-0.04030,6.60260,-0.03075,-0.92101,-0.38831,-34.15332,-0.03076,0.38919,-0.92065,-1.73510
1677764338938999808,0.99905,-0.01626,-0.04055,6.60395,-0.03075,-0.92102,-0.38830,-34.15640,-0.03104,0.38918,-0.92064,-1.73520
1677764338948999936,0.99903,-0.01618,-0.04091,6.60529,-0.03081,-0.92106,-0.38821,-34.15947,-0.03140,0.38910,-0.92066,-1.73520
1677764338958999808,0.99901,-0.01616,-0.04151,6.60666,-0.03103,-0.92111,-0.38807,-34.16249,-0.03196,0.38897,-0.92070,-1.73530
1677764338968999936,0.99898,-0.01606,-0.04223,6.60802,-0.03120,-0.92117,-0.38791,-34.16550,-0.03267,0.38884,-0.92073,-1.73530
1677764338979000064,0.99895,-0.01582,-0.04304,6.60937,-0.03130,-0.92122,-0.38777,-34.16850,-0.03351,0.38871,-0.92075,-1.73530
1677764338989000192,0.99891,-0.01557,-0.04412,6.61077,-0.03148,-0.92126,-0.38768,-34.17143,-0.03461,0.38864,-0.92074,-1.73520
1677764338999000064,0.99885,-0.01547,-0.04548,6.61225,-0.03192,-0.92125,-0.38766,-34.17431,-0.03590,0.38867,-0.92068,-1.73530
1677764339008999936,0.99878,-0.01542,-0.04697,6.61380,-0.03245,-0.92119,-0.38775,-34.17718,-0.03729,0.38880,-0.92057,-1.73530
1677764339019000064,0.99871,-0.01538,-0.04845,6.61542,-0.03300,-0.92108,-0.38797,-34.18005,-0.03866,0.38907,-0.92040,-1.73540
1677764339028999936,0.99864,-0.01541,-0.04989,6.61710,-0.03362,-0.92089,-0.38838,-34.18294,-0.03996,0.38952,-0.92015,-1.73560
1677764339039000064,0.99856,-0.01552,-0.05126,6.61888,-0.03428,-0.92061,-0.38897,-34.18585,-0.04116,0.39017,-0.91982,-1.73580
1677764339048999936,0.99850,-0.01581,-0.05245,6.62074,-0.03504,-0.92029,-0.38966,-34.18885,-0.04211,0.39091,-0.91946,-1.73620
1677764339059000064,0.99845,-0.01629,-0.05329,6.62271,-0.03584,-0.91994,-0.39041,-34.19200,-0.04267,0.39171,-0.91910,-1.73650
1677764339068999936,0.99842,-0.01685,-0.05356,6.62477,-0.03651,-0.91959,-0.39117,-34.19535,-0.04266,0.39251,-0.91876,-1.73680
1677764339079000064,0.99843,-0.01730,-0.05323,6.62684,-0.03682,-0.91927,-0.39190,-34.19892,-0.04215,0.39325,-0.91847,-1.73690
1677764339088999936,0.99846,-0.01757,-0.05262,6.62895,-0.03686,-0.91898,-0.39258,-34.20270,-0.04146,0.39392,-0.91821,-1.73690
1677764339099000064,0.99850,-0.01775,-0.05189,6.63107,-0.03676,-0.91871,-0.39322,-34.20657,-0.04069,0.39454,-0.91798,-1.73680
1677764339108999936,0.99853,-0.01792,-0.05114,6.63322,-0.03665,-0.91846,-0.39381,-34.21055,-0.03992,0.39510,-0.91777,-1.73670
1677764339119000064,0.99855,-0.01826,-0.05057,6.63546,-0.03676,-0.91824,-0.39431,-34.21457,-0.03924,0.39560,-0.91759,-1.73660
1677764339128999936,0.99856,-0.01882,-0.05019,6.63776,-0.03715,-0.91805,-0.39472,-34.21864,-0.03865,0.39602,-0.91743,-1.73670
1677764339139000064,0.99857,-0.01939,-0.04978,6.64008,-0.03752,-0.91787,-0.39510,-34.22278,-0.03803,0.39641,-0.91729,-1.73670
1677764339148999936,0.99860,-0.01978,-0.04903,6.64239,-0.03760,-0.91769,-0.39551,-34.22707,-0.03717,0.39680,-0.91715,-1.73660
1677764339158999808,0.99863,-0.02027,-0.04817,6.64472,-0.03772,-0.91751,-0.39592,-34.23145,-0.03617,0.39719,-0.91702,-1.73670
1677764339168999936,0.99866,-0.02085,-0.04729,6.64710,-0.03792,-0.91733,-0.39633,-34.23591,-0.03512,0.39759,-0.91689,-1.73670
1677764339178999808,0.99870,-0.02159,-0.04621,6.64955,-0.03818,-0.91714,-0.39673,-34.24043,-0.03382,0.39798,-0.91677,-1.73690
1677764339188999936,0.99873,-0.02250,-0.04499,6.65205,-0.03855,-0.91694,-0.39715,-34.24506,-0.03232,0.39838,-0.91665,-1.73710
1677764339198999808,0.99878,-0.02335,-0.04356,6.65456,-0.03877,-0.91675,-0.39759,-34.24980,-0.03065,0.39879,-0.91653,-1.73750
1677764339208999936,0.99883,-0.02418,-0.04188,6.65708,-0.03887,-0.91658,-0.39796,-34.25467,-0.02876,0.39912,-0.91645,-1.73780
1677764339218999808,0.99888,-0.02509,-0.04020,6.65961,-0.03905,-0.91647,-0.39820,-34.25963,-0.02684,0.39933,-0.91642,-1.73820
1677764339229000192,0.99891,-0.02612,-0.03863,6.66218,-0.03936,-0.91642,-0.39828,-34.26467,-0.02500,0.39937,-0.91645,-1.73880
1677764339239000064,0.99894,-0.02713,-0.03711,6.66474,-0.03969,-0.91645,-0.39817,-34.26982,-0.02321,0.39923,-0.91656,-1.73930
1677764339249000192,0.99896,-0.02828,-0.03574,6.66735,-0.04018,-0.91655,-0.39790,-34.27502,-0.02150,0.39893,-0.91673,-1.74000
1677764339259000064,0.99896,-0.02968,-0.03451,6.67003,-0.04097,-0.91669,-0.39749,-34.28022,-0.01984,0.39849,-0.91696,-1.74070
1677764339268999936,0.99896,-0.03107,-0.03330,6.67271,-0.04175,-0.91689,-0.39696,-34.28541,-0.01820,0.39794,-0.91723,-1.74130
1677764339279000064,0.99897,-0.03216,-0.03204,6.67532,-0.04223,-0.91711,-0.39640,-34.29056,-0.01663,0.39734,-0.91752,-1.74170
1677764339288999936,0.99899,-0.03277,-0.03089,6.67776,-0.04233,-0.91732,-0.39590,-34.29552,-0.01537,0.39680,-0.91778,-1.74170
1677764339299000064,0.99901,-0.03292,-0.02992,6.68005,-0.04208,-0.91748,-0.39555,-34.30029,-0.01443,0.39642,-0.91796,-1.74140
1677764339308999936,0.99904,-0.03280,-0.02908,6.68220,-0.04163,-0.91760,-0.39532,-34.30488,-0.01372,0.39615,-0.91808,-1.74090
1677764339319000064,0.99907,-0.03255,-0.02837,6.68423,-0.04112,-0.91768,-0.39518,-34.30932,-0.01317,0.39598,-0.91817,-1.74040
1677764339328999936,0.99909,-0.03246,-0.02775,6.68623,-0.04079,-0.91773,-0.39511,-34.31364,-0.01264,0.39589,-0.91821,-1.73990
1677764339339000064,0.99911,-0.03241,-0.02713,6.68814,-0.04050,-0.91773,-0.39512,-34.31787,-0.01209,0.39587,-0.91823,-1.73950
1677764339348999936,0.99913,-0.03225,-0.02658,6.68994,-0.04013,-0.91774,-0.39515,-34.32199,-0.01165,0.39588,-0.91823,-1.73920
1677764339359000064,0.99914,-0.03217,-0.02616,6.69164,-0.03990,-0.91774,-0.39518,-34.32602,-0.01129,0.39589,-0.91823,-1.73900
1677764339368999936,0.99915,-0.03212,-0.02572,6.69328,-0.03968,-0.91773,-0.39523,-34.32999,-0.01090,0.39591,-0.91822,-1.73880
1677764339379000064,0.99916,-0.03214,-0.02528,6.69488,-0.03952,-0.91771,-0.39528,-34.33385,-0.01050,0.39595,-0.91821,-1.73880
1677764339388999936,0.99916,-0.03227,-0.02507,6.69647,-0.03956,-0.91768,-0.39534,-34.33760,-0.01025,0.39601,-0.91819,-1.73880
1677764339398999808,0.99916,-0.03251,-0.02498,6.69803,-0.03974,-0.91765,-0.39539,-34.34120,-0.01007,0.39605,-0.91817,-1.73880
1677764339408999936,0.99916,-0.03261,-0.02483,6.69957,-0.03978,-0.91765,-0.39539,-34.34471,-0.00989,0.39605,-0.91818,-1.73880
1677764339418999808,0.99916,-0.03265,-0.02479,6.70106,-0.03979,-0.91767,-0.39535,-34.34814,-0.00984,0.39600,-0.91820,-1.73870
1677764339428999936,0.99916,-0.03259,-0.02482,6.70250,-0.03975,-0.91771,-0.39525,-34.35148,-0.00990,0.39591,-0.91824,-1.73860
1677764339438999808,0.99916,-0.03247,-0.02480,6.70393,-0.03963,-0.91778,-0.39511,-34.35471,-0.00993,0.39576,-0.91830,-1.73840
1677764339448999936,0.99916,-0.03257,-0.02488,6.70540,-0.03976,-0.91786,-0.39491,-34.35785,-0.00997,0.39556,-0.91838,-1.73830
1677764339458999808,0.99915,-0.03282,-0.02500,6.70691,-0.04003,-0.91795,-0.39467,-34.36091,-0.00999,0.39534,-0.91848,-1.73820
1677764339468999936,0.99914,-0.03302,-0.02507,6.70841,-0.04024,-0.91805,-0.39442,-34.36387,-0.00999,0.39509,-0.91859,-1.73820
1677764339479000064,0.99913,-0.03322,-0.02533,6.70988,-0.04052,-0.91813,-0.39420,-34.36672,-0.01016,0.39488,-0.91868,-1.73820
1677764339489000192,0.99911,-0.03339,-0.02569,6.71137,-0.04082,-0.91820,-0.39401,-34.36945,-0.01043,0.39471,-0.91875,-1.73820
1677764339499000064,0.99909,-0.03360,-0.02612,6.71289,-0.04118,-0.91824,-0.39387,-34.37208,-0.01076,0.39459,-0.91880,-1.73830
1677764339508999936,0.99907,-0.03391,-0.02673,6.71444,-0.04170,-0.91825,-0.39379,-34.37465,-0.01119,0.39454,-0.91881,-1.73840
1677764339519000064,0.99904,-0.03416,-0.02730,6.71598,-0.04216,-0.91822,-0.39382,-34.37718,-0.01161,0.39460,-0.91878,-1.73850
1677764339528999936,0.99902,-0.03442,-0.02773,6.71754,-0.04257,-0.91815,-0.39393,-34.37972,-0.01190,0.39473,-0.91872,-1.73860
1677764339539000064,0.99900,-0.03473,-0.02804,6.71913,-0.04298,-0.91806,-0.39411,-34.38227,-0.01206,0.39492,-0.91864,-1.73870
1677764339548999936,0.99899,-0.03501,-0.02823,6.72073,-0.04331,-0.91795,-0.39434,-34.38487,-0.01211,0.39516,-0.91853,-1.73870
1677764339559000064,0.99897,-0.03534,-0.02849,6.72236,-0.04372,-0.91783,-0.39457,-34.38752,-0.01220,0.39541,-0.91843,-1.73880
1677764339568999936,0.99894,-0.03572,-0.02889,6.72400,-0.04423,-0.91770,-0.39479,-34.39019,-0.01241,0.39565,-0.91832,-1.73890
1677764339579000064,0.99893,-0.03588,-0.02920,6.72560,-0.04450,-0.91759,-0.39503,-34.39295,-0.01262,0.39591,-0.91820,-1.73900
1677764339588999936,0.99892,-0.03591,-0.02939,6.72719,-0.04462,-0.91748,-0.39526,-34.39581,-0.01277,0.39615,-0.91810,-1.73900
1677764339599000064,0.99891,-0.03602,-0.02961,6.72878,-0.04481,-0.91740,-0.39544,-34.39878,-0.01292,0.39634,-0.91801,-1.73920
1677764339608999936,0.99891,-0.03601,-0.02970,6.73034,-0.04483,-0.91734,-0.39557,-34.40188,-0.01300,0.39647,-0.91796,-1.73920
1677764339619000064,0.99891,-0.03593,-0.02966,6.73191,-0.04474,-0.91730,-0.39567,-34.40510,-0.01299,0.39657,-0.91791,-1.73920
1677764339628999936,0.99891,-0.03596,-0.02960,6.73352,-0.04475,-0.91728,-0.39573,-34.40845,-0.01292,0.39663,-0.91789,-1.73930
1677764339639000064,0.99892,-0.03610,-0.02938,6.73519,-0.04479,-0.91728,-0.39573,-34.41190,-0.01267,0.39661,-0.91790,-1.73950
1677764339648999936,0.99891,-0.03641,-0.02911,6.73692,-0.04497,-0.91729,-0.39567,-34.41547,-0.01230,0.39655,-0.91793,-1.73970
1677764339658999808,0.99890,-0.03688,-0.02885,6.73868,-0.04530,-0.91731,-0.39558,-34.41913,-0.01188,0.39646,-0.91798,-1.74000
1677764339668999936,0.99891,-0.03717,-0.02830,6.74043,-0.04534,-0.91734,-0.39553,-34.42289,-0.01126,0.39638,-0.91802,-1.74030
1677764339678999808,0.99892,-0.03732,-0.02757,6.74217,-0.04519,-0.91734,-0.39553,-34.42673,-0.01053,0.39635,-0.91804,-1.74050
1677764339688999936,0.99893,-0.03770,-0.02689,6.74398,-0.04527,-0.91732,-0.39557,-34.43059,-0.00975,0.39636,-0.91804,-1.74080
1677764339698999808,0.99893,-0.03814,-0.02621,6.74583,-0.04541,-0.91727,-0.39566,-34.43447,-0.00895,0.39643,-0.91802,-1.74110
1677764339708999936,0.99893,-0.03850,-0.02559,6.74765,-0.04549,-0.91718,-0.39586,-34.43832,-0.00823,0.39660,-0.91796,-1.74140
1677764339718999808,0.99894,-0.03858,-0.02502,6.74941,-0.04534,-0.91705,-0.39618,-34.44214,-0.00766,0.39690,-0.91783,-1.74160
1677764339729000192,0.99896,-0.03838,-0.02443,6.75109,-0.04493,-0.91687,-0.39665,-34.44594,-0.00718,0.39734,-0.91764,-1.74180
1677764339739000064,0.99899,-0.03811,-0.02375,6.75275,-0.04441,-0.91663,-0.39726,-34.44972,-0.00663,0.39791,-0.91740,-1.74190
1677764339749000192,0.99902,-0.03784,-0.02288,6.75439,-0.04382,-0.91634,-0.39800,-34.45351,-0.00590,0.39862,-0.91710,-1.74200
1677764339759000064,0.99905,-0.03758,-0.02186,6.75603,-0.04319,-0.91599,-0.39887,-34.45729,-0.00503,0.39943,-0.91675,-1.74210
1677764339768999936,0.99908,-0.03735,-0.02095,6.75766,-0.04261,-0.91562,-0.39977,-34.46101,-0.00425,0.40030,-0.91638,-1.74210
1677764339779000064,0.99911,-0.03704,-0.02021,6.75925,-0.04204,-0.91525,-0.40068,-34.46467,-0.00366,0.40117,-0.91600,-1.74210
1677764339788999936,0.99914,-0.03661,-0.01965,6.76079,-0.04142,-0.91489,-0.40158,-34.46828,-0.00327,0.40205,-0.91561,-1.74210
1677764339799000064,0.99916,-0.03609,-0.01926,6.76228,-0.04079,-0.91453,-0.40247,-34.47182,-0.00308,0.40291,-0.91523,-1.74200
1677764339808999936,0.99919,-0.03551,-0.01905,6.76376,-0.04018,-0.91417,-0.40333,-34.47533,-0.00309,0.40377,-0.91486,-1.74180
1677764339819000064,0.99920,-0.03508,-0.01895,6.76529,-0.03975,-0.91383,-0.40415,-34.47882,-0.00314,0.40458,-0.91450,-1.74180
1677764339828999936,0.99922,-0.03484,-0.01867,6.76691,-0.03942,-0.91351,-0.40489,-34.48239,-0.00295,0.40531,-0.91417,-1.74180
1677764339839000064,0.99924,-0.03465,-0.01810,6.76859,-0.03902,-0.91323,-0.40558,-34.48603,-0.00247,0.40598,-0.91388,-1.74170
1677764339848999936,0.99926,-0.03436,-0.01741,6.77026,-0.03847,-0.91294,-0.40628,-34.48974,-0.00194,0.40665,-0.91358,-1.74180
1677764339859000064,0.99929,-0.03390,-0.01665,6.77190,-0.03774,-0.91263,-0.40703,-34.49348,-0.00140,0.40737,-0.91326,-1.74180
1677764339868999936,0.99932,-0.03332,-0.01574,6.77352,-0.03684,-0.91228,-0.40790,-34.49725,-0.00077,0.40821,-0.91289,-1.74180
1677764339879000064,0.99935,-0.03279,-0.01479,6.77517,-0.03597,-0.91186,-0.40893,-34.50105,-0.00007,0.40920,-0.91245,-1.74200
1677764339888999936,0.99938,-0.03252,-0.01383,6.77690,-0.03533,-0.91136,-0.41008,-34.50485,0.00073,0.41031,-0.91194,-1.74220
1677764339898999808,0.99939,-0.03239,-0.01288,6.77869,-0.03482,-0.91081,-0.41135,-34.50864,0.00159,0.41155,-0.91139,-1.74250
1677764339908999936,0.99941,-0.03230,-0.01199,6.78053,-0.03437,-0.91021,-0.41273,-34.51243,0.00242,0.41289,-0.91078,-1.74290
1677764339918999808,0.99943,-0.03190,-0.01104,6.78231,-0.03361,-0.90955,-0.41423,-34.51629,0.00317,0.41436,-0.91011,-1.74310
1677764339928999936,0.99946,-0.03126,-0.01005,6.78407,-0.03261,-0.90886,-0.41583,-34.52019,0.00386,0.41594,-0.90939,-1.74320
1677764339938999808,0.99949,-0.03060,-0.00904,6.78587,-0.03158,-0.90813,-0.41750,-34.52414,0.00456,0.41757,-0.90863,-1.74330
1677764339948999936,0.99952,-0.03009,-0.00794,6.78777,-0.03065,-0.90739,-0.41918,-34.52816,0.00541,0.41922,-0.90787,-1.74350
1677764339958999808,0.99953,-0.02981,-0.00663,6.78980,-0.02983,-0.90665,-0.42082,-34.53233,0.00653,0.42082,-0.90712,-1.74380
1677764339968999936,0.99955,-0.02965,-0.00495,6.79192,-0.02896,-0.90591,-0.42248,-34.53665,0.00804,0.42243,-0.90636,-1.74420
1677764339979000064,0.99956,-0.02951,-0.00306,6.79411,-0.02802,-0.90514,-0.42420,-34.54107,0.00975,0.42410,-0.90556,-1.74470
1677764339989000192,0.99956,-0.02953,-0.00128,6.79638,-0.02726,-0.90434,-0.42594,-34.54554,0.01142,0.42579,-0.90475,-1.74520
1677764339999000064,0.99956,-0.02972,0.00027,6.79876,-0.02675,-0.90351,-0.42774,-34.55000,0.01295,0.42754,-0.90390,-1.74570
1677764340008999936,0.99955,-0.03004,0.00148,6.80124,-0.02649,-0.90263,-0.42960,-34.55441,0.01424,0.42937,-0.90302,-1.74630
1677764340019000064,0.99953,-0.03060,0.00230,6.80386,-0.02661,-0.90173,-0.43149,-34.55877,0.01528,0.43122,-0.90212,-1.74700
1677764340028999936,0.99951,-0.03125,0.00285,6.80660,-0.02693,-0.90084,-0.43332,-34.56313,0.01611,0.43303,-0.90123,-1.74760
1677764340039000064,0.99948,-0.03195,0.00321,6.80947,-0.02737,-0.90000,-0.43503,-34.56750,0.01679,0.43472,-0.90041,-1.74810
1677764340048999936,0.99945,-0.03294,0.00350,6.81250,-0.02810,-0.89921,-0.43660,-34.57194,0.01753,0.43627,-0.89965,-1.74860
1677764340059000064,0.99941,-0.03402,0.00392,6.81564,-0.02887,-0.89850,-0.43803,-34.57646,0.01842,0.43766,-0.89895,-1.74910
1677764340068999936,0.99938,-0.03500,0.00441,6.81882,-0.02951,-0.89785,-0.43932,-34.58106,0.01933,0.43891,-0.89832,-1.74960
1677764340079000064,0.99934,-0.03607,0.00472,6.82206,-0.03030,-0.89725,-0.44048,-34.58568,0.02012,0.44005,-0.89775,-1.75010
1677764340088999936,0.99930,-0.03718,0.00487,6.82541,-0.03121,-0.89670,-0.44153,-34.59026,0.02078,0.44107,-0.89723,-1.75060
1677764340099000064,0.99925,-0.03847,0.00488,6.82883,-0.03234,-0.89620,-0.44247,-34.59483,0.02139,0.44198,-0.89677,-1.75110
1677764340108999936,0.99919,-0.03989,0.00477,6.83232,-0.03364,-0.89572,-0.44334,-34.59936,0.02196,0.44282,-0.89634,-1.75170
1677764340119000064,0.99914,-0.04121,0.00463,6.83582,-0.03486,-0.89526,-0.44418,-34.60385,0.02245,0.44363,-0.89593,-1.75230
1677764340128999936,0.99909,-0.04251,0.00435,6.83932,-0.03614,-0.89481,-0.44498,-34.60828,0.02280,0.44442,-0.89553,-1.75290
1677764340139000064,0.99903,-0.04383,0.00418,6.84285,-0.03737,-0.89440,-0.44571,-34.61275,0.02328,0.44512,-0.89517,-1.75350
1677764340148999936,0.99897,-0.04515,0.00427,6.84641,-0.03850,-0.89404,-0.44632,-34.61725,0.02397,0.44570,-0.89486,-1.75410
1677764340158999808,0.99890,-0.04666,0.00429,6.85002,-0.03983,-0.89375,-0.44680,-34.62175,0.02468,0.44614,-0.89462,-1.75490
1677764340168999936,0.99883,-0.04826,0.00413,6.85360,-0.04132,-0.89351,-0.44713,-34.62623,0.02527,0.44644,-0.89446,-1.75560
1677764340178999808,0.99875,-0.04977,0.00388,6.85716,-0.04278,-0.89337,-0.44729,-34.63070,0.02573,0.44657,-0.89438,-1.75630
1677764340188999936,0.99868,-0.05133,0.00346,6.86068,-0.04436,-0.89331,-0.44724,-34.63516,0.02605,0.44649,-0.89441,-1.75690
1677764340198999808,0.99860,-0.05283,0.00292,6.86412,-0.04595,-0.89335,-0.44701,-34.63957,0.02623,0.44625,-0.89452,-1.75740
1677764340208999936,0.99853,-0.05408,0.00220,6.86745,-0.04741,-0.89343,-0.44669,-34.64389,0.02612,0.44593,-0.89469,-1.75770
1677764340218999808,0.99848,-0.05509,0.00125,6.87065,-0.04874,-0.89353,-0.44634,-34.64809,0.02571,0.44561,-0.89486,-1.75790
1677764340229000192,0.99844,-0.05587,0.00024,6.87373,-0.04990,-0.89362,-0.44605,-34.65218,0.02513,0.44534,-0.89501,-1.75810
1677764340239000064,0.99841,-0.05636,-0.00072,6.87668,-0.05077,-0.89367,-0.44585,-34.65614,0.02449,0.44518,-0.89511,-1.75810
1677764340249000192,0.99839,-0.05664,-0.00173,6.87952,-0.05147,-0.89366,-0.44579,-34.65999,0.02370,0.44516,-0.89514,-1.75810
1677764340259000064,0.99838,-0.05681,-0.00276,6.88228,-0.05208,-0.89358,-0.44588,-34.66370,0.02287,0.44530,-0.89509,-1.75810
1677764340268999936,0.99837,-0.05696,-0.00366,6.88498,-0.05261,-0.89342,-0.44612,-34.66733,0.02214,0.44559,-0.89496,-1.75820
1677764340279000064,0.99835,-0.05719,-0.00434,6.88764,-0.05310,-0.89318,-0.44656,-34.67091,0.02166,0.44605,-0.89475,-1.75830
1677764340288999936,0.99834,-0.05747,-0.00472,6.89023,-0.05351,-0.89285,-0.44717,-34.67448,0.02149,0.44668,-0.89444,-1.75850
1677764340299000064,0.99831,-0.05784,-0.00492,6.89281,-0.05392,-0.89245,-0.44791,-34.67799,0.02152,0.44742,-0.89406,-1.75870
1677764340308999936,0.99828,-0.05848,-0.00512,6.89540,-0.05456,-0.89201,-0.44871,-34.68141,0.02168,0.44822,-0.89366,-1.75920
1677764340319000064,0.99822,-0.05934,-0.00532,6.89798,-0.05539,-0.89153,-0.44956,-34.68479,0.02193,0.44905,-0.89324,-1.75970
1677764340328999936,0.99818,-0.06009,-0.00539,6.90050,-0.05608,-0.89105,-0.45042,-34.68812,0.02227,0.44990,-0.89280,-1.76030
1677764340339000064,0.99814,-0.06078,-0.00546,6.90296,-0.05669,-0.89057,-0.45130,-34.69141,0.02257,0.45077,-0.89236,-1.76080
1677764340348999936,0.99810,-0.06141,-0.00570,6.90535,-0.05735,-0.89008,-0.45217,-34.69460,0.02270,0.45164,-0.89191,-1.76130
1677764340359000064,0.99807,-0.06177,-0.00606,6.90766,-0.05781,-0.88959,-0.45309,-34.69770,0.02260,0.45256,-0.89145,-1.76170
1677764340368999936,0.99805,-0.06207,-0.00649,6.90991,-0.05825,-0.88907,-0.45405,-34.70073,0.02241,0.45354,-0.89095,-1.76210
1677764340379000064,0.99804,-0.06220,-0.00698,6.91208,-0.05856,-0.88853,-0.45507,-34.70372,0.02210,0.45459,-0.89043,-1.76240
1677764340388999936,0.99805,-0.06204,-0.00753,6.91416,-0.05864,-0.88795,-0.45618,-34.70664,0.02162,0.45573,-0.88986,-1.76260
1677764340398999808,0.99806,-0.06174,-0.00805,6.91618,-0.05858,-0.88734,-0.45739,-34.70953,0.02110,0.45697,-0.88923,-1.76270
1677764340408999936,0.99809,-0.06129,-0.00827,6.91816,-0.05825,-0.88667,-0.45872,-34.71244,0.02078,0.45832,-0.88854,-1.76290
1677764340418999808,0.99812,-0.06075,-0.00819,6.92015,-0.05769,-0.88594,-0.46020,-34.71541,0.02070,0.45981,-0.88778,-1.76300
1677764340428999936,0.99815,-0.06030,-0.00799,6.92216,-0.05717,-0.88513,-0.46181,-34.71834,0.02077,0.46141,-0.88694,-1.76330
1677764340438999808,0.99817,-0.05996,-0.00799,6.92424,-0.05683,-0.88423,-0.46358,-34.72118,0.02073,0.46319,-0.88602,-1.76350
1677764340448999936,0.99817,-0.05992,-0.00808,6.92640,-0.05679,-0.88326,-0.46543,-34.72398,0.02075,0.46504,-0.88505,-1.76380
1677764340458999808,0.99817,-0.05988,-0.00813,6.92858,-0.05673,-0.88226,-0.46732,-34.72677,0.02081,0.46693,-0.88405,-1.76400
1677764340468999936,0.99818,-0.05978,-0.00826,6.93075,-0.05666,-0.88126,-0.46922,-34.72952,0.02077,0.46883,-0.88304,-1.76390
1677764340479000064,0.99820,-0.05941,-0.00854,6.93285,-0.05642,-0.88026,-0.47113,-34.73217,0.02047,0.47076,-0.88202,-1.76350
1677764340489000192,0.99823,-0.05873,-0.00902,6.93489,-0.05601,-0.87925,-0.47306,-34.73475,0.01986,0.47273,-0.88099,-1.76290
1677764340499000064,0.99827,-0.05792,-0.00967,6.93686,-0.05556,-0.87824,-0.47498,-34.73727,0.01902,0.47470,-0.87994,-1.76230
1677764340508999936,0.99833,-0.05688,-0.01024,6.93876,-0.05487,-0.87726,-0.47687,-34.73982,0.01814,0.47663,-0.87892,-1.76160
