timestamp (ns), T_wf(00), T_wf(01), T_wf(02), T_wf(03), T_wf(10), T_wf(11), T_wf(12), T_wf(13), T_wf(20), T_wf(21), T_wf(22), T_wf(23)
1677765563926000128,0.99794,-0.06121,0.01904,2.29867,-0.05151,-0.94250,-0.33022,-16.33113,0.03815,0.32856,-0.94371,-1.06000
1677765563936000000,0.99795,-0.06112,0.01890,2.29871,-0.05147,-0.94249,-0.33026,-16.33122,0.03800,0.32861,-0.94370,-1.05990
1677765563946000128,0.99796,-0.06105,0.01879,2.29879,-0.05144,-0.94247,-0.33031,-16.33138,0.03787,0.32867,-0.94369,-1.05990
1677765563956000000,0.99796,-0.06097,0.01869,2.29887,-0.05139,-0.94245,-0.33037,-16.33158,0.03776,0.32874,-0.94367,-1.05980
1677765563966000128,0.99797,-0.06085,0.01855,2.29897,-0.05132,-0.94242,-0.33046,-16.33182,0.03759,0.32884,-0.94364,-1.05980
1677765563976000000,0.99799,-0.06071,0.01835,2.29911,-0.05124,-0.94237,-0.33062,-16.33212,0.03737,0.32901,-0.94359,-1.05970
1677765563986000128,0.99801,-0.06047,0.01809,2.29929,-0.05110,-0.94229,-0.33087,-16.33247,0.03706,0.32928,-0.94350,-1.05960
1677765563996000000,0.99803,-0.06016,0.01769,2.29949,-0.05092,-0.94219,-0.33119,-16.33283,0.03659,0.32964,-0.94340,-1.05940
1677765564006000128,0.99807,-0.05973,0.01710,2.29972,-0.05070,-0.94207,-0.33156,-16.33329,0.03592,0.33005,-0.94328,-1.05910
1677765564016000000,0.99811,-0.05918,0.01632,2.30001,-0.05042,-0.94196,-0.33191,-16.33386,0.03501,0.33047,-0.94317,-1.05880
1677765564026000128,0.99816,-0.05858,0.01538,2.30034,-0.05016,-0.94187,-0.33221,-16.33458,0.03395,0.33083,-0.94308,-1.05840
1677765564036000000,0.99822,-0.05796,0.01439,2.30072,-0.04990,-0.94181,-0.33242,-16.33550,0.03282,0.33111,-0.94302,-1.05800
1677765564046000128,0.99827,-0.05731,0.01347,2.30116,-0.04958,-0.94179,-0.33253,-16.33667,0.03174,0.33129,-0.94300,-1.05750
1677765564056000256,0.99831,-0.05676,0.01274,2.30169,-0.04930,-0.94180,-0.33253,-16.33814,0.03087,0.33134,-0.94301,-1.05710
1677765564066000128,0.99834,-0.05630,0.01230,2.30230,-0.04902,-0.94184,-0.33246,-16.33992,0.03030,0.33130,-0.94304,-1.05670
1677765564076000256,0.99836,-0.05600,0.01218,2.30302,-0.04878,-0.94189,-0.33236,-16.34197,0.03008,0.33122,-0.94307,-1.05640
1677765564086000128,0.99836,-0.05585,0.01230,2.30383,-0.04860,-0.94194,-0.33223,-16.34428,0.03014,0.33109,-0.94312,-1.05630
1677765564096000256,0.99836,-0.05583,0.01263,2.30474,-0.04848,-0.94199,-0.33211,-16.34687,0.03044,0.33096,-0.94316,-1.05620
1677765564106000128,0.99835,-0.05586,0.01301,2.30573,-0.04839,-0.94204,-0.33200,-16.34963,0.03081,0.33082,-0.94319,-1.05620
1677765564116000256,0.99835,-0.05591,0.01340,2.30676,-0.04831,-0.94208,-0.33188,-16.35254,0.03118,0.33069,-0.94323,-1.05620
1677765564126000128,0.99834,-0.05596,0.01378,2.30784,-0.04823,-0.94212,-0.33179,-16.35556,0.03155,0.33058,-0.94325,-1.05620
1677765564136000256,0.99833,-0.05603,0.01411,2.30898,-0.04818,-0.94213,-0.33176,-16.35866,0.03188,0.33053,-0.94326,-1.05610
1677765564146000128,0.99832,-0.05615,0.01434,2.31017,-0.04822,-0.94213,-0.33177,-16.36181,0.03214,0.33052,-0.94325,-1.05610
1677765564156000256,0.99831,-0.05633,0.01451,2.31142,-0.04833,-0.94210,-0.33182,-16.36498,0.03236,0.33056,-0.94323,-1.05610
1677765564166000128,0.99830,-0.05649,0.01464,2.31268,-0.04844,-0.94207,-0.33190,-16.36818,0.03254,0.33063,-0.94320,-1.05600
1677765564176000000,0.99829,-0.05654,0.01475,2.31394,-0.04845,-0.94204,-0.33198,-16.37140,0.03267,0.33070,-0.94317,-1.05600
1677765564186000128,0.99830,-0.05646,0.01479,2.31517,-0.04836,-0.94201,-0.33207,-16.37460,0.03268,0.33079,-0.94314,-1.05590
1677765564196000000,0.99831,-0.05628,0.01471,2.31637,-0.04821,-0.94199,-0.33215,-16.37779,0.03255,0.33088,-0.94311,-1.05570
1677765564206000128,0.99832,-0.05607,0.01452,2.31755,-0.04807,-0.94198,-0.33222,-16.38093,0.03231,0.33096,-0.94309,-1.05560
1677765564216000000,0.99834,-0.05584,0.01417,2.31870,-0.04797,-0.94196,-0.33227,-16.38400,0.03191,0.33104,-0.94308,-1.05550
1677765564226000128,0.99836,-0.05560,0.01366,2.31984,-0.04791,-0.94194,-0.33235,-16.38699,0.03135,0.33115,-0.94306,-1.05540
1677765564236000000,0.99838,-0.05533,0.01304,2.32093,-0.04786,-0.94191,-0.33245,-16.38991,0.03067,0.33129,-0.94303,-1.05540
1677765564246000128,0.99841,-0.05502,0.01235,2.32200,-0.04779,-0.94187,-0.33257,-16.39276,0.02993,0.33145,-0.94300,-1.05530
1677765564256000000,0.99843,-0.05475,0.01164,2.32307,-0.04776,-0.94182,-0.33272,-16.39556,0.02918,0.33164,-0.94295,-1.05520
1677765564266000128,0.99845,-0.05457,0.01102,2.32414,-0.04780,-0.94176,-0.33286,-16.39835,0.02854,0.33182,-0.94291,-1.05520
1677765564276000000,0.99846,-0.05453,0.01058,2.32526,-0.04791,-0.94172,-0.33296,-16.40115,0.02812,0.33194,-0.94288,-1.05520
1677765564286000128,0.99845,-0.05460,0.01037,2.32640,-0.04803,-0.94171,-0.33297,-16.40401,0.02795,0.33196,-0.94288,-1.05520
1677765564296000000,0.99844,-0.05478,0.01042,2.32756,-0.04820,-0.94174,-0.33286,-16.40686,0.02805,0.33184,-0.94292,-1.05530
1677765564306000128,0.99843,-0.05505,0.01056,2.32872,-0.04841,-0.94181,-0.33264,-16.40974,0.02826,0.33160,-0.94300,-1.05550
1677765564316000256,0.99841,-0.05536,0.01080,2.32991,-0.04864,-0.94192,-0.33231,-16.41261,0.02857,0.33125,-0.94311,-1.05570
1677765564326000128,0.99838,-0.05576,0.01102,2.33111,-0.04895,-0.94204,-0.33190,-16.41544,0.02889,0.33083,-0.94325,-1.05590
1677765564336000256,0.99836,-0.05620,0.01109,2.33231,-0.04936,-0.94218,-0.33145,-16.41817,0.02908,0.33036,-0.94341,-1.05620
1677765564346000128,0.99833,-0.05662,0.01112,2.33350,-0.04975,-0.94232,-0.33098,-16.42085,0.02922,0.32988,-0.94357,-1.05640
1677765564356000256,0.99831,-0.05702,0.01108,2.33469,-0.05016,-0.94247,-0.33051,-16.42344,0.02928,0.32940,-0.94374,-1.05660
1677765564366000128,0.99828,-0.05751,0.01097,2.33590,-0.05068,-0.94260,-0.33006,-16.42595,0.02932,0.32894,-0.94390,-1.05690
1677765564376000256,0.99825,-0.05804,0.01088,2.33712,-0.05122,-0.94271,-0.32965,-16.42839,0.02939,0.32852,-0.94404,-1.05720
1677765564386000128,0.99822,-0.05860,0.01081,2.33835,-0.05178,-0.94281,-0.32929,-16.43077,0.02949,0.32815,-0.94417,-1.05750
1677765564396000256,0.99819,-0.05915,0.01079,2.33958,-0.05231,-0.94288,-0.32900,-16.43312,0.02963,0.32784,-0.94427,-1.05780
1677765564406000128,0.99816,-0.05961,0.01085,2.34079,-0.05274,-0.94293,-0.32879,-16.43540,0.02983,0.32762,-0.94434,-1.05810
1677765564416000000,0.99814,-0.06006,0.01092,2.34197,-0.05314,-0.94295,-0.32867,-16.43765,0.03003,0.32747,-0.94438,-1.05840
1677765564426000128,0.99811,-0.06052,0.01102,2.34314,-0.05355,-0.94295,-0.32860,-16.43987,0.03027,0.32739,-0.94440,-1.05870
1677765564436000000,0.99808,-0.06099,0.01112,2.34428,-0.05396,-0.94293,-0.32858,-16.44205,0.03053,0.32735,-0.94441,-1.05900
1677765564446000128,0.99805,-0.06145,0.01122,2.34538,-0.05436,-0.94291,-0.32859,-16.44423,0.03078,0.32734,-0.94441,-1.05930
1677765564456000000,0.99802,-0.06180,0.01136,2.34643,-0.05465,-0.94288,-0.32861,-16.44639,0.03102,0.32734,-0.94440,-1.05950
1677765564466000128,0.99801,-0.06207,0.01146,2.34743,-0.05487,-0.94287,-0.32862,-16.44855,0.03120,0.32733,-0.94439,-1.05970
1677765564476000000,0.99799,-0.06233,0.01149,2.34840,-0.05510,-0.94287,-0.32857,-16.45071,0.03132,0.32728,-0.94441,-1.05990
1677765564486000128,0.99797,-0.06256,0.01152,2.34933,-0.05532,-0.94290,-0.32844,-16.45293,0.03141,0.32714,-0.94445,-1.06010
1677765564496000000,0.99796,-0.06274,0.01149,2.35018,-0.05550,-0.94298,-0.32820,-16.45518,0.03143,0.32690,-0.94454,-1.06020
1677765564506000128,0.99796,-0.06286,0.01141,2.35102,-0.05566,-0.94308,-0.32787,-16.45749,0.03137,0.32657,-0.94465,-1.06030
1677765564516000000,0.99795,-0.06291,0.01133,2.35184,-0.05574,-0.94322,-0.32745,-16.45985,0.03129,0.32615,-0.94480,-1.06040
1677765564526000128,0.99795,-0.06305,0.01122,2.35269,-0.05593,-0.94339,-0.32693,-16.46227,0.03120,0.32563,-0.94498,-1.06050
1677765564536000000,0.99793,-0.06334,0.01113,2.35358,-0.05625,-0.94359,-0.32631,-16.46475,0.03117,0.32501,-0.94520,-1.06070
1677765564546000128,0.99791,-0.06366,0.01111,2.35451,-0.05658,-0.94381,-0.32561,-16.46731,0.03122,0.32430,-0.94544,-1.06080
1677765564556000256,0.99789,-0.06404,0.01112,2.35548,-0.05696,-0.94405,-0.32485,-16.46992,0.03130,0.32353,-0.94570,-1.06110
1677765564566000128,0.99786,-0.06439,0.01116,2.35646,-0.05731,-0.94430,-0.32406,-16.47259,0.03140,0.32272,-0.94597,-1.06130
1677765564576000256,0.99784,-0.06470,0.01123,2.35748,-0.05761,-0.94455,-0.32326,-16.47530,0.03153,0.32192,-0.94624,-1.06150
1677765564586000128,0.99782,-0.06506,0.01130,2.35853,-0.05795,-0.94480,-0.32249,-16.47803,0.03166,0.32113,-0.94650,-1.06180
1677765564596000256,0.99779,-0.06546,0.01134,2.35964,-0.05834,-0.94502,-0.32176,-16.48077,0.03177,0.32039,-0.94675,-1.06210
1677765564606000128,0.99776,-0.06593,0.01135,2.36079,-0.05880,-0.94523,-0.32108,-16.48350,0.03189,0.31969,-0.94698,-1.06250
1677765564616000256,0.99773,-0.06644,0.01134,2.36200,-0.05931,-0.94541,-0.32045,-16.48625,0.03201,0.31905,-0.94720,-1.06280
1677765564626000128,0.99770,-0.06689,0.01137,2.36320,-0.05975,-0.94557,-0.31988,-16.48902,0.03215,0.31846,-0.94739,-1.06310
1677765564636000256,0.99767,-0.06728,0.01140,2.36440,-0.06013,-0.94573,-0.31935,-16.49181,0.03227,0.31792,-0.94757,-1.06340
1677765564646000128,0.99765,-0.06759,0.01143,2.36561,-0.06043,-0.94588,-0.31885,-16.49464,0.03236,0.31741,-0.94774,-1.06360
1677765564656000256,0.99763,-0.06787,0.01148,2.36680,-0.06069,-0.94603,-0.31835,-16.49752,0.03247,0.31690,-0.94790,-1.06380
1677765564666000128,0.99761,-0.06816,0.01150,2.36801,-0.06098,-0.94618,-0.31786,-16.50046,0.03255,0.31640,-0.94807,-1.06390
1677765564676000000,0.99759,-0.06841,0.01154,2.36921,-0.06122,-0.94633,-0.31735,-16.50344,0.03263,0.31588,-0.94824,-1.06410
1677765564686000128,0.99758,-0.06862,0.01157,2.37040,-0.06143,-0.94650,-0.31681,-16.50650,0.03269,0.31533,-0.94842,-1.06420
1677765564696000000,0.99756,-0.06887,0.01153,2.37163,-0.06170,-0.94668,-0.31621,-16.50963,0.03269,0.31473,-0.94862,-1.06430
1677765564706000128,0.99754,-0.06913,0.01148,2.37285,-0.06199,-0.94688,-0.31557,-16.51283,0.03269,0.31408,-0.94883,-1.06430
1677765564716000000,0.99752,-0.06941,0.01138,2.37410,-0.06231,-0.94709,-0.31487,-16.51611,0.03263,0.31339,-0.94907,-1.06440
1677765564726000128,0.99751,-0.06965,0.01114,2.37534,-0.06264,-0.94731,-0.31413,-16.51944,0.03243,0.31265,-0.94931,-1.06450
1677765564736000000,0.99750,-0.06986,0.01085,2.37660,-0.06296,-0.94754,-0.31338,-16.52285,0.03217,0.31191,-0.94957,-1.06450
1677765564746000128,0.99748,-0.07017,0.01054,2.37792,-0.06337,-0.94776,-0.31263,-16.52633,0.03192,0.31118,-0.94982,-1.06450
1677765564756000000,0.99746,-0.07057,0.01017,2.37929,-0.06389,-0.94796,-0.31190,-16.52988,0.03165,0.31046,-0.95006,-1.06460
1677765564766000128,0.99742,-0.07104,0.00983,2.38072,-0.06447,-0.94815,-0.31121,-16.53348,0.03143,0.30977,-0.95029,-1.06480
1677765564776000000,0.99740,-0.07148,0.00950,2.38220,-0.06501,-0.94831,-0.31060,-16.53715,0.03121,0.30918,-0.95049,-1.06490
1677765564786000128,0.99737,-0.07184,0.00924,2.38371,-0.06544,-0.94846,-0.31008,-16.54090,0.03104,0.30866,-0.95067,-1.06500
1677765564796000000,0.99736,-0.07206,0.00900,2.38522,-0.06574,-0.94858,-0.30963,-16.54470,0.03085,0.30822,-0.95082,-1.06510
1677765564806000128,0.99735,-0.07218,0.00868,2.38674,-0.06597,-0.94869,-0.30926,-16.54854,0.03055,0.30787,-0.95094,-1.06500
1677765564816000256,0.99735,-0.07229,0.00831,2.38832,-0.06619,-0.94877,-0.30897,-16.55242,0.03022,0.30760,-0.95104,-1.06500
1677765564826000128,0.99734,-0.07242,0.00793,2.38994,-0.06645,-0.94882,-0.30874,-16.55636,0.02988,0.30740,-0.95111,-1.06500
1677765564836000256,0.99734,-0.07250,0.00755,2.39158,-0.06664,-0.94886,-0.30860,-16.56036,0.02954,0.30727,-0.95116,-1.06490
1677765564846000128,0.99735,-0.07237,0.00727,2.39317,-0.06661,-0.94887,-0.30856,-16.56445,0.02922,0.30725,-0.95118,-1.06480
1677765564856000256,0.99738,-0.07200,0.00711,2.39472,-0.06629,-0.94887,-0.30863,-16.56865,0.02897,0.30735,-0.95116,-1.06460
1677765564866000128,0.99740,-0.07168,0.00705,2.39627,-0.06600,-0.94884,-0.30878,-16.57296,0.02883,0.30751,-0.95111,-1.06450
1677765564876000256,0.99741,-0.07153,0.00706,2.39786,-0.06585,-0.94879,-0.30896,-16.57738,0.02880,0.30770,-0.95105,-1.06460
1677765564886000128,0.99741,-0.07153,0.00705,2.39948,-0.06586,-0.94873,-0.30915,-16.58191,0.02880,0.30788,-0.95099,-1.06470
1677765564896000256,0.99742,-0.07150,0.00705,2.40104,-0.06582,-0.94868,-0.30930,-16.58657,0.02881,0.30804,-0.95094,-1.06490
1677765564906000128,0.99743,-0.07134,0.00714,2.40256,-0.06564,-0.94866,-0.30942,-16.59137,0.02884,0.30816,-0.95090,-1.06510
1677765564916000000,0.99745,-0.07101,0.00727,2.40404,-0.06528,-0.94865,-0.30951,-16.59629,0.02888,0.30824,-0.95087,-1.06520
1677765564926000128,0.99748,-0.07052,0.00737,2.40547,-0.06478,-0.94867,-0.30956,-16.60130,0.02882,0.30831,-0.95085,-1.06520
1677765564936000000,0.99752,-0.06995,0.00740,2.40691,-0.06423,-0.94869,-0.30960,-16.60638,0.02867,0.30836,-0.95084,-1.06530
1677765564946000128,0.99756,-0.06937,0.00735,2.40837,-0.06369,-0.94872,-0.30964,-16.61150,0.02846,0.30842,-0.95083,-1.06530
1677765564956000000,0.99761,-0.06873,0.00728,2.40984,-0.06310,-0.94874,-0.30969,-16.61668,0.02819,0.30849,-0.95081,-1.06540
1677765564966000128,0.99767,-0.06790,0.00718,2.41127,-0.06234,-0.94877,-0.30976,-16.62188,0.02784,0.30859,-0.95079,-1.06550
1677765564976000000,0.99773,-0.06695,0.00698,2.41268,-0.06150,-0.94880,-0.30983,-16.62711,0.02736,0.30870,-0.95076,-1.06550
1677765564986000128,0.99779,-0.06612,0.00674,2.41413,-0.06078,-0.94882,-0.30990,-16.63237,0.02688,0.30881,-0.95074,-1.06560
1677765564996000000,0.99783,-0.06557,0.00655,2.41567,-0.06032,-0.94883,-0.30996,-16.63767,0.02654,0.30889,-0.95073,-1.06580
1677765565006000128,0.99784,-0.06534,0.00644,2.41733,-0.06013,-0.94883,-0.31000,-16.64301,0.02636,0.30894,-0.95072,-1.06620
1677765565016000000,0.99783,-0.06549,0.00643,2.41913,-0.06027,-0.94883,-0.30999,-16.64842,0.02640,0.30893,-0.95072,-1.06670
1677765565026000128,0.99781,-0.06583,0.00661,2.42102,-0.06055,-0.94882,-0.30997,-16.65390,0.02668,0.30889,-0.95072,-1.06740
1677765565036000000,0.99778,-0.06624,0.00711,2.42297,-0.06078,-0.94880,-0.30998,-16.65944,0.02727,0.30886,-0.95072,-1.06800
1677765565046000128,0.99774,-0.06666,0.00794,2.42499,-0.06092,-0.94877,-0.31005,-16.66506,0.02820,0.30887,-0.95069,-1.06880
1677765565056000256,0.99771,-0.06705,0.00899,2.42702,-0.06096,-0.94871,-0.31022,-16.67067,0.02933,0.30896,-0.95062,-1.06950
1677765565066000128,0.99768,-0.06726,0.01016,2.42904,-0.06080,-0.94864,-0.31046,-16.67628,0.03052,0.30912,-0.95053,-1.07020
1677765565076000256,0.99767,-0.06735,0.01131,2.43104,-0.06051,-0.94856,-0.31075,-16.68184,0.03166,0.30934,-0.95043,-1.07080
1677765565086000128,0.99765,-0.06737,0.01233,2.43303,-0.06021,-0.94848,-0.31106,-16.68734,0.03265,0.30958,-0.95031,-1.07140
1677765565096000256,0.99765,-0.06730,0.01307,2.43497,-0.05990,-0.94841,-0.31133,-16.69276,0.03335,0.30982,-0.95021,-1.07180
1677765565106000128,0.99765,-0.06718,0.01345,2.43688,-0.05966,-0.94835,-0.31157,-16.69811,0.03368,0.31004,-0.95013,-1.07220
1677765565116000256,0.99766,-0.06701,0.01352,2.43875,-0.05947,-0.94830,-0.31175,-16.70340,0.03372,0.31022,-0.95007,-1.07250
1677765565126000128,0.99767,-0.06688,0.01345,2.44063,-0.05936,-0.94827,-0.31186,-16.70870,0.03361,0.31034,-0.95003,-1.07290
1677765565136000256,0.99768,-0.06683,0.01330,2.44250,-0.05936,-0.94826,-0.31191,-16.71404,0.03346,0.31039,-0.95002,-1.07340
1677765565146000128,0.99767,-0.06686,0.01324,2.44438,-0.05941,-0.94825,-0.31192,-16.71946,0.03341,0.31040,-0.95002,-1.07400
1677765565156000256,0.99767,-0.06694,0.01339,2.44626,-0.05944,-0.94825,-0.31192,-16.72500,0.03358,0.31040,-0.95001,-1.07460
1677765565166000128,0.99765,-0.06701,0.01400,2.44813,-0.05931,-0.94824,-0.31198,-16.73067,0.03418,0.31042,-0.94999,-1.07530
1677765565176000000,0.99763,-0.06711,0.01519,2.45001,-0.05903,-0.94821,-0.31212,-16.73651,0.03535,0.31048,-0.94992,-1.07590
1677765565186000128,0.99760,-0.06716,0.01685,2.45187,-0.05856,-0.94816,-0.31235,-16.74245,0.03696,0.31061,-0.94982,-1.07660
1677765565196000000,0.99756,-0.06719,0.01878,2.45369,-0.05798,-0.94811,-0.31262,-16.74847,0.03881,0.31077,-0.94969,-1.07720
1677765565206000128,0.99753,-0.06713,0.02077,2.45545,-0.05728,-0.94806,-0.31288,-16.75454,0.04069,0.31092,-0.94956,-1.07780
1677765565216000000,0.99751,-0.06682,0.02274,2.45710,-0.05637,-0.94806,-0.31305,-16.76065,0.04248,0.31099,-0.94946,-1.07840
1677765565226000128,0.99749,-0.06644,0.02442,2.45870,-0.05549,-0.94811,-0.31308,-16.76674,0.04395,0.31094,-0.94941,-1.07890
1677765565236000000,0.99749,-0.06602,0.02570,2.46023,-0.05469,-0.94820,-0.31293,-16.77277,0.04503,0.31073,-0.94943,-1.07940
1677765565246000128,0.99750,-0.06548,0.02649,2.46172,-0.05395,-0.94835,-0.31260,-16.77871,0.04559,0.31039,-0.94952,-1.07980
1677765565256000000,0.99753,-0.06495,0.02671,2.46318,-0.05340,-0.94854,-0.31212,-16.78454,0.04560,0.30992,-0.94967,-1.08020
1677765565266000128,0.99756,-0.06451,0.02655,2.46467,-0.05306,-0.94876,-0.31151,-16.79026,0.04528,0.30934,-0.94987,-1.08050
1677765565276000000,0.99760,-0.06409,0.02624,2.46617,-0.05279,-0.94901,-0.31080,-16.79591,0.04482,0.30867,-0.95011,-1.08090
1677765565286000128,0.99763,-0.06368,0.02592,2.46766,-0.05254,-0.94927,-0.31004,-16.80153,0.04435,0.30795,-0.95037,-1.08110
1677765565296000000,0.99766,-0.06338,0.02571,2.46921,-0.05235,-0.94954,-0.30925,-16.80708,0.04402,0.30718,-0.95063,-1.08140
1677765565306000128,0.99767,-0.06323,0.02577,2.47078,-0.05223,-0.94981,-0.30843,-16.81263,0.04398,0.30636,-0.95090,-1.08170
1677765565316000256,0.99765,-0.06327,0.02615,2.47241,-0.05219,-0.95009,-0.30758,-16.81822,0.04431,0.30549,-0.95116,-1.08210
1677765565326000128,0.99762,-0.06356,0.02683,2.47407,-0.05230,-0.95036,-0.30672,-16.82381,0.04499,0.30459,-0.95142,-1.08260
1677765565336000256,0.99756,-0.06401,0.02774,2.47578,-0.05249,-0.95063,-0.30585,-16.82936,0.04595,0.30365,-0.95168,-1.08320
1677765565346000128,0.99750,-0.06458,0.02880,2.47749,-0.05276,-0.95092,-0.30492,-16.83487,0.04708,0.30263,-0.95194,-1.08390
1677765565356000256,0.99742,-0.06521,0.02994,2.47919,-0.05306,-0.95122,-0.30391,-16.84033,0.04830,0.30154,-0.95223,-1.08480
1677765565366000128,0.99735,-0.06571,0.03126,2.48087,-0.05321,-0.95156,-0.30283,-16.84575,0.04964,0.30036,-0.95253,-1.08560
1677765565376000256,0.99727,-0.06626,0.03252,2.48255,-0.05341,-0.95192,-0.30167,-16.85104,0.05095,0.29911,-0.95286,-1.08650
1677765565386000128,0.99718,-0.06710,0.03364,2.48432,-0.05394,-0.95226,-0.30048,-16.85620,0.05219,0.29781,-0.95320,-1.08740
1677765565396000256,0.99707,-0.06812,0.03472,2.48616,-0.05466,-0.95259,-0.29930,-16.86120,0.05346,0.29653,-0.95353,-1.08840
1677765565406000128,0.99696,-0.06925,0.03572,2.48806,-0.05551,-0.95288,-0.29822,-16.86601,0.05469,0.29533,-0.95383,-1.08930
1677765565416000000,0.99685,-0.07045,0.03646,2.49000,-0.05648,-0.95310,-0.29733,-16.87056,0.05569,0.29433,-0.95408,-1.09010
1677765565426000128,0.99675,-0.07155,0.03704,2.49195,-0.05740,-0.95327,-0.29663,-16.87491,0.05653,0.29354,-0.95427,-1.09080
1677765565436000000,0.99666,-0.07261,0.03751,2.49392,-0.05831,-0.95337,-0.29613,-16.87904,0.05726,0.29295,-0.95441,-1.09150
1677765565446000128,0.99656,-0.07375,0.03785,2.49590,-0.05932,-0.95340,-0.29582,-16.88300,0.05790,0.29255,-0.95449,-1.09210
1677765565456000000,0.99646,-0.07486,0.03819,2.49787,-0.06029,-0.95339,-0.29567,-16.88680,0.05855,0.29232,-0.95453,-1.09280
1677765565466000128,0.99637,-0.07592,0.03856,2.49978,-0.06120,-0.95334,-0.29562,-16.89051,0.05921,0.29219,-0.95453,-1.09350
1677765565476000000,0.99627,-0.07696,0.03898,2.50165,-0.06207,-0.95328,-0.29565,-16.89415,0.05991,0.29213,-0.95450,-1.09430
1677765565486000128,0.99618,-0.07789,0.03952,2.50343,-0.06280,-0.95321,-0.29572,-16.89776,0.06070,0.29210,-0.95446,-1.09510
1677765565496000000,0.99608,-0.07882,0.04010,2.50510,-0.06351,-0.95315,-0.29577,-16.90133,0.06154,0.29206,-0.95442,-1.09590
1677765565506000128,0.99599,-0.07972,0.04069,2.50670,-0.06420,-0.95310,-0.29577,-16.90487,0.06236,0.29197,-0.95439,-1.09670
1677765565516000000,0.99590,-0.08054,0.04123,2.50821,-0.06483,-0.95309,-0.29565,-16.90845,0.06311,0.29176,-0.95441,-1.09740
1677765565526000128,0.99582,-0.08129,0.04172,2.50963,-0.06543,-0.95314,-0.29537,-16.91206,0.06377,0.29141,-0.95447,-1.09800
1677765565536000000,0.99575,-0.08185,0.04219,2.51095,-0.06586,-0.95326,-0.29490,-16.91576,0.06435,0.29087,-0.95460,-1.09860
1677765565546000128,0.99570,-0.08222,0.04258,2.51218,-0.06615,-0.95345,-0.29422,-16.91955,0.06479,0.29013,-0.95479,-1.09900
1677765565556000256,0.99567,-0.08252,0.04283,2.51335,-0.06642,-0.95370,-0.29332,-16.92343,0.06505,0.28920,-0.95505,-1.09950
1677765565566000128,0.99564,-0.08275,0.04296,2.51447,-0.06669,-0.95404,-0.29218,-16.92743,0.06516,0.28804,-0.95540,-1.09990
1677765565576000256,0.99563,-0.08298,0.04295,2.51554,-0.06700,-0.95445,-0.29073,-16.93162,0.06512,0.28658,-0.95584,-1.10030
1677765565586000128,0.99561,-0.08323,0.04279,2.51659,-0.06741,-0.95493,-0.28908,-16.93595,0.06493,0.28493,-0.95635,-1.10080
1677765565596000256,0.99561,-0.08342,0.04253,2.51759,-0.06778,-0.95545,-0.28726,-16.94046,0.06460,0.28312,-0.95691,-1.10110
1677765565606000128,0.99561,-0.08356,0.04227,2.51857,-0.06812,-0.95601,-0.28533,-16.94515,0.06425,0.28119,-0.95750,-1.10150
1677765565616000256,0.99560,-0.08370,0.04203,2.51954,-0.06846,-0.95658,-0.28333,-16.95002,0.06391,0.27920,-0.95810,-1.10180
1677765565626000128,0.99560,-0.08380,0.04185,2.52053,-0.06874,-0.95715,-0.28131,-16.95508,0.06363,0.27719,-0.95870,-1.10200
1677765565636000256,0.99560,-0.08390,0.04179,2.52153,-0.06898,-0.95772,-0.27929,-16.96030,0.06345,0.27518,-0.95930,-1.10230
1677765565646000128,0.99558,-0.08404,0.04184,2.52258,-0.06924,-0.95828,-0.27731,-16.96568,0.06340,0.27319,-0.95987,-1.10260
1677765565656000256,0.99556,-0.08418,0.04210,2.52367,-0.06943,-0.95883,-0.27534,-16.97126,0.06355,0.27120,-0.96042,-1.10300
1677765565666000128,0.99553,-0.08436,0.04252,2.52480,-0.06962,-0.95939,-0.27337,-16.97700,0.06386,0.26918,-0.96097,-1.10340
1677765565676000000,0.99548,-0.08471,0.04300,2.52598,-0.06996,-0.95994,-0.27133,-16.98291,0.06426,0.26710,-0.96152,-1.10410
1677765565686000128,0.99542,-0.08507,0.04358,2.52719,-0.07030,-0.96052,-0.26918,-16.98902,0.06476,0.26489,-0.96210,-1.10480
1677765565696000000,0.99537,-0.08523,0.04440,2.52842,-0.07040,-0.96115,-0.26689,-16.99541,0.06542,0.26253,-0.96270,-1.10540
1677765565706000128,0.99531,-0.08550,0.04522,2.52969,-0.07060,-0.96180,-0.26450,-17.00193,0.06611,0.26006,-0.96333,-1.10610
1677765565716000000,0.99525,-0.08585,0.04599,2.53104,-0.07091,-0.96246,-0.26198,-17.00861,0.06676,0.25747,-0.96398,-1.10680
1677765565726000128,0.99518,-0.08614,0.04683,2.53245,-0.07117,-0.96316,-0.25935,-17.01542,0.06744,0.25476,-0.96465,-1.10740
1677765565736000000,0.99511,-0.08653,0.04760,2.53391,-0.07154,-0.96386,-0.25662,-17.02236,0.06809,0.25196,-0.96534,-1.10800
1677765565746000128,0.99504,-0.08683,0.04845,2.53538,-0.07182,-0.96458,-0.25382,-17.02944,0.06878,0.24908,-0.96604,-1.10860
1677765565756000000,0.99499,-0.08690,0.04939,2.53682,-0.07186,-0.96534,-0.25091,-17.03666,0.06949,0.24610,-0.96675,-1.10920
1677765565766000128,0.99495,-0.08680,0.05033,2.53820,-0.07174,-0.96613,-0.24787,-17.04402,0.07014,0.24301,-0.96749,-1.10970
1677765565776000000,0.99494,-0.08643,0.05130,2.53954,-0.07138,-0.96695,-0.24477,-17.05146,0.07076,0.23987,-0.96822,-1.11010
1677765565786000128,0.99493,-0.08592,0.05231,2.54087,-0.07086,-0.96775,-0.24175,-17.05894,0.07139,0.23681,-0.96893,-1.11040
1677765565796000000,0.99493,-0.08536,0.05322,2.54218,-0.07032,-0.96851,-0.23882,-17.06638,0.07193,0.23386,-0.96960,-1.11060
1677765565806000128,0.99493,-0.08483,0.05399,2.54349,-0.06984,-0.96926,-0.23590,-17.07385,0.07235,0.23094,-0.97028,-1.11080
1677765565816000256,0.99492,-0.08457,0.05455,2.54484,-0.06968,-0.96997,-0.23302,-17.08130,0.07262,0.22803,-0.97094,-1.11100
1677765565826000128,0.99489,-0.08464,0.05506,2.54624,-0.06984,-0.97063,-0.23021,-17.08876,0.07292,0.22519,-0.97158,-1.11140
1677765565836000256,0.99484,-0.08487,0.05565,2.54765,-0.07013,-0.97125,-0.22750,-17.09625,0.07336,0.22242,-0.97219,-1.11180
1677765565846000128,0.99478,-0.08506,0.05631,2.54902,-0.07037,-0.97184,-0.22489,-17.10376,0.07386,0.21975,-0.97276,-1.11230
1677765565856000256,0.99472,-0.08521,0.05712,2.55035,-0.07053,-0.97240,-0.22240,-17.11131,0.07450,0.21720,-0.97328,-1.11280
1677765565866000128,0.99465,-0.08536,0.05817,2.55167,-0.07063,-0.97294,-0.22000,-17.11894,0.07538,0.21471,-0.97376,-1.11330
1677765565876000256,0.99456,-0.08558,0.05942,2.55298,-0.07075,-0.97345,-0.21770,-17.12660,0.07647,0.21232,-0.97420,-1.11400
1677765565886000128,0.99446,-0.08572,0.06081,2.55427,-0.07077,-0.97393,-0.21554,-17.13428,0.07770,0.21005,-0.97460,-1.11470
1677765565896000256,0.99437,-0.08575,0.06218,2.55553,-0.07067,-0.97438,-0.21354,-17.14192,0.07890,0.20794,-0.97495,-1.11530
1677765565906000128,0.99429,-0.08575,0.06353,2.55678,-0.07054,-0.97479,-0.21166,-17.14952,0.08008,0.20597,-0.97528,-1.11590
1677765565916000000,0.99422,-0.08560,0.06485,2.55799,-0.07027,-0.97520,-0.20985,-17.15713,0.08120,0.20408,-0.97558,-1.11640
1677765565926000128,0.99416,-0.08536,0.06600,2.55916,-0.06996,-0.97561,-0.20805,-17.16471,0.08215,0.20222,-0.97589,-1.11680
1677765565936000000,0.99412,-0.08515,0.06685,2.56033,-0.06973,-0.97602,-0.20620,-17.17224,0.08280,0.20033,-0.97622,-1.11710
1677765565946000128,0.99409,-0.08505,0.06749,2.56154,-0.06967,-0.97642,-0.20432,-17.17975,0.08327,0.19842,-0.97657,-1.11720
1677765565956000000,0.99405,-0.08522,0.06788,2.56285,-0.06992,-0.97680,-0.20243,-17.18721,0.08355,0.19648,-0.97694,-1.11740
1677765565966000128,0.99401,-0.08557,0.06799,2.56424,-0.07040,-0.97715,-0.20053,-17.19460,0.08360,0.19454,-0.97733,-1.11750
1677765565976000000,0.99400,-0.08587,0.06775,2.56570,-0.07090,-0.97749,-0.19869,-17.20186,0.08329,0.19270,-0.97772,-1.11760
1677765565986000128,0.99402,-0.08614,0.06709,2.56720,-0.07144,-0.97780,-0.19700,-17.20899,0.08257,0.19103,-0.97810,-1.11760
1677765565996000000,0.99406,-0.08640,0.06615,2.56875,-0.07200,-0.97806,-0.19547,-17.21598,0.08159,0.18954,-0.97848,-1.11780
1677765566006000128,0.99411,-0.08662,0.06518,2.57033,-0.07251,-0.97830,-0.19407,-17.22292,0.08057,0.18820,-0.97882,-1.11800
1677765566016000000,0.99418,-0.08652,0.06422,2.57188,-0.07271,-0.97854,-0.19281,-17.22979,0.07953,0.18702,-0.97913,-1.11810
1677765566026000128,0.99425,-0.08640,0.06330,2.57345,-0.07285,-0.97876,-0.19162,-17.23662,0.07851,0.18591,-0.97943,-1.11830
1677765566036000000,0.99431,-0.08642,0.06234,2.57506,-0.07315,-0.97897,-0.19044,-17.24341,0.07749,0.18479,-0.97972,-1.11850
1677765566046000128,0.99435,-0.08657,0.06136,2.57669,-0.07357,-0.97918,-0.18919,-17.25019,0.07646,0.18360,-0.98002,-1.11880
1677765566056000256,0.99442,-0.08660,0.06028,2.57825,-0.07391,-0.97941,-0.18784,-17.25697,0.07531,0.18234,-0.98035,-1.11900
1677765566066000128,0.99449,-0.08651,0.05917,2.57974,-0.07412,-0.97966,-0.18646,-17.26374,0.07410,0.18105,-0.98068,-1.11910
1677765566076000256,0.99456,-0.08648,0.05806,2.58119,-0.07440,-0.97990,-0.18509,-17.27049,0.07290,0.17976,-0.98101,-1.11920
1677765566086000128,0.99461,-0.08655,0.05707,2.58261,-0.07474,-0.98013,-0.18375,-17.27726,0.07184,0.17850,-0.98131,-1.11930
1677765566096000256,0.99465,-0.08657,0.05632,2.58390,-0.07499,-0.98034,-0.18250,-17.28405,0.07101,0.17730,-0.98159,-1.11940
1677765566106000128,0.99471,-0.08632,0.05566,2.58509,-0.07495,-0.98056,-0.18132,-17.29085,0.07023,0.17619,-0.98185,-1.11940
1677765566116000256,0.99481,-0.08569,0.05493,2.58615,-0.07454,-0.98080,-0.18019,-17.29763,0.06932,0.17516,-0.98210,-1.11940
1677765566126000128,0.99491,-0.08496,0.05413,2.58715,-0.07404,-0.98105,-0.17906,-17.30445,0.06831,0.17414,-0.98235,-1.11950
1677765566136000256,0.99500,-0.08439,0.05338,2.58813,-0.07369,-0.98128,-0.17792,-17.31131,0.06739,0.17310,-0.98260,-1.11990
1677765566146000128,0.99508,-0.08396,0.05267,2.58910,-0.07346,-0.98152,-0.17672,-17.31824,0.06653,0.17198,-0.98285,-1.12050
1677765566156000256,0.99513,-0.08377,0.05189,2.59009,-0.07349,-0.98174,-0.17547,-17.32523,0.06564,0.17080,-0.98312,-1.12130
1677765566166000128,0.99518,-0.08355,0.05128,2.59103,-0.07346,-0.98197,-0.17419,-17.33230,0.06491,0.16958,-0.98338,-1.12210
1677765566176000000,0.99523,-0.08316,0.05102,2.59194,-0.07321,-0.98221,-0.17290,-17.33950,0.06449,0.16834,-0.98362,-1.12290
1677765566186000128,0.99527,-0.08282,0.05085,2.59286,-0.07299,-0.98246,-0.17161,-17.34676,0.06417,0.16708,-0.98385,-1.12360
1677765566196000000,0.99528,-0.08268,0.05083,2.59383,-0.07294,-0.98269,-0.17027,-17.35412,0.06403,0.16576,-0.98408,-1.12440
1677765566206000128,0.99526,-0.08275,0.05102,2.59487,-0.07306,-0.98292,-0.16889,-17.36159,0.06412,0.16436,-0.98431,-1.12530
1677765566216000000,0.99521,-0.08312,0.05146,2.59600,-0.07346,-0.98315,-0.16741,-17.36921,0.06450,0.16282,-0.98454,-1.12640
1677765566226000128,0.99514,-0.08357,0.05214,2.59718,-0.07389,-0.98339,-0.16578,-17.37696,0.06513,0.16113,-0.98478,-1.12760
1677765566236000000,0.99505,-0.08406,0.05298,2.59834,-0.07436,-0.98366,-0.16399,-17.38487,0.06590,0.15923,-0.98504,-1.12900
1677765566246000128,0.99495,-0.08469,0.05383,2.59953,-0.07499,-0.98394,-0.16199,-17.39290,0.06668,0.15713,-0.98532,-1.13050
1677765566256000000,0.99483,-0.08564,0.05453,2.60082,-0.07596,-0.98422,-0.15980,-17.40097,0.06735,0.15483,-0.98564,-1.13210
1677765566266000128,0.99470,-0.08697,0.05491,2.60223,-0.07738,-0.98448,-0.15752,-17.40902,0.06776,0.15244,-0.98599,-1.13370
1677765566276000000,0.99456,-0.08849,0.05494,2.60374,-0.07904,-0.98470,-0.15528,-17.41695,0.06784,0.15009,-0.98634,-1.13520
1677765566286000128,0.99443,-0.09005,0.05474,2.60537,-0.08075,-0.98490,-0.15315,-17.42475,0.06771,0.14788,-0.98668,-1.13650
1677765566296000000,0.99432,-0.09149,0.05434,2.60716,-0.08237,-0.98505,-0.15127,-17.43237,0.06736,0.14594,-0.98700,-1.13750
1677765566306000128,0.99425,-0.09254,0.05379,2.60894,-0.08360,-0.98520,-0.14963,-17.43985,0.06685,0.14427,-0.98728,-1.13810
1677765566316000256,0.99424,-0.09306,0.05324,2.61065,-0.08429,-0.98536,-0.14817,-17.44724,0.06625,0.14283,-0.98753,-1.13830
1677765566326000128,0.99425,-0.09316,0.05272,2.61228,-0.08456,-0.98554,-0.14683,-17.45456,0.06564,0.14153,-0.98776,-1.13820
1677765566336000256,0.99429,-0.09312,0.05208,2.61382,-0.08469,-0.98572,-0.14553,-17.46179,0.06489,0.14029,-0.98798,-1.13800
1677765566346000128,0.99435,-0.09298,0.05124,2.61527,-0.08476,-0.98591,-0.14422,-17.46897,0.06393,0.13907,-0.98822,-1.13780
1677765566356000256,0.99442,-0.09273,0.05032,2.61659,-0.08472,-0.98611,-0.14289,-17.47612,0.06287,0.13783,-0.98846,-1.13760
1677765566366000128,0.99452,-0.09212,0.04937,2.61771,-0.08433,-0.98634,-0.14151,-17.48329,0.06173,0.13657,-0.98870,-1.13740
1677765566376000256,0.99467,-0.09099,0.04860,2.61859,-0.08341,-0.98662,-0.14007,-17.49052,0.06070,0.13527,-0.98895,-1.13700
1677765566386000128,0.99481,-0.08965,0.04804,2.61932,-0.08224,-0.98693,-0.13859,-17.49781,0.05984,0.13392,-0.98918,-1.13670
1677765566396000256,0.99493,-0.08854,0.04762,2.62003,-0.08130,-0.98722,-0.13703,-17.50518,0.05915,0.13247,-0.98942,-1.13660
1677765566406000128,0.99500,-0.08796,0.04735,2.62076,-0.08085,-0.98749,-0.13539,-17.51262,0.05866,0.13089,-0.98966,-1.13670
1677765566416000000,0.99501,-0.08789,0.04716,2.62154,-0.08092,-0.98772,-0.13365,-17.52011,0.05833,0.12916,-0.98991,-1.13710
1677765566426000128,0.99499,-0.08823,0.04698,2.62234,-0.08138,-0.98792,-0.13186,-17.52760,0.05804,0.12737,-0.99016,-1.13770
1677765566436000000,0.99497,-0.08863,0.04679,2.62311,-0.08190,-0.98812,-0.13008,-17.53507,0.05777,0.12559,-0.99040,-1.13830
1677765566446000128,0.99496,-0.08877,0.04665,2.62381,-0.08216,-0.98832,-0.12836,-17.54252,0.05750,0.12388,-0.99063,-1.13880
1677765566456000000,0.99496,-0.08884,0.04651,2.62453,-0.08233,-0.98851,-0.12680,-17.54986,0.05724,0.12233,-0.99084,-1.13930
1677765566466000128,0.99496,-0.08884,0.04642,2.62531,-0.08243,-0.98867,-0.12544,-17.55712,0.05704,0.12098,-0.99101,-1.13970
1677765566476000000,0.99497,-0.08873,0.04640,2.62617,-0.08238,-0.98881,-0.12434,-17.56425,0.05691,0.11990,-0.99115,-1.14010
1677765566486000128,0.99500,-0.08846,0.04638,2.62710,-0.08217,-0.98893,-0.12352,-17.57124,0.05679,0.11909,-0.99126,-1.14020
1677765566496000000,0.99504,-0.08809,0.04626,2.62811,-0.08185,-0.98904,-0.12292,-17.57808,0.05658,0.11853,-0.99134,-1.14020
1677765566506000128,0.99508,-0.08772,0.04597,2.62914,-0.08154,-0.98912,-0.12245,-17.58482,0.05621,0.11810,-0.99141,-1.14010
1677765566516000000,0.99514,-0.08735,0.04551,2.63017,-0.08125,-0.98919,-0.12205,-17.59144,0.05568,0.11776,-0.99148,-1.13990
1677765566526000128,0.99521,-0.08692,0.04481,2.63110,-0.08092,-0.98927,-0.12165,-17.59799,0.05490,0.11744,-0.99156,-1.13960
1677765566536000000,0.99530,-0.08635,0.04384,2.63191,-0.08050,-0.98936,-0.12117,-17.60448,0.05383,0.11707,-0.99166,-1.13920
1677765566546000128,0.99540,-0.08573,0.04268,2.63265,-0.08005,-0.98947,-0.12062,-17.61096,0.05257,0.11665,-0.99178,-1.13880
1677765566556000256,0.99550,-0.08524,0.04136,2.63337,-0.07975,-0.98957,-0.11998,-17.61742,0.05116,0.11615,-0.99191,-1.13860
1677765566566000128,0.99557,-0.08510,0.03999,2.63413,-0.07980,-0.98965,-0.11929,-17.62391,0.04973,0.11557,-0.99205,-1.13860
1677765566576000256,0.99561,-0.08517,0.03871,2.63494,-0.08006,-0.98971,-0.11857,-17.63049,0.04841,0.11495,-0.99219,-1.13890
1677765566586000128,0.99566,-0.08512,0.03762,2.63573,-0.08016,-0.98979,-0.11789,-17.63716,0.04727,0.11437,-0.99231,-1.13930
1677765566596000256,0.99572,-0.08481,0.03678,2.63647,-0.07998,-0.98988,-0.11726,-17.64397,0.04635,0.11382,-0.99242,-1.13970
1677765566606000128,0.99578,-0.08431,0.03629,2.63715,-0.07956,-0.98997,-0.11670,-17.65093,0.04577,0.11332,-0.99250,-1.14020
1677765566616000256,0.99583,-0.08372,0.03618,2.63779,-0.07901,-0.99007,-0.11625,-17.65809,0.04556,0.11291,-0.99256,-1.14080
1677765566626000128,0.99587,-0.08317,0.03630,2.63843,-0.07846,-0.99016,-0.11591,-17.66539,0.04558,0.11258,-0.99260,-1.14150
1677765566636000256,0.99591,-0.08262,0.03664,2.63905,-0.07789,-0.99023,-0.11568,-17.67282,0.04584,0.11236,-0.99261,-1.14220
1677765566646000128,0.99594,-0.08192,0.03730,2.63960,-0.07713,-0.99031,-0.11552,-17.68046,0.04640,0.11217,-0.99260,-1.14280
1677765566656000256,0.99598,-0.08097,0.03824,2.64006,-0.07609,-0.99041,-0.11535,-17.68833,0.04721,0.11197,-0.99259,-1.14330
1677765566666000128,0.99604,-0.07970,0.03932,2.64035,-0.07471,-0.99054,-0.11509,-17.69643,0.04812,0.11170,-0.99258,-1.14360
1677765566676000000,0.99613,-0.07801,0.04058,2.64050,-0.07292,-0.99072,-0.11468,-17.70477,0.04915,0.11128,-0.99257,-1.14380
1677765566686000128,0.99619,-0.07648,0.04192,2.64058,-0.07128,-0.99092,-0.11400,-17.71337,0.05025,0.11057,-0.99260,-1.14410
1677765566696000000,0.99620,-0.07558,0.04317,2.64065,-0.07030,-0.99112,-0.11289,-17.72231,0.05132,0.10942,-0.99267,-1.14450
1677765566706000128,0.99619,-0.07497,0.04456,2.64075,-0.06962,-0.99134,-0.11138,-17.73147,0.05252,0.10785,-0.99278,-1.14490
1677765566716000000,0.99616,-0.07450,0.04606,2.64086,-0.06909,-0.99157,-0.10959,-17.74083,0.05384,0.10598,-0.99291,-1.14520
1677765566726000128,0.99611,-0.07413,0.04756,2.64101,-0.06867,-0.99181,-0.10768,-17.75024,0.05515,0.10399,-0.99305,-1.14550
1677765566736000000,0.99608,-0.07379,0.04886,2.64125,-0.06830,-0.99204,-0.10579,-17.75959,0.05628,0.10204,-0.99319,-1.14550
1677765566746000128,0.99605,-0.07348,0.04993,2.64162,-0.06799,-0.99226,-0.10392,-17.76889,0.05718,0.10012,-0.99333,-1.14560
1677765566756000000,0.99602,-0.07339,0.05067,2.64218,-0.06793,-0.99245,-0.10210,-17.77808,0.05778,0.09826,-0.99348,-1.14560
1677765566766000128,0.99598,-0.07366,0.05096,2.64296,-0.06827,-0.99260,-0.10041,-17.78708,0.05798,0.09652,-0.99364,-1.14570
1677765566776000000,0.99596,-0.07414,0.05071,2.64396,-0.06886,-0.99272,-0.09884,-17.79588,0.05767,0.09495,-0.99381,-1.14590
1677765566786000128,0.99595,-0.07474,0.05004,2.64509,-0.06960,-0.99280,-0.09747,-17.80449,0.05697,0.09359,-0.99398,-1.14620
1677765566796000000,0.99595,-0.07533,0.04906,2.64632,-0.07036,-0.99286,-0.09632,-17.81294,0.05597,0.09248,-0.99414,-1.14650
1677765566806000128,0.99597,-0.07580,0.04802,2.64761,-0.07097,-0.99290,-0.09543,-17.82131,0.05491,0.09163,-0.99428,-1.14690
1677765566816000256,0.99597,-0.07639,0.04707,2.64903,-0.07167,-0.99291,-0.09482,-17.82960,0.05397,0.09107,-0.99438,-1.14740
1677765566826000128,0.99592,-0.07746,0.04620,2.65062,-0.07284,-0.99286,-0.09441,-17.83788,0.05318,0.09066,-0.99446,-1.14830
1677765566836000256,0.99583,-0.07901,0.04560,2.65234,-0.07445,-0.99277,-0.09410,-17.84620,0.05270,0.09031,-0.99452,-1.14960
1677765566846000128,0.99571,-0.08071,0.04527,2.65413,-0.07620,-0.99267,-0.09383,-17.85462,0.05251,0.08997,-0.99456,-1.15110
1677765566856000256,0.99559,-0.08222,0.04510,2.65587,-0.07773,-0.99258,-0.09351,-17.86315,0.05246,0.08959,-0.99460,-1.15260
1677765566866000128,0.99550,-0.08332,0.04505,2.65748,-0.07886,-0.99253,-0.09311,-17.87175,0.05247,0.08914,-0.99464,-1.15420
1677765566876000256,0.99544,-0.08415,0.04502,2.65900,-0.07971,-0.99251,-0.09261,-17.88043,0.05248,0.08860,-0.99468,-1.15560
1677765566886000128,0.99537,-0.08488,0.04505,2.66044,-0.08047,-0.99250,-0.09205,-17.88916,0.05252,0.08800,-0.99473,-1.15710
1677765566896000256,0.99534,-0.08517,0.04519,2.66170,-0.08078,-0.99253,-0.09147,-17.89801,0.05264,0.08739,-0.99478,-1.15840
1677765566906000128,0.99535,-0.08501,0.04536,2.66282,-0.08064,-0.99259,-0.09090,-17.90687,0.05276,0.08682,-0.99483,-1.15960
1677765566916000000,0.99538,-0.08449,0.04562,2.66377,-0.08012,-0.99268,-0.09038,-17.91577,0.05292,0.08630,-0.99486,-1.16080
1677765566926000128,0.99542,-0.08364,0.04621,2.66459,-0.07925,-0.99279,-0.08989,-17.92477,0.05340,0.08582,-0.99488,-1.16180
1677765566936000000,0.99544,-0.08278,0.04744,2.66529,-0.07831,-0.99291,-0.08947,-17.93391,0.05451,0.08535,-0.99486,-1.16300
1677765566946000128,0.99542,-0.08197,0.04913,2.66589,-0.07738,-0.99301,-0.08913,-17.94317,0.05610,0.08492,-0.99481,-1.16410
1677765566956000000,0.99537,-0.08126,0.05141,2.66640,-0.07649,-0.99310,-0.08885,-17.95257,0.05827,0.08451,-0.99472,-1.16530
1677765566966000128,0.99525,-0.08068,0.05441,2.66686,-0.07567,-0.99319,-0.08859,-17.96215,0.06118,0.08405,-0.99458,-1.16650
1677765566976000000,0.99509,-0.08026,0.05784,2.66724,-0.07498,-0.99327,-0.08829,-17.97188,0.06454,0.08352,-0.99441,-1.16760
1677765566986000128,0.99492,-0.07974,0.06139,2.66751,-0.07419,-0.99336,-0.08795,-17.98169,0.06800,0.08295,-0.99423,-1.16860
1677765566996000000,0.99478,-0.07876,0.06487,2.66759,-0.07295,-0.99348,-0.08756,-17.99154,0.07134,0.08237,-0.99405,-1.16930
1677765567006000128,0.99469,-0.07723,0.06805,2.66745,-0.07120,-0.99366,-0.08706,-18.00140,0.07434,0.08175,-0.99388,-1.16980
1677765567016000000,0.99465,-0.07530,0.07077,2.66712,-0.06909,-0.99386,-0.08637,-18.01124,0.07684,0.08102,-0.99375,-1.17000
1677765567026000128,0.99464,-0.07337,0.07290,2.66673,-0.06707,-0.99408,-0.08543,-18.02103,0.07874,0.08008,-0.99367,-1.17020
1677765567036000000,0.99467,-0.07166,0.07416,2.66632,-0.06535,-0.99430,-0.08424,-18.03069,0.07977,0.07895,-0.99368,-1.17020
1677765567046000128,0.99475,-0.07008,0.07453,2.66593,-0.06386,-0.99451,-0.08285,-18.04020,0.07993,0.07766,-0.99377,-1.17000
1677765567056000256,0.99489,-0.06856,0.07416,2.66555,-0.06249,-0.99473,-0.08132,-18.04953,0.07934,0.07627,-0.99393,-1.16960
1677765567066000128,0.99504,-0.06732,0.07318,2.66526,-0.06145,-0.99492,-0.07973,-18.05869,0.07818,0.07484,-0.99413,-1.16910
1677765567076000256,0.99518,-0.06658,0.07198,2.66518,-0.06092,-0.99508,-0.07815,-18.06775,0.07683,0.07339,-0.99434,-1.16870
1677765567086000128,0.99527,-0.06648,0.07088,2.66536,-0.06102,-0.99520,-0.07657,-18.07674,0.07563,0.07188,-0.99454,-1.16870
1677765567096000256,0.99529,-0.06714,0.06998,2.66596,-0.06186,-0.99526,-0.07501,-18.08559,0.07469,0.07032,-0.99472,-1.16900
1677765567106000128,0.99525,-0.06815,0.06946,2.66675,-0.06303,-0.99530,-0.07345,-18.09447,0.07414,0.06873,-0.99488,-1.16970
1677765567116000256,0.99519,-0.06910,0.06944,2.66766,-0.06410,-0.99535,-0.07190,-18.10340,0.07409,0.06710,-0.99499,-1.17050
1677765567126000128,0.99509,-0.07011,0.06986,2.66864,-0.06520,-0.99539,-0.07031,-18.11239,0.07446,0.06541,-0.99508,-1.17150
