timestamp (ns), T_wf(00), T_wf(01), T_wf(02), T_wf(03), T_wf(10), T_wf(11), T_wf(12), T_wf(13), T_wf(20), T_wf(21), T_wf(22), T_wf(23)
1677764337454000128,1.00000,0.00000,0.00000,0.00000,-0.00000,1.00000,0.00000,-0.00000,0.00000,-0.00000,1.00000,0.00000
1677764337464000256,1.00000,-0.00055,-0.00015,0.00018,0.00055,1.00000,-0.00000,0.00018,0.00015,0.00000,1.00000,0.00010
1677764337474000128,1.00000,-0.00116,-0.00033,0.00036,0.00116,1.00000,-0.00001,0.00039,0.00033,0.00001,1.00000,0.00010
1677764337484000256,1.00000,-0.00181,-0.00052,0.00057,0.00181,1.00000,-0.00001,0.00063,0.00052,0.00001,1.00000,0.00020
1677764337494000128,1.00000,-0.00251,-0.00075,0.00079,0.00251,1.00000,-0.00002,0.00088,0.00075,0.00002,1.00000,0.00029
1677764337504000256,0.99999,-0.00323,-0.00100,0.00103,0.00323,0.99999,-0.00003,0.00116,0.00100,0.00002,1.00000,0.00039
1677764337514000128,0.99999,-0.00396,-0.00131,0.00128,0.00396,0.99999,-0.00003,0.00145,0.00131,0.00003,1.00000,0.00049
1677764337524000256,0.99999,-0.00470,-0.00166,0.00155,0.00470,0.99999,-0.00004,0.00176,0.00166,0.00003,1.00000,0.00069
1677764337534000128,0.99998,-0.00543,-0.00201,0.00185,0.00543,0.99999,-0.00005,0.00208,0.00201,0.00004,1.00000,0.00079
1677764337544000256,0.99998,-0.00615,-0.00232,0.00220,0.00615,0.99998,-0.00006,0.00239,0.00232,0.00004,1.00000,0.00098
1677764337554000128,0.99997,-0.00686,-0.00254,0.00259,0.00686,0.99998,-0.00006,0.00270,0.00254,0.00005,1.00000,0.00108
1677764337564000256,0.99997,-0.00757,-0.00267,0.00302,0.00757,0.99997,-0.00007,0.00301,0.00268,0.00005,1.00000,0.00118
1677764337574000128,0.99996,-0.00831,-0.00275,0.00349,0.00831,0.99997,-0.00008,0.00331,0.00275,0.00006,1.00000,0.00118
1677764337584000256,0.99995,-0.00908,-0.00279,0.00399,0.00908,0.99996,-0.00009,0.00360,0.00279,0.00006,1.00000,0.00127
1677764337594000384,0.99995,-0.00993,-0.00283,0.00452,0.00993,0.99995,-0.00010,0.00387,0.00283,0.00007,1.00000,0.00137
1677764337604000256,0.99994,-0.01085,-0.00289,0.00508,0.01085,0.99994,-0.00011,0.00414,0.00289,0.00008,1.00000,0.00146
1677764337614000384,0.99993,-0.01184,-0.00303,0.00566,0.01184,0.99993,-0.00012,0.00441,0.00303,0.00008,1.00000,0.00156
1677764337624000256,0.99991,-0.01286,-0.00317,0.00627,0.01286,0.99992,-0.00013,0.00468,0.00317,0.00009,0.99999,0.00166
1677764337634000384,0.99990,-0.01383,-0.00326,0.00692,0.01383,0.99990,-0.00014,0.00489,0.00326,0.00010,0.99999,0.00175
1677764337644000256,0.99989,-0.01468,-0.00337,0.00762,0.01468,0.99989,-0.00015,0.00506,0.00337,0.00010,0.99999,0.00195
1677764337654000384,0.99988,-0.01540,-0.00347,0.00836,0.01540,0.99988,-0.00016,0.00516,0.00348,0.00011,0.99999,0.00204
1677764337664000256,0.99987,-0.01599,-0.00350,0.00916,0.01599,0.99987,-0.00017,0.00521,0.00350,0.00011,0.99999,0.00224
1677764337674000384,0.99986,-0.01643,-0.00347,0.01004,0.01643,0.99987,-0.00017,0.00521,0.00347,0.00011,0.99999,0.00233
1677764337684000256,0.99985,-0.01673,-0.00340,0.01098,0.01673,0.99986,-0.00017,0.00516,0.00341,0.00012,0.99999,0.00242
1677764337694000128,0.99985,-0.01694,-0.00326,0.01199,0.01694,0.99986,-0.00017,0.00505,0.00327,0.00012,0.99999,0.00262
1677764337704000256,0.99985,-0.01709,-0.00305,0.01306,0.01709,0.99985,-0.00017,0.00492,0.00305,0.00012,1.00000,0.00271
1677764337714000128,0.99985,-0.01719,-0.00271,0.01420,0.01718,0.99985,-0.00017,0.00477,0.00271,0.00012,1.00000,0.00280
1677764337724000256,0.99985,-0.01725,-0.00216,0.01542,0.01725,0.99985,-0.00016,0.00460,0.00216,0.00012,1.00000,0.00279
1677764337734000128,0.99985,-0.01730,-0.00146,0.01670,0.01730,0.99985,-0.00015,0.00442,0.00147,0.00012,1.00000,0.00288
1677764337744000256,0.99985,-0.01738,-0.00067,0.01801,0.01738,0.99985,-0.00013,0.00424,0.00067,0.00012,1.00000,0.00287
1677764337754000128,0.99985,-0.01751,0.00021,0.01932,0.01751,0.99985,-0.00012,0.00404,-0.00021,0.00012,1.00000,0.00287
1677764337764000256,0.99984,-0.01771,0.00107,0.02065,0.01771,0.99984,-0.00010,0.00387,-0.00107,0.00012,1.00000,0.00286
1677764337774000128,0.99984,-0.01795,0.00180,0.02194,0.01795,0.99984,-0.00009,0.00371,-0.00180,0.00012,1.00000,0.00285
1677764337784000256,0.99983,-0.01817,0.00242,0.02319,0.01817,0.99983,-0.00008,0.00359,-0.00241,0.00013,1.00000,0.00294
1677764337794000128,0.99983,-0.01834,0.00290,0.02441,0.01834,0.99983,-0.00007,0.00349,-0.00289,0.00013,1.00000,0.00303
1677764337804000256,0.99982,-0.01847,0.00321,0.02558,0.01847,0.99983,-0.00007,0.00339,-0.00320,0.00013,0.99999,0.00312
1677764337814000128,0.99982,-0.01854,0.00338,0.02670,0.01854,0.99983,-0.00007,0.00327,-0.00338,0.00013,0.99999,0.00321
1677764337824000000,0.99982,-0.01858,0.00344,0.02883,0.01858,0.99983,-0.00006,0.00309,-0.00344,0.00013,0.99999,0.00350
1677764337834000384,0.99982,-0.01859,0.00343,0.03091,0.01859,0.99983,-0.00006,0.00292,-0.00343,0.00013,0.99999,0.00379
1677764337844000256,0.99982,-0.01858,0.00338,0.03293,0.01858,0.99983,-0.00007,0.00282,-0.00338,0.00013,0.99999,0.00417
1677764337854000384,0.99982,-0.01856,0.00328,0.03489,0.01856,0.99983,-0.00007,0.00275,-0.00328,0.00013,0.99999,0.00446
1677764337864000256,0.99982,-0.01855,0.00314,0.03683,0.01855,0.99983,-0.00007,0.00272,-0.00314,0.00013,1.00000,0.00484
1677764337874000384,0.99982,-0.01858,0.00289,0.03873,0.01858,0.99983,-0.00007,0.00271,-0.00289,0.00013,1.00000,0.00523
1677764337884000256,0.99982,-0.01866,0.00248,0.04060,0.01866,0.99983,-0.00008,0.00273,-0.00248,0.00013,1.00000,0.00562
1677764337894000384,0.99982,-0.01880,0.00201,0.04248,0.01880,0.99982,-0.00009,0.00279,-0.00200,0.00013,1.00000,0.00601
1677764337904000256,0.99982,-0.01900,0.00147,0.04438,0.01900,0.99982,-0.00010,0.00291,-0.00146,0.00013,1.00000,0.00639
1677764337914000384,0.99981,-0.01924,0.00085,0.04632,0.01924,0.99981,-0.00012,0.00307,-0.00085,0.00013,1.00000,0.00678
1677764337924000256,0.99981,-0.01953,0.00020,0.04834,0.01953,0.99981,-0.00013,0.00327,-0.00020,0.00014,1.00000,0.00727
1677764337934000128,0.99980,-0.01989,-0.00044,0.05045,0.01989,0.99980,-0.00015,0.00348,0.00044,0.00014,1.00000,0.00765
1677764337944000256,0.99979,-0.02030,-0.00103,0.05269,0.02030,0.99979,-0.00016,0.00368,0.00104,0.00014,1.00000,0.00804
1677764337954000128,0.99978,-0.02076,-0.00153,0.05507,0.02076,0.99978,-0.00018,0.00387,0.00153,0.00014,1.00000,0.00842
1677764337964000256,0.99977,-0.02124,-0.00190,0.05760,0.02124,0.99977,-0.00019,0.00407,0.00191,0.00015,1.00000,0.00880
1677764337974000128,0.99976,-0.02175,-0.00218,0.06028,0.02175,0.99976,-0.00020,0.00427,0.00219,0.00015,1.00000,0.00908
1677764337984000256,0.99975,-0.02230,-0.00241,0.06309,0.02230,0.99975,-0.00021,0.00449,0.00241,0.00015,1.00000,0.00926
1677764337994000128,0.99974,-0.02285,-0.00251,0.06602,0.02285,0.99974,-0.00022,0.00472,0.00252,0.00016,1.00000,0.00944
1677764338004000256,0.99972,-0.02336,-0.00255,0.06903,0.02336,0.99973,-0.00022,0.00492,0.00256,0.00016,1.00000,0.00962
1677764338014000128,0.99971,-0.02377,-0.00272,0.07208,0.02377,0.99972,-0.00023,0.00512,0.00273,0.00016,1.00000,0.00980
1677764338024000256,0.99971,-0.02402,-0.00292,0.07520,0.02402,0.99971,-0.00024,0.00530,0.00292,0.00017,1.00000,0.01008
1677764338034000128,0.99970,-0.02409,-0.00310,0.07835,0.02409,0.99971,-0.00024,0.00545,0.00311,0.00017,1.00000,0.01046
1677764338044000256,0.99971,-0.02400,-0.00338,0.08151,0.02400,0.99971,-0.00025,0.00553,0.00338,0.00017,0.99999,0.01074
1677764338054000128,0.99971,-0.02376,-0.00377,0.08463,0.02376,0.99972,-0.00025,0.00556,0.00378,0.00016,0.99999,0.01121
1677764338064000256,0.99972,-0.02345,-0.00420,0.08773,0.02345,0.99972,-0.00026,0.00558,0.00421,0.00016,0.99999,0.01159
1677764338074000128,0.99972,-0.02310,-0.00463,0.09081,0.02310,0.99973,-0.00027,0.00562,0.00464,0.00016,0.99999,0.01197
1677764338084000256,0.99973,-0.02275,-0.00506,0.09388,0.02275,0.99974,-0.00027,0.00570,0.00507,0.00016,0.99999,0.01235
1677764338094000384,0.99973,-0.02240,-0.00543,0.09691,0.02240,0.99975,-0.00028,0.00581,0.00543,0.00016,0.99999,0.01263
1677764338104000256,0.99974,-0.02208,-0.00573,0.09993,0.02208,0.99976,-0.00028,0.00594,0.00574,0.00015,0.99998,0.01291
1677764338114000384,0.99974,-0.02180,-0.00601,0.10289,0.02179,0.99976,-0.00028,0.00610,0.00602,0.00015,0.99998,0.01309
1677764338124000256,0.99975,-0.02156,-0.00631,0.10583,0.02156,0.99977,-0.00029,0.00629,0.00631,0.00015,0.99998,0.01327
1677764338134000384,0.99975,-0.02138,-0.00658,0.10871,0.02138,0.99977,-0.00029,0.00656,0.00658,0.00015,0.99998,0.01345
1677764338144000256,0.99975,-0.02126,-0.00692,0.11152,0.02126,0.99977,-0.00029,0.00689,0.00693,0.00015,0.99998,0.01353
1677764338154000384,0.99975,-0.02119,-0.00735,0.11425,0.02119,0.99978,-0.00030,0.00729,0.00735,0.00015,0.99997,0.01371
1677764338164000256,0.99975,-0.02117,-0.00786,0.11693,0.02117,0.99978,-0.00031,0.00769,0.00787,0.00015,0.99997,0.01379
1677764338174000384,0.99974,-0.02117,-0.00846,0.11953,0.02117,0.99978,-0.00033,0.00808,0.00846,0.00015,0.99996,0.01397
1677764338184000256,0.99973,-0.02120,-0.00925,0.12206,0.02120,0.99978,-0.00034,0.00848,0.00925,0.00015,0.99996,0.01415
1677764338194000128,0.99972,-0.02126,-0.01019,0.12453,0.02126,0.99977,-0.00036,0.00887,0.01020,0.00015,0.99995,0.01434
1677764338204000256,0.99971,-0.02133,-0.01119,0.12695,0.02132,0.99977,-0.00039,0.00930,0.01119,0.00015,0.99994,0.01452
1677764338214000128,0.99970,-0.02141,-0.01221,0.12938,0.02141,0.99977,-0.00041,0.00975,0.01222,0.00015,0.99993,0.01470
1677764338224000256,0.99968,-0.02153,-0.01317,0.13180,0.02153,0.99977,-0.00043,0.01017,0.01318,0.00015,0.99991,0.01489
1677764338234000128,0.99967,-0.02171,-0.01405,0.13425,0.02171,0.99976,-0.00046,0.01058,0.01406,0.00015,0.99990,0.01507
1677764338244000256,0.99965,-0.02194,-0.01476,0.13677,0.02193,0.99976,-0.00048,0.01098,0.01477,0.00015,0.99989,0.01515
1677764338254000128,0.99964,-0.02216,-0.01520,0.13940,0.02216,0.99975,-0.00049,0.01142,0.01520,0.00015,0.99988,0.01523
1677764338264000256,0.99963,-0.02239,-0.01544,0.14213,0.02238,0.99975,-0.00050,0.01184,0.01545,0.00015,0.99988,0.01532
1677764338274000128,0.99962,-0.02260,-0.01554,0.14494,0.02259,0.99974,-0.00051,0.01225,0.01555,0.00016,0.99988,0.01530
1677764338284000256,0.99962,-0.02277,-0.01554,0.14782,0.02277,0.99974,-0.00051,0.01267,0.01555,0.00016,0.99988,0.01538
1677764338294000128,0.99962,-0.02290,-0.01553,0.15076,0.02289,0.99974,-0.00051,0.01309,0.01553,0.00016,0.99988,0.01536
1677764338304000256,0.99962,-0.02297,-0.01548,0.15375,0.02296,0.99974,-0.00051,0.01353,0.01548,0.00016,0.99988,0.01533
1677764338314000128,0.99961,-0.02298,-0.01556,0.15675,0.02297,0.99974,-0.00052,0.01399,0.01557,0.00016,0.99988,0.01531
1677764338324000000,0.99961,-0.02295,-0.01580,0.15977,0.02294,0.99974,-0.00052,0.01444,0.01580,0.00016,0.99988,0.01539
1677764338334000384,0.99961,-0.02289,-0.01599,0.16283,0.02288,0.99974,-0.00052,0.01488,0.01600,0.00016,0.99987,0.01547
1677764338344000256,0.99961,-0.02281,-0.01619,0.16593,0.02281,0.99974,-0.00053,0.01536,0.01620,0.00016,0.99987,0.01555
1677764338354000384,0.99961,-0.02275,-0.01650,0.16908,0.02274,0.99974,-0.00053,0.01583,0.01651,0.00016,0.99986,0.01573
1677764338364000256,0.99960,-0.02270,-0.01677,0.17226,0.02270,0.99974,-0.00054,0.01628,0.01678,0.00016,0.99986,0.01591
1677764338374000384,0.99960,-0.02272,-0.01701,0.17551,0.02271,0.99974,-0.00054,0.01672,0.01701,0.00016,0.99986,0.01598
1677764338384000256,0.99959,-0.02279,-0.01717,0.17883,0.02278,0.99974,-0.00055,0.01718,0.01718,0.00016,0.99985,0.01606
1677764338394000384,0.99959,-0.02288,-0.01721,0.18222,0.02287,0.99974,-0.00055,0.01769,0.01722,0.00016,0.99985,0.01604
1677764338404000256,0.99959,-0.02297,-0.01717,0.18567,0.02296,0.99974,-0.00055,0.01821,0.01718,0.00016,0.99985,0.01601
1677764338414000384,0.99959,-0.02309,-0.01705,0.18921,0.02309,0.99973,-0.00055,0.01867,0.01706,0.00016,0.99985,0.01609
1677764338424000256,0.99959,-0.02326,-0.01679,0.19282,0.02326,0.99973,-0.00055,0.01903,0.01680,0.00016,0.99986,0.01606
1677764338434000128,0.99959,-0.02349,-0.01660,0.19645,0.02349,0.99972,-0.00055,0.01937,0.01660,0.00016,0.99986,0.01604
1677764338444000256,0.99958,-0.02376,-0.01645,0.20009,0.02376,0.99972,-0.00056,0.01975,0.01646,0.00016,0.99986,0.01601
1677764338454000128,0.99958,-0.02405,-0.01638,0.20373,0.02404,0.99971,-0.00056,0.02013,0.01639,0.00017,0.99987,0.01599
1677764338464000256,0.99957,-0.02429,-0.01642,0.20736,0.02429,0.99970,-0.00057,0.02052,0.01642,0.00017,0.99987,0.01596
1677764338474000128,0.99956,-0.02447,-0.01656,0.21099,0.02446,0.99970,-0.00057,0.02084,0.01657,0.00017,0.99986,0.01594
1677764338484000256,0.99956,-0.02457,-0.01674,0.21460,0.02456,0.99970,-0.00058,0.02109,0.01675,0.00017,0.99986,0.01601
1677764338494000128,0.99955,-0.02456,-0.01696,0.21821,0.02455,0.99970,-0.00059,0.02132,0.01697,0.00017,0.99986,0.01599
1677764338504000256,0.99955,-0.02447,-0.01714,0.22184,0.02446,0.99970,-0.00059,0.02154,0.01714,0.00017,0.99985,0.01606
1677764338514000128,0.99956,-0.02431,-0.01718,0.22550,0.02431,0.99970,-0.00059,0.02174,0.01719,0.00017,0.99985,0.01614
1677764338524000256,0.99956,-0.02412,-0.01722,0.22914,0.02411,0.99971,-0.00058,0.02197,0.01722,0.00017,0.99985,0.01611
1677764338534000128,0.99957,-0.02390,-0.01727,0.23277,0.02389,0.99971,-0.00058,0.02222,0.01728,0.00017,0.99985,0.01619
1677764338544000256,0.99957,-0.02368,-0.01732,0.23639,0.02368,0.99972,-0.00057,0.02246,0.01733,0.00016,0.99985,0.01616
1677764338554000128,0.99957,-0.02350,-0.01731,0.24000,0.02349,0.99972,-0.00057,0.02270,0.01732,0.00016,0.99985,0.01614
1677764338564000256,0.99958,-0.02340,-0.01725,0.24360,0.02339,0.99973,-0.00057,0.02292,0.01726,0.00016,0.99985,0.01611
1677764338574000128,0.99958,-0.02344,-0.01712,0.24718,0.02344,0.99973,-0.00056,0.02313,0.01713,0.00016,0.99985,0.01599
1677764338584000256,0.99958,-0.02363,-0.01692,0.25077,0.02362,0.99972,-0.00056,0.02337,0.01693,0.00016,0.99986,0.01596
1677764338594000384,0.99957,-0.02394,-0.01670,0.25433,0.02394,0.99971,-0.00057,0.02364,0.01671,0.00017,0.99986,0.01584
1677764338604000256,0.99957,-0.02437,-0.01647,0.25786,0.02436,0.99970,-0.00057,0.02391,0.01648,0.00017,0.99986,0.01581
1677764338614000384,0.99956,-0.02486,-0.01631,0.26135,0.02485,0.99969,-0.00058,0.02414,0.01632,0.00017,0.99987,0.01579
1677764338624000256,0.99954,-0.02538,-0.01632,0.26481,0.02537,0.99968,-0.00059,0.02433,0.01632,0.00018,0.99987,0.01577
1677764338634000384,0.99953,-0.02588,-0.01637,0.26824,0.02587,0.99967,-0.00060,0.02447,0.01638,0.00018,0.99987,0.01574
1677764338644000256,0.99952,-0.02635,-0.01645,0.27168,0.02634,0.99965,-0.00062,0.02457,0.01646,0.00018,0.99986,0.01582
1677764338654000384,0.99951,-0.02676,-0.01649,0.27514,0.02675,0.99964,-0.00063,0.02461,0.01650,0.00019,0.99986,0.01589
1677764338664000256,0.99949,-0.02711,-0.01658,0.27862,0.02710,0.99963,-0.00064,0.02462,0.01659,0.00019,0.99986,0.01607
1677764338674000384,0.99948,-0.02740,-0.01672,0.28212,0.02739,0.99962,-0.00065,0.02461,0.01673,0.00019,0.99986,0.01615
1677764338684000256,0.99948,-0.02760,-0.01672,0.28570,0.02759,0.99962,-0.00065,0.02458,0.01673,0.00019,0.99986,0.01612
1677764338694000128,0.99948,-0.02773,-0.01673,0.28933,0.02772,0.99962,-0.00066,0.02453,0.01674,0.00019,0.99986,0.01620
1677764338704000256,0.99947,-0.02783,-0.01680,0.29300,0.02782,0.99961,-0.00066,0.02444,0.01681,0.00019,0.99986,0.01617
1677764338714000128,0.99947,-0.02794,-0.01684,0.29674,0.02793,0.99961,-0.00066,0.02427,0.01685,0.00019,0.99986,0.01614
1677764338724000256,0.99946,-0.02808,-0.01679,0.30054,0.02807,0.99961,-0.00067,0.02405,0.01680,0.00019,0.99986,0.01612
1677764338734000128,0.99946,-0.02828,-0.01667,0.30442,0.02827,0.99960,-0.00067,0.02385,0.01668,0.00020,0.99986,0.01619
1677764338744000256,0.99946,-0.02852,-0.01645,0.30836,0.02851,0.99959,-0.00067,0.02365,0.01647,0.00020,0.99986,0.01616
1677764338754000128,0.99945,-0.02880,-0.01619,0.31237,0.02880,0.99959,-0.00067,0.02342,0.01621,0.00020,0.99987,0.01614
1677764338764000256,0.99945,-0.02913,-0.01588,0.31643,0.02913,0.99958,-0.00066,0.02320,0.01589,0.00020,0.99987,0.01601
1677764338774000128,0.99944,-0.02949,-0.01553,0.32053,0.02948,0.99957,-0.00066,0.02301,0.01554,0.00020,0.99988,0.01588
1677764338784000256,0.99944,-0.02986,-0.01526,0.32464,0.02985,0.99955,-0.00066,0.02287,0.01527,0.00021,0.99988,0.01585
1677764338794000128,0.99943,-0.03024,-0.01507,0.32873,0.03024,0.99954,-0.00067,0.02280,0.01508,0.00021,0.99989,0.01572
1677764338804000256,0.99942,-0.03064,-0.01497,0.33280,0.03063,0.99953,-0.00067,0.02275,0.01498,0.00021,0.99989,0.01569
1677764338814000128,0.99941,-0.03101,-0.01496,0.33687,0.03101,0.99952,-0.00068,0.02275,0.01498,0.00021,0.99989,0.01557
1677764338824000000,0.99940,-0.03132,-0.01500,0.34088,0.03132,0.99951,-0.00069,0.02281,0.01501,0.00022,0.99989,0.01544
1677764338834000384,0.99939,-0.03157,-0.01500,0.34490,0.03157,0.99950,-0.00069,0.02289,0.01502,0.00022,0.99989,0.01541
1677764338844000256,0.99938,-0.03178,-0.01504,0.34889,0.03178,0.99949,-0.00070,0.02297,0.01505,0.00022,0.99989,0.01538
1677764338854000384,0.99938,-0.03194,-0.01495,0.35289,0.03193,0.99949,-0.00070,0.02302,0.01497,0.00022,0.99989,0.01526
1677764338864000256,0.99938,-0.03205,-0.01478,0.35688,0.03204,0.99949,-0.00070,0.02307,0.01479,0.00022,0.99989,0.01513
1677764338874000384,0.99937,-0.03214,-0.01471,0.36084,0.03214,0.99948,-0.00070,0.02314,0.01473,0.00022,0.99989,0.01510
1677764338884000256,0.99937,-0.03220,-0.01467,0.36476,0.03219,0.99948,-0.00070,0.02322,0.01468,0.00022,0.99989,0.01497
1677764338894000384,0.99937,-0.03224,-0.01468,0.36862,0.03223,0.99948,-0.00070,0.02332,0.01469,0.00022,0.99989,0.01485
1677764338904000256,0.99937,-0.03228,-0.01482,0.37243,0.03227,0.99948,-0.00070,0.02346,0.01483,0.00022,0.99989,0.01472
1677764338914000384,0.99936,-0.03234,-0.01515,0.37616,0.03233,0.99948,-0.00071,0.02360,0.01516,0.00022,0.99989,0.01459
1677764338924000256,0.99935,-0.03243,-0.01567,0.37981,0.03243,0.99947,-0.00073,0.02377,0.01569,0.00022,0.99988,0.01457
1677764338934000128,0.99934,-0.03261,-0.01627,0.38340,0.03260,0.99947,-0.00076,0.02396,0.01629,0.00023,0.99987,0.01454
1677764338944000256,0.99932,-0.03285,-0.01685,0.38696,0.03284,0.99946,-0.00078,0.02419,0.01686,0.00023,0.99986,0.01442
1677764338954000128,0.99930,-0.03316,-0.01746,0.39048,0.03315,0.99945,-0.00081,0.02446,0.01747,0.00023,0.99985,0.01440
1677764338964000256,0.99927,-0.03352,-0.01810,0.39396,0.03351,0.99944,-0.00084,0.02474,0.01812,0.00023,0.99984,0.01447
1677764338974000128,0.99925,-0.03391,-0.01871,0.39743,0.03390,0.99942,-0.00087,0.02501,0.01873,0.00023,0.99982,0.01445
1677764338984000256,0.99922,-0.03432,-0.01932,0.40087,0.03431,0.99941,-0.00090,0.02527,0.01934,0.00024,0.99981,0.01442
1677764338994000128,0.99920,-0.03475,-0.01999,0.40426,0.03474,0.99940,-0.00094,0.02552,0.02001,0.00024,0.99980,0.01440
1677764339004000256,0.99917,-0.03521,-0.02069,0.40762,0.03519,0.99938,-0.00097,0.02578,0.02071,0.00024,0.99979,0.01438
1677764339014000128,0.99914,-0.03563,-0.02137,0.41096,0.03562,0.99936,-0.00101,0.02605,0.02139,0.00025,0.99977,0.01435
1677764339024000256,0.99911,-0.03601,-0.02197,0.41429,0.03600,0.99935,-0.00104,0.02635,0.02199,0.00025,0.99976,0.01423
1677764339034000128,0.99909,-0.03633,-0.02248,0.41763,0.03631,0.99934,-0.00107,0.02664,0.02250,0.00025,0.99975,0.01411
1677764339044000256,0.99907,-0.03658,-0.02298,0.42095,0.03656,0.99933,-0.00109,0.02687,0.02300,0.00025,0.99974,0.01388
1677764339054000128,0.99905,-0.03675,-0.02346,0.42428,0.03673,0.99932,-0.00112,0.02704,0.02349,0.00025,0.99972,0.01386
1677764339064000256,0.99904,-0.03683,-0.02382,0.42762,0.03681,0.99932,-0.00113,0.02722,0.02385,0.00025,0.99972,0.01364
1677764339074000128,0.99903,-0.03682,-0.02409,0.43096,0.03680,0.99932,-0.00114,0.02738,0.02412,0.00025,0.99971,0.01361
1677764339084000256,0.99903,-0.03674,-0.02446,0.43428,0.03672,0.99932,-0.00115,0.02755,0.02448,0.00025,0.99970,0.01349
1677764339094000384,0.99902,-0.03661,-0.02502,0.43754,0.03659,0.99933,-0.00117,0.02775,0.02505,0.00025,0.99969,0.01347
1677764339104000256,0.99900,-0.03647,-0.02573,0.44079,0.03645,0.99933,-0.00119,0.02795,0.02576,0.00025,0.99967,0.01345
1677764339114000384,0.99899,-0.03635,-0.02657,0.44403,0.03633,0.99934,-0.00122,0.02815,0.02660,0.00025,0.99965,0.01352
1677764339124000256,0.99896,-0.03629,-0.02766,0.44725,0.03627,0.99934,-0.00126,0.02841,0.02769,0.00025,0.99962,0.01360
1677764339134000384,0.99892,-0.03634,-0.02896,0.45046,0.03632,0.99934,-0.00130,0.02878,0.02898,0.00025,0.99958,0.01368
1677764339144000256,0.99887,-0.03650,-0.03034,0.45372,0.03648,0.99933,-0.00136,0.02922,0.03037,0.00025,0.99954,0.01376
1677764339154000384,0.99882,-0.03681,-0.03171,0.45706,0.03679,0.99932,-0.00142,0.02971,0.03174,0.00025,0.99950,0.01383
1677764339164000256,0.99876,-0.03733,-0.03301,0.46048,0.03730,0.99930,-0.00149,0.03027,0.03304,0.00026,0.99945,0.01381
1677764339174000384,0.99869,-0.03805,-0.03421,0.46403,0.03802,0.99928,-0.00157,0.03091,0.03424,0.00026,0.99941,0.01369
1677764339184000256,0.99863,-0.03888,-0.03515,0.46773,0.03884,0.99924,-0.00164,0.03161,0.03519,0.00027,0.99938,0.01356
1677764339194000128,0.99857,-0.03976,-0.03571,0.47161,0.03973,0.99921,-0.00170,0.03235,0.03575,0.00028,0.99936,0.01353
1677764339204000256,0.99854,-0.04063,-0.03571,0.47573,0.04059,0.99917,-0.00173,0.03310,0.03575,0.00028,0.99936,0.01340
1677764339214000128,0.99852,-0.04142,-0.03519,0.48004,0.04138,0.99914,-0.00175,0.03378,0.03524,0.00029,0.99938,0.01327
1677764339224000256,0.99852,-0.04214,-0.03450,0.48454,0.04210,0.99911,-0.00175,0.03442,0.03455,0.00029,0.99940,0.01334
1677764339234000128,0.99851,-0.04279,-0.03373,0.48914,0.04276,0.99908,-0.00174,0.03503,0.03378,0.00030,0.99943,0.01331
1677764339244000256,0.99851,-0.04340,-0.03296,0.49380,0.04337,0.99906,-0.00173,0.03563,0.03300,0.00030,0.99946,0.01338
1677764339254000128,0.99851,-0.04392,-0.03228,0.49852,0.04389,0.99903,-0.00172,0.03630,0.03232,0.00030,0.99948,0.01345
1677764339264000256,0.99851,-0.04437,-0.03169,0.50328,0.04434,0.99902,-0.00171,0.03703,0.03174,0.00031,0.99950,0.01351
1677764339274000128,0.99851,-0.04479,-0.03107,0.50810,0.04475,0.99900,-0.00170,0.03774,0.03112,0.00031,0.99952,0.01358
1677764339284000256,0.99852,-0.04520,-0.03021,0.51306,0.04517,0.99898,-0.00168,0.03838,0.03026,0.00031,0.99954,0.01355
1677764339294000128,0.99853,-0.04561,-0.02921,0.51813,0.04558,0.99896,-0.00165,0.03901,0.02926,0.00032,0.99957,0.01351
1677764339304000256,0.99854,-0.04603,-0.02816,0.52326,0.04600,0.99894,-0.00162,0.03965,0.02820,0.00032,0.99960,0.01347
1677764339314000128,0.99856,-0.04644,-0.02686,0.52849,0.04641,0.99892,-0.00157,0.04034,0.02690,0.00032,0.99964,0.01344
1677764339324000000,0.99858,-0.04685,-0.02536,0.53384,0.04683,0.99890,-0.00151,0.04105,0.02541,0.00032,0.99968,0.01320
1677764339334000384,0.99860,-0.04727,-0.02369,0.53931,0.04725,0.99888,-0.00145,0.04172,0.02373,0.00033,0.99972,0.01296
1677764339344000256,0.99863,-0.04761,-0.02180,0.54488,0.04759,0.99887,-0.00137,0.04235,0.02184,0.00033,0.99976,0.01262
1677764339354000384,0.99866,-0.04781,-0.01989,0.55049,0.04779,0.99886,-0.00128,0.04297,0.01993,0.00033,0.99980,0.01219
1677764339364000256,0.99869,-0.04783,-0.01805,0.55614,0.04782,0.99886,-0.00120,0.04358,0.01808,0.00033,0.99984,0.01165
1677764339374000384,0.99873,-0.04766,-0.01626,0.56184,0.04765,0.99886,-0.00111,0.04414,0.01629,0.00033,0.99987,0.01121
1677764339384000256,0.99877,-0.04732,-0.01455,0.56753,0.04731,0.99888,-0.00102,0.04474,0.01459,0.00033,0.99989,0.01067
1677764339394000384,0.99882,-0.04682,-0.01289,0.57321,0.04682,0.99890,-0.00093,0.04540,0.01292,0.00032,0.99992,0.01013
1677764339404000256,0.99887,-0.04621,-0.01125,0.57885,0.04620,0.99893,-0.00084,0.04607,0.01128,0.00032,0.99994,0.00969
1677764339414000384,0.99892,-0.04555,-0.00969,0.58439,0.04554,0.99896,-0.00076,0.04668,0.00972,0.00032,0.99995,0.00945
1677764339424000256,0.99895,-0.04495,-0.00843,0.58973,0.04495,0.99899,-0.00069,0.04719,0.00845,0.00031,0.99996,0.00941
1677764339434000128,0.99898,-0.04453,-0.00749,0.59489,0.04452,0.99901,-0.00064,0.04763,0.00751,0.00031,0.99997,0.00958
1677764339444000256,0.99900,-0.04424,-0.00678,0.59987,0.04423,0.99902,-0.00061,0.04800,0.00680,0.00031,0.99998,0.00994
1677764339454000128,0.99901,-0.04404,-0.00624,0.60471,0.04404,0.99903,-0.00058,0.04831,0.00626,0.00030,0.99998,0.01031
1677764339464000256,0.99902,-0.04394,-0.00570,0.60943,0.04394,0.99903,-0.00056,0.04863,0.00572,0.00030,0.99998,0.01058
1677764339474000128,0.99902,-0.04392,-0.00515,0.61405,0.04392,0.99904,-0.00053,0.04893,0.00517,0.00030,0.99999,0.01085
1677764339484000256,0.99902,-0.04392,-0.00471,0.61856,0.04392,0.99903,-0.00051,0.04914,0.00473,0.00030,0.99999,0.01101
1677764339494000128,0.99903,-0.04393,-0.00435,0.62294,0.04393,0.99903,-0.00050,0.04930,0.00437,0.00030,0.99999,0.01118
1677764339504000256,0.99903,-0.04396,-0.00397,0.62725,0.04396,0.99903,-0.00048,0.04942,0.00399,0.00030,0.99999,0.01125
1677764339514000128,0.99903,-0.04400,-0.00356,0.63145,0.04400,0.99903,-0.00046,0.04954,0.00358,0.00030,0.99999,0.01122
1677764339524000256,0.99902,-0.04406,-0.00331,0.63552,0.04406,0.99903,-0.00045,0.04969,0.00333,0.00031,0.99999,0.01120
1677764339534000128,0.99902,-0.04410,-0.00313,0.63947,0.04410,0.99903,-0.00044,0.04988,0.00315,0.00031,0.99999,0.01117
1677764339544000256,0.99902,-0.04410,-0.00296,0.64330,0.04410,0.99903,-0.00044,0.05006,0.00297,0.00031,1.00000,0.01114
1677764339554000128,0.99903,-0.04405,-0.00290,0.64702,0.04405,0.99903,-0.00043,0.05023,0.00292,0.00030,1.00000,0.01122
1677764339564000256,0.99903,-0.04395,-0.00296,0.65062,0.04395,0.99903,-0.00043,0.05040,0.00298,0.00030,1.00000,0.01129
1677764339574000128,0.99904,-0.04379,-0.00299,0.65410,0.04379,0.99904,-0.00043,0.05059,0.00301,0.00030,1.00000,0.01147
1677764339584000256,0.99905,-0.04358,-0.00304,0.65750,0.04357,0.99905,-0.00043,0.05085,0.00306,0.00030,1.00000,0.01154
1677764339594000384,0.99906,-0.04333,-0.00306,0.66081,0.04333,0.99906,-0.00043,0.05117,0.00307,0.00030,1.00000,0.01172
1677764339604000256,0.99907,-0.04306,-0.00306,0.66404,0.04306,0.99907,-0.00043,0.05151,0.00307,0.00030,1.00000,0.01180
1677764339614000384,0.99908,-0.04283,-0.00323,0.66716,0.04283,0.99908,-0.00044,0.05188,0.00324,0.00030,0.99999,0.01178
1677764339624000256,0.99908,-0.04265,-0.00349,0.67017,0.04264,0.99909,-0.00044,0.05231,0.00351,0.00030,0.99999,0.01186
1677764339634000384,0.99909,-0.04251,-0.00382,0.67314,0.04251,0.99910,-0.00046,0.05279,0.00384,0.00029,0.99999,0.01194
1677764339644000256,0.99909,-0.04246,-0.00425,0.67606,0.04246,0.99910,-0.00047,0.05332,0.00427,0.00029,0.99999,0.01192
1677764339654000384,0.99908,-0.04253,-0.00468,0.67898,0.04253,0.99910,-0.00049,0.05388,0.00469,0.00029,0.99999,0.01190
1677764339664000256,0.99908,-0.04268,-0.00496,0.68195,0.04268,0.99909,-0.00051,0.05445,0.00498,0.00030,0.99999,0.01197
1677764339674000384,0.99907,-0.04289,-0.00512,0.68497,0.04289,0.99908,-0.00052,0.05503,0.00514,0.00030,0.99999,0.01195
1677764339684000256,0.99906,-0.04315,-0.00517,0.68805,0.04314,0.99907,-0.00052,0.05561,0.00519,0.00030,0.99999,0.01203
1677764339694000128,0.99904,-0.04341,-0.00527,0.69116,0.04341,0.99906,-0.00053,0.05621,0.00528,0.00030,0.99999,0.01201
1677764339704000256,0.99903,-0.04368,-0.00548,0.69433,0.04368,0.99905,-0.00054,0.05680,0.00549,0.00030,0.99998,0.01199
1677764339714000128,0.99902,-0.04396,-0.00568,0.69756,0.04396,0.99903,-0.00055,0.05732,0.00570,0.00030,0.99998,0.01197
1677764339724000256,0.99900,-0.04423,-0.00583,0.70086,0.04422,0.99902,-0.00056,0.05779,0.00585,0.00031,0.99998,0.01194
1677764339734000128,0.99899,-0.04443,-0.00598,0.70426,0.04443,0.99901,-0.00057,0.05823,0.00600,0.00031,0.99998,0.01192
1677764339744000256,0.99899,-0.04458,-0.00606,0.70777,0.04457,0.99901,-0.00058,0.05860,0.00608,0.00031,0.99998,0.01180
1677764339754000128,0.99898,-0.04468,-0.00606,0.71137,0.04468,0.99900,-0.00058,0.05892,0.00608,0.00031,0.99998,0.01177
1677764339764000256,0.99898,-0.04475,-0.00599,0.71508,0.04474,0.99900,-0.00058,0.05923,0.00601,0.00031,0.99998,0.01164
1677764339774000128,0.99898,-0.04473,-0.00573,0.71890,0.04473,0.99900,-0.00057,0.05957,0.00575,0.00031,0.99998,0.01152
1677764339784000256,0.99899,-0.04466,-0.00536,0.72283,0.04466,0.99900,-0.00055,0.05992,0.00538,0.00031,0.99999,0.01129
1677764339794000128,0.99899,-0.04456,-0.00494,0.72686,0.04455,0.99901,-0.00053,0.06027,0.00496,0.00031,0.99999,0.01096
1677764339804000256,0.99900,-0.04447,-0.00432,0.73097,0.04446,0.99901,-0.00050,0.06056,0.00434,0.00031,0.99999,0.01073
1677764339814000128,0.99901,-0.04443,-0.00359,0.73517,0.04443,0.99901,-0.00047,0.06083,0.00361,0.00031,0.99999,0.01051
1677764339824000000,0.99901,-0.04444,-0.00282,0.73943,0.04444,0.99901,-0.00043,0.06114,0.00284,0.00031,1.00000,0.01018
1677764339834000384,0.99901,-0.04451,-0.00202,0.74374,0.04451,0.99901,-0.00040,0.06150,0.00203,0.00031,1.00000,0.00985
1677764339844000256,0.99900,-0.04469,-0.00129,0.74805,0.04469,0.99900,-0.00037,0.06185,0.00131,0.00031,1.00000,0.00952
1677764339854000384,0.99899,-0.04502,-0.00073,0.75236,0.04502,0.99899,-0.00034,0.06214,0.00075,0.00031,1.00000,0.00929
1677764339864000256,0.99896,-0.04549,-0.00024,0.75665,0.04549,0.99896,-0.00033,0.06237,0.00026,0.00031,1.00000,0.00896
1677764339874000384,0.99894,-0.04612,0.00030,0.76097,0.04612,0.99894,-0.00031,0.06257,-0.00029,0.00032,1.00000,0.00863
1677764339884000256,0.99890,-0.04688,0.00103,0.76534,0.04688,0.99890,-0.00028,0.06276,-0.00102,0.00032,1.00000,0.00840
1677764339894000384,0.99886,-0.04777,0.00190,0.76973,0.04777,0.99886,-0.00024,0.06295,-0.00188,0.00033,1.00000,0.00807
1677764339904000256,0.99881,-0.04871,0.00268,0.77407,0.04871,0.99881,-0.00021,0.06316,-0.00267,0.00034,1.00000,0.00784
1677764339914000384,0.99876,-0.04966,0.00327,0.77835,0.04966,0.99877,-0.00018,0.06336,-0.00326,0.00034,0.99999,0.00761
1677764339924000256,0.99871,-0.05062,0.00366,0.78256,0.05062,0.99872,-0.00017,0.06352,-0.00364,0.00035,0.99999,0.00748
1677764339934000128,0.99866,-0.05156,0.00385,0.78669,0.05156,0.99867,-0.00016,0.06366,-0.00383,0.00036,0.99999,0.00735
1677764339944000256,0.99861,-0.05250,0.00384,0.79077,0.05250,0.99862,-0.00016,0.06381,-0.00383,0.00036,0.99999,0.00722
1677764339954000128,0.99857,-0.05338,0.00379,0.79485,0.05338,0.99857,-0.00017,0.06400,-0.00378,0.00037,0.99999,0.00709
1677764339964000256,0.99852,-0.05418,0.00398,0.79900,0.05418,0.99853,-0.00016,0.06427,-0.00396,0.00038,0.99999,0.00706
1677764339974000128,0.99848,-0.05491,0.00446,0.80322,0.05491,0.99849,-0.00014,0.06455,-0.00444,0.00038,0.99999,0.00693
1677764339984000256,0.99844,-0.05564,0.00499,0.80751,0.05564,0.99845,-0.00011,0.06480,-0.00498,0.00039,0.99999,0.00670
1677764339994000128,0.99839,-0.05643,0.00553,0.81183,0.05643,0.99841,-0.00008,0.06501,-0.00552,0.00039,0.99998,0.00637
1677764340004000256,0.99834,-0.05734,0.00616,0.81622,0.05734,0.99835,-0.00004,0.06519,-0.00615,0.00040,0.99998,0.00604
1677764340014000128,0.99827,-0.05842,0.00685,0.82068,0.05842,0.99829,-0.00000,0.06540,-0.00684,0.00040,0.99998,0.00561
1677764340024000256,0.99819,-0.05965,0.00766,0.82521,0.05965,0.99822,0.00004,0.06567,-0.00765,0.00041,0.99997,0.00518
1677764340034000128,0.99810,-0.06100,0.00852,0.82980,0.06100,0.99814,0.00010,0.06602,-0.00851,0.00042,0.99996,0.00465
1677764340044000256,0.99800,-0.06247,0.00934,0.83445,0.06247,0.99805,0.00015,0.06642,-0.00933,0.00043,0.99996,0.00412
1677764340054000128,0.99789,-0.06409,0.01010,0.83917,0.06409,0.99794,0.00020,0.06674,-0.01009,0.00044,0.99995,0.00369
1677764340064000256,0.99777,-0.06581,0.01078,0.84397,0.06581,0.99783,0.00025,0.06702,-0.01078,0.00046,0.99994,0.00325
1677764340074000128,0.99765,-0.06761,0.01148,0.84885,0.06761,0.99771,0.00031,0.06732,-0.01148,0.00047,0.99993,0.00272
1677764340084000256,0.99751,-0.06942,0.01232,0.85383,0.06942,0.99759,0.00038,0.06770,-0.01232,0.00048,0.99992,0.00228
1677764340094000384,0.99737,-0.07118,0.01344,0.85898,0.07118,0.99746,0.00047,0.06814,-0.01344,0.00049,0.99991,0.00165
1677764340104000256,0.99722,-0.07296,0.01495,0.86432,0.07296,0.99733,0.00059,0.06862,-0.01495,0.00051,0.99989,0.00101
1677764340114000384,0.99706,-0.07480,0.01665,0.86978,0.07480,0.99720,0.00073,0.06914,-0.01666,0.00052,0.99986,0.00017
1677764340124000256,0.99689,-0.07667,0.01831,0.87533,0.07667,0.99706,0.00088,0.06971,-0.01833,0.00053,0.99983,-0.00057
1677764340134000384,0.99671,-0.07861,0.01984,0.88093,0.07861,0.99691,0.00102,0.07038,-0.01986,0.00054,0.99980,-0.00130
1677764340144000256,0.99652,-0.08064,0.02112,0.88654,0.08063,0.99674,0.00115,0.07119,-0.02115,0.00056,0.99978,-0.00204
1677764340154000384,0.99633,-0.08269,0.02215,0.89218,0.08268,0.99658,0.00126,0.07214,-0.02218,0.00057,0.99975,-0.00268
1677764340164000256,0.99614,-0.08470,0.02298,0.89783,0.08469,0.99641,0.00136,0.07322,-0.02301,0.00059,0.99974,-0.00322
1677764340174000384,0.99596,-0.08657,0.02366,0.90350,0.08656,0.99625,0.00145,0.07440,-0.02370,0.00060,0.99972,-0.00356
1677764340184000256,0.99580,-0.08829,0.02439,0.90925,0.08827,0.99610,0.00155,0.07570,-0.02443,0.00061,0.99970,-0.00400
1677764340194000128,0.99564,-0.08983,0.02528,0.91506,0.08982,0.99596,0.00166,0.07707,-0.02532,0.00062,0.99968,-0.00434
1677764340204000256,0.99549,-0.09124,0.02618,0.92092,0.09122,0.99583,0.00176,0.07847,-0.02623,0.00063,0.99966,-0.00458
1677764340214000128,0.99535,-0.09250,0.02696,0.92679,0.09248,0.99571,0.00186,0.07989,-0.02702,0.00064,0.99963,-0.00492
1677764340224000256,0.99522,-0.09364,0.02762,0.93260,0.09362,0.99561,0.00195,0.08144,-0.02768,0.00065,0.99962,-0.00516
1677764340234000128,0.99511,-0.09466,0.02822,0.93840,0.09464,0.99551,0.00203,0.08306,-0.02829,0.00066,0.99960,-0.00540
1677764340244000256,0.99500,-0.09560,0.02879,0.94416,0.09557,0.99542,0.00210,0.08476,-0.02886,0.00066,0.99958,-0.00564
1677764340254000128,0.99490,-0.09651,0.02928,0.94988,0.09648,0.99533,0.00217,0.08647,-0.02935,0.00067,0.99957,-0.00588
1677764340264000256,0.99481,-0.09738,0.02962,0.95555,0.09735,0.99525,0.00222,0.08820,-0.02970,0.00067,0.99956,-0.00622
1677764340274000128,0.99472,-0.09816,0.03009,0.96121,0.09814,0.99517,0.00229,0.08996,-0.03017,0.00068,0.99954,-0.00646
1677764340284000256,0.99463,-0.09882,0.03078,0.96690,0.09879,0.99511,0.00237,0.09173,-0.03086,0.00068,0.99952,-0.00680
1677764340294000128,0.99456,-0.09931,0.03149,0.97255,0.09928,0.99506,0.00245,0.09352,-0.03158,0.00069,0.99950,-0.00714
1677764340304000256,0.99451,-0.09965,0.03208,0.97814,0.09962,0.99502,0.00252,0.09532,-0.03217,0.00069,0.99948,-0.00748
1677764340314000128,0.99448,-0.09980,0.03253,0.98364,0.09977,0.99501,0.00257,0.09708,-0.03263,0.00069,0.99947,-0.00782
1677764340324000000,0.99447,-0.09973,0.03285,0.98904,0.09970,0.99501,0.00260,0.09881,-0.03294,0.00069,0.99946,-0.00796
1677764340334000384,0.99449,-0.09946,0.03303,0.99432,0.09943,0.99504,0.00261,0.10048,-0.03312,0.00069,0.99945,-0.00799
1677764340344000256,0.99453,-0.09910,0.03292,0.99944,0.09907,0.99508,0.00259,0.10206,-0.03302,0.00069,0.99945,-0.00793
1677764340354000384,0.99458,-0.09873,0.03251,1.00440,0.09870,0.99511,0.00254,0.10357,-0.03260,0.00068,0.99947,-0.00776
1677764340364000256,0.99463,-0.09843,0.03194,1.00923,0.09840,0.99514,0.00247,0.10500,-0.03203,0.00068,0.99949,-0.00760
1677764340374000384,0.99467,-0.09824,0.03130,1.01393,0.09822,0.99516,0.00241,0.10636,-0.03138,0.00068,0.99951,-0.00743
1677764340384000256,0.99470,-0.09822,0.03052,1.01851,0.09819,0.99516,0.00233,0.10766,-0.03060,0.00068,0.99953,-0.00726
1677764340394000384,0.99471,-0.09836,0.02968,1.02300,0.09834,0.99515,0.00225,0.10893,-0.02976,0.00068,0.99956,-0.00709
1677764340404000256,0.99470,-0.09867,0.02896,1.02743,0.09865,0.99512,0.00219,0.11018,-0.02904,0.00068,0.99958,-0.00702
1677764340414000384,0.99466,-0.09918,0.02848,1.03187,0.09916,0.99507,0.00215,0.11142,-0.02856,0.00069,0.99959,-0.00705
1677764340424000256,0.99460,-0.09988,0.02831,1.03633,0.09986,0.99500,0.00215,0.11260,-0.02838,0.00069,0.99960,-0.00708
1677764340434000128,0.99451,-0.10071,0.02834,1.04077,0.10068,0.99492,0.00217,0.11380,-0.02841,0.00070,0.99960,-0.00732
1677764340444000256,0.99442,-0.10160,0.02849,1.04517,0.10157,0.99483,0.00220,0.11504,-0.02857,0.00070,0.99959,-0.00755
1677764340454000128,0.99431,-0.10253,0.02875,1.04952,0.10250,0.99473,0.00225,0.11630,-0.02883,0.00071,0.99958,-0.00788
1677764340464000256,0.99421,-0.10348,0.02908,1.05383,0.10346,0.99463,0.00230,0.11751,-0.02916,0.00072,0.99957,-0.00831
1677764340474000128,0.99410,-0.10444,0.02937,1.05806,0.10442,0.99453,0.00236,0.11869,-0.02946,0.00072,0.99957,-0.00864
1677764340484000256,0.99399,-0.10542,0.02950,1.06219,0.10539,0.99443,0.00239,0.11983,-0.02959,0.00073,0.99956,-0.00896
1677764340494000128,0.99388,-0.10645,0.02940,1.06622,0.10642,0.99432,0.00241,0.12093,-0.02949,0.00074,0.99956,-0.00929
1677764340504000256,0.99377,-0.10753,0.02921,1.07018,0.10751,0.99420,0.00241,0.12200,-0.02930,0.00074,0.99957,-0.00952
1677764340514000128,0.99365,-0.10870,0.02890,1.07408,0.10867,0.99407,0.00240,0.12302,-0.02899,0.00075,0.99958,-0.00975
1677764340524000256,0.99353,-0.10997,0.02842,1.07792,0.10995,0.99393,0.00238,0.12396,-0.02851,0.00076,0.99959,-0.00997
1677764340534000128,0.99339,-0.11135,0.02790,1.08175,0.11133,0.99378,0.00235,0.12487,-0.02799,0.00077,0.99961,-0.01020
1677764340544000256,0.99323,-0.11286,0.02758,1.08562,0.11284,0.99361,0.00235,0.12573,-0.02767,0.00078,0.99962,-0.01043
1677764340554000128,0.99304,-0.11452,0.02750,1.08957,0.11449,0.99342,0.00237,0.12658,-0.02759,0.00079,0.99962,-0.01075
1677764340564000256,0.99283,-0.11632,0.02756,1.09358,0.11630,0.99321,0.00242,0.12747,-0.02766,0.00081,0.99962,-0.01118
1677764340574000128,0.99260,-0.11830,0.02752,1.09757,0.11828,0.99298,0.00245,0.12847,-0.02761,0.00082,0.99962,-0.01161
1677764340584000256,0.99235,-0.12038,0.02753,1.10158,0.12036,0.99273,0.00250,0.12957,-0.02763,0.00083,0.99962,-0.01194
1677764340594000384,0.99208,-0.12250,0.02759,1.10559,0.12248,0.99247,0.00255,0.13069,-0.02769,0.00085,0.99962,-0.01217
1677764340604000256,0.99182,-0.12464,0.02754,1.10955,0.12461,0.99220,0.00259,0.13183,-0.02765,0.00086,0.99962,-0.01209
1677764340614000384,0.99155,-0.12680,0.02724,1.11343,0.12678,0.99193,0.00260,0.13292,-0.02735,0.00088,0.99963,-0.01182
1677764340624000256,0.99129,-0.12901,0.02662,1.11721,0.12898,0.99164,0.00256,0.13399,-0.02673,0.00089,0.99964,-0.01135
1677764340634000384,0.99102,-0.13122,0.02578,1.12092,0.13120,0.99135,0.00250,0.13502,-0.02589,0.00091,0.99966,-0.01087
1677764340644000256,0.99075,-0.13339,0.02491,1.12461,0.13337,0.99106,0.00242,0.13596,-0.02501,0.00092,0.99969,-0.01040
1677764340654000384,0.99048,-0.13552,0.02416,1.12833,0.13551,0.99077,0.00236,0.13680,-0.02425,0.00094,0.99971,-0.01002
1677764340664000256,0.99020,-0.13768,0.02358,1.13209,0.13766,0.99048,0.00231,0.13758,-0.02367,0.00095,0.99972,-0.00975
1677764340674000384,0.98990,-0.13985,0.02330,1.13591,0.13983,0.99017,0.00231,0.13837,-0.02339,0.00097,0.99973,-0.00958
1677764340684000256,0.98960,-0.14193,0.02348,1.13985,0.14192,0.98988,0.00237,0.13924,-0.02358,0.00098,0.99972,-0.00960
1677764340694000128,0.98930,-0.14389,0.02403,1.14386,0.14387,0.98959,0.00249,0.14017,-0.02413,0.00100,0.99971,-0.00953
1677764340704000256,0.98902,-0.14573,0.02441,1.14782,0.14571,0.98932,0.00258,0.14104,-0.02452,0.00101,0.99970,-0.00946
1677764340714000128,0.98877,-0.14744,0.02441,1.15172,0.14742,0.98907,0.00261,0.14186,-0.02453,0.00102,0.99970,-0.00929
1677764340724000256,0.98855,-0.14896,0.02413,1.15557,0.14894,0.98884,0.00259,0.14264,-0.02425,0.00103,0.99971,-0.00901
1677764340734000128,0.98837,-0.15024,0.02352,1.15933,0.15022,0.98865,0.00252,0.14341,-0.02363,0.00104,0.99972,-0.00864
1677764340744000256,0.98822,-0.15135,0.02246,1.16302,0.15134,0.98848,0.00238,0.14411,-0.02256,0.00105,0.99975,-0.00816
1677764340754000128,0.98811,-0.15227,0.02111,1.16669,0.15225,0.98834,0.00219,0.14471,-0.02120,0.00106,0.99977,-0.00759
1677764340764000256,0.98804,-0.15294,0.01968,1.17039,0.15293,0.98823,0.00197,0.14512,-0.01975,0.00106,0.99980,-0.00702
1677764340774000128,0.98799,-0.15342,0.01822,1.17417,0.15341,0.98816,0.00175,0.14538,-0.01828,0.00106,0.99983,-0.00634
1677764340784000256,0.98796,-0.15381,0.01690,1.17805,0.15380,0.98810,0.00155,0.14562,-0.01694,0.00107,0.99986,-0.00577
1677764340794000128,0.98792,-0.15414,0.01574,1.18199,0.15414,0.98805,0.00137,0.14597,-0.01576,0.00107,0.99988,-0.00520
