timestamp (ns), n, T_wf(00), T_wf(01), T_wf(02), T_wf(03), T_wf(10), T_wf(11), T_wf(12), T_wf(13), T_wf(20), T_wf(21), T_wf(22), T_wf(23)
1686751107152723200,1,0.99991,0.00704,-0.01181,4627554.91160,-0.01374,0.48976,-0.87175,119256.22570,-0.00036,0.87183,0.48981,4373297.47750
1686751107177723136,2,0.99991,0.00704,-0.01181,4627554.91190,-0.01374,0.48976,-0.87175,119256.22570,-0.00035,0.87183,0.48981,4373297.47770
1686751107202723072,3,0.99991,0.00705,-0.01180,4627554.91210,-0.01374,0.48976,-0.87175,119256.22570,-0.00036,0.87183,0.48981,4373297.47790
1686751107227723008,4,0.99991,0.00705,-0.01182,4627554.91230,-0.01375,0.48976,-0.87175,119256.22570,-0.00035,0.87183,0.48981,4373297.47810
1686751107252722944,5,0.99991,0.00705,-0.01182,4627554.91250,-0.01375,0.48976,-0.87175,119256.22570,-0.00036,0.87183,0.48981,4373297.47830
1686751107277723136,6,0.99991,0.00705,-0.01182,4627554.91270,-0.01375,0.48977,-0.87174,119256.22570,-0.00036,0.87182,0.48982,4373297.47850
1686751107302723072,7,0.99991,0.00705,-0.01182,4627554.91290,-0.01375,0.48977,-0.87174,119256.22570,-0.00036,0.87182,0.48982,4373297.47870
1686751107327723008,8,0.99991,0.00705,-0.01181,4627554.91310,-0.01375,0.48977,-0.87174,119256.22570,-0.00036,0.87182,0.48982,4373297.47890
1686751107352723200,9,0.99991,0.00704,-0.01182,4627554.91330,-0.01375,0.48977,-0.87174,119256.22560,-0.00035,0.87182,0.48982,4373297.47910
1686751107377722880,10,0.99991,0.00704,-0.01182,4627554.91350,-0.01375,0.48977,-0.87174,119256.22560,-0.00035,0.87182,0.48982,4373297.47920
1686751107402723072,11,0.99991,0.00705,-0.01182,4627554.91360,-0.01376,0.48977,-0.87174,119256.22560,-0.00035,0.87182,0.48982,4373297.47940
1686751107427723264,12,0.99991,0.00705,-0.01182,4627554.91380,-0.01376,0.48977,-0.87174,119256.22560,-0.00036,0.87182,0.48982,4373297.47950
1686751107452722944,13,0.99991,0.00705,-0.01183,4627554.91400,-0.01376,0.48976,-0.87175,119256.22560,-0.00035,0.87183,0.48981,4373297.47970
1686751107477723136,14,0.99991,0.00705,-0.01183,4627554.91420,-0.01377,0.48976,-0.87175,119256.22560,-0.00035,0.87183,0.48981,4373297.47990
1686751107502723072,15,0.99991,0.00706,-0.01184,4627554.91440,-0.01378,0.48976,-0.87175,119256.22560,-0.00036,0.87183,0.48981,4373297.48000
1686751107527723008,16,0.99991,0.00706,-0.01184,4627554.91450,-0.01378,0.48976,-0.87175,119256.22560,-0.00036,0.87183,0.48981,4373297.48020
1686751107552723200,17,0.99991,0.00706,-0.01183,4627554.91470,-0.01377,0.48976,-0.87175,119256.22560,-0.00036,0.87183,0.48981,4373297.48030
1686751107577723136,18,0.99991,0.00707,-0.01183,4627554.91490,-0.01377,0.48976,-0.87175,119256.22550,-0.00037,0.87183,0.48981,4373297.48040
1686751107602723072,19,0.99991,0.00707,-0.01183,4627554.91500,-0.01377,0.48976,-0.87175,119256.22550,-0.00037,0.87183,0.48981,4373297.48060
1686751107627723008,20,0.99991,0.00707,-0.01183,4627554.91520,-0.01378,0.48975,-0.87175,119256.22550,-0.00037,0.87183,0.48981,4373297.48070
1686751107652723200,21,0.99990,0.00707,-0.01184,4627554.91530,-0.01378,0.48975,-0.87175,119256.22540,-0.00037,0.87183,0.48981,4373297.48080
1686751107677723136,22,0.99991,0.00706,-0.01184,4627554.91550,-0.01378,0.48976,-0.87175,119256.22540,-0.00036,0.87183,0.48981,4373297.48090
1686751107702723072,23,0.99990,0.00706,-0.01184,4627554.91560,-0.01378,0.48976,-0.87175,119256.22540,-0.00036,0.87183,0.48981,4373297.48100
1686751107727723008,24,0.99991,0.00706,-0.01184,4627554.91570,-0.01378,0.48976,-0.87175,119256.22540,-0.00035,0.87183,0.48981,4373297.48110
1686751107752722944,25,0.99991,0.00706,-0.01183,4627554.91580,-0.01377,0.48976,-0.87175,119256.22530,-0.00036,0.87183,0.48981,4373297.48120
1686751107777723136,26,0.99991,0.00706,-0.01184,4627554.91590,-0.01378,0.48976,-0.87175,119256.22530,-0.00035,0.87183,0.48981,4373297.48130
1686751107802723072,27,0.99990,0.00706,-0.01184,4627554.91600,-0.01378,0.48976,-0.87175,119256.22530,-0.00035,0.87183,0.48981,4373297.48140
1686751107827723008,28,0.99990,0.00706,-0.01184,4627554.91620,-0.01378,0.48977,-0.87174,119256.22520,-0.00036,0.87182,0.48982,4373297.48150
1686751107852723200,29,0.99991,0.00705,-0.01184,4627554.91630,-0.01378,0.48977,-0.87174,119256.22520,-0.00035,0.87182,0.48982,4373297.48160
1686751107877722880,30,0.99991,0.00705,-0.01184,4627554.91650,-0.01378,0.48977,-0.87174,119256.22520,-0.00035,0.87182,0.48982,4373297.48170
1686751107902723072,31,0.99991,0.00705,-0.01184,4627554.91660,-0.01378,0.48977,-0.87174,119256.22520,-0.00034,0.87182,0.48982,4373297.48180
1686751107927723264,32,0.99990,0.00706,-0.01185,4627554.91670,-0.01379,0.48976,-0.87175,119256.22510,-0.00035,0.87183,0.48982,4373297.48180
1686751107952722944,33,0.99990,0.00705,-0.01185,4627554.91670,-0.01378,0.48977,-0.87174,119256.22510,-0.00034,0.87182,0.48982,4373297.48180
1686751107977723136,34,0.99991,0.00705,-0.01184,4627554.91670,-0.01378,0.48978,-0.87174,119256.22510,-0.00035,0.87182,0.48983,4373297.48180
1686751108002723072,35,0.99990,0.00705,-0.01185,4627554.91680,-0.01378,0.48978,-0.87174,119256.22510,-0.00035,0.87182,0.48983,4373297.48180
1686751108027723008,36,0.99990,0.00705,-0.01185,4627554.91680,-0.01378,0.48978,-0.87174,119256.22520,-0.00035,0.87182,0.48983,4373297.48180
1686751108052723200,37,0.99990,0.00705,-0.01185,4627554.91680,-0.01378,0.48978,-0.87174,119256.22520,-0.00035,0.87182,0.48983,4373297.48170
1686751108077723136,38,0.99990,0.00706,-0.01186,4627554.91680,-0.01380,0.48978,-0.87174,119256.22520,-0.00034,0.87182,0.48983,4373297.48170
1686751108102723072,39,0.99990,0.00705,-0.01187,4627554.91680,-0.01380,0.48978,-0.87174,119256.22520,-0.00033,0.87182,0.48983,4373297.48170
1686751108127723008,40,0.99990,0.00705,-0.01187,4627554.91670,-0.01380,0.48978,-0.87174,119256.22530,-0.00033,0.87182,0.48983,4373297.48170
1686751108152723200,41,0.99990,0.00704,-0.01187,4627554.91670,-0.01380,0.48978,-0.87174,119256.22530,-0.00032,0.87182,0.48983,4373297.48160
1686751108177723136,42,0.99990,0.00704,-0.01187,4627554.91680,-0.01380,0.48978,-0.87174,119256.22530,-0.00032,0.87182,0.48983,4373297.48160
1686751108202723072,43,0.99990,0.00705,-0.01187,4627554.91690,-0.01380,0.48977,-0.87174,119256.22530,-0.00033,0.87182,0.48982,4373297.48160
1686751108227723008,44,0.99990,0.00705,-0.01188,4627554.91700,-0.01381,0.48977,-0.87174,119256.22530,-0.00033,0.87182,0.48982,4373297.48160
1686751108252722944,45,0.99990,0.00705,-0.01188,4627554.91710,-0.01381,0.48977,-0.87174,119256.22530,-0.00032,0.87182,0.48982,4373297.48160
1686751108277723136,46,0.99990,0.00705,-0.01189,4627554.91710,-0.01382,0.48977,-0.87174,119256.22530,-0.00032,0.87182,0.48982,4373297.48160
1686751108302723072,47,0.99990,0.00705,-0.01189,4627554.91720,-0.01382,0.48977,-0.87174,119256.22540,-0.00033,0.87182,0.48982,4373297.48160
1686751108327723008,48,0.99990,0.00706,-0.01189,4627554.91730,-0.01382,0.48977,-0.87174,119256.22540,-0.00033,0.87182,0.48982,4373297.48150
1686751108352723200,49,0.99990,0.00706,-0.01189,4627554.91730,-0.01383,0.48977,-0.87174,119256.22540,-0.00033,0.87182,0.48982,4373297.48150
1686751108377722880,50,0.99990,0.00706,-0.01190,4627554.91740,-0.01383,0.48977,-0.87174,119256.22540,-0.00032,0.87182,0.48982,4373297.48150
1686751108402723072,51,0.99990,0.00705,-0.01190,4627554.91740,-0.01382,0.48978,-0.87174,119256.22540,-0.00032,0.87182,0.48983,4373297.48150
1686751108427723264,52,0.99990,0.00705,-0.01191,4627554.91750,-0.01383,0.48977,-0.87174,119256.22540,-0.00031,0.87182,0.48982,4373297.48140
1686751108452722944,53,0.99990,0.00705,-0.01191,4627554.91760,-0.01383,0.48977,-0.87174,119256.22540,-0.00032,0.87182,0.48982,4373297.48140
1686751108477723136,54,0.99990,0.00705,-0.01191,4627554.91760,-0.01384,0.48977,-0.87174,119256.22540,-0.00031,0.87182,0.48982,4373297.48140
1686751108502723072,55,0.99990,0.00705,-0.01191,4627554.91770,-0.01384,0.48977,-0.87174,119256.22540,-0.00031,0.87182,0.48982,4373297.48140
1686751108527723008,56,0.99990,0.00704,-0.01193,4627554.91770,-0.01385,0.48977,-0.87174,119256.22540,-0.00030,0.87182,0.48982,4373297.48140
1686751108552723200,57,0.99990,0.00703,-0.01193,4627554.91770,-0.01384,0.48977,-0.87174,119256.22540,-0.00029,0.87183,0.48982,4373297.48130
1686751108577723136,58,0.99990,0.00702,-0.01192,4627554.91780,-0.01384,0.48976,-0.87174,119256.22540,-0.00028,0.87183,0.48981,4373297.48130
1686751108602723072,59,0.99990,0.00703,-0.01193,4627554.91790,-0.01384,0.48977,-0.87174,119256.22540,-0.00029,0.87182,0.48982,4373297.48120
1686751108627723008,60,0.99990,0.00703,-0.01193,4627554.91790,-0.01385,0.48977,-0.87174,119256.22540,-0.00028,0.87182,0.48982,4373297.48120
1686751108652723200,61,0.99990,0.00702,-0.01193,4627554.91800,-0.01384,0.48977,-0.87174,119256.22540,-0.00028,0.87182,0.48982,4373297.48120
1686751108677723136,62,0.99990,0.00702,-0.01193,4627554.91800,-0.01384,0.48978,-0.87174,119256.22540,-0.00028,0.87182,0.48983,4373297.48110
1686751108702723072,63,0.99990,0.00702,-0.01194,4627554.91810,-0.01385,0.48978,-0.87174,119256.22540,-0.00027,0.87182,0.48983,4373297.48110
1686751108727723008,64,0.99990,0.00702,-0.01194,4627554.91810,-0.01385,0.48978,-0.87174,119256.22540,-0.00027,0.87182,0.48983,4373297.48100
1686751108752722944,65,0.99990,0.00702,-0.01193,4627554.91820,-0.01384,0.48978,-0.87173,119256.22540,-0.00028,0.87182,0.48983,4373297.48100
1686751108777723136,66,0.99990,0.00702,-0.01193,4627554.91820,-0.01384,0.48978,-0.87173,119256.22540,-0.00028,0.87182,0.48983,4373297.48100
1686751108802723072,67,0.99990,0.00703,-0.01194,4627554.91830,-0.01385,0.48978,-0.87174,119256.22540,-0.00028,0.87182,0.48983,4373297.48090
1686751108827723008,68,0.99990,0.00702,-0.01194,4627554.91840,-0.01385,0.48978,-0.87174,119256.22540,-0.00028,0.87182,0.48983,4373297.48090
1686751108852723200,69,0.99990,0.00702,-0.01195,4627554.91850,-0.01385,0.48978,-0.87174,119256.22540,-0.00027,0.87182,0.48983,4373297.48090
1686751108877722880,70,0.99990,0.00702,-0.01195,4627554.91860,-0.01385,0.48977,-0.87174,119256.22540,-0.00027,0.87182,0.48982,4373297.48080
1686751108902723072,71,0.99990,0.00702,-0.01194,4627554.91870,-0.01385,0.48977,-0.87174,119256.22540,-0.00027,0.87182,0.48982,4373297.48080
1686751108927723264,72,0.99990,0.00702,-0.01195,4627554.91870,-0.01386,0.48977,-0.87174,119256.22540,-0.00027,0.87182,0.48982,4373297.48070
1686751108952722944,73,0.99990,0.00702,-0.01195,4627554.91880,-0.01386,0.48977,-0.87174,119256.22540,-0.00027,0.87182,0.48982,4373297.48070
1686751108977723136,74,0.99990,0.00702,-0.01195,4627554.91880,-0.01386,0.48977,-0.87174,119256.22540,-0.00027,0.87182,0.48982,4373297.48070
1686751109002723072,75,0.99990,0.00702,-0.01195,4627554.91880,-0.01385,0.48977,-0.87174,119256.22540,-0.00027,0.87182,0.48982,4373297.48070
1686751109027723008,76,0.99990,0.00701,-0.01195,4627554.91880,-0.01385,0.48977,-0.87174,119256.22540,-0.00026,0.87182,0.48982,4373297.48070
1686751109052723200,77,0.99990,0.00702,-0.01196,4627554.91880,-0.01386,0.48977,-0.87174,119256.22540,-0.00026,0.87182,0.48982,4373297.48070
1686751109077723136,78,0.99990,0.00702,-0.01195,4627554.91880,-0.01386,0.48977,-0.87174,119256.22540,-0.00026,0.87182,0.48982,4373297.48070
1686751109102723072,79,0.99990,0.00701,-0.01195,4627554.91880,-0.01385,0.48976,-0.87174,119256.22550,-0.00026,0.87183,0.48981,4373297.48070
1686751109127723008,80,0.99990,0.00701,-0.01195,4627554.91880,-0.01385,0.48977,-0.87174,119256.22550,-0.00026,0.87182,0.48982,4373297.48070
1686751109152723200,81,0.99990,0.00702,-0.01195,4627554.91880,-0.01385,0.48977,-0.87174,119256.22550,-0.00026,0.87182,0.48982,4373297.48070
1686751109177723136,82,0.99990,0.00703,-0.01195,4627554.91900,-0.01386,0.48977,-0.87174,119256.22540,-0.00027,0.87182,0.48983,4373297.48060
1686751109202723072,83,0.99990,0.00704,-0.01196,4627554.91910,-0.01387,0.48978,-0.87174,119256.22540,-0.00028,0.87182,0.48983,4373297.48060
1686751109227723008,84,0.99990,0.00704,-0.01195,4627554.91920,-0.01387,0.48977,-0.87174,119256.22540,-0.00028,0.87182,0.48983,4373297.48050
1686751109252722944,85,0.99990,0.00704,-0.01196,4627554.91930,-0.01387,0.48977,-0.87174,119256.22540,-0.00027,0.87182,0.48983,4373297.48050
1686751109277723136,86,0.99990,0.00704,-0.01197,4627554.91940,-0.01388,0.48978,-0.87174,119256.22540,-0.00027,0.87182,0.48983,4373297.48040
1686751109302723072,87,0.99990,0.00704,-0.01197,4627554.91950,-0.01389,0.48978,-0.87173,119256.22540,-0.00027,0.87182,0.48983,4373297.48040
1686751109327723008,88,0.99990,0.00704,-0.01198,4627554.91960,-0.01389,0.48978,-0.87173,119256.22540,-0.00027,0.87182,0.48983,4373297.48040
1686751109352723200,89,0.99990,0.00704,-0.01198,4627554.91970,-0.01389,0.48978,-0.87174,119256.22540,-0.00027,0.87182,0.48983,4373297.48030
1686751109377722880,90,0.99990,0.00703,-0.01198,4627554.91980,-0.01389,0.48978,-0.87174,119256.22530,-0.00026,0.87182,0.48983,4373297.48020
1686751109402723072,91,0.99990,0.00704,-0.01198,4627554.91990,-0.01390,0.48977,-0.87174,119256.22530,-0.00026,0.87182,0.48982,4373297.48020
1686751109427723264,92,0.99990,0.00703,-0.01200,4627554.92000,-0.01390,0.48969,-0.87178,119256.22530,-0.00025,0.87187,0.48974,4373297.48020
1686751109452722944,93,0.99990,0.00704,-0.01200,4627554.92010,-0.01391,0.48949,-0.87190,119256.22530,-0.00026,0.87198,0.48954,4373297.48010
1686751109477723136,94,0.99990,0.00707,-0.01199,4627554.92020,-0.01391,0.48932,-0.87199,119256.22530,-0.00030,0.87208,0.48937,4373297.48010
1686751109502723072,95,0.99990,0.00706,-0.01199,4627554.92020,-0.01391,0.48934,-0.87198,119256.22530,-0.00029,0.87206,0.48939,4373297.48010
1686751109527723008,96,0.99990,0.00702,-0.01201,4627554.92030,-0.01391,0.48947,-0.87191,119256.22530,-0.00024,0.87199,0.48952,4373297.48010
1686751109552723200,97,0.99990,0.00703,-0.01201,4627554.92030,-0.01392,0.48950,-0.87189,119256.22530,-0.00025,0.87197,0.48955,4373297.48000
1686751109577723136,98,0.99990,0.00704,-0.01201,4627554.92040,-0.01392,0.48938,-0.87196,119256.22530,-0.00026,0.87204,0.48943,4373297.48000
1686751109602723072,99,0.99990,0.00703,-0.01202,4627554.92050,-0.01393,0.48928,-0.87201,119256.22520,-0.00025,0.87210,0.48933,4373297.48000
1686751109627723008,100,0.99990,0.00703,-0.01203,4627554.92050,-0.01393,0.48931,-0.87200,119256.22520,-0.00025,0.87208,0.48936,4373297.47990
1686751109652723200,101,0.99990,0.00702,-0.01202,4627554.92060,-0.01392,0.48939,-0.87195,119256.22510,-0.00024,0.87204,0.48944,4373297.47990
1686751109677723136,102,0.99990,0.00700,-0.01204,4627554.92070,-0.01393,0.48934,-0.87198,119256.22510,-0.00021,0.87206,0.48939,4373297.47990
1686751109702723072,103,0.99990,0.00702,-0.01205,4627554.92070,-0.01394,0.48920,-0.87206,119256.22500,-0.00023,0.87214,0.48925,4373297.47980
1686751109727723008,104,0.99990,0.00707,-0.01202,4627554.92080,-0.01395,0.48910,-0.87212,119256.22480,-0.00029,0.87220,0.48915,4373297.47980
1686751109752722944,105,0.99990,0.00702,-0.01205,4627554.92080,-0.01394,0.48904,-0.87215,119256.22470,-0.00023,0.87223,0.48909,4373297.47970
1686751109777723136,106,0.99990,0.00699,-0.01206,4627554.92090,-0.01394,0.48885,-0.87226,119256.22450,-0.00020,0.87234,0.48890,4373297.47950
1686751109802723072,107,0.99990,0.00708,-0.01201,4627554.92100,-0.01394,0.48833,-0.87255,119256.22440,-0.00031,0.87263,0.48838,4373297.47940
1686751109827723008,108,0.99990,0.00713,-0.01199,4627554.92110,-0.01394,0.48781,-0.87284,119256.22420,-0.00037,0.87292,0.48786,4373297.47930
1686751109852723200,109,0.99990,0.00713,-0.01203,4627554.92110,-0.01398,0.48744,-0.87304,119256.22420,-0.00036,0.87313,0.48749,4373297.47930
1686751109877722880,110,0.99990,0.00705,-0.01212,4627554.92120,-0.01402,0.48678,-0.87341,119256.22410,-0.00025,0.87349,0.48683,4373297.47920
1686751109902723072,111,0.99990,0.00677,-0.01234,4627554.92120,-0.01407,0.48562,-0.87405,119256.22410,0.00007,0.87414,0.48567,4373297.47910
1686751109927723264,112,0.99990,0.00655,-0.01246,4627554.92130,-0.01408,0.48395,-0.87498,119256.22390,0.00030,0.87507,0.48400,4373297.47900
1686751109952722944,113,0.99990,0.00671,-0.01220,4627554.92160,-0.01393,0.48169,-0.87623,119256.22360,-0.00000,0.87632,0.48174,4373297.47880
1686751109977723136,114,0.99990,0.00703,-0.01189,4627554.92180,-0.01380,0.47897,-0.87772,119256.22330,-0.00047,0.87780,0.47902,4373297.47860
1686751110002723072,115,0.99991,0.00709,-0.01172,4627554.92180,-0.01368,0.47594,-0.87937,119256.22310,-0.00065,0.87945,0.47599,4373297.47860
1686751110027723008,116,0.99991,0.00690,-0.01171,4627554.92180,-0.01358,0.47251,-0.88122,119256.22310,-0.00054,0.88130,0.47256,4373297.47860
1686751110052723200,117,0.99991,0.00667,-0.01179,4627554.92170,-0.01355,0.46850,-0.88336,119256.22330,-0.00037,0.88344,0.46855,4373297.47880
1686751110077723136,118,0.99991,0.00647,-0.01207,4627554.92140,-0.01369,0.46391,-0.88578,119256.22370,-0.00013,0.88586,0.46396,4373297.47910
1686751110102723072,119,0.99990,0.00638,-0.01267,4627554.92130,-0.01418,0.45884,-0.88841,119256.22420,0.00014,0.88850,0.45888,4373297.47940
1686751110127723008,120,0.99990,0.00614,-0.01309,4627554.92130,-0.01446,0.45343,-0.89117,119256.22490,0.00046,0.89127,0.45347,4373297.47940
1686751110152723200,121,0.99990,0.00562,-0.01285,4627554.92160,-0.01401,0.44808,-0.89388,119256.22590,0.00074,0.89397,0.44812,4373297.47910
1686751110177723136,122,0.99991,0.00513,-0.01245,4627554.92210,-0.01344,0.44305,-0.89639,119256.22680,0.00092,0.89648,0.44308,4373297.47870
1686751110202723072,123,0.99991,0.00482,-0.01244,4627554.92260,-0.01329,0.43810,-0.89883,119256.22780,0.00111,0.89892,0.43812,4373297.47820
1686751110227723008,124,0.99991,0.00453,-0.01225,4627554.92310,-0.01300,0.43326,-0.90118,119256.22870,0.00123,0.90126,0.43328,4373297.47760
1686751110252722944,125,0.99991,0.00450,-0.01227,4627554.92360,-0.01301,0.42833,-0.90353,119256.22930,0.00118,0.90361,0.42835,4373297.47720
1686751110277723136,126,0.99992,0.00456,-0.01207,4627554.92410,-0.01286,0.42318,-0.90596,119256.22990,0.00098,0.90604,0.42320,4373297.47670
1686751110302723072,127,0.99991,0.00490,-0.01276,4627554.92460,-0.01364,0.41729,-0.90867,119256.23040,0.00088,0.90876,0.41732,4373297.47610
1686751110327723008,128,0.99991,0.00492,-0.01284,4627554.92520,-0.01373,0.41134,-0.91138,119256.23110,0.00080,0.91147,0.41137,4373297.47540
1686751110352723200,129,0.99990,0.00483,-0.01295,4627554.92580,-0.01380,0.40587,-0.91383,119256.23190,0.00084,0.91392,0.40590,4373297.47470
1686751110377722880,130,0.99991,0.00450,-0.01282,4627554.92650,-0.01355,0.40092,-0.91601,119256.23270,0.00102,0.91610,0.40094,4373297.47410
1686751110402723072,131,0.99991,0.00441,-0.01287,4627554.92700,-0.01356,0.39609,-0.91811,119256.23330,0.00105,0.91820,0.39611,4373297.47360
1686751110427723264,132,0.99991,0.00450,-0.01292,4627554.92740,-0.01365,0.39117,-0.92022,119256.23370,0.00092,0.92031,0.39120,4373297.47320
1686751110452722944,133,0.99991,0.00483,-0.01280,4627554.92780,-0.01367,0.38613,-0.92234,119256.23390,0.00049,0.92243,0.38616,4373297.47290
1686751110477723136,134,0.99990,0.00522,-0.01280,4627554.92820,-0.01383,0.38089,-0.92452,119256.23380,0.00005,0.92461,0.38092,4373297.47260
1686751110502723072,135,0.99990,0.00572,-0.01276,4627554.92850,-0.01397,0.37547,-0.92673,119256.23370,-0.00051,0.92682,0.37551,4373297.47220
1686751110527723008,136,0.99990,0.00625,-0.01267,4627554.92890,-0.01408,0.36991,-0.92896,119256.23350,-0.00112,0.92905,0.36996,4373297.47180
1686751110552723200,137,0.99990,0.00668,-0.01253,4627554.92940,-0.01410,0.36445,-0.93112,119256.23330,-0.00166,0.93120,0.36450,4373297.47130
1686751110577723136,138,0.99990,0.00697,-0.01243,4627554.92990,-0.01411,0.35908,-0.93320,119256.23330,-0.00204,0.93328,0.35915,4373297.47080
1686751110602723072,139,0.99990,0.00708,-0.01231,4627554.93040,-0.01402,0.35393,-0.93517,119256.23320,-0.00226,0.93524,0.35399,4373297.47030
1686751110627723008,140,0.99990,0.00705,-0.01208,4627554.93090,-0.01378,0.34882,-0.93709,119256.23310,-0.00239,0.93716,0.34888,4373297.46980
1686751110652723200,141,0.99991,0.00697,-0.01188,4627554.93130,-0.01355,0.34342,-0.93908,119256.23280,-0.00247,0.93916,0.34348,4373297.46940
1686751110677723136,142,0.99991,0.00722,-0.01169,4627554.93150,-0.01344,0.33801,-0.94105,119256.23240,-0.00284,0.94112,0.33807,4373297.46910
1686751110702723072,143,0.99990,0.00755,-0.01174,4627554.93160,-0.01358,0.33295,-0.94285,119256.23180,-0.00321,0.94291,0.33302,4373297.46900
1686751110727723008,144,0.99990,0.00779,-0.01205,4627554.93160,-0.01394,0.32786,-0.94462,119256.23120,-0.00341,0.94469,0.32793,4373297.46890
1686751110752722944,145,0.99989,0.00803,-0.01214,4627554.93170,-0.01408,0.32224,-0.94655,119256.23080,-0.00368,0.94662,0.32232,4373297.46870
1686751110777723136,146,0.99989,0.00837,-0.01204,4627554.93200,-0.01407,0.31637,-0.94853,119256.23060,-0.00413,0.94860,0.31645,4373297.46850
1686751110802723072,147,0.99989,0.00865,-0.01195,4627554.93220,-0.01404,0.31082,-0.95036,119256.23060,-0.00450,0.95043,0.31091,4373297.46830
1686751110827723008,148,0.99989,0.00874,-0.01219,4627554.93260,-0.01427,0.30555,-0.95207,119256.23080,-0.00459,0.95214,0.30564,4373297.46800
1686751110852723200,149,0.99989,0.00873,-0.01221,4627554.93300,-0.01427,0.30006,-0.95381,119256.23120,-0.00466,0.95388,0.30015,4373297.46740
1686751110877722880,150,0.99989,0.00868,-0.01190,4627554.93350,-0.01393,0.29446,-0.95556,119256.23180,-0.00479,0.95563,0.29454,4373297.46680
1686751110902723072,151,0.99989,0.00876,-0.01166,4627554.93410,-0.01369,0.28874,-0.95731,119256.23230,-0.00502,0.95737,0.28883,4373297.46620
1686751110927723264,152,0.99990,0.00904,-0.01125,4627554.93470,-0.01335,0.28305,-0.95901,119256.23270,-0.00548,0.95906,0.28314,4373297.46570
1686751110952722944,153,0.99989,0.00952,-0.01118,4627554.93520,-0.01338,0.27759,-0.96061,119256.23290,-0.00605,0.96065,0.27769,4373297.46520
1686751110977723136,154,0.99989,0.01004,-0.01107,4627554.93570,-0.01339,0.27226,-0.96213,119256.23310,-0.00665,0.96217,0.27237,4373297.46480
1686751111002723072,155,0.99988,0.01053,-0.01101,4627554.93620,-0.01343,0.26713,-0.96357,119256.23310,-0.00720,0.96360,0.26724,4373297.46440
1686751111027723008,156,0.99988,0.01098,-0.01131,4627554.93670,-0.01379,0.26192,-0.96499,119256.23330,-0.00763,0.96503,0.26204,4373297.46390
1686751111052723200,157,0.99987,0.01140,-0.01124,4627554.93740,-0.01379,0.25640,-0.96647,119256.23360,-0.00813,0.96650,0.25652,4373297.46330
1686751111077723136,158,0.99987,0.01162,-0.01117,4627554.93820,-0.01373,0.25063,-0.96798,119256.23420,-0.00845,0.96801,0.25076,4373297.46260
1686751111102723072,159,0.99987,0.01151,-0.01114,4627554.93900,-0.01362,0.24479,-0.96948,119256.23490,-0.00843,0.96951,0.24492,4373297.46170
1686751111127723008,160,0.99988,0.01118,-0.01089,4627554.93980,-0.01325,0.23905,-0.97092,119256.23570,-0.00826,0.97094,0.23917,4373297.46080
1686751111152723200,161,0.99988,0.01101,-0.01088,4627554.94060,-0.01315,0.23333,-0.97231,119256.23640,-0.00817,0.97234,0.23344,4373297.46010
1686751111177723136,162,0.99988,0.01083,-0.01073,4627554.94120,-0.01291,0.22746,-0.97370,119256.23710,-0.00810,0.97373,0.22758,4373297.45950
1686751111202723072,163,0.99989,0.01060,-0.01083,4627554.94160,-0.01291,0.22189,-0.97499,119256.23770,-0.00793,0.97502,0.22200,4373297.45920
1686751111227723008,164,0.99988,0.01045,-0.01103,4627554.94180,-0.01304,0.21657,-0.97618,119256.23810,-0.00781,0.97621,0.21668,4373297.45910
1686751111252722944,165,0.99989,0.01045,-0.01092,4627554.94190,-0.01288,0.21137,-0.97732,119256.23850,-0.00790,0.97735,0.21148,4373297.45910
1686751111277723136,166,0.99988,0.01057,-0.01102,4627554.94190,-0.01297,0.20615,-0.97843,119256.23880,-0.00807,0.97846,0.20627,4373297.45930
1686751111302723072,167,0.99988,0.01059,-0.01115,4627554.94190,-0.01305,0.20092,-0.97952,119256.23920,-0.00813,0.97955,0.20103,4373297.45940
1686751111327723008,168,0.99988,0.01062,-0.01129,4627554.94170,-0.01315,0.19566,-0.98058,119256.23960,-0.00820,0.98061,0.19578,4373297.45960
1686751111352723200,169,0.99988,0.01075,-0.01156,4627554.94160,-0.01340,0.19046,-0.98160,119256.24010,-0.00834,0.98164,0.19058,4373297.45990
1686751111377722880,170,0.99987,0.01093,-0.01193,4627554.94150,-0.01375,0.18518,-0.98261,119256.24080,-0.00853,0.98264,0.18531,4373297.46020
1686751111402723072,171,0.99986,0.01115,-0.01234,4627554.94140,-0.01414,0.17948,-0.98366,119256.24150,-0.00876,0.98370,0.17961,4373297.46030
1686751111427723264,172,0.99986,0.01136,-0.01264,4627554.94160,-0.01442,0.17308,-0.98480,119256.24250,-0.00900,0.98484,0.17322,4373297.46010
1686751111452722944,173,0.99986,0.01118,-0.01237,4627554.94200,-0.01406,0.16701,-0.98585,119256.24350,-0.00896,0.98589,0.16715,4373297.45960
1686751111477723136,174,0.99987,0.01066,-0.01205,4627554.94250,-0.01362,0.16162,-0.98676,119256.24440,-0.00857,0.98680,0.16175,4373297.45910
1686751111502723072,175,0.99988,0.01031,-0.01142,4627554.94300,-0.01289,0.15610,-0.98766,119256.24500,-0.00840,0.98769,0.15622,4373297.45870
1686751111527723008,176,0.99989,0.01020,-0.01107,4627554.94310,-0.01247,0.14971,-0.98865,119256.24520,-0.00843,0.98868,0.14982,4373297.45840
1686751111552723200,177,0.99988,0.01030,-0.01130,4627554.94300,-0.01266,0.14329,-0.98960,119256.24510,-0.00857,0.98963,0.14341,4373297.45860
1686751111577723136,178,0.99987,0.01064,-0.01182,4627554.94250,-0.01317,0.13748,-0.99042,119256.24480,-0.00891,0.99045,0.13760,4373297.45900
1686751111602723072,179,0.99986,0.01094,-0.01236,4627554.94190,-0.01369,0.13189,-0.99117,119256.24470,-0.00922,0.99120,0.13202,4373297.45960
1686751111627723008,180,0.99986,0.01104,-0.01270,4627554.94130,-0.01399,0.12634,-0.99189,119256.24480,-0.00935,0.99193,0.12647,4373297.46010
1686751111652723200,181,0.99986,0.01073,-0.01285,4627554.94080,-0.01405,0.12076,-0.99258,119256.24540,-0.00910,0.99262,0.12089,4373297.46050
1686751111677723136,182,0.99986,0.01033,-0.01288,4627554.94030,-0.01398,0.11477,-0.99329,119256.24620,-0.00878,0.99334,0.11490,4373297.46100
1686751111702723072,183,0.99987,0.00981,-0.01300,4627554.93970,-0.01399,0.10825,-0.99403,119256.24710,-0.00835,0.99408,0.10837,4373297.46150
1686751111727723008,184,0.99987,0.00920,-0.01301,4627554.93890,-0.01388,0.10151,-0.99474,119256.24790,-0.00783,0.99479,0.10162,4373297.46230
1686751111752722944,185,0.99988,0.00858,-0.01323,4627554.93790,-0.01399,0.09476,-0.99540,119256.24860,-0.00728,0.99546,0.09487,4373297.46320
1686751111777723136,186,0.99987,0.00798,-0.01370,4627554.93670,-0.01435,0.08816,-0.99600,119256.24930,-0.00674,0.99607,0.08826,4373297.46450
1686751111802723072,187,0.99987,0.00755,-0.01411,4627554.93540,-0.01467,0.08133,-0.99658,119256.24970,-0.00638,0.99666,0.08143,4373297.46580
1686751111827723008,188,0.99987,0.00742,-0.01442,4627554.93410,-0.01493,0.07425,-0.99713,119256.24990,-0.00633,0.99721,0.07435,4373297.46710
1686751111852723200,189,0.99986,0.00752,-0.01472,4627554.93280,-0.01519,0.06706,-0.99763,119256.24990,-0.00651,0.99772,0.06716,4373297.46830
1686751111877722880,190,0.99986,0.00772,-0.01491,4627554.93150,-0.01535,0.05964,-0.99810,119256.25000,-0.00682,0.99819,0.05975,4373297.46960
1686751111902723072,191,0.99985,0.00813,-0.01503,4627554.93030,-0.01543,0.05220,-0.99852,119256.25000,-0.00733,0.99860,0.05232,4373297.47080
1686751111927723264,192,0.99985,0.00853,-0.01533,4627554.92920,-0.01570,0.04514,-0.99886,119256.25010,-0.00783,0.99894,0.04527,4373297.47200
1686751111952722944,193,0.99984,0.00874,-0.01570,4627554.92830,-0.01603,0.03871,-0.99912,119256.25040,-0.00813,0.99921,0.03885,4373297.47300
1686751111977723136,194,0.99984,0.00874,-0.01592,4627554.92740,-0.01620,0.03281,-0.99933,119256.25100,-0.00821,0.99942,0.03295,4373297.47410
1686751112002723072,195,0.99984,0.00862,-0.01594,4627554.92670,-0.01617,0.02701,-0.99950,119256.25170,-0.00819,0.99960,0.02714,4373297.47500
1686751112027723008,196,0.99983,0.00836,-0.01663,4627554.92610,-0.01680,0.02055,-0.99965,119256.25260,-0.00801,0.99975,0.02069,4373297.47570
1686751112052723200,197,0.99982,0.00788,-0.01697,4627554.92580,-0.01707,0.01351,-0.99976,119256.25350,-0.00765,0.99988,0.01364,4373297.47600
1686751112077723136,198,0.99983,0.00721,-0.01702,4627554.92570,-0.01707,0.00680,-0.99983,119256.25440,-0.00709,0.99995,0.00692,4373297.47610
1686751112102723072,199,0.99984,0.00669,-0.01650,4627554.92550,-0.01650,0.00097,-0.99986,119256.25500,-0.00667,0.99998,0.00108,4373297.47640
1686751112127723008,200,0.99984,0.00638,-0.01660,4627554.92530,-0.01657,-0.00469,-0.99985,119256.25540,-0.00646,0.99997,-0.00458,4373297.47690
1686751112152723200,201,0.99984,0.00643,-0.01691,4627554.92490,-0.01684,-0.01106,-0.99980,119256.25560,-0.00662,0.99992,-0.01095,4373297.47750
1686751112177723136,202,0.99983,0.00646,-0.01715,4627554.92410,-0.01703,-0.01797,-0.99969,119256.25570,-0.00677,0.99982,-0.01785,4373297.47880
1686751112202723072,203,0.99983,0.00624,-0.01730,4627554.92320,-0.01714,-0.02519,-0.99954,119256.25600,-0.00667,0.99966,-0.02508,4373297.48030
1686751112227723008,204,0.99983,0.00589,-0.01773,4627554.92230,-0.01753,-0.03282,-0.99931,119256.25630,-0.00647,0.99944,-0.03271,4373297.48180
1686751112252722944,205,0.99982,0.00549,-0.01842,4627554.92140,-0.01818,-0.04078,-0.99900,119256.25680,-0.00623,0.99915,-0.04068,4373297.48320
1686751112277723136,206,0.99981,0.00519,-0.01881,4627554.92040,-0.01854,-0.04825,-0.99866,119256.25750,-0.00609,0.99882,-0.04814,4373297.48450
1686751112302723072,207,0.99981,0.00471,-0.01908,4627554.91950,-0.01879,-0.05525,-0.99830,119256.25830,-0.00576,0.99846,-0.05515,4373297.48580
1686751112327723008,208,0.99981,0.00417,-0.01916,4627554.91870,-0.01886,-0.06268,-0.99786,119256.25930,-0.00536,0.99802,-0.06259,4373297.48700
1686751112352723200,209,0.99982,0.00373,-0.01871,4627554.91800,-0.01840,-0.07058,-0.99734,119256.26020,-0.00504,0.99750,-0.07050,4373297.48830
1686751112377722880,210,0.99982,0.00336,-0.01860,4627554.91710,-0.01828,-0.07874,-0.99673,119256.26140,-0.00481,0.99689,-0.07866,4373297.49010
1686751112402723072,211,0.99982,0.00306,-0.01848,4627554.91600,-0.01815,-0.08698,-0.99604,119256.26250,-0.00465,0.99621,-0.08691,4373297.49190
1686751112427723264,212,0.99982,0.00273,-0.01863,4627554.91480,-0.01828,-0.09500,-0.99531,119256.26370,-0.00449,0.99547,-0.09493,4373297.49370
1686751112452722944,213,0.99982,0.00230,-0.01889,4627554.91360,-0.01855,-0.10262,-0.99455,119256.26500,-0.00423,0.99472,-0.10256,4373297.49550
1686751112477723136,214,0.99982,0.00155,-0.01906,4627554.91260,-0.01878,-0.10980,-0.99378,119256.26640,-0.00364,0.99395,-0.10975,4373297.49710
1686751112502723072,215,0.99981,0.00070,-0.01925,4627554.91180,-0.01903,-0.11696,-0.99295,119256.26810,-0.00294,0.99314,-0.11693,4373297.49850
1686751112527723008,216,0.99981,0.00005,-0.01929,4627554.91130,-0.01914,-0.12466,-0.99202,119256.26980,-0.00245,0.99220,-0.12463,4373297.49970
1686751112552723200,217,0.99982,-0.00045,-0.01884,4627554.91100,-0.01873,-0.13274,-0.99097,119256.27160,-0.00205,0.99115,-0.13272,4373297.50070
1686751112577723136,218,0.99983,-0.00114,-0.01858,4627554.91050,-0.01855,-0.14062,-0.98989,119256.27350,-0.00149,0.99006,-0.14062,4373297.50250
1686751112602723072,219,0.99983,-0.00197,-0.01857,4627554.90960,-0.01866,-0.14818,-0.98878,119256.27560,-0.00080,0.98896,-0.14819,4373297.50450
1686751112627723008,220,0.99983,-0.00267,-0.01841,4627554.90860,-0.01860,-0.15536,-0.98768,119256.27750,-0.00022,0.98785,-0.15539,4373297.50650
1686751112652723200,221,0.99983,-0.00318,-0.01843,4627554.90750,-0.01870,-0.16235,-0.98656,119256.27910,0.00014,0.98673,-0.16238,4373297.50870
1686751112677723136,222,0.99983,-0.00339,-0.01835,4627554.90650,-0.01866,-0.16932,-0.98538,119256.28060,0.00023,0.98556,-0.16935,4373297.51090
1686751112702723072,223,0.99982,-0.00345,-0.01845,4627554.90570,-0.01877,-0.17633,-0.98415,119256.28200,0.00014,0.98432,-0.17636,4373297.51280
1686751112727723008,224,0.99982,-0.00347,-0.01852,4627554.90530,-0.01884,-0.18342,-0.98285,119256.28330,0.00002,0.98303,-0.18345,4373297.51450
1686751112752722944,225,0.99983,-0.00350,-0.01831,4627554.90540,-0.01864,-0.19054,-0.98150,119256.28460,-0.00005,0.98167,-0.19057,4373297.51580
1686751112777723136,226,0.99983,-0.00375,-0.01825,4627554.90530,-0.01863,-0.19757,-0.98011,119256.28560,0.00007,0.98028,-0.19761,4373297.51770
1686751112802723072,227,0.99983,-0.00420,-0.01810,4627554.90500,-0.01858,-0.20448,-0.97869,119256.28770,0.00041,0.97886,-0.20452,4373297.51950
1686751112827723008,228,0.99983,-0.00478,-0.01800,4627554.90480,-0.01860,-0.21172,-0.97715,119256.28980,0.00086,0.97732,-0.21178,4373297.52110
1686751112852723200,229,0.99983,-0.00539,-0.01745,4627554.90460,-0.01820,-0.21944,-0.97546,119256.29190,0.00143,0.97561,-0.21950,4373297.52260
1686751112877722880,230,0.99985,-0.00577,-0.01632,4627554.90440,-0.01721,-0.22772,-0.97357,119256.29400,0.00190,0.97371,-0.22779,4373297.52420
1686751112902723072,231,0.99986,-0.00627,-0.01560,4627554.90400,-0.01665,-0.23673,-0.97143,119256.29600,0.00240,0.97155,-0.23680,4373297.52580
1686751112927723264,232,0.99986,-0.00676,-0.01543,4627554.90330,-0.01662,-0.24589,-0.96916,119256.29800,0.00275,0.96928,-0.24596,4373297.52760
1686751112952722944,233,0.99985,-0.00706,-0.01570,4627554.90280,-0.01698,-0.25445,-0.96694,119256.29990,0.00283,0.96706,-0.25453,4373297.52950
1686751112977723136,234,0.99984,-0.00688,-0.01630,4627554.90280,-0.01754,-0.26210,-0.96488,119256.30130,0.00237,0.96502,-0.26218,4373297.53110
1686751113002723072,235,0.99983,-0.00641,-0.01707,4627554.90240,-0.01817,-0.26916,-0.96292,119256.30280,0.00158,0.96307,-0.26923,4373297.53290
1686751113027723008,236,0.99982,-0.00635,-0.01796,4627554.90230,-0.01901,-0.27565,-0.96107,119256.30460,0.00115,0.96124,-0.27572,4373297.53440
1686751113052723200,237,0.99982,-0.00648,-0.01804,4627554.90230,-0.01913,-0.28163,-0.95933,119256.30650,0.00113,0.95950,-0.28170,4373297.53570
1686751113077723136,238,0.99982,-0.00683,-0.01774,4627554.90250,-0.01895,-0.28807,-0.95742,119256.30870,0.00143,0.95758,-0.28815,4373297.53660
1686751113102723072,239,0.99982,-0.00754,-0.01756,4627554.90270,-0.01900,-0.29535,-0.95520,119256.31090,0.00202,0.95536,-0.29544,4373297.53750
1686751113127723008,240,0.99982,-0.00816,-0.01708,4627554.90280,-0.01875,-0.30294,-0.95283,119256.31300,0.00260,0.95297,-0.30304,4373297.53850
1686751113152723200,241,0.99982,-0.00860,-0.01695,4627554.90280,-0.01878,-0.31051,-0.95038,119256.31520,0.00291,0.95053,-0.31062,4373297.53980
1686751113177723136,242,0.99982,-0.00893,-0.01693,4627554.90310,-0.01889,-0.31798,-0.94791,119256.31700,0.00308,0.94806,-0.31809,4373297.54100
1686751113202723072,243,0.99982,-0.00905,-0.01686,4627554.90290,-0.01889,-0.32596,-0.94520,119256.31890,0.00306,0.94534,-0.32607,4373297.54260
1686751113227723008,244,0.99980,-0.00929,-0.01780,4627554.90210,-0.01989,-0.33409,-0.94233,119256.32100,0.00281,0.94250,-0.33420,4373297.54440
1686751113252722944,245,0.99979,-0.00920,-0.01844,4627554.90140,-0.02048,-0.34139,-0.93970,119256.32330,0.00235,0.93988,-0.34150,4373297.54610
1686751113277723136,246,0.99980,-0.00856,-0.01782,4627554.90090,-0.01969,-0.34842,-0.93713,119256.32580,0.00182,0.93730,-0.34852,4373297.54770
1686751113302723072,247,0.99981,-0.00825,-0.01769,4627554.90010,-0.01947,-0.35622,-0.93420,119256.32860,0.00141,0.93437,-0.35631,4373297.54900
1686751113327723008,248,0.99981,-0.00870,-0.01748,4627554.89950,-0.01945,-0.36414,-0.93114,119256.33170,0.00173,0.93130,-0.36424,4373297.55000
1686751113352723200,249,0.99980,-0.00990,-0.01732,4627554.89950,-0.01976,-0.37146,-0.92824,119256.33470,0.00275,0.92840,-0.37158,4373297.55070
1686751113377722880,250,0.99981,-0.01047,-0.01668,4627554.90020,-0.01940,-0.37873,-0.92530,119256.33740,0.00337,0.92545,-0.37886,4373297.55100
1686751113402723072,251,0.99982,-0.01012,-0.01627,4627554.90060,-0.01892,-0.38673,-0.92200,119256.33990,0.00304,0.92214,-0.38685,4373297.55150
1686751113427723264,252,0.99981,-0.00970,-0.01685,4627554.90060,-0.01931,-0.39498,-0.91849,119256.34230,0.00225,0.91864,-0.39509,4373297.55220
1686751113452722944,253,0.99980,-0.00921,-0.01802,4627554.90030,-0.02021,-0.40311,-0.91493,119256.34480,0.00116,0.91511,-0.40321,4373297.55300
1686751113477723136,254,0.99978,-0.00852,-0.01895,4627554.90010,-0.02078,-0.41049,-0.91163,119256.34770,-0.00001,0.91182,-0.41058,4373297.55370
1686751113502723072,255,0.99978,-0.00781,-0.01929,4627554.90050,-0.02079,-0.41627,-0.90900,119256.35090,-0.00093,0.90921,-0.41634,4373297.55400
1686751113527723008,256,0.99978,-0.00728,-0.01972,4627554.90170,-0.02095,-0.42139,-0.90664,119256.35460,-0.00171,0.90685,-0.42144,4373297.55370
1686751113552723200,257,0.99978,-0.00689,-0.01992,4627554.90390,-0.02095,-0.42752,-0.90376,119256.35840,-0.00229,0.90398,-0.42757,4373297.55240
1686751113577723136,258,0.99980,-0.00643,-0.01883,4627554.90740,-0.01975,-0.43526,-0.90009,119256.36230,-0.00241,0.90028,-0.43530,4373297.54990
1686751113602723072,259,0.99982,-0.00642,-0.01792,4627554.91070,-0.01891,-0.44457,-0.89554,119256.36650,-0.00222,0.89572,-0.44461,4373297.54730
1686751113627723008,260,0.99982,-0.00667,-0.01766,4627554.91340,-0.01876,-0.45408,-0.89076,119256.37130,-0.00208,0.89093,-0.45413,4373297.54500
1686751113652723200,261,0.99981,-0.00667,-0.01838,4627554.91530,-0.01938,-0.46227,-0.88653,119256.37640,-0.00258,0.88671,-0.46231,4373297.54340
1686751113677723136,262,0.99979,-0.00607,-0.01940,4627554.91640,-0.01999,-0.46900,-0.88297,119256.38190,-0.00374,0.88318,-0.46903,4373297.54260
1686751113702723072,263,0.99978,-0.00577,-0.02039,4627554.91730,-0.02069,-0.47458,-0.87997,119256.38780,-0.00460,0.88019,-0.47459,4373297.54210
1686751113727723008,264,0.99974,-0.00609,-0.02181,4627554.91850,-0.02206,-0.48002,-0.87698,119256.39380,-0.00513,0.87724,-0.48003,4373297.54170
1686751113752722944,265,0.99973,-0.00542,-0.02254,4627554.92050,-0.02234,-0.48613,-0.87360,119256.39950,-0.00622,0.87387,-0.48612,4373297.54050
1686751113777723136,266,0.99972,-0.00435,-0.02312,4627554.92340,-0.02226,-0.49281,-0.86985,119256.40510,-0.00761,0.87013,-0.49277,4373297.53830
1686751113802723072,267,0.99971,-0.00428,-0.02389,4627554.92650,-0.02283,-0.50010,-0.86567,119256.41070,-0.00824,0.86596,-0.50005,4373297.53570
1686751113827723008,268,0.99970,-0.00424,-0.02407,4627554.92960,-0.02290,-0.50697,-0.86166,119256.41640,-0.00855,0.86195,-0.50692,4373297.53280
1686751113852723200,269,0.99970,-0.00349,-0.02434,4627554.93240,-0.02268,-0.51349,-0.85780,119256.42230,-0.00951,0.85809,-0.51341,4373297.53040
1686751113877722880,270,0.99969,-0.00284,-0.02487,4627554.93510,-0.02271,-0.52021,-0.85374,119256.42830,-0.01051,0.85404,-0.52011,4373297.52850
1686751113902723072,271,0.99968,-0.00197,-0.02535,4627554.93760,-0.02258,-0.52678,-0.84970,119256.43430,-0.01168,0.85000,-0.52666,4373297.52660
1686751113927723264,272,0.99965,-0.00176,-0.02645,4627554.93990,-0.02333,-0.53261,-0.84604,119256.44030,-0.01260,0.84636,-0.53246,4373297.52470
1686751113952722944,273,0.99964,-0.00167,-0.02664,4627554.94270,-0.02336,-0.53802,-0.84261,119256.44600,-0.01292,0.84293,-0.53787,4373297.52230
1686751113977723136,274,0.99966,-0.00089,-0.02611,4627554.94630,-0.02239,-0.54414,-0.83870,119256.45120,-0.01346,0.83899,-0.54397,4373297.51910
1686751114002723072,275,0.99966,-0.00029,-0.02606,4627554.94970,-0.02190,-0.55126,-0.83404,119256.45630,-0.01413,0.83433,-0.55108,4373297.51580
1686751114027723008,276,0.99967,-0.00044,-0.02558,4627554.95320,-0.02146,-0.55865,-0.82912,119256.46130,-0.01392,0.82940,-0.55848,4373297.51280
1686751114052723200,277,0.99970,-0.00055,-0.02464,4627554.95670,-0.02063,-0.56584,-0.82426,119256.46620,-0.01349,0.82452,-0.56567,4373297.50980
1686751114077723136,278,0.99972,0.00013,-0.02345,4627554.96010,-0.01916,-0.57221,-0.81988,119256.47090,-0.01353,0.82010,-0.57205,4373297.50670
1686751114102723072,279,0.99975,0.00081,-0.02234,4627554.96350,-0.01775,-0.57813,-0.81575,119256.47570,-0.01358,0.81594,-0.57797,4373297.50370
1686751114127723008,280,0.99977,0.00116,-0.02161,4627554.96670,-0.01686,-0.58422,-0.81142,119256.48050,-0.01357,0.81160,-0.58406,4373297.50070
1686751114152723200,281,0.99977,0.00176,-0.02132,4627554.97000,-0.01616,-0.59086,-0.80661,119256.48520,-0.01402,0.80677,-0.59070,4373297.49750
1686751114177723136,282,0.99976,0.00206,-0.02199,4627554.97390,-0.01639,-0.59814,-0.80122,119256.48990,-0.01480,0.80139,-0.59796,4373297.49400
